103 020 0 9 00 8 2 02 09 0 0 00 080 0210 00 2300 12 0 000 14 0030 12 0 5 1000 10 0 00 2345 8000 0900 02003 1330 00205 8700 0320 3 0 02 00 103002
 030 0902
0 0 0 0 5023 05 10 0 0 00 0 2 0 1 00 9 2 1 0 5 0 000 00 05 9 8 00 10 00 801203 024 8103 056
120 100 0 9 10 8 2 00 89 0 0 00 000 0004 15 2034 00 0 900 00 0000 12 3 0 1289 10 000 10 2345 8032 8932 12030 1005 00030 8002 0021 3 0 00 00 120020
2
 800 8030 9830 1000 5433 10005 104 5004 0000 00000 0003 005000
0002 1205 0433 00030 004 5330 5000 00030 0000 120300
1 0 0 4 0100 40 10 0 0 10 0 0 0 0 20 9 0 0 0 0 0 902 02 40 0 8 04 00 20 000200 004 0100 500
123 000 5 0 12 0 0 10 00 0 1 80 080 1230 00 2034 10 0 032 00 1030 00 0 0 1089 10 000 02 2000 0002 0900 00300 0300 00030 8000 0321 3 0 10 90 103000
 830 8002
0 2 3 4 0003 05 02 0 5 10 9 2 0 1 08 0 0 1 4 0 1 010 12 40 9 8 00 00 23 090020 02

