0 2 0 4 0120 00 00 0 5 02 0 0 0 0 00 9 0 0 0 0 0 912 10 05 9 0 00 02 00 000220 124 0020 056
120 003 0 0 02 8 0 00 89 0 0 02 087 10.0 00 03.4 12 4 0.2 00 10.0 12 3 0 1200 10 4.5 10 0.00 80.0 89.2 020.3 1.30 102.0 00.0 0.00 3 5 12 98 10.00 8.5 00.2 
1 0 0 4 0100 00 00 5 5 00 0 2 0 1 08 9 2 1 4 0 1 910 10 45 0 8 24 02 03 001000 004 8003 006
000 000 0 0 12 0 0 02 09 0 1 02 080 10.0 10 00.0 12 0 0.0 10 00.0 12 0 5 0009 00 4.0 12 2.40 00.2 00.2 003.0 0.00 000.5 07.2 0.00 3 0 00 08 02.022
 0.5 89.0 98.0 10.0 50.3 100.0 000 0.34 00.2 030.0 0.03 020.08 
00.2 02.5 00.3 102.0 120 0.04 00.0 530.3 1.00 005.08
0 0 3 0 5100 00 00 0 0 02 9 2 0 0 20 0 2 1 0 0 0 902 12 45 9 8 20 00 00 001220 004 0003 500
123 123 0 0 00 8 2 02 09 0 0 00 080 02.4 15 00.0 02 0 0.2 00 02.5 00 0 0 1080 00 0.5 00 0.05 87.0 09.0 000.0 1.00 102.0 00.2 0.00 3 0 00 00 00.020
 8.0 89.0 
1 2 0 0 5023 05 10 5 5 02 0 2 0 1 28 9 0 0 4 5 1 002 12 40 0 8 00 00 03 890020 100 0103 556
103 100 5 9 02 8 2 12 00 0 0 00 087 10.0 10 00.0 02 4 9.0 00 00.5 02 0 0 1280 02 4.0 12 0.05 00.0 09.2 103.0 0.35 132.0 07.0 5.00 0 0 02 00 10.000
2
 8.0 89.0 00.0 02.5 50.3 102.0 100 0.00 53.2 002.0 1.00 020.90 
98.2 12.5 50.0 102.0 024 5.00 00.0 530.3 1.00 125.98
1 2 3 0 5100 00 02 5 0 12 9 2 0 1 20 9 0 1 4 5 0 910 12 05 0 0 20 10 00 891200 020 0123 500
020 020 0 0 00 0 0 00 89 0 1 82 907 02.4 05 03.4 12 4 0.0 04 00.5 02 0 0 0000 00 0.0 10 0.00 07.2 89.0 000.3 0.00 130.0 80.0 5.20 0 0 10 98 00.022
 8.5 89.2 
0 0 3 0 5000 05 02 5 5 12 9 2 0 0 00 0 2 0 4 5 0 012 10 40 0 8 00 00 03 000020 124 0023 506
003 023 0 9 02 8 0 02 00 0 1 02 080 00.0 10 20.0 10 4 0.0 00 00.0 12 3 5 0280 02 0.0 02 0.05 07.0 80.0 103.0 0.35 030.0 00.2 0.21 3 0 12 90 02.022
0
 0.0 00.2 08.2 10.5 04.0 022.5 100 5.34 53.2 500.0 1.00 000.08 
98.0 12.0 50.0 000.5 020 0.30 53.2 032.0 0.00 025.00
1 0 3 0 0023 40 10 0 5 02 9 0 0 1 20 0 0 1 4 0 0 012 00 40 9 0 24 12 03 891023 120 0003 556
100 103 5 9 00 0 2 12 09 0 0 00 007 12.4 05 03.4 02 0 0.2 00 12.0 10 3 5 0009 00 4.0 00 0.00 87.0 09.0 020.3 1.00 102.5 87.0 0.00 3 0 10 00 12.000
 8.0 09.0 
0 2 0 0 0120 45 00 5 0 00 0 0 0 0 28 0 0 0 0 5 1 910 10 00 0 0 00 02 03 000220 104 0100 500
100 000 0 9 02 8 0 10 89 0 0 80 907 00.0 10 03.4 02 0 9.0 04 00.5 02 0 0 1000 10 4.5 00 2.40 80.0 00.0 003.3 1.05 102.0 87.0 5.01 0 5 02 00 02.000
0
 0.5 00.0 90.0 00.0 50.0 002.5 024 5.30 50.2 500.0 1.00 000.98 
08.2 02.0 04.0 100.5 000 0.00 03.0 030.3 0.50 005.00
1 2 0 0 0023 00 02 0 0 00 0 2 0 1 20 0 2 1 4 0 1 000 02 05 9 8 00 00 00 090020 004 0103 506
103 003 5 0 00 0 0 10 09 0 1 00 980 02.4 00 00.0 02 0 9.2 04 02.0 10 3 0 0089 10 0.0 02 2.45 00.2 09.2 100.3 1.00 102.5 80.2 5.21 0 0 02 90 02.022
 0.5 89.2 
1 2 0 4 5123 40 00 0 5 00 9 0 0 1 20 0 2 0 0 5 0 900 02 40 9 8 20 02 00 000200 120 8100 550
123 123 0 0 00 8 0 00 00 0 0 02 987 12.4 05 03.4 00 0 9.2 10 00.0 10 0 5 1009 02 0.5 02 0.40 87.2 09.0 103.3 1.05 102.0 07.0 5.20 0 0 00 08 02.020
2
 0.0 80.0 08.2 00.5 00.3 100.0 124 5.30 00.2 000.0 1.00 020.98 
00.0 02.5 50.3 002.5 004 0.00 03.0 530.0 0.50 005.00
0 0 3 0 5123 05 10 0 5 02 0 0 0 0 20 0 0 0 0 0 0 002 12 00 9 8 04 00 20 000000 020 8100 006
020 003 5 9 12 0 0 10 00 0 1 80 907 02.0 05 23.0 10 0 0.0 00 02.0 12 0 0 1080 12 4.0 10 2.40 00.0 00.0 000.3 1.00 002.0 00.0 0.21 3 5 10 00 12.002
 0.5 89.0 
1 2 0 0 0123 00 00 0 0 10 9 2 0 0 28 0 2 1 4 5 0 902 10 05 9 8 00 12 20 801020 004 0120 050
000 003 0 9 12 8 0 12 00 0 0 82 080 00.4 00 20.4 10 0 9.0 00 10.0 12 3 0 1000 02 0.5 12 0.45 07.2 80.2 120.0 0.05 102.5 00.2 0.01 0 0 10 00 10.020
2
 8.0 00.0 08.0 12.5 50.0 120.5 000 0.30 00.0 502.0 0.03 020.98 
90.0 02.5 00.0 000.0 020 0.34 03.2 530.0 0.53 005.90
1 2 3 4 5020 40 12 0 0 12 9 2 0 0 20 0 0 1 4 5 1 010 12 00 0 8 00 02 23 001023 004 8000 506
020 023 5 0 02 8 2 00 09 0 1 82 007 12.0 00 23.0 10 0 0.2 10 02.5 02 3 5 1200 02 4.5 10 2.40 00.2 80.0 000.3 1.30 002.5 00.0 5.01 0 5 00 08 00.000
 8.5 09.0 
0 2 0 0 0120 05 10 0 5 02 9 2 0 0 20 9 2 0 0 5 0 910 12 00 9 8 20 12 20 091000 120 0020 056
100 003 0 0 10 0 2 10 09 0 0 00 000 02.0 10 20.4 12 0 0.0 14 12.5 02 3 0 1000 10 4.5 02 2.00 80.2 00.2 023.3 0.35 130.0 07.2 5.21 3 0 02 90 12.000
0
 0.5 80.0 90.2 12.5 00.0 002.0 100 5.04 00.0 002.3 0.50 005.00 
00.2 10.0 54.0 120.0 124 0.00 03.2 500.3 0.50 005.98
0 0 0 0 0100 40 00 0 5 10 0 2 0 1 08 0 2 0 0 5 0 900 00 05 9 0 20 02 00 891020 104 0100 500
120 000 0 0 12 8 0 02 00 0 0 00 000 02.0 10 00.0 10 0 0.2 10 02.5 10 3 5 0280 12 4.5 02 0.05 87.0 09.0 123.3 0.30 102.0 00.0 5.01 0 5 00 08 00.000
 0.5 09.0 
0 0 0 0 5023 05 00 0 0 02 9 0 0 0 20 0 0 0 4 0 0 010 10 05 0 8 04 12 00 091000 124 0000 500
000 000 0 0 10 8 0 12 09 0 0 02 007 10.0 15 20.0 10 0 9.2 04 00.5 10 3 5 1289 02 4.0 02 0.40 00.2 80.2 100.3 1.35 100.5 87.2 0.21 0 0 00 90 00.000
2
 8.5 09.2 08.0 02.0 00.3 102.0 020 5.04 53.0 530.3 0.53 105.08 
98.0 12.5 50.0 002.0 020 0.00 00.2 002.0 0.00 020.08
0 0 3 0 0000 05 00 0 5 12 0 0 0 1 08 9 2 0 0 0 0 912 12 40 9 0 24 02 20 000223 020 0003 050
003 103 5 9 10 0 0 00 00 0 1 82 987 12.4 05 03.4 00 0 0.0 14 10.0 00 0 5 0000 00 0.5 12 0.00 07.2 89.0 103.0 1.30 030.0 80.0 5.01 3 0 12 00 00.002
 8.5 89.0 
1 2 3 0 0023 40 10 5 0 00 9 0 0 0 08 0 0 0 0 5 0 012 00 40 0 0 00 02 00 801023 100 8123 556
103 123 5 0 10 0 2 00 09 0 0 00 907 12.4 00 03.4 12 0 9.2 04 12.0 10 3 5 1089 12 0.0 02 0.40 00.0 00.2 003.0 0.05 130.0 87.0 0.21 0 0 02 90 02.000
2
 0.5 89.0 98.2 12.5 04.0 120.0 020 0.34 00.0 030.0 0.00 120.08 
00.2 00.5 00.3 000.5 120 0.04 50.2 032.0 0.00 105.90
0 0 3 0 0000 40 00 0 5 00 0 0 0 1 08 0 0 0 4 0 0 910 02 45 9 8 20 00 03 890023 104 8023 550
100 103 0 9 12 0 0 02 09 0 0 80 980 12.0 00 00.4 00 4 0.2 14 02.5 10 3 5 0089 10 0.5 00 0.45 80.0 89.0 020.3 0.00 002.5 80.2 5.01 3 0 10 98 12.000
 0.5 89.0 
0 0 0 0 0020 40 10 0 5 00 0 0 0 1 20 9 0 1 0 0 0 000 10 00 0 8 24 02 03 800020 100 0023 556
120 020 0 0 00 0 2 02 00 0 1 02 000 02.4 00 20.0 12 0 9.2 04 02.5 02 3 0 1000 10 0.5 00 2.00 07.2 00.2 023.3 0.05 100.5 07.2 5.00 0 0 00 08 10.020
0
 8.5 00.2 00.2 10.0 00.0 102.0 104 5.30 50.2 500.0 0.53 000.98 
90.2 02.0 54.3 002.5 104 5.30 03.0 530.0 0.03 025.00
0 0 0 4 0100 05 00 0 0 12 9 0 0 1 28 0 0 0 4 0 0 900 10 45 0 0 24 00 03 090023 000 0100 500
120 100 0 0 10 8 0 02 89 0 1 00 987 00.0 05 03.0 02 4 9.2 04 00.0 00 0 0 1000 12 4.5 12 0.00 07.0 00.2 123.0 0.35 032.5 87.2 5.20 0 0 02 08 12.000
 8.5 09.2 
0 0 3 0 5100 05 00 5 0 12 9 2 0 0 08 0 0 0 0 0 0 900 02 40 9 8 04 12 23 000003 120 0020 006
123 023 0 0 02 8 2 02 89 0 0 00 900 10.0 00 23.4 12 4 9.0 00 02.0 12 3 0 0200 00 0.0 10 2.40 00.2 80.2 000.0 1.30 002.5 80.2 5.20 0 0 12 90 00.022
0
 8.5 09.0 90.0 00.0 04.0 022.0 124 0.30 50.0 032.0 1.03 025.08 
98.0 10.5 50.0 122.0 024 0.34 03.2 000.3 0.00 005.98
1 0 0 0 5000 00 02 5 5 00 9 2 0 0 08 0 2 0 4 0 0 010 02 40 0 8 04 12 00 890000 120 8100 056
103 120 0 0 10 8 0 12 09 0 1 00 907 10.0 15 23.0 10 4 0.2 04 02.0 10 0 5 0089 12 4.5 12 2.00 87.0 09.0 123.0 1.05 002.0 00.0 0.00 3 5 00 98 00.000
 8.5 89.0 
0 2 0 0 5003 40 10 0 0 02 0 0 0 1 28 0 0 1 4 0 1 900 00 40 9 8 00 02 00 891023 004 8000 500
020 000 0 9 12 0 2 10 00 0 0 00 007 00.4 05 00.4 12 4 9.2 00 10.0 10 3 0 0200 12 0.5 00 2.05 80.0 00.2 023.3 1.05 100.5 00.0 5.01 0 5 00 90 02.002
0
 0.5 80.2 08.0 10.5 50.3 100.5 024 0.34 50.2 000.3 0.53 105.08 
90.0 00.0 50.0 120.5 120 5.00 50.2 000.3 1.00 005.98
1 2 0 0 5100 05 00 5 5 02 9 0 0 1 28 0 2 0 4 0 0 910 00 00 9 0 24 10 20 001000 104 8000 550
020 003 0 9 02 8 2 02 89 0 0 02 007 02.0 05 03.4 12 0 9.0 14 02.0 12 0 5 0000 00 4.0 10 2.05 00.2 80.2 103.0 0.00 000.0 80.0 5.20 3 0 10 98 02.002
 8.5 80.2 
1 2 0 0 0000 00 10 0 0 10 0 0 0 0 08 0 2 1 0 0 0 902 10 00 0 8 00 00 03 800000 100 0023 000
103 120 0 0 02 8 0 02 80 0 0 82 907 10.0 00 00.0 02 4 9.0 00 12.0 12 0 0 1200 00 0.0 02 2.00 87.0 09.0 003.0 0.05 002.0 80.0 5.00 0 5 02 90 02.022
2
 0.5 09.2 90.0 00.0 54.0 102.0 100 5.04 00.0 532.0 1.00 005.90 
98.2 10.5 54.0 020.0 120 5.30 00.0 530.0 1.00 105.00
1 0 0 0 0100 05 02 5 5 02 0 0 0 0 20 9 2 1 4 0 1 902 10 05 9 8 24 02 00 091000 000 0003 056
003 023 0 0 00 0 0 02 09 0 0 00 000 02.0 05 00.4 00 4 0.2 04 12.0 02 3 0 1200 02 0.5 02 2.40 80.2 09.0 020.0 1.05 100.5 80.2 5.01 0 0 00 00 02.022
 0.0 00.0 
1 0 0 0 0120 40 02 0 5 12 0 2 0 0 00 9 0 0 0 5 0 002 02 40 0 0 00 00 03 800220 004 8100 500
120 123 0 9 00 8 2 10 00 0 1 82 980 02.0 00 23.0 12 4 9.0 04 12.0 00 0 0 1000 02 0.5 10 2.45 87.2 09.2 100.0 1.35 102.0 07.2 0.20 3 0 02 00 10.002
0
 8.0 09.0 08.2 12.5 50.3 120.0 000 0.00 03.2 000.3 0.53 020.90 
00.2 00.5 50.3 122.5 000 0.00 50.2 530.0 1.50 020.98

