0 2 3 4 0120 05 00 0 0 10 9 0 0 0 08 9 0 1 0 5 1 010 12 00 9 0 20 12 03 091200 024 0003 056
100 020 0 0 12 8 2 12 00 0 1 82 987 10.4 10 03.0 12 0 0.0 04 12.0 12 0 5 0280 00 0.0 00 2.00 07.0 80.2 000.3 0.05 002.5 00.0 0.20 0 5 12 98 02.00 8.5 00.0 
1 0 3 0 5120 00 10 0 0 02 9 0 0 1 20 0 2 0 0 0 1 000 00 45 9 8 04 00 00 800223 120 0003 000
100 120 5 9 00 8 2 00 00 0 0 00 007 00.0 10 03.0 00 4 9.2 10 12.5 12 0 0 0200 02 0.0 02 2.40 00.0 80.0 100.0 1.30 102.5 07.2 0.21 0 0 12 08 00.002
 8.0 09.0 08.2 00.5 00.3 120.0 020 5.34 00.2 500.3 0.00 005.08 
00.2 00.5 00.0 122.0 020 5.30 50.2 002.3 0.00 100.00
0 0 3 0 5023 05 02 5 0 00 9 0 0 1 28 0 0 0 4 0 0 002 00 00 9 0 20 00 20 801203 004 0000 050
123 103 0 9 02 8 0 00 89 0 0 00 900 10.0 00 23.0 02 4 0.0 00 10.0 10 3 5 0000 10 0.0 10 2.00 87.0 09.0 023.3 1.05 130.0 80.2 0.00 0 0 00 90 02.002
 8.0 00.0 
0 2 0 0 0000 00 02 5 0 12 9 0 0 1 00 9 0 1 4 5 0 900 02 00 0 8 00 12 00 800020 020 8100 050
003 100 5 9 00 0 0 02 80 0 1 02 080 02.0 00 03.4 00 4 0.2 00 10.0 10 0 5 0009 00 4.0 00 0.00 07.0 09.0 020.3 1.05 000.5 87.2 0.00 3 5 10 00 10.000
0
 0.0 09.0 90.0 10.5 50.3 000.5 000 5.00 03.0 032.0 1.00 100.98 
90.0 02.0 54.0 100.5 020 5.30 03.0 030.0 0.03 025.00
0 2 0 4 0023 40 12 0 5 10 0 0 0 1 00 0 0 0 0 0 0 910 00 05 9 0 00 00 03 891000 120 0100 556
100 100 5 9 02 0 2 00 80 0 0 00 980 00.4 15 23.0 00 4 0.2 00 00.5 12 3 5 0209 10 4.0 10 2.40 87.0 09.2 020.3 1.30 132.5 07.0 0.21 0 0 00 98 10.020
 8.0 89.2 
1 0 0 4 5120 00 02 5 0 00 0 0 0 0 20 0 2 0 4 0 1 910 02 05 9 0 20 02 20 801003 020 8000 000
020 020 0 9 02 0 2 12 09 0 0 02 080 10.4 00 23.4 00 4 0.0 00 12.5 02 0 0 0080 02 4.0 10 2.05 80.2 80.2 123.3 1.05 002.0 07.0 5.01 0 0 02 90 10.020
0
 0.5 00.0 90.2 10.0 04.0 020.0 124 5.30 00.2 502.3 0.03 005.08 
98.0 10.5 00.3 002.0 104 5.30 03.2 500.3 1.53 105.90
1 0 0 0 0003 45 12 0 0 10 0 0 0 0 00 0 0 1 4 5 1 002 10 40 9 0 24 00 20 801000 104 8000 050
020 120 0 0 02 8 2 02 09 0 1 80 080 02.4 00 20.0 02 0 9.2 00 00.5 10 3 0 0080 00 0.0 00 2.00 80.2 89.0 000.3 1.05 102.0 80.2 0.00 0 5 02 00 12.020
 8.5 00.0 
1 2 0 4 0000 05 10 0 5 00 0 0 0 0 28 0 2 0 0 0 0 012 02 40 0 0 24 02 03 090000 020 8000 506
020 103 0 0 12 0 2 00 00 0 0 80 900 00.0 00 00.0 02 0 9.2 04 02.0 10 3 0 0280 00 4.5 00 2.05 80.0 00.2 120.3 1.35 030.0 00.2 0.00 3 5 10 08 10.000
0
 8.0 09.2 98.0 02.5 54.3 020.5 104 0.04 03.0 500.0 0.00 000.08 
90.0 10.5 50.3 000.0 120 5.34 03.0 530.3 1.53 020.08
1 2 0 0 5100 00 10 0 0 00 0 2 0 1 28 0 2 0 4 0 0 010 10 05 0 0 24 12 03 000203 100 8000 506
123 020 0 9 12 0 0 00 80 0 1 00 000 10.4 00 03.0 10 0 9.0 14 12.0 00 3 5 0009 10 0.5 00 2.45 07.2 09.0 023.0 0.00 102.0 00.0 0.01 0 5 02 00 10.002
 0.5 89.2 
0 2 3 0 5000 05 02 5 0 00 0 0 0 1 00 9 2 0 0 0 0 002 12 00 9 0 00 10 20 091200 020 8100 006
100 000 5 0 00 8 2 02 00 0 0 80 007 12.4 15 23.0 00 4 0.2 10 00.0 02 0 0 0089 00 0.0 02 2.40 07.2 00.0 103.3 0.35 102.0 07.0 0.00 0 0 10 98 00.000
0
 0.0 00.2 00.2 10.0 54.3 102.0 024 5.34 53.0 000.3 1.50 020.98 
00.0 10.0 00.0 002.5 020 5.04 50.2 530.3 1.03 025.00
1 0 3 0 5000 00 00 0 0 00 9 0 0 1 00 0 0 1 0 5 1 012 12 00 9 0 04 10 23 091000 020 8003 056
100 100 5 0 00 0 2 00 89 0 1 82 087 10.4 05 03.4 00 0 9.0 14 10.0 12 0 5 0200 02 4.0 02 0.40 00.0 89.2 000.3 0.00 002.0 00.0 0.01 3 0 10 90 10.000
 0.5 80.2 
1 0 0 4 5020 05 00 0 0 12 0 0 0 1 28 0 2 0 4 5 0 000 12 00 0 8 24 02 20 090223 100 0003 550
100 023 0 9 10 8 2 00 89 0 1 82 980 00.4 10 03.0 12 4 0.0 14 12.0 02 0 0 1000 02 0.5 10 2.40 80.2 00.0 003.3 0.00 130.5 80.0 0.00 0 5 12 00 02.020
0
 8.0 80.0 98.0 00.5 00.3 022.0 020 0.04 03.0 502.3 0.00 025.90 
90.0 10.5 00.3 120.0 120 5.00 53.0 030.3 1.50 100.90
0 2 0 4 5100 00 02 0 0 02 0 2 0 1 00 9 2 0 4 0 1 000 10 40 9 0 20 02 03 890220 104 0100 006
000 103 0 0 00 0 0 02 09 0 1 00 000 00.4 05 03.4 02 4 9.0 04 10.0 10 3 5 1009 00 4.0 10 2.40 87.0 00.0 000.0 1.35 132.0 07.0 0.00 0 0 00 90 10.000
 0.5 09.0 
0 2 0 4 0103 00 02 0 5 02 9 2 0 0 20 0 0 0 4 0 0 900 00 00 9 0 20 02 20 800003 100 0003 506
000 020 5 0 02 8 2 10 00 0 0 82 900 10.0 15 03.0 02 4 9.2 04 00.0 12 3 0 1089 10 0.0 12 0.00 07.0 00.2 120.0 1.05 132.0 00.2 5.21 3 0 02 90 00.002
0
 0.5 89.0 90.2 12.0 04.3 020.0 100 5.34 00.2 002.3 0.00 005.00 
90.2 10.0 00.0 002.5 100 0.34 50.2 500.0 1.50 025.00
0 0 0 0 5020 00 00 0 0 02 0 0 0 1 08 9 2 0 4 0 1 900 02 00 0 0 04 12 00 001000 000 0103 000
023 020 5 9 10 0 2 02 00 0 1 00 900 02.0 00 23.4 10 4 9.2 00 00.0 00 3 0 1000 10 0.5 00 2.45 80.2 09.2 000.3 1.35 000.0 00.0 5.01 3 0 00 08 12.000
 8.5 80.2 
1 0 3 0 0123 40 00 0 0 02 9 2 0 0 08 0 0 0 4 0 0 902 00 40 9 8 04 10 23 891003 124 0020 006
100 003 5 9 02 8 0 12 00 0 0 00 900 02.4 00 03.0 00 4 0.2 04 12.0 10 3 5 1209 10 0.0 02 2.40 07.0 00.2 023.0 0.35 030.0 07.2 5.01 0 5 00 98 00.002
2
 0.5 89.2 00.0 02.0 00.0 102.5 120 5.30 53.0 530.0 0.00 005.00 
00.0 10.0 50.0 122.5 104 5.00 03.0 532.3 0.50 000.90
0 0 0 0 5120 05 12 5 0 00 9 2 0 0 20 0 0 0 4 5 0 002 02 05 0 8 0 024 0.00 53.0 502.3 1.00 005.90
1 0 3 4 5000 05 10 5 5 10 0 0 0 0 00 9 0 1 0 0 1 910 12 40 9 8 24 12 23 090003 024 8020 000
000 020 0 9 00 8 0 02 80 0 1 02 000 00.4 00 20.0 12 4 9.0 14 00.5 10 3 5 1200 12 0.5 10 0.00 00.0 80.0 123.0 0.05 100.0 00.2 5.21 3 5 12 08 00.020
 0.5 00.0 
0 0 3 0 5120 45 02 0 5 10 9 2 0 1 08 9 0 0 0 0 0 902 02 05 0 0 24 00 03 800203 004 0120 006
100 120 0 0 10 0 2 02 80 0 1 02 000 10.0 15 20.0 00 4 0.0 14 02.0 02 0 0 0200 00 0.5 12 2.05 80.2 00.2 123.3 0.35 000.5 80.2 5.21 3 0 00 90 00.020
0
 0.0 00.2 00.0 12.5 50.3 100.5 104 0.30 03.2 002.0 1.53 020.90 
98.0 00.5 54.3 000.0 000 5.30 00.2 532.0 0.03 005.98
1 0 0 4 5023 00 00 0 5 10 9 0 0 1 28 0 0 0 4 0 0 910 10 05 9 0 04 10 20 800200 120 8123 056
020 100 5 0 12 0 0 00 00 0 1 80 987 00.0 15 03.0 10 4 0.0 00 10.0 02 3 5 0280 00 4.0 10 2.00 07.2 00.0 000.0 1.05 102.0 80.0 0.01 3 0 10 00 02.002
 0.5 09.0 
1 0 0 0 5000 40 02 5 0 10 0 0 0 1 00 0 2 0 0 0 0 900 00 00 9 0 04 10 03 091020 004 0120 500
023 000 5 0 10 8 0 00 80 0 0 82 987 00.0 15 20.4 02 0 9.0 00 12.0 00 3 5 0000 00 0.0 02 0.40 00.0 00.0 023.0 1.05 000.0 07.2 0.21 0 0 00 90 00.002
2
 8.0 09.2 90.2 02.5 50.3 102.5 104 0.34 53.0 002.3 0.03 005.00 
00.2 10.5 00.3 000.0 024 0.04 53.0 530.0 1.53 020.90
0 0 3 0 0023 05 10 5 5 12 9 2 0 1 28 0 0 1 4 0 0 000 02 00 9 8 20 00 00 800200 000 0123 556
020 023 0 9 12 0 2 02 80 0 0 00 907 10.0 15 00.0 02 4 9.2 14 00.5 12 0 0 0289 00 4.0 00 2.00 07.0 09.2 100.0 1.05 000.5 80.2 5.20 3 0 02 90 00.002
 0.5 09.0 
1 0 3 4 5120 40 02 5 0 00 0 2 0 0 20 0 2 0 0 5 0 010 12 05 9 8 00 00 00 891023 124 0103 000
103 000 0 9 10 0 2 10 00 0 0 80 000 12.4 00 03.0 10 0 9.0 04 12.0 10 0 0 0200 12 0.0 10 0.05 00.0 80.0 023.3 1.30 030.0 00.0 5.20 3 5 12 00 00.022
0
 0.0 09.0 90.0 10.0 50.3 102.0 104 0.30 50.0 532.0 0.53 025.90 
08.0 12.5 04.0 000.0 120 0.04 00.2 500.0 0.03 005.00


005360000000.000000