0 0 0 0 0000 00 02 0 0 02 0 0 0 1 00 0 0 1 4 0 0 902 02 00 9 0 24 12 20 091203 024 8120 050
120 120 5 9 12 8 0 00 80 0 0 00 080 02.0 00 03.0 12 0 0.2 04 02.5 02 3 0 1000 02 0.5 12 0.05 87.0 89.0 123.0 0.35 002.0 00.2 0.00 0 5 12 08 10.00 0.0 80.2 
0 2 0 0 5020 00 00 5 0 10 0 2 0 1 28 0 0 0 0 5 0 900 02 00 9 0 00 12 03 000223 120 0120 000
000 003 5 0 10 0 2 02 00 0 0 80 987 10.0 00 20.0 00 4 0.0 .5 00 2.05 07.0 09.0 020.0 1.30 102.0 00.0 5.01 0 5 02 98 00.020
0
 0.5 89.2 98.0 00.5 00.0 120.5 124 0.00 50.0 502.0 1.00 005.08 
00.2 02.0 50.3 022.0 100 0.00 03.2 502.0 0.53 020.00
0 0 0 0 5023 40 00 0 5 10 9 2 0 1 08 0 2 1 0 0 0 910 02 00 0 0 00 00 20 090000 124 8020 056
103 020 5 0 12 0 2 02 00 0 0 02 080 12.4 00 20.4 12 0 9.0 00 12.0 10 3 5 0000 00 0.5 12 2.45 00.2 00.2 103.0 0.30 030.5 80.2 5.20 3 5 02 90 00.022
 0.0 00.2 
0 0 3 4 5123 45 02 0 0 02 0 2 0 0 08 0 2 0 0 5 0 002 00 45 9 8 20 10 20 891203 100 0120 500
100 100 0 0 00 8 0 02 00 0 0 00 980 10.0 05 03.4 00 0 0.2 04 10.0 10 0 5 0009 10 0.0 02 2.05 00.2 00.2 023.3 1.35 030.0 07.0 0.00 0 0 10 00 12.020
0
 8.0 80.2 00.2 12.5 00.3 120.5 124 5.34 50.2 532.0 1.00 000.00 
08.0 02.0 04.0 002.5 020 5.00 53.0 530.0 1.50 020.08
0 0 3 4 5120 40 02 0 5 10 0 2 0 1 20 9 2 1 4 0 0 912 02 00 9 0 24 00 03 091203 020 8100 000
123 003 5 0 00 8 0 10 80 0 0 00 080 02.0 10 00.0 10 4 9.2 00 02.5 00 0 0 0209 02 0.5 12 2.00 87.2 09.0 020.0 0.35 130.0 00.2 5.21 0 5 02 08 10.000
 8.5 80.2 
0 0 0 0 0100 40 00 0 0 10 0 0 0 1 08 9 0 1 4 0 0 900 10 05 0 8 24 02 23 001203 100 8103 556
003 120 0 0 00 0 2 12 09 0 0 02 007 10.0 10 20.0 02 4 0.0 10 02.0 02 3 0 0000 00 4.0 12 2.00 87.0 89.0 100.3 1.30 032.0 87.2 5.20 0 5 12 08 00.022
0
 8.0 89.0 98.0 02.0 50.0 022.0 004 5.00 00.2 502.0 1.50 025.98 
08.0 12.5 50.0 022.0 024 0.04 50.2 000.3 0.00 120.90
1 2 0 0 5100 05 12 0 0 12 0 2 0 0 08 9 2 1 0 0 1 900 02 40 9 8 00 10 00 090023 100 0023 550
103 020 5 9 00 8 2 12 09 0 0 00 087 00.4 15 03.4 00 0 0.0 04 10.0 10 0 0 1000 02 4.0 10 0.05 87.0 80.0 100.3 1.35 032.5 00.0 5.21 0 5 10 08 12.022
 0.5 09.0 
0 0 3 0 5023 05 12 5 0 10 9 0 0 0 20 9 0 1 4 5 0 910 12 05 9 0 04 02 00 891000 104 8000 000
103 123 5 0 02 0 0 00 00 0 0 02 080 10.0 15 00.4 12 0 9.2 10 12.5 12 0 5 0000 00 4.5 00 0.40 87.2 09.2 103.0 1.35 132.0 87.2 5.00 3 0 02 00 12.020
0
 0.0 89.0 98.0 10.0 00.0 000.0 020 0.30 00.0 530.0 1.03 005.98 
00.0 00.5 04.0 120.0 020 0.30 03.2 032.0 1.50 025.90
0 0 3 0 5000 05 00 5 5 00 0 2 0 0 20 0 0 0 0 0 0 012 10 00 9 0 00 00 00 000220 020 0023 500
000 020 5 0 02 0 0 00 80 0 1 80 007 12.0 00 23.0 00 0 0.0 00 02.5 02 0 0 0200 10 0.0 10 0.00 87.0 00.2 023.3 1.00 132.0 87.2 0.00 3 5 02 08 12.000
 0.0 09.2 
0 0 3 0 0023 40 02 5 5 10 0 0 0 0 00 0 0 0 0 0 1 910 10 05 0 8 00 00 20 001020 100 8120 000
103 000 0 9 12 8 0 10 00 0 0 82 007 00.0 15 23.0 10 0 0.0 04 00.5 12 3 5 0209 12 0.5 10 2.05 00.0 09.0 120.3 0.00 000.0 80.0 0.20 3 5 00 90 02.002
0
 0.5 89.0 98.0 02.5 00.3 000.5 000 0.34 50.0 002.0 0.50 000.08 
98.2 10.5 50.3 022.0 000 0.04 00.0 500.0 1.03 125.08
0 0 0 4 5003 40 02 5 0 12 0 0 0 0 00 9 2 1 0 5 1 010 00 05 0 8 04 10 23 000003 004 0123 050
023 023 5 0 00 0 0 12 00 0 0 02 080 02.0 05 20.4 12 4 0.0 14 12.0 00 3 5 0280 00 4.0 02 2.05 80.0 09.0 120.3 0.35 000.5 80.0 0.21 0 0 02 98 00.022
 0.5 89.0 
0 2 3 4 0020 00 02 5 0 00 0 0 0 0 00 9 2 0 4 0 1 910 10 40 9 8 00 02 20 891020 000 8020 506
123 103 0 9 12 0 0 12 09 0 0 00 007 02.4 00 03.4 12 0 9.0 10 00.5 12 0 5 1009 12 4.5 10 0.45 87.2 09.2 123.0 0.00 030.5 00.2 5.20 3 0 10 00 10.002
2
 8.0 89.0 90.0 02.5 04.0 000.0 024 0.34 00.0 032.0 1.00 100.00 
08.0 00.0 50.0 102.5 004 5.30 00.0 032.0 0.53 100.90
0 0 3 4 5000 00 02 0 0 00 0 0 0 0 08 9 0 1 0 5 1 012 12 40 0 0 04 00 23 001023 120 8103 556
003 003 5 0 00 8 2 00 89 0 1 00 987 10.4 00 20.0 12 4 9.2 10 12.0 00 3 0 0209 02 4.5 00 2.40 07.2 09.0 020.3 0.05 100.0 80.2 0.20 0 5 12 00 12.002
 0.5 00.0 
0 0 3 4 5003 00 02 0 0 10 0 2 0 0 00 9 0 0 0 5 1 900 12 40 0 8 20 10 00 090223 000 8103 006
103 100 0 9 02 0 0 02 80 0 0 82 080 02.4 15 00.4 00 0 9.2 14 00.0 00 3 0 0280 10 0.0 02 0.45 80.0 09.2 100.3 1.35 000.0 87.2 0.01 3 5 02 08 10.020
0
 8.5 80.2 00.0 12.0 04.3 100.5 024 0.30 03.2 502.0 1.50 000.90 
98.0 10.0 00.0 020.5 000 5.34 03.2 030.0 1.03 005.98
1 2 0 4 0000 00 00 5 0 10 9 0 0 0 20 0 0 0 4 5 1 012 00 00 0 0 00 02 03 891003 120 8100 056
020 020 5 0 02 8 0 00 00 0 0 80 000 02.0 15 20.0 10 0 0.0 04 00.0 12 0 5 0089 00 0.5 12 0.00 80.0 89.2 100.0 1.05 102.0 80.0 0.21 3 0 10 00 10.002
 8.0 80.2 
0 2 0 0 5123 45 00 0 5 00 0 0 0 1 20 9 2 0 0 5 0 910 12 05 0 0 00 02 23 000000 104 0020 550
020 103 0 9 02 0 0 02 09 0 1 00 087 02.0 00 20.0 02 4 0.2 14 12.0 12 0 5 1000 12 0.5 00 2.45 07.2 89.0 123.0 0.05 100.0 87.0 5.21 3 0 12 08 10.020
2
 0.0 89.2 90.2 02.5 00.0 022.5 100 0.00 03.0 500.3 1.03 005.90 
98.0 10.0 00.3 000.5 124 0.00 00.2 532.3 0.50 125.98

