0 2 0 0 5000 05 02 5 0 02 9 2 0 1 20 0 2 1 0 5 0 902 00 40 0 8 00 02 03 890203 004 0003 000
003 023 5 0 10 8 0 10 09 0 0 00 087 02.0 00 03.4 02 4 0.0 04 02.0 02 0 5 1089 10 4.0 12 0.40 00.0 09.2 000.3 1.00 132.0 00.0 5.21 3 5 12 00 12.00 0.5 89.0 
1 0 3 4 5020 40 10 0 0 00 0 0 0 0 00 0 0 0 0 0 1 912 12 40 0 0 24 12 00 090203 024 0023 556
020 020 5 9 00 0 0 00 00 0 1 80 000 00.0 00 20.0 12 4 0.0 00 02.0 12 0 0 0200 12 0.5 12 0.40 07.0 80.2 020.3 0.05 000.0 80.0 5.21 3 0 00 08 02.020
 0.0 80.2 08.0 10.5 00.3 120.0 104 0.30 03.2 032.3 1.03 020.00 
90.0 12.5 50.0 000.0 124 5.04 50.0 500.0 1.53 000.00
1 2 0 4 0003 40 00 0 0 12 9 0 0 1 20 9 2 0 4 5 0 000 00 05 0 8 24 12 23 090020 104 8000 500
020 103 5 9 10 8 2 00 80 0 0 02 007 00.4 00 00.0 10 0 0.2 04 00.0 10 0 0 0280 10 0.0 00 2.05 07.0 09.0 103.0 1.30 100.0 07.2 0.01 3 5 02 90 10.002
 0.0 09.2 
0 2 3 4 5123 45 02 5 5 10 0 2 0 0 00 0 2 1 4 5 1 012 10 05 0 0 24 00 03 091200 104 8003 550
100 103 5 9 12 8 0 12 00 0 0 00 080 02.0 10 20.0 10 0 9.0 00 02.0 02 3 0 0089 02 0.5 12 0.05 07.2 00.0 020.3 1.00 030.5 07.0 0.20 3 5 10 00 10.000
0
 0.5 00.2 00.0 10.0 00.0 020.0 020 0.34 03.0 532.0 0.53 120.98 
90.0 02.5 00.3 002.0 024 5.30 53.2 002.0 1.00 025.00
0 2 0 4 0003 45 12 0 0 00 0 0 0 1 08 0 2 1 0 0 1 010 00 40 0 0 24 00 00 000223 124 0020 500
023 103 5 0 00 0 0 00 00 0 0 02 087 12.0 00 00.0 10 4 0.2 10 02.0 02 0 5 1009 02 4.0 02 0.05 00.2 00.0 003.0 0.00 132.0 00.2 5.21 0 0 02 98 10.002
 0.5 00.2 
0 0 3 4 5120 00 02 5 5 10 9 0 0 0 20 0 2 1 4 0 1 002 00 40 9 0 04 10 03 000223 000 8120 500
120 000 0 0 12 8 0 02 80 0 0 80 900 02.4 10 03.0 02 0 9.2 00 12.0 10 3 0 1209 00 0.0 10 2.40 87.0 00.0 020.0 1.00 000.0 07.0 0.21 0 5 02 00 00.020
0
 8.5 09.2 00.0 02.0 04.0 000.5 020 0.00 00.2 500.3 0.03 000.98 
98.0 02.5 54.3 120.0 120 5.04 50.2 530.0 0.03 000.90
1 0 0 0 0000 00 00 5 0 10 9 0 0 1 28 9 0 0 4 5 1 910 12 05 0 0 04 10 20 800000 104 8000 006
120 020 5 9 00 0 0 00 09 0 0 80 900 10.4 05 00.4 00 4 9.2 00 00.0 00 0 0 1000 00 0.0 00 0.45 07.0 00.2 123.3 1.00 100.0 80.0 0.00 3 0 00 98 02.002
 8.5 80.2 
1 2 3 0 0123 40 00 5 5 12 0 2 0 1 00 0 2 0 4 0 1 002 00 00 0 0 04 10 00 091000 104 0023 056
123 123 0 0 00 8 2 10 80 0 0 82 980 10.0 00 20.0 10 0 0.0 10 02.5 00 0 5 1280 00 0.5 00 0.05 07.0 89.0 023.3 0.00 000.0 00.0 5.01 0 5 10 90 02.020
0
 8.5 80.0 00.0 00.0 04.3 100.0 004 5.30 53.0 500.3 0.00 025.08 
90.0 00.5 04.0 120.5 124 0.00 50.0 000.0 0.00 020.98
0 0 3 4 0103 00 12 5 5 12 0 2 0 0 00 9 2 0 0 0 0 002 02 05 9 8 04 00 03 000223 000 0020 000
023 120 0 0 02 8 0 10 09 0 0 82 080 10.4 00 03.4 02 0 0.0 04 10.5 12 0 5 0000 00 0.0 10 0.00 80.0 09.2 020.3 1.05 130.5 80.0 0.21 0 0 12 00 12.000
 8.0 00.0 
0 0 0 4 0120 00 02 0 0 00 0 0 0 0 20 9 2 0 4 0 1 000 00 05 0 0 00 00 00 000023 024 0120 550
120 120 0 0 02 8 0 02 00 0 0 02 980 10.0 10 23.0 10 4 0.2 10 10.0 00 3 0 1080 02 4.5 10 2.00 00.0 89.2 103.0 0.00 002.5 87.0 0.01 0 5 02 08 00.022
2
 0.0 89.0 08.2 02.5 04.0 100.0 120 5.04 03.2 500.3 0.50 005.08 
90.0 00.0 00.0 100.0 000 0.04 03.0 030.3 0.00 105.90
1 0 0 0 0120 00 10 5 5 00 0 0 0 0 20 0 0 1 4 0 0 010 02 05 0 0 04 02 23 891200 100 0000 506
123 100 5 0 12 0 2 10 80 0 1 82 907 12.0 05 20.4 00 0 9.2 14 10.0 02 0 5 1280 00 0.0 02 2.05 07.0 00.0 103.0 1.30 132.5 00.2 5.21 0 0 12 90 02.000
 0.5 09.0 
1 0 3 0 5100 40 00 5 0 12 9 2 0 0 20 0 0 1 0 0 1 900 10 45 9 0 24 02 00 090023 000 0020 050
100 020 0 0 12 0 0 10 00 0 0 80 087 12.0 00 20.0 02 0 0.2 10 12.5 10 0 0 0280 02 0.5 12 0.40 80.0 00.0 020.0 0.00 032.5 07.0 0.00 3 0 12 00 00.002
0
 0.5 09.0 00.0 12.0 50.0 002.0 104 0.34 50.0 002.0 1.50 025.90 
90.2 02.5 54.0 000.0 020 5.00 50.2 532.3 0.03 125.00
1 0 3 0 0120 00 00 5 0 12 9 2 0 1 20 0 0 0 4 5 1 900 00 00 9 0 00 12 20 091023 000 0123 056
103 020 0 9 02 0 0 00 89 0 1 80 980 10.4 10 00.0 10 0 9.2 04 00.0 10 3 0 1289 02 0.0 12 2.05 00.2 80.0 120.3 1.00 030.5 87.0 5.20 0 5 10 90 02.002
 0.0 00.0 
1 2 0 0 0120 40 12 0 0 10 9 0 0 0 08 0 2 1 0 0 1 012 12 05 0 0 24 12 23 800220 104 8123 500
000 003 0 9 00 0 0 10 80 0 0 00 000 12.4 00 03.0 00 0 0.0 04 00.0 12 3 0 1289 02 0.0 12 0.40 00.0 89.2 120.3 0.05 032.0 00.2 0.01 0 0 12 90 02.000
0
 0.5 00.0 98.2 00.0 00.3 102.0 020 0.04 00.0 000.0 0.53 100.98 
08.2 02.5 50.3 100.0 004 5.04 53.0 002.3 1.03 020.98
1 0 3 0 0003 05 02 0 5 00 9 0 0 1 00 0 2 1 0 5 1 000 00 00 9 8 00 00 20 091003 104 8103 556
020 103 5 0 00 0 2 12 09 0 0 00 007 02.4 15 03.0 10 0 9.0 10 00.0 00 0 0 1080 02 0.0 12 0.05 87.2 89.2 103.0 0.30 132.0 87.0 0.20 3 0 12 08 00.022
 0.0 09.0 
1 0 0 0 5000 00 00 5 0 12 0 0 0 0 00 0 2 0 0 0 1 910 10 40 9 0 20 00 03 000200 020 8023 006
023 020 5 0 10 8 2 02 09 0 0 80 900 10.0 05 00.0 02 4 0.0 00 00.5 00 0 5 0280 00 0.5 10 2.40 80.2 09.2 123.0 1.00 102.5 00.2 0.01 0 0 00 98 00.002
2
 0.0 80.2 98.2 10.5 50.0 102.5 024 0.00 00.2 502.3 0.53 000.90 
08.0 00.0 54.0 000.5 000 5.00 50.2 500.0 0.03 100.90
0 2 0 0 5003 00 00 5 0 02 0 2 0 0 20 9 0 0 0 0 1 010 10 00 9 0 24 12 00 091223 120 0100 056
103 103 5 0 10 0 0 12 00 0 0 82 980 10.4 00 03.0 10 0 9.0 14 00.5 00 0 5 0000 02 0.0 00 0.00 87.2 09.0 103.0 1.30 000.0 80.0 0.00 0 0 00 90 00.020
 0.5 80.0 
0 0 3 0 0020 45 12 5 5 02 0 2 0 1 20 9 0 1 4 5 0 902 10 45 0 0 20 02 00 890000 120 0023 000
020 100 5 9 10 8 2 10 00 0 0 82 000 10.0 05 03.0 02 0 0.2 00 00.5 12 3 0 1009 02 0.5 00 0.45 87.0 00.2 000.3 0.05 000.0 07.0 0.21 0 5 12 90 10.020
2
 0.0 00.2 00.2 12.5 00.3 000.5 120 0.30 00.2 500.3 1.03 020.90 
90.0 10.0 54.3 102.5 020 0.30 53.0 030.0 0.50 020.00
1 2 0 4 0103 05 00 0 0 12 0 2 0 1 00 9 0 0 0 5 0 912 00 05 9 0 20 02 20 800203 120 0123 500
023 003 5 9 10 0 0 12 09 0 1 82 080 02.0 15 20.0 10 0 0.2 04 02.5 00 0 5 1289 12 4.0 00 2.00 07.0 80.2 103.3 0.00 030.5 80.0 0.00 3 0 10 00 02.020
 0.5 09.2 
0 0 0 4 0120 00 02 5 5 12 0 2 0 0 08 0 0 1 4 5 1 012 02 05 9 0 24 12 03 000220 104 0023 050
003 120 0 9 02 0 0 00 09 0 0 00 000 12.4 10 00.0 02 0 0.2 10 10.0 12 0 0 1200 00 0.5 10 2.05 80.0 80.2 000.0 0.00 002.0 00.0 5.20 3 0 02 98 12.002
0
 0.0 89.0 08.2 00.5 54.3 100.0 120 0.04 53.0 500.0 0.00 120.00 
00.0 00.5 00.3 120.5 100 5.34 03.0 030.0 1.03 020.98
1 2 0 0 0100 40 10 0 5 02 9 2 0 0 20 0 0 0 0 0 1 012 12 05 0 8 00 00 03 091223 024 8020 000
120 020 5 0 00 8 0 00 09 0 0 82 007 12.0 10 03.0 10 0 0.2 00 12.0 12 3 5 0000 10 4.5 00 2.05 07.0 00.2 000.3 0.05 002.5 87.2 5.00 0 5 02 00 00.000
 0.0 89.2 
1 2 0 0 5103 40 10 5 0 02 9 0 0 0 28 9 0 1 4 0 1 902 00 05 0 8 20 00 23 091000 100 0020 006
020 103 0 9 02 0 2 00 09 0 1 00 900 12.4 05 03.4 02 4 9.2 10 02.0 00 0 5 0089 10 0.0 00 0.45 07.0 89.2 000.0 0.30 002.0 87.2 5.00 3 0 12 90 00.022
0
 8.0 80.0 90.0 00.5 00.0 002.5 100 5.34 00.2 500.0 0.50 125.00 
98.2 10.0 00.3 102.0 020 5.30 53.2 502.3 1.03 105.00
0 2 0 4 5003 40 12 5 5 12 0 0 0 0 08 0 2 0 4 0 1 902 00 05 9 0 00 10 20 090020 100 8100 000
123 103 0 0 02 0 0 02 89 0 0 02 000 02.4 10 03.0 10 0 0.2 00 00.5 10 3 0 0009 10 4.5 02 2.00 80.0 09.0 120.0 0.00 100.5 00.2 0.01 0 5 02 98 00.020
 0.0 89.0 
0 2 0 0 0000 45 10 0 5 00 9 2 0 0 00 0 2 0 0 0 1 012 12 45 0 8 00 12 03 800200 024 8023 006
000 123 0 0 00 8 2 02 89 0 1 82 987 00.0 05 03.0 00 0 9.2 00 12.5 12 0 5 1089 00 0.0 00 0.05 07.2 00.0 003.0 1.00 002.5 80.0 5.21 3 0 02 00 10.020
2
 0.0 89.0 00.2 10.5 04.3 002.5 100 0.04 00.2 530.3 1.53 025.90 
08.0 02.5 00.3 100.5 120 0.34 03.2 500.0 0.03 005.08
1 2 3 4 5103 45 00 5 0 10 9 2 0 1 00 0 0 1 0 0 0 910 00 00 0 0 04 10 00 001020 024 8123 500
003 103 5 0 10 0 2 10 80 0 0 00 987 12.0 15 03.4 00 0 0.2 04 00.0 00 3 5 1000 00 0.0 10 2.00 80.0 80.2 000.0 0.00 030.5 87.2 5.21 3 0 02 08 02.022
 0.5 00.2 
0 0 0 0 5100 05 02 5 0 00 9 0 0 1 08 9 2 1 0 0 0 912 12 00 9 0 04 02 23 800000 120 0023 056
120 020 0 0 00 8 2 12 80 0 0 80 080 00.0 00 00.0 02 4 9.0 00 10.5 02 3 5 1000 10 0.5 02 0.45 80.0 00.0 103.3 0.35 002.0 00.2 5.21 0 0 10 08 02.020
0
 0.5 89.0 00.0 00.5 50.0 102.0 024 5.04 00.0 000.0 1.53 000.90 
00.2 00.0 00.3 122.0 104 5.30 50.0 532.0 0.53 020.90
1 0 0 0 5023 00 12 0 0 10 9 2 0 1 08 9 2 1 4 0 0 902 00 05 0 0 20 12 20 801000 000 8103 000
103 103 5 9 02 0 2 02 80 0 0 82 080 02.0 00 00.0 00 0 9.2 04 10.5 02 3 0 1009 00 0.0 12 0.00 80.2 09.2 100.0 0.30 130.0 80.0 5.21 0 0 12 08 12.002
 0.0 00.0 
0 2 0 4 5103 45 02 0 0 12 0 0 0 1 20 0 0 1 0 5 1 010 00 00 0 0 04 02 00 891003 100 8003 550
120 100 5 0 12 0 0 00 00 0 1 82 080 02.4 00 20.4 00 0 9.2 00 00.0 02 3 5 0289 02 4.0 00 0.40 07.0 09.2 020.0 1.30 002.0 80.0 0.20 0 0 02 90 10.002
2
 8.5 00.2 08.0 12.0 00.3 100.5 120 5.30 50.2 000.0 0.50 000.00 
00.0 02.5 54.0 002.5 004 5.04 03.2 502.3 0.00 120.90

