0 0 0 0 5123 05 02 0 0 12 0 2 0 0 08 9 0 0 4 0 1 902 12 45 9 8 00 00 20 800220 024 0100 000
003 123 0 0 12 0 0 00 00 0 1 80 900 02.4 00 23.0 10 4 9.0 00 02.0 00 3 5 1080 02 0.0 12 0.40 87.0 00.2 003.0 0.35 032.0 80.0 5.00 3 5 10 08 02.00 8.5 09.0 
0 0 0 4 0103 05 02 5 0 02 0 0 0 1 20 0 0 1 4 0 1 900 02 00 9 0 20 00 20 891023 100 0023 000
000 000 0 9 02 8 0 00 00 0 0 02 080 00.4 00 00.0 10 4 0.0 04 12.0 12 3 5 0000 00 4.0 12 2.45 00.2 80.2 020.3 0.00 130.5 00.2 5.01 3 0 02 08 00.020
 0.0 89.2 08.2 00.0 54.0 102.5 004 0.30 03.0 032.3 0.00 000.08 
08.2 02.5 04.3 000.5 020 5.30 50.0 032.3 0.03 000.98
1 0 3 4 5023 45 12 0 0 10 0 0 0 1 08 0 0 1 0 0 1 010 02 00 9 0 24 02 00 000203 100 8103 500
103 100 0 0 10 0 0 00 00 0 0 02 080 10.4 15 03.0 12 4 0.0 00 12.5 12 0 0 1000 00 4.0 00 2.45 87.2 09.0 020.3 0.05 132.0 00.0 5.00 0 5 12 00 02.022
 8.0 00.0 
1 2 0 0 0103 40 10 0 5 02 9 2 0 1 00 9 0 0 0 5 0 000 02 40 9 0 00 02 03 090023 100 8020 006
123 103 0 0 00 8 0 10 80 0 0 80 000 00.4 10 03.0 02 0 0.2 00 00.0 02 3 0 0200 12 0.0 02 0.40 87.2 00.0 000.0 1.30 000.0 00.0 5.01 3 0 10 90 10.002
0
 8.5 80.0 00.2 02.0 54.3 002.5 124 0.30 00.2 002.0 0.00 005.00 
00.2 00.0 00.0 002.5 100 5.34 03.0 000.3 1.53 005.90
1 2 0 0 0000 05 00 5 0 10 0 0 0 1 00 9 0 1 0 0 0 010 12 00 0 8 24 00 00 001203 000 0023 550
023 003 0 9 10 0 0 12 09 0 0 00 907 12.0 00 00.0 10 0 0.2 00 00.0 12 3 5 0209 02 0.0 12 0.05 07.0 00.0 003.0 1.35 030.5 07.0 5.21 3 0 12 90 12.020
 0.5 09.0 
0 0 3 0 5123 00 12 0 0 12 0 0 0 0 20 9 0 0 0 5 0 002 00 40 0 8 20 00 00 091020 100 8100 000
100 123 0 9 02 8 0 00 00 0 0 00 080 02.0 10 00.0 12 0 0.2 10 00.0 00 0 5 0080 02 0.0 02 0.45 00.0 80.0 103.0 0.00 002.0 80.0 5.01 0 5 12 00 00.020
0
 0.5 89.0 00.2 10.0 04.0 022.0 104 0.00 00.0 500.0 0.03 025.00 
90.2 00.0 04.3 000.5 120 5.04 00.2 000.0 0.03 020.98
1 2 3 4 5120 45 10 0 0 00 9 0 0 1 20 0 2 1 0 5 1 912 00 00 9 8 20 12 00 801203 000 8120 050
003 103 5 0 12 8 2 02 00 0 0 02 087 12.4 10 00.4 02 4 0.2 10 02.0 02 3 5 0080 02 0.5 10 2.00 00.0 80.2 123.0 0.00 032.5 80.2 5.00 0 0 00 08 10.022
 0.5 00.0 
1 0 0 0 5020 40 00 0 5 02 0 2 0 1 00 9 2 1 0 0 0 012 12 05 9 8 20 02 23 000000 020 0020 006
000 103 5 0 00 0 0 12 00 0 0 02 000 02.0 05 03.4 10 4 0.0 00 00.5 10 0 0 1200 12 0.0 00 2.40 80.0 80.0 023.3 0.05 000.5 80.2 0.00 3 0 00 00 00.000
0
 0.0 80.0 00.0 02.0 50.0 100.5 100 5.00 50.0 532.0 1.00 020.98 
90.2 00.0 54.0 102.0 000 5.30 00.2 030.0 1.50 020.00
0 0 3 4 5020 45 02 5 5 02 9 2 0 0 08 9 0 1 4 0 1 002 12 45 9 0 04 02 00 000020 000 0100 556
100 103 0 9 02 0 0 00 00 0 0 02 987 12.4 15 20.0 10 0 0.0 00 02.0 12 3 5 0089 10 4.0 02 0.45 80.2 00.0 020.0 1.05 002.5 00.2 0.20 0 0 00 00 12.000
 8.0 89.0 
1 0 0 4 0120 05 02 5 5 02 9 0 0 1 28 0 0 0 0 5 0 012 00 45 0 0 00 10 00 000203 124 0000 056
003 003 0 0 10 0 0 02 89 0 0 00 000 12.4 00 20.4 00 4 9.0 10 12.0 10 3 0 0200 02 0.5 00 0.05 80.2 89.2 120.0 0.30 130.0 07.0 0.00 0 0 00 90 02.020
0
 0.5 80.2 08.2 10.5 04.0 000.0 100 5.04 00.0 532.0 1.03 100.98 
90.0 02.5 04.0 000.0 020 0.30 50.0 530.0 1.00 025.98
0 2 0 4 0100 05 10 0 0 02 0 0 0 0 08 9 2 0 0 5 1 002 10 00 0 0 04 00 03 801003 004 0000 000
023 100 0 0 00 0 2 00 80 0 1 82 087 12.4 10 20.0 12 4 0.0 14 00.0 00 0 5 0009 10 4.5 00 0.00 00.2 09.2 103.0 0.00 032.5 87.2 0.01 0 0 00 08 00.000
 0.5 80.2 
0 0 3 0 5003 40 10 0 0 00 9 2 0 1 20 0 0 0 0 0 0 010 10 00 0 0 24 12 03 890223 024 0023 500
103 000 5 0 10 8 2 00 09 0 1 02 900 02.0 15 03.4 02 0 0.2 10 02.0 12 0 5 1200 00 0.0 00 0.45 87.0 80.0 003.3 0.05 102.0 00.2 0.01 0 5 02 08 12.022
2
 8.0 80.0 00.0 02.0 04.0 002.5 104 5.04 00.0 030.0 1.50 020.90 
00.2 00.0 04.3 002.0 024 5.00 50.0 032.0 0.53 105.98
1 0 3 4 0120 40 12 0 0 02 9 0 0 0 00 9 2 1 0 0 1 912 02 00 0 8 00 00 00 800200 024 8003 056
023 120 5 0 00 0 0 00 80 0 0 02 980 10.4 10 23.4 12 4 0.0 10 00.5 12 3 5 1089 10 0.0 12 2.05 07.2 00.2 123.0 1.30 102.0 00.0 5.00 3 0 10 90 02.020
 0.0 89.0 
0 0 3 4 0020 00 12 0 0 12 9 0 0 0 20 0 2 1 0 5 0 912 02 45 0 0 00 12 23 801020 124 8020 000
023 100 5 0 02 8 2 00 80 0 1 82 980 10.4 15 23.0 02 4 0.0 14 00.0 12 3 5 0209 00 4.0 12 0.00 87.0 00.2 000.0 0.35 030.0 00.0 0.00 0 5 00 00 00.002
0
 0.5 00.2 00.0 10.0 54.0 100.5 004 5.34 50.0 502.0 0.03 100.00 
08.2 10.0 04.3 102.0 024 0.04 03.2 502.3 0.50 005.98
0 2 0 0 5103 40 02 5 0 00 0 2 0 1 08 0 0 0 4 0 0 012 00 00 9 0 20 00 20 801023 104 8123 056
023 123 5 9 00 8 0 10 80 0 1 02 007 00.4 10 20.0 00 0 9.0 10 02.5 00 3 0 1280 10 0.0 10 0.00 80.2 09.2 003.3 0.05 100.0 87.2 5.00 3 5 02 98 12.020
 8.0 80.0 
1 2 0 0 5100 05 02 0 5 00 0 0 0 1 20 9 0 1 0 5 1 010 12 40 0 8 00 10 23 001003 004 8020 556
120 020 5 0 12 0 0 10 80 0 0 00 087 12.4 10 23.4 00 0 9.0 00 10.5 10 3 5 0200 02 0.0 12 0.00 80.2 80.0 003.0 1.00 032.0 00.0 0.00 0 0 02 98 00.000
2
 8.5 80.2 08.2 12.0 04.3 002.5 120 5.30 00.2 500.0 1.50 020.90 
00.0 10.5 04.0 020.5 100 0.34 50.0 530.0 1.00 005.98
1 2 0 0 0003 00 02 0 5 10 9 0 0 0 00 0 2 0 0 0 1 912 02 40 9 0 04 00 20 091200 120 8100 006
120 003 5 9 10 8 2 12 09 0 1 00 000 10.0 05 03.0 02 0 0.0 00 00.0 00 3 5 0080 10 0.0 00 0.00 00.2 09.2 100.3 0.30 032.0 00.2 5.01 0 5 00 90 00.002
 8.0 80.0 
0 0 3 0 5000 40 12 0 5 02 9 2 0 1 20 9 0 1 0 0 0 902 00 45 9 8 04 12 20 090003 000 0000 006
000 123 0 0 12 8 2 02 80 0 0 80 980 12.4 10 20.4 00 0 0.0 04 12.5 12 3 5 1289 02 0.0 02 2.45 87.2 09.2 003.3 1.00 130.0 00.2 5.01 3 5 00 90 02.022
2
 0.5 80.0 90.2 02.0 00.0 122.5 124 0.30 00.2 500.0 0.50 105.90 
00.0 00.0 00.3 002.0 024 5.34 53.2 502.0 0.03 000.08
1 2 3 4 5100 00 10 5 0 12 0 2 0 0 08 9 0 1 0 0 0 910 00 45 0 8 00 00 03 000200 004 0123 050
020 000 0 9 02 8 2 10 89 0 1 00 007 10.4 00 23.4 00 4 9.2 00 02.0 02 0 5 1089 12 4.5 00 2.05 07.0 00.0 123.0 0.05 030.0 80.0 5.21 0 0 12 00 02.002
 0.5 80.2 
0 0 3 0 0003 05 02 0 0 12 0 0 0 1 08 0 0 0 0 0 1 002 02 00 0 0 20 00 03 001023 024 8123 550
100 100 0 9 00 0 2 12 80 0 0 00 007 12.0 10 00.4 02 0 0.0 10 10.0 00 3 0 0209 00 0.0 10 0.40 80.2 89.2 023.0 1.05 032.5 80.2 0.00 3 0 12 98 10.002
0
 8.0 00.2 98.2 00.5 04.0 102.5 100 5.34 00.2 002.3 1.00 120.08 
00.0 02.0 00.0 022.0 120 5.34 03.0 032.3 1.50 020.98
0 2 3 4 0000 40 00 0 0 12 0 0 0 0 00 0 0 0 4 0 0 002 12 05 0 0 04 02 00 091203 004 8000 000
023 100 5 0 02 0 0 12 80 0 1 02 000 02.0 00 03.0 12 0 9.0 10 12.0 02 0 5 0289 02 4.0 12 2.00 00.0 00.2 020.0 0.00 032.0 07.0 0.01 0 0 00 00 12.000
 8.5 09.2 
0 2 0 0 5103 40 02 0 5 10 0 0 0 1 00 9 0 0 4 0 0 010 00 05 0 0 20 00 23 801220 100 0100 550
003 120 0 9 00 0 2 10 00 0 1 00 900 02.0 15 00.0 02 0 9.0 04 02.0 12 0 5 0009 00 4.5 00 2.45 07.2 80.2 123.3 1.35 002.5 80.0 0.01 3 5 02 08 00.020
0
 8.0 09.2 90.0 12.5 54.0 100.5 124 0.00 50.2 002.0 0.50 005.98 
90.2 12.5 54.3 000.0 004 0.04 53.0 030.3 1.53 120.00
0 0 3 4 5020 00 10 0 0 02 0 0 0 1 20 0 0 0 0 0 1 910 10 00 9 8 04 10 03 000003 000 0000 550
000 020 0 9 12 8 0 10 80 0 0 00 087 12.0 05 20.4 00 4 9.2 04 10.5 00 0 5 0000 02 4.5 00 2.00 00.0 80.0 100.3 1.35 002.5 00.2 5.20 3 0 12 08 00.002
 0.0 00.2 
0 0 3 4 0123 40 02 5 0 00 0 2 0 0 00 0 0 0 0 0 0 012 10 40 0 0 20 00 20 000000 104 8103 000
120 103 0 0 12 8 0 02 00 0 1 00 900 00.4 00 20.4 00 0 9.0 00 00.0 10 0 5 1280 00 0.0 00 2.00 87.2 00.0 023.0 0.00 000.5 00.0 0.01 3 0 02 00 10.000
0
 0.5 89.2 00.2 02.0 50.3 102.5 000 0.00 00.2 030.0 1.00 005.90 
90.0 00.5 50.0 002.0 100 5.30 53.0 530.0 0.03 025.98
1 0 3 0 5100 05 00 5 0 02 9 0 0 0 28 9 2 1 0 5 0 900 00 40 0 0 00 02 03 000200 024 0000 000
000 023 5 0 10 8 2 00 80 0 0 02 087 00.4 15 00.4 00 0 0.2 14 10.0 00 0 0 0200 02 0.5 00 0.40 07.2 00.2 123.0 0.00 000.0 87.0 0.21 0 0 10 90 10.002
 8.0 09.0 
1 2 0 0 5020 45 02 0 0 12 9 0 0 0 28 9 2 1 4 0 1 002 12 00 0 0 04 02 23 091203 000 0003 000
003 123 0 0 10 0 2 02 09 0 1 02 907 12.4 00 03.0 00 4 0.0 14 12.0 00 0 0 0280 00 0.0 00 2.45 00.2 80.0 020.0 0.30 032.0 87.0 5.21 3 0 00 08 00.020
0
 8.5 09.0 08.2 10.0 00.3 122.5 020 0.30 50.2 532.0 0.53 120.98 
08.0 02.0 54.3 102.5 124 0.04 03.2 500.0 0.53 000.98
0 2 3 4 5023 00 12 0 0 10 0 2 0 0 20 0 0 1 4 0 0 910 10 45 0 8 20 00 00 001203 100 8100 000
103 103 0 0 02 0 0 02 09 0 1 80 007 10.4 15 20.4 10 4 9.2 00 12.5 00 3 5 1209 02 0.5 02 0.05 87.0 09.0 023.0 0.05 100.5 00.2 5.00 3 0 00 08 00.022
 8.0 09.0 
1 0 3 4 0103 05 00 0 0 00 9 0 0 1 20 0 0 1 4 5 0 912 02 40 0 8 00 12 23 001000 104 0023 550
020 020 5 0 10 8 2 00 09 0 1 80 000 10.0 10 00.0 02 0 9.0 10 12.0 10 0 5 1200 10 4.5 00 2.40 00.2 00.2 020.3 0.30 002.5 80.0 5.20 3 5 00 00 02.002
0
 0.0 00.2 08.2 10.0 54.3 100.5 024 5.34 50.0 530.0 0.53 125.08 
98.2 10.5 00.0 000.0 104 5.30 50.2 032.0 0.00 020.00

