1 0 0 4 0000 05 12 0 0 10 9 0 0 0 28 0 2 1 0 5 1 900 10 05 9 0 04 10 23 001003 004 0000 050
000 000 0 9 10 8 0 00 00 0 0 82 987 02.4 10 00.0 12 0 0.0 10 00.5 00 0 5 1280 00 4.5 02 0.45 80.2 00.0 000.3 0.05 000.5 80.0 5.00 0 5 12 00 12.02 8.5 09.0 
0 0 0 0 0100 40 00 0 5 12 9 0 0 1 00 0 0 1 4 5 0 012 10 05 0 0 24 10 00 801000 120 0103 556
103 123 0 0 10 8 2 00 09 0 0 00 907 02.0 00 03.0 12 4 0.2 04 10.5 02 3 0 0209 12 0.0 00 0.00 80.0 09.2 120.3 0.05 030.5 87.0 5.00 0 0 10 08 10.000
 0.5 80.2 00.0 10.5 00.3 000.0 120 0.30 53.2 532.3 1.53 020.08 
08.0 02.5 00.3 100.5 020 5.04 53.2 500.3 1.50 105.90
1 0 0 0 0000 45 12 5 5 02 0 0 0 0 28 9 0 0 4 5 1 012 10 05 9 8 00 12 00 801020 120 8000 506
120 000 0 9 10 0 2 00 00 0 0 02 000 02.0 10 20.4 10 0 0.2 00 10.0 00 0 0 1200 10 0.0 00 0.45 07.0 09.2 023.0 0.05 030.5 00.2 5.21 0 5 02 08 10.000
 8.5 80.0 
0 0 0 4 5000 00 00 0 0 00 9 2 0 1 20 0 0 1 0 0 0 910 00 05 9 0 24 00 03 800000 020 0100 056
023 100 0 9 12 8 2 10 89 0 0 02 007 00.4 15 20.0 12 0 0.0 00 00.0 00 0 0 0280 02 0.0 12 0.45 80.2 00.0 123.0 0.30 000.5 80.0 5.21 3 0 12 08 00.002
0
 8.5 00.0 90.2 00.0 04.0 120.0 120 0.00 53.0 002.0 1.03 005.08 
98.0 10.0 00.0 002.5 004 5.00 03.0 000.3 0.00 020.08
1 0 3 0 5103 00 10 0 0 10 0 2 0 0 20 9 0 0 0 5 0 912 02 40 0 8 00 02 00 000003 024 0000 500
120 020 5 0 00 0 0 10 00 0 1 82 987 10.4 10 00.4 02 0 9.0 10 10.5 10 0 0 1080 00 0.5 00 0.05 07.0 80.0 120.3 0.30 132.0 80.0 0.20 0 0 12 00 10.000
 0.0 89.0 
1 2 3 0 0023 05 10 0 0 00 0 0 0 0 00 0 2 1 0 0 1 010 10 45 0 0 04 02 03 801003 004 8020 506
000 003 0 0 02 8 0 12 00 0 1 80 080 02.0 10 00.0 00 0 9.2 00 00.0 12 0 5 1089 00 0.0 10 0.05 80.0 89.2 000.3 0.35 002.5 87.2 0.20 3 5 10 90 02.000
0
 0.0 80.0 90.0 12.0 50.3 122.5 020 0.04 50.0 030.0 1.53 105.98 
98.0 12.5 54.3 102.5 020 0.30 03.0 000.0 1.00 000.08
0 2 3 0 0000 40 00 0 0 10 9 0 0 0 00 9 0 0 0 0 0 000 00 40 0 8 20 00 00 000003 000 8123 056
120 023 5 9 10 0 0 02 00 0 0 00 087 02.0 15 23.0 10 4 0.0 04 02.0 02 0 0 1200 10 0.5 02 0.40 07.2 80.2 000.0 0.05 000.0 80.0 0.01 3 0 10 00 00.000
 8.0 00.2 
0 2 0 0 5120 40 00 5 0 02 0 0 0 1 20 9 2 0 0 5 0 000 00 05 0 0 04 02 00 091223 100 0123 050
123 020 5 9 00 8 0 00 09 0 1 02 907 10.4 10 20.4 00 0 0.2 00 10.5 02 0 0 1209 10 4.5 02 2.40 80.2 09.2 020.3 0.35 130.5 80.0 0.00 3 5 00 90 02.002
2
 8.0 00.0 90.2 10.0 00.0 020.0 100 0.00 50.2 532.0 0.00 005.08 
08.0 02.5 00.0 002.5 020 0.30 03.2 000.0 0.03 000.00
0 0 0 0 0023 45 12 0 0 00 9 2 0 1 00 0 2 0 4 0 1 910 10 45 9 0 24 00 03 890200 004 8103 000
103 003 0 0 00 0 0 02 89 0 1 82 080 02.0 00 23.0 10 0 0.0 10 00.0 00 3 5 1200 02 0.0 12 0.00 00.0 89.2 000.0 0.05 000.5 87.0 5.00 0 0 12 90 10.000
 8.0 80.0 
1 2 0 4 5120 00 02 5 0 12 0 2 0 0 00 9 0 1 4 0 0 900 00 00 0 0 24 10 00 001000 120 0003 050
100 023 5 0 00 0 2 00 80 0 0 82 007 10.4 00 23.4 10 0 9.0 10 12.0 00 3 5 1080 10 4.5 02 2.05 80.0 80.0 103.0 1.30 130.5 87.2 0.01 3 0 12 90 12.000
2
 8.0 80.0 00.0 00.0 50.3 002.5 024 5.00 50.2 502.0 1.50 005.90 
98.2 10.0 04.3 120.5 104 5.00 53.2 032.3 0.03 100.08
0 2 0 0 0003 00 00 5 0 10 9 2 0 0 00 0 2 1 4 0 0 910 12 05 0 8 00 00 03 090200 120 0000 050
103 003 5 0 10 8 0 02 09 0 0 80 007 02.4 00 20.4 00 4 0.2 10 12.5 10 0 5 0080 10 4.0 00 2.00 00.0 89.0 103.3 0.00 000.0 00.2 0.20 3 5 02 08 10.000
 0.0 89.2 
0 2 0 0 5103 05 10 0 0 10 9 0 0 1 08 9 0 1 0 5 1 010 00 00 0 0 24 02 00 890220 104 0020 050
123 020 0 0 00 0 2 02 09 0 1 82 000 02.4 15 03.4 02 0 0.2 00 12.5 10 3 0 0009 00 4.0 12 0.00 00.0 89.0 020.0 0.05 000.0 07.2 0.00 3 0 02 08 02.000
2
 8.5 80.0 00.0 10.0 54.0 120.5 004 0.34 50.2 032.0 1.03 000.90 
08.0 00.0 54.3 120.0 020 5.34 03.2 000.3 0.03 105.08
0 2 3 0 0100 05 00 0 0 10 9 0 0 0 20 0 2 0 4 0 1 912 10 00 9 0 24 02 00 001203 104 0003 500
123 000 0 9 00 8 2 10 80 0 1 80 907 10.0 05 20.4 02 4 9.2 10 02.5 00 3 0 1000 10 0.0 02 2.40 80.0 89.0 020.3 1.05 130.0 07.0 0.01 0 5 00 08 12.020
 8.5 89.0 
1 2 3 4 0100 40 12 0 0 00 0 0 0 0 08 0 0 1 0 5 1 010 12 00 0 0 04 12 23 801220 000 8003 056
100 003 0 0 00 0 2 10 80 0 1 02 007 10.0 00 03.0 00 4 0.0 14 02.5 00 0 0 0209 02 0.0 12 0.05 00.2 00.2 000.3 0.00 002.0 00.0 0.21 3 0 02 98 00.020
2
 8.0 80.0 98.0 00.5 04.0 002.5 100 5.00 50.0 000.3 0.53 020.08 
08.2 12.0 00.3 122.5 024 5.00 03.0 000.3 0.50 020.00
1 2 0 4 0003 00 00 5 0 12 0 0 0 1 20 9 2 1 4 0 1 002 12 00 0 0 04 00 23 001000 000 0103 056
100 100 5 9 02 8 0 00 80 0 1 82 900 00.4 00 23.0 12 4 9.0 10 10.5 10 3 5 1000 00 0.0 00 0.05 00.2 00.0 103.0 1.30 100.0 07.2 5.01 3 5 00 98 00.000
 8.5 00.0 
0 2 3 4 5100 00 02 0 5 10 9 0 0 1 20 0 2 1 4 0 0 002 00 05 0 0 00 00 20 091203 020 0000 506
120 103 0 0 12 0 2 10 80 0 1 00 900 00.0 10 03.0 12 4 0.2 10 02.5 00 3 0 0089 10 0.0 00 2.40 00.0 89.0 000.0 1.00 130.5 80.2 5.21 0 0 10 00 02.020
2
 8.5 00.0 90.0 12.0 04.0 022.5 000 5.00 03.0 000.3 1.00 125.90 
08.0 10.0 00.0 120.0 020 5.34 53.2 000.0 0.00 120.00
0 2 0 0 5123 00 00 0 5 00 0 2 0 1 00 9 2 1 0 0 0 910 10 45 0 0 04 12 20 000200 120 8003 000
020 023 5 9 00 8 2 10 09 0 0 00 980 10.4 00 23.4 10 0 9.2 00 00.5 10 0 5 1209 12 0.0 00 0.05 87.2 80.0 003.3 0.30 032.5 80.2 0.21 0 0 12 98 02.000
 8.0 80.2 
1 0 0 4 0020 45 00 5 5 00 0 0 0 1 08 0 2 1 4 0 0 910 10 45 9 0 00 00 23 001003 020 0020 000
003 003 0 0 00 8 2 10 00 0 0 80 987 12.0 00 00.4 00 0 9.0 00 02.0 10 0 0 0089 02 4.5 02 0.00 07.2 09.2 003.3 0.30 030.0 00.2 5.01 0 0 00 90 02.000
0
 0.5 80.2 90.0 10.5 04.3 020.5 120 5.04 00.2 530.3 0.00 000.00 
98.2 00.0 00.0 002.0 020 5.00 50.0 000.3 0.50 020.00
0 0 0 4 0020 45 12 5 5 02 9 2 0 1 28 9 0 0 0 5 0 000 10 45 0 0 00 12 20 090223 104 0000 056
000 100 5 0 12 0 2 00 80 0 1 82 907 00.4 15 00.4 02 0 9.2 10 12.0 00 0 0 0089 02 0.5 12 0.00 87.2 80.0 023.0 0.30 132.5 00.0 5.00 0 5 12 08 10.020
 0.5 80.0 
1 2 3 4 0003 40 00 5 0 12 9 2 0 1 08 0 2 1 0 5 0 902 02 40 9 0 04 12 23 801023 020 0003 006
103 123 0 9 10 8 2 10 80 0 0 82 007 12.0 00 23.4 02 0 9.2 00 10.0 00 0 5 0009 12 4.5 00 0.05 00.2 09.0 003.3 0.05 102.5 80.0 0.21 3 0 10 08 00.022
0
 8.0 09.2 90.0 12.0 54.0 000.0 104 5.00 03.0 000.3 0.00 025.08 
98.0 02.5 50.3 020.0 120 0.00 50.0 502.0 0.00 020.90
1 2 3 0 0103 40 12 0 0 10 0 2 0 1 20 9 2 1 0 5 1 000 00 00 9 0 04 02 20 890000 004 0120 006
103 100 5 9 00 0 2 00 89 0 0 02 907 12.0 00 00.0 02 0 9.0 14 10.0 10 0 5 0089 02 0.0 12 0.00 80.0 80.2 120.0 0.30 132.5 07.0 0.21 3 5 02 00 00.000
 8.0 00.2 
0 0 3 0 5020 00 02 0 0 10 0 0 0 1 08 9 0 1 0 0 0 000 10 40 0 0 20 00 03 000003 004 8100 000
100 023 5 9 00 0 0 12 00 0 0 82 080 00.0 10 03.0 02 4 0.0 04 00.0 10 0 0 1289 02 0.0 12 0.40 87.2 00.2 000.3 1.35 030.0 07.0 5.20 3 5 10 08 10.022
0
 0.5 89.0 98.0 02.0 00.3 102.5 120 0.04 53.2 530.3 0.50 020.90 
00.0 00.5 54.3 022.5 120 5.34 50.2 030.3 0.03 005.90
1 0 3 4 0000 00 02 5 5 02 9 2 0 0 20 0 2 1 4 0 0 012 00 40 9 0 20 12 20 891000 100 0103 000
120 100 0 9 00 0 0 12 80 0 0 80 080 00.0 05 20.0 10 0 0.0 10 10.5 12 0 0 1289 00 0.0 10 0.05 87.2 89.0 000.3 0.35 132.5 00.2 0.00 0 0 12 98 12.000
 0.5 80.2 
0 0 3 4 0003 45 12 0 0 02 0 0 0 0 20 9 0 1 4 0 0 000 12 05 9 8 00 10 23 091023 100 0103 556
020 100 5 9 10 8 2 12 80 0 1 02 087 00.4 00 23.4 10 0 0.2 14 02.5 00 0 0 0009 02 0.5 10 0.05 07.2 09.2 103.3 0.00 132.0 87.2 0.20 3 5 12 08 10.002
0
 8.0 00.2 98.0 12.0 54.3 020.5 004 5.30 03.0 530.3 1.50 100.98 
98.2 10.0 54.3 122.0 124 5.34 00.0 502.0 1.00 000.90
0 2 3 4 5103 00 02 5 5 02 9 0 0 1 20 0 2 0 4 5 0 000 00 00 9 0 00 02 00 000220 004 8000 500
023 000 0 0 00 0 2 12 00 0 1 00 007 00.4 10 03.4 12 0 0.2 04 10.0 02 0 0 1209 02 4.0 10 0.45 00.0 80.2 020.0 1.05 030.0 80.0 5.21 0 5 12 98 02.022
 0.0 00.2 
0 0 0 4 5020 05 12 5 5 10 9 2 0 1 28 0 0 0 0 0 1 910 10 05 0 8 24 10 20 800200 104 0003 006
023 000 0 9 00 0 0 02 00 0 0 00 987 02.0 10 23.0 12 0 9.2 00 00.0 00 3 0 0280 10 0.5 12 2.40 00.0 00.2 020.0 1.30 102.5 07.2 5.00 3 0 10 90 02.000
2
 8.0 89.0 08.0 02.5 00.0 122.5 000 0.00 50.0 000.0 0.03 000.00 
90.2 02.0 00.3 000.5 124 5.00 53.0 000.3 1.00 100.08
0 0 0 4 0100 00 02 5 0 12 9 0 0 0 20 9 2 0 0 5 0 000 00 00 9 0 04 02 00 801020 004 8003 056
100 103 5 9 02 0 0 00 09 0 0 02 000 00.4 00 20.0 12 4 9.0 00 00.5 02 3 0 0000 02 4.0 00 0.45 87.2 80.0 003.0 1.35 030.0 00.0 5.20 0 5 02 90 02.000
 0.5 89.0 
0 0 0 4 0000 45 02 5 0 02 0 0 0 1 00 9 0 0 0 0 1 900 00 40 9 0 20 00 00 090003 000 8000 506
023 003 5 9 00 8 0 12 09 0 1 00 000 02.4 15 23.0 10 0 0.0 04 10.0 02 0 5 0289 12 0.0 00 2.40 87.2 89.0 120.0 0.30 100.0 07.2 0.01 0 5 10 90 12.022
0
 0.0 09.2 08.2 00.5 54.3 102.0 104 5.04 53.0 000.3 1.50 000.98 
98.0 12.0 00.0 122.5 020 0.00 03.2 000.0 1.53 025.08

