0 4 4 0 7088 79 02 0 9 62 0 6 5 1 04 0 6 1 4 8 6 962 02 69 9 0 24 12 20 691203 024 8128 750
120 120 5 9 12 8 7 06 82 0 4 03 587 02.0 88 73.9 12 0 0.2 04 42.5 02 3 0 1064 02 0.5 12 0.55 87.4 89.7 123.2 0.35 202.0 00.2 0.20 7 5 12 58 15.00 7.0 85.2 
0 2 0 0 5026 03 67 5 7 10 8 2 0 1 28 4 0 7 0 5 0 980 92 50 9 0 55 12 53 000223 129 3128 057
080 303 5 0 10 7 2 02 07 0 0 86 987 18.6 70 20.0 00 4 7.4 .5 08 2.05 07.0 89.0 220.0 1.33 182.0 07.3 5.91 6 5 02 98 06.929
0
 9.5 89.2 98.4 00.5 35.0 123.5 124 3.40 50.2 542.0 1.97 285.68 
90.2 02.9 57.3 022.3 107 0.50 73.2 572.8 0.53 729.00
4 0 9 7 5923 40 30 0 5 17 9 2 0 1 88 0 2 1 0 8 3 912 02 30 0 9 59 00 20 099001 124 8020 756
193 027 5 0 12 0 2 72 66 0 0 02 781 12.4 09 20.4 12 0 9.9 49 12.0 12 3 5 4007 02 9.5 12 2.45 86.2 99.2 103.3 0.30 030.5 89.2 5.28 3 5 02 90 06.022
 5.6 52.2 
0 9 3 4 5123 45 22 9 0 32 7 2 3 0 08 7 2 6 8 5 0 002 00 45 9 8 20 16 28 891203 109 0128 505
195 164 6 7 65 8 5 12 99 9 5 46 980 10.5 95 03.4 70 0 6.2 94 16.0 18 0 5 8929 10 9.2 52 2.05 98.2 00.2 923.3 1.35 030.3 07.0 7.80 0 3 16 69 12.024
0
 8.2 80.2 50.2 12.5 20.3 121.5 124 5.34 50.2 532.8 1.40 008.07 
08.9 92.7 04.0 702.5 020 5.88 53.8 530.7 1.56 021.08
0 0 3 4 5126 40 02 0 5 10 0 2 3 1 21 9 2 1 4 0 8 912 02 00 9 0 24 50 63 391253 925 8130 070
123 073 5 4 04 8 5 10 80 9 9 76 987 02.8 15 08.0 17 4 9.2 55 02.5 70 3 0 0209 72 5.5 12 2.04 87.2 09.4 020.4 8.35 135.0 67.2 5.21 9 5 02 78 10.094
 8.5 88.2 
5 0 0 0 0165 40 97 1 0 19 0 8 0 1 08 9 7 1 4 3 9 978 13 25 0 8 24 92 23 931203 170 8103 556
903 127 0 6 04 4 2 12 09 0 0 42 607 16.0 19 20.9 02 4 0.9 10 02.0 92 3 0 0085 70 4.6 12 2.40 87.9 89.8 160.3 1.30 032.7 87.2 5.20 7 5 12 98 00.022
7
 8.9 89.7 98.0 02.0 56.0 022.0 404 5.82 98.2 502.8 1.50 725.98 
08.0 12.5 56.0 022.7 024 3.84 50.2 089.3 0.07 120.90
1 2 4 8 5103 95 12 0 0 12 9 2 0 9 38 9 2 1 8 0 1 904 32 48 9 8 78 16 89 890523 133 8023 550
193 020 5 9 06 8 2 12 09 0 0 80 787 60.4 15 83.4 10 0 0.4 04 19.0 13 9 5 1905 52 4.9 19 0.05 87.0 80.1 161.3 1.35 332.5 55.0 5.21 2 5 10 88 12.022
 7.5 89.2 
6 0 3 5 5023 65 12 5 0 17 9 8 3 0 20 9 0 1 4 5 2 919 12 95 9 0 54 32 60 891207 134 8700 070
103 123 5 5 02 0 0 00 96 4 7 02 584 19.0 15 68.4 12 0 9.2 10 12.5 12 3 5 0426 65 4.5 18 0.47 87.2 09.2 103.4 1.35 132.7 87.2 5.36 3 5 62 06 12.020
3
 1.8 89.0 98.7 16.6 76.6 509.0 020 7.30 30.0 535.3 1.53 705.98 
70.0 33.5 24.6 129.7 320 7.30 03.2 532.3 1.57 025.90
8 9 3 0 5588 75 97 5 5 80 9 2 0 4 23 0 4 0 0 0 3 712 10 99 9 9 07 69 00 096220 722 6023 540
050 027 5 7 02 0 0 00 83 8 1 88 307 12.0 97 23.8 87 6 1.5 08 82.5 82 0 9 0241 15 7.0 10 5.03 87.9 00.2 023.3 1.66 132.2 87.2 3.57 3 5 02 78 12.840
 6.0 59.2 
0 0 3 8 0623 46 72 5 5 13 5 7 7 5 28 0 8 5 8 8 1 916 16 55 9 8 80 90 20 081020 130 8120 804
153 820 7 9 12 8 9 10 59 7 0 82 087 83.4 15 23.6 10 5 5.9 04 80.5 12 3 5 0249 12 9.5 10 2.05 06.6 09.0 120.3 4.00 860.2 80.8 2.25 3 5 73 90 02.662
0
 0.5 89.0 98.2 02.5 03.3 808.5 859 8.34 54.0 002.0 8.52 544.88 
98.2 10.5 55.3 022.0 300 0.04 60.4 550.0 1.03 125.08
8 0 0 4 5083 43 02 5 1 12 0 0 9 0 72 9 2 1 0 5 1 010 06 65 0 8 94 18 23 402083 944 0123 650
823 923 5 0 00 9 7 12 40 7 9 62 080 02.7 05 26.4 12 4 9.0 14 12.5 00 3 5 0284 05 4.9 72 2.85 86.3 79.0 123.3 2.35 059.5 80.9 0.21 0 3 52 98 30.022
 0.5 89.7 
0 2 3 4 0324 70 02 5 0 87 0 6 4 0 84 9 2 2 4 0 1 910 10 40 9 8 50 02 29 891325 067 8320 556
123 123 0 9 12 7 0 12 89 3 0 00 887 62.4 39 83.4 12 4 9.0 10 40.5 12 5 5 1099 12 4.5 10 0.45 87.2 09.2 123.2 0.37 930.5 00.2 5.20 3 0 12 79 10.002
2
 8.6 89.4 98.5 42.5 94.0 864.4 024 7.34 00.0 032.7 1.05 105.50 
78.6 98.7 59.0 152.5 054 5.32 39.8 032.0 0.53 190.90
9 8 3 4 5000 00 62 8 9 51 0 9 0 0 38 9 0 1 0 5 1 012 12 49 2 5 04 61 23 601623 120 8143 556
203 683 5 0 09 8 2 80 89 9 1 89 987 10.4 08 28.8 12 4 9.2 10 12.9 90 3 0 8259 02 4.5 80 2.48 97.2 99.8 026.3 0.85 136.0 87.2 0.20 0 5 12 50 12.352
 0.5 10.8 
0 0 3 4 5003 74 02 6 0 10 0 2 6 0 60 9 0 0 0 5 1 954 12 40 3 8 27 10 03 690223 000 8103 006
193 120 0 9 92 2 9 02 80 0 6 82 580 62.4 15 00.4 50 3 9.2 14 60.0 02 3 6 7285 10 0.0 72 5.45 80.0 19.2 190.3 1.35 060.0 87.2 0.41 3 5 02 08 10.020
0
 8.5 80.2 91.6 12.0 74.3 106.5 024 0.30 03.2 522.3 1.57 000.90 
98.6 14.0 98.9 726.5 906 5.34 03.2 730.3 1.73 845.98
1 2 7 4 9690 50 79 5 0 19 9 9 9 7 20 9 0 7 4 5 1 012 03 80 9 6 09 32 23 891003 127 8189 456
525 023 5 0 92 8 9 91 39 0 0 85 079 62.3 15 28.0 18 0 6.1 64 90.0 12 7 5 0989 00 8.5 12 8.06 86.9 89.2 109.0 1.95 102.0 80.8 9.21 3 0 13 00 19.302
 8.7 86.2 
0 2 7 0 5123 45 79 0 5 07 8 0 1 1 27 9 2 0 0 5 1 910 12 85 4 9 60 82 23 068070 194 8220 550
920 163 6 9 42 3 6 02 09 0 1 98 687 02.6 50 20.1 02 4 3.2 14 12.0 12 4 5 1003 12 8.5 97 2.45 57.2 89.0 123.0 0.95 104.4 87.9 5.21 3 9 12 68 17.028
2
 0.7 89.2 90.2 02.5 00.4 022.5 104 0.36 63.8 550.3 1.53 395.90 
98.6 10.0 70.3 006.5 124 9.70 00.2 532.3 9.55 125.98

