9 4 4 8 7088 79 02 0 9 62 7 6 5 1 04 0 6 1 4 8 6 962 02 69 9 4 24 12 20 691293 724 8128 750
120 120 5 9 12 8 7 06 82 0 4 13 587 62.0 88 73.9 12 5 5.2 84 42.5 52 3 9 1064 82 0.5 12 6.55 87.4 89.7 123.2 0.35 202.7 80.2 4.29 7 5 12 58 15.86 7.5 85.2 
0 2 3 3 5026 03 67 5 7 10 8 2 0 1 28 4 7 7 0 5 2 980 92 56 9 7 55 12 53 950223 129 3128 057
088 353 5 3 10 7 2 92 97 3 0 86 987 18.6 79 28.0 56 4 7.4 .5 08 2.05 37.0 89.5 229.2 1.33 182.4 07.3 5.91 6 5 02 98 66.929
0
 9.5 89.2 98.4 30.5 35.5 123.5 124 3.40 51.2 542.0 1.97 285.68 
90.2 02.9 57.3 022.3 107 5.50 73.2 572.8 0.53 729.00
4 0 9 7 5923 46 38 6 5 17 9 2 0 1 88 0 2 1 1 8 3 912 02 30 0 9 59 40 20 099031 124 8023 756
193 127 5 9 12 8 2 72 66 2 8 02 781 12.4 09 25.4 12 9 9.9 49 12.5 12 3 5 4077 32 9.5 12 2.45 86.2 99.2 173.3 0.38 030.5 89.2 5.28 3 5 02 99 46.322
 5.6 52.2 
0 9 3 4 5123 45 22 9 1 32 7 2 3 9 28 7 2 6 8 5 6 002 00 45 9 8 20 16 28 891203 159 0128 565
195 164 6 7 65 8 5 12 99 9 5 46 980 12.5 95 03.4 72 0 6.2 94 16.0 18 9 5 8929 18 9.2 52 2.05 98.2 60.2 923.3 1.35 032.3 97.7 7.80 7 3 16 69 12.924
6
 8.2 80.2 50.2 12.5 26.3 121.5 124 5.34 59.2 532.8 1.47 058.77 
08.9 92.7 14.1 792.5 925 5.88 53.8 530.7 1.56 021.08
2 7 3 4 5126 46 02 1 5 10 2 2 3 1 21 9 2 1 4 0 8 912 42 50 9 4 24 50 63 391253 925 8135 077
123 973 5 4 74 8 5 13 80 9 9 76 987 02.8 15 08.8 17 4 9.2 55 22.5 70 3 0 0239 72 5.5 12 2.04 87.2 09.4 720.4 8.35 135.9 67.2 5.21 9 5 52 78 10.094
 8.5 88.2 
5 5 3 0 8165 40 97 1 9 19 4 8 4 1 08 9 7 1 4 3 9 978 13 25 7 8 24 92 23 931233 173 8103 556
983 127 0 6 24 4 2 12 09 6 0 42 607 16.4 19 20.9 72 4 0.9 10 72.1 92 3 6 8885 70 4.6 12 2.40 87.9 89.8 160.3 1.30 032.7 87.2 5.20 7 5 12 98 09.022
7
 8.9 89.7 98.3 92.3 56.0 522.5 404 5.82 98.2 582.8 1.50 725.98 
98.4 12.5 56.0 022.7 624 3.84 58.2 389.3 2.07 120.98
1 2 4 8 5173 95 12 0 0 12 9 2 1 9 38 9 2 1 8 5 1 994 32 48 9 8 78 16 89 896523 133 8123 550
193 420 5 9 66 8 2 12 29 0 8 80 787 60.4 15 83.4 18 0 7.4 04 19.9 13 9 5 1975 52 4.9 19 0.05 87.8 87.1 161.3 1.35 332.5 55.0 5.21 2 5 16 88 12.822
 7.5 89.2 
6 0 3 5 5023 65 12 5 0 17 9 8 3 3 21 9 9 1 4 5 2 919 12 95 9 2 54 32 60 891207 134 8733 370
103 123 5 5 02 0 8 81 96 4 7 02 584 19.4 15 68.4 12 0 9.2 16 12.5 12 3 5 0426 65 4.5 18 1.47 87.2 09.2 103.4 1.35 132.7 87.2 5.36 3 5 62 96 12.626
3
 1.8 89.0 98.7 16.6 76.6 509.0 020 7.30 34.6 535.3 1.53 795.98 
79.4 33.5 24.6 129.7 320 7.30 93.2 532.3 1.57 025.97
8 9 3 0 5588 75 97 5 5 89 9 2 0 4 23 0 4 0 0 3 3 712 18 99 9 9 07 69 54 096220 722 6823 540
058 027 5 7 02 0 0 00 83 8 1 88 337 12.0 97 23.8 87 6 1.5 68 82.5 82 5 9 9241 15 7.0 10 5.03 87.9 60.2 523.3 1.66 132.2 87.2 3.57 3 5 42 78 12.848
 6.0 59.2 
9 0 3 8 0623 46 72 5 5 13 5 7 7 5 28 4 8 5 8 8 1 916 16 55 9 8 80 94 27 081927 137 8124 864
153 820 7 9 12 8 9 10 59 7 3 82 087 83.4 15 23.6 16 5 5.9 94 84.5 12 3 5 2249 12 9.5 17 2.05 96.6 09.5 124.3 4.72 860.2 87.8 2.25 3 5 73 98 02.662
0
 9.5 89.9 98.2 72.5 03.3 808.5 859 8.34 54.0 002.0 8.52 544.88 
98.2 14.5 55.3 022.0 327 0.04 64.4 550.0 1.33 125.08
8 0 7 4 5083 43 02 5 1 12 6 0 9 9 72 9 2 1 8 5 1 010 56 65 0 8 94 18 23 482483 944 0123 659
823 923 5 9 49 9 7 12 45 7 9 62 880 62.7 75 26.4 12 4 9.9 14 12.5 00 3 5 0284 05 4.9 72 2.85 86.3 79.0 123.3 2.35 059.5 85.9 2.21 0 3 52 98 37.022
 7.5 89.7 
6 2 3 4 5324 70 92 5 3 87 0 6 4 0 84 9 2 2 4 8 1 910 19 41 9 8 53 42 29 891325 067 8329 556
123 123 0 9 12 7 0 12 89 3 0 40 887 62.4 39 83.4 12 4 9.0 18 40.5 12 5 5 1899 12 4.5 17 0.45 87.2 09.2 123.2 0.37 938.5 73.2 5.20 3 0 12 79 17.742
2
 8.6 89.4 98.5 42.5 94.0 864.4 624 7.34 00.4 832.7 1.05 105.50 
78.6 98.7 59.7 152.5 854 5.32 39.8 432.0 0.53 196.99
9 8 3 4 5000 00 62 8 9 51 6 9 0 1 38 9 0 1 9 5 1 012 12 49 2 5 54 61 23 681623 120 8143 556
243 683 5 5 09 8 2 87 89 9 1 89 987 17.4 18 28.8 12 4 9.2 10 12.9 90 3 6 8259 02 4.5 85 2.48 97.2 99.8 026.3 0.85 136.9 87.2 9.28 0 5 12 55 12.352
 6.5 15.8 
0 6 3 4 5603 74 62 6 8 10 9 2 6 6 60 9 3 0 8 5 1 954 12 40 3 8 27 17 03 690223 070 8183 896
193 120 0 9 92 2 9 52 88 0 6 82 580 62.4 15 19.4 59 3 9.2 14 69.0 82 3 6 7285 10 9.1 72 5.45 84.8 19.2 197.3 1.35 068.3 87.2 8.41 3 5 02 88 10.020
7
 8.5 80.2 91.6 12.8 74.3 106.5 024 0.35 83.2 522.3 1.57 800.99 
98.6 14.7 98.9 726.5 996 5.34 03.2 735.3 1.73 845.98
1 2 7 4 9690 50 79 5 5 19 9 9 9 7 20 9 5 7 4 5 1 912 03 88 9 6 09 32 23 891583 127 8189 456
525 523 5 0 92 8 9 91 39 0 0 85 079 62.3 15 28.6 18 8 6.1 64 90.0 12 7 5 8989 00 8.5 12 8.06 86.9 89.2 159.0 1.95 192.0 84.8 9.21 3 9 13 68 19.372
 8.7 86.2 
0 2 7 1 5123 45 79 0 5 07 8 0 1 1 27 9 2 5 7 5 1 916 12 85 4 9 66 82 23 868870 194 8224 559
920 163 6 9 42 3 6 02 69 5 1 98 687 02.6 56 20.1 02 4 3.2 14 12.3 12 4 5 1903 12 8.5 97 2.45 57.2 89.0 123.0 6.95 104.4 87.9 5.21 3 9 12 68 17.528
2
 0.7 89.2 99.2 02.5 08.4 022.5 104 0.36 63.8 559.3 1.53 395.90 
98.6 18.6 74.3 506.5 124 9.79 06.2 532.3 9.55 125.98

