0 2 3 4 0123 45 02 5 0 12 9 2 0 1 00 0 2 0 0 5 1 902 02 00 9 8 00 10 23 000203 120 0023 500
123 020 0 0 10 0 0 00 09 0 1 80 087 12.0 15 20.4 00 4 9.2 10 12.0 00 0 5 1280 02 0.0 12 2.05 00.2 00.2 100.0 0.00 102.0 80.2 0.20 0 5 02 00 00.00 0.5 09.2 
0 2 3 0 5120 45 10 5 5 02 0 2 0 1 00 0 0 1 0 0 1 902 02 00 9 8 04 00 03 001200 000 0103 550
000 000 0 0 00 8 2 02 09 0 0 82 000 02.0 15 03.4 00 4 0.2 14 02.0 02 0 0 0009 00 0.5 10 2.05 00.2 89.2 020.0 1.05 132.0 87.0 5.00 3 5 12 90 10.020
 0.0 80.2 08.2 00.5 54.3 100.0 100 5.34 53.0 532.3 0.50 000.98 
00.0 00.5 50.3 020.5 120 0.30 50.0 500.0 1.00 105.90
0 0 3 4 5103 05 12 5 5 00 0 0 0 0 00 0 0 1 4 0 1 910 02 40 9 0 24 02 20 001023 020 0100 050
023 003 5 9 10 0 0 02 09 0 1 02 900 12.0 00 23.4 00 0 9.2 10 10.0 02 0 5 0080 10 4.0 12 0.00 00.0 09.0 023.0 1.35 002.0 80.0 5.20 3 5 00 90 10.000
 8.0 00.2 
0 2 3 0 0000 40 00 0 0 00 0 2 0 0 00 9 0 0 4 0 1 900 02 00 0 8 24 02 20 891220 120 0000 506
123 100 5 0 02 0 0 10 80 0 1 02 900 00.4 05 20.4 00 0 0.0 00 02.5 00 3 5 1280 02 4.5 00 2.00 87.2 80.0 000.3 0.00 102.5 07.0 0.20 0 5 02 08 02.020
2
 0.5 89.2 00.0 12.0 04.3 122.5 120 5.00 03.0 530.3 1.53 125.00 
98.0 10.0 00.0 120.0 124 5.00 50.2 002.3 0.53 025.90
0 2 0 4 5000 40 00 0 5 12 0 2 0 0 08 0 2 1 4 5 0 012 12 05 0 0 20 00 00 800003 004 0000 006
120 020 5 0 00 0 2 02 00 0 0 80 080 02.4 00 03.4 00 0 0.0 14 00.0 00 3 5 1289 10 4.5 10 2.40 80.0 00.0 120.0 1.30 100.0 80.2 5.00 0 0 00 90 12.000
 8.0 00.0 
1 0 3 0 0000 40 10 0 5 12 9 2 0 0 20 0 0 1 4 0 0 002 02 05 9 8 00 00 00 890203 020 0003 506
000 120 5 9 00 0 0 00 80 0 1 02 080 10.0 00 20.4 12 4 0.2 00 00.0 00 0 0 0200 10 0.0 12 0.45 80.0 89.2 103.0 0.05 132.5 07.0 5.21 3 0 02 98 12.000
0
 0.5 00.0 90.0 02.5 54.0 120.0 004 0.30 53.0 502.3 1.00 125.98 
00.0 02.0 54.3 020.0 004 0.34 00.0 032.3 1.03 025.08
0 0 0 0 0023 45 10 0 0 00 0 0 0 0 08 9 2 0 4 0 1 912 00 05 9 8 20 12 00 000203 020 0100 006
003 023 5 9 10 0 0 10 00 0 0 80 900 00.0 05 23.4 10 4 9.0 00 00.0 12 0 0 1000 00 0.0 02 2.05 00.0 80.2 103.3 1.30 102.5 80.2 5.21 3 5 02 08 12.020
 0.5 09.2 
0 0 3 0 0123 45 00 5 5 00 9 2 0 0 00 9 2 1 0 0 1 900 10 00 9 8 20 12 00 801003 004 8003 050
003 103 0 9 02 0 0 02 00 0 0 82 007 10.0 00 23.4 10 0 9.0 00 02.0 12 0 5 0089 12 0.0 10 0.00 80.2 00.2 123.3 1.30 102.5 87.2 5.21 3 5 10 00 10.002
0
 0.0 09.2 90.0 02.0 54.0 120.0 024 0.30 53.2 002.3 0.00 120.00 
90.0 02.0 04.0 002.0 104 0.34 00.2 002.0 1.00 020.90
0 2 0 0 0120 00 10 5 5 00 0 0 0 0 20 0 0 1 0 5 1 002 02 45 0 8 04 02 00 800020 000 0020 556
000 003 0 9 10 0 2 00 00 0 0 00 907 00.4 00 23.4 00 4 0.2 14 10.5 02 3 0 0209 00 0.5 00 0.40 80.2 09.0 003.3 1.30 100.0 00.0 5.01 0 0 02 98 10.022
 8.5 89.0 
0 2 0 0 0120 40 00 5 0 00 0 0 0 0 08 9 0 1 4 0 0 000 10 00 0 0 20 10 20 000220 020 8003 000
000 100 0 0 10 0 0 00 00 0 1 80 907 00.0 00 20.0 02 0 0.0 10 12.0 10 0 5 0089 02 0.5 12 2.05 80.0 00.2 020.0 0.30 000.5 07.2 5.01 0 0 00 98 10.020
2
 8.5 00.2 00.2 02.0 00.3 100.0 100 5.04 00.0 530.0 0.53 005.00 
08.0 10.0 00.3 100.0 120 0.34 00.0 030.3 0.53 000.00
1 0 0 4 5020 05 10 0 0 00 9 2 0 1 08 9 2 0 4 5 0 902 12 05 9 8 24 02 03 891020 000 0000 556
103 003 5 0 10 0 0 02 89 0 0 02 980 12.4 05 03.0 10 0 9.2 04 02.0 02 3 5 1089 12 4.0 10 0.00 00.0 09.0 120.0 1.30 032.0 07.2 0.20 0 0 12 90 00.020
 0.0 09.0 
1 0 3 4 5023 05 10 0 0 02 0 0 0 0 08 0 0 1 0 0 1 002 00 40 0 0 24 10 03 801220 000 8103 000
023 120 0 9 10 8 0 00 80 0 1 00 980 00.0 00 00.0 10 4 9.2 00 00.0 12 3 5 0080 02 0.0 10 2.00 00.0 80.2 003.3 0.30 002.0 07.0 5.20 3 5 12 08 00.022
0
 0.0 09.0 00.2 02.0 00.0 120.0 104 5.34 00.0 502.3 0.53 000.90 
90.2 00.0 50.0 102.5 000 0.00 03.0 032.3 0.50 100.00
0 0 3 0 5120 05 00 5 0 12 0 2 0 0 08 9 2 1 0 0 0 002 10 40 0 8 20 00 23 090020 120 0120 556
103 120 5 0 10 8 2 10 00 0 0 82 900 12.0 05 23.0 12 0 9.2 00 02.5 00 0 5 0000 02 0.0 10 2.05 07.0 89.0 003.0 0.05 102.0 80.0 5.00 3 0 10 08 10.020
 8.0 89.0 
0 2 3 0 5023 40 12 5 5 02 9 2 0 1 28 9 0 0 0 5 0 002 00 00 0 8 24 02 00 090023 000 8000 506
120 120 0 0 00 0 0 10 80 0 1 02 000 12.0 10 00.0 10 4 0.2 10 10.0 12 0 5 1080 02 4.0 10 2.05 80.0 80.2 023.0 0.30 130.0 87.0 0.00 0 0 10 08 00.022
2
 8.0 09.2 08.0 10.0 00.0 102.5 024 5.30 50.2 002.3 1.00 125.98 
00.0 12.0 04.0 100.0 004 0.04 03.0 532.3 1.53 100.08
1 0 0 0 5023 05 10 5 5 02 0 0 0 1 08 9 2 1 4 0 1 910 10 40 9 0 00 02 00 890223 024 8000 000
020 003 0 0 10 8 0 02 80 0 0 82 087 00.4 00 20.0 10 4 9.2 14 00.5 00 0 0 1280 02 4.5 12 0.00 07.0 00.2 023.0 1.00 100.0 80.0 5.00 0 5 02 08 00.022
 0.0 80.0 
0 2 3 0 0003 45 02 0 5 02 0 0 0 1 28 0 0 1 0 0 0 902 10 05 0 8 00 00 03 890220 120 8020 500
000 123 5 0 10 0 0 12 00 0 1 80 080 12.4 10 03.4 12 0 0.0 00 02.5 02 3 5 0089 12 4.0 10 0.40 87.0 09.0 000.3 0.30 130.0 00.0 5.01 0 0 12 90 10.000
2
 0.5 89.2 00.2 02.5 00.0 000.0 024 5.04 53.2 032.3 0.50 100.00 
00.2 10.5 04.0 102.0 000 5.00 50.2 500.3 1.03 125.08
1 0 0 4 5100 40 02 5 0 00 0 2 0 1 20 9 0 0 0 0 0 902 10 05 0 8 00 12 00 891200 124 8103 506
120 000 0 0 10 0 0 02 89 0 0 00 087 00.4 10 23.0 12 0 9.0 14 02.0 00 3 5 0089 00 0.0 02 2.00 87.0 09.0 000.0 1.35 132.0 00.2 5.01 0 0 00 08 10.022
 0.5 09.0 
0 0 0 4 0020 00 10 5 0 10 9 0 0 1 20 0 2 1 0 5 1 002 12 05 0 0 20 00 00 001003 000 8103 000
120 100 0 9 02 0 2 00 80 0 0 00 987 12.0 00 20.0 12 0 0.2 00 02.0 12 0 5 0009 00 0.5 02 0.00 87.0 09.0 020.3 0.05 130.0 07.2 5.00 0 5 00 98 12.000
0
 0.5 09.2 90.2 10.0 04.3 122.0 100 0.04 03.0 002.0 0.00 020.00 
00.2 12.0 00.0 002.5 120 5.04 03.2 032.0 0.03 120.00
1 0 0 4 0020 45 02 0 0 10 0 2 0 0 28 0 2 0 4 5 0 010 02 40 0 8 24 10 03 090023 004 8120 006
123 000 0 0 02 8 0 00 00 0 0 02 000 10.0 05 00.4 12 4 0.0 00 00.0 12 3 5 1209 02 4.0 12 0.05 00.0 89.0 100.0 1.00 002.0 00.0 0.00 0 0 02 90 10.020
 8.5 00.0 
1 0 0 4 0000 05 00 5 0 10 9 2 0 0 08 0 0 1 4 0 1 910 02 45 0 8 20 00 20 001203 104 8103 506
120 123 5 9 00 0 0 12 89 0 0 82 000 02.4 00 00.4 02 0 0.2 14 02.5 12 3 0 0289 10 0.5 02 0.05 87.0 80.2 123.0 0.30 100.5 00.2 0.01 0 0 12 00 00.022
0
 0.0 80.0 08.2 00.0 50.3 020.5 100 0.30 03.0 500.0 0.00 120.08 
00.0 00.5 54.0 002.0 004 5.04 50.0 032.3 1.00 000.08
0 0 0 4 5003 00 02 0 5 00 9 2 0 1 08 0 2 1 4 5 0 912 02 00 9 8 20 00 20 891003 120 0103 000
000 000 5 0 00 0 2 00 89 0 0 00 980 02.4 10 20.0 00 4 0.0 00 10.5 02 0 0 0080 10 0.5 00 2.05 80.2 00.2 003.0 1.30 000.0 87.0 0.01 3 0 00 08 02.002
 8.5 00.0 
0 2 0 0 5103 40 00 5 5 00 0 2 0 1 00 0 2 0 0 5 1 910 10 40 0 8 24 10 23 890000 124 8100 000
123 000 5 0 12 0 2 02 89 0 1 82 980 10.4 00 00.0 10 4 9.0 04 00.5 02 3 0 0000 00 0.5 02 2.00 00.0 80.2 000.0 1.00 130.5 00.0 5.20 0 5 00 90 00.000
2
 0.5 00.2 98.0 10.0 04.3 000.5 120 0.04 50.0 000.3 1.53 000.00 
08.2 00.5 54.3 000.0 124 0.04 53.0 002.0 1.50 005.90
0 2 0 0 5123 00 00 5 0 02 9 0 0 0 20 0 2 0 0 5 0 002 00 40 9 0 04 00 03 800223 100 0003 000
103 103 0 0 00 8 0 02 09 0 1 80 007 12.4 10 20.4 00 4 9.2 04 00.5 10 3 5 0009 10 4.5 12 0.45 87.0 00.2 000.3 1.00 002.5 00.0 0.00 0 5 10 98 10.000
 8.0 89.0 
0 0 0 0 0003 05 12 0 0 00 0 0 0 1 08 0 0 0 0 0 1 002 10 40 0 8 04 00 20 090220 124 0123 006
003 000 5 9 12 0 2 12 80 0 0 02 907 02.4 15 00.0 00 0 9.2 04 02.0 00 0 0 0280 12 0.0 02 0.05 87.2 00.0 020.3 1.00 100.0 07.0 0.20 0 5 00 90 00.000
2
 0.0 80.0 00.2 02.5 00.3 020.0 020 5.04 00.2 502.3 1.00 005.00 
00.2 00.0 50.3 022.0 124 0.30 50.0 532.3 1.50 020.00
1 0 3 0 5100 45 12 5 0 12 0 0 0 1 08 0 2 0 4 0 1 012 10 45 0 0 24 12 00 000223 024 0003 556
020 020 5 0 12 8 0 12 09 0 0 00 007 00.0 10 20.0 02 0 0.0 04 00.5 12 3 0 0209 02 0.0 12 0.00 00.0 89.2 100.3 1.05 100.5 80.2 5.00 0 5 00 08 10.002
 0.0 00.0 
0 0 0 4 5100 05 12 5 0 10 0 2 0 1 28 9 0 0 4 5 0 900 00 00 9 0 00 00 23 091220 100 0103 000
020 100 5 9 00 8 0 02 00 0 0 82 087 02.4 10 20.4 12 4 0.2 04 10.5 10 0 0 1089 10 0.0 10 2.40 87.2 00.0 020.0 0.30 000.0 00.0 5.00 0 0 00 90 12.000
0
 0.0 80.0 00.2 02.0 50.3 120.0 004 5.00 53.2 002.3 1.50 100.08 
90.2 02.0 50.3 122.0 004 0.04 00.2 530.3 1.03 005.00
0 0 0 4 5023 40 12 0 5 12 9 0 0 0 20 9 0 1 0 5 1 910 02 05 0 8 24 00 03 800020 024 8103 556
003 000 0 9 10 8 0 00 00 0 1 00 080 02.0 05 03.0 10 0 0.2 00 00.5 12 0 5 0209 12 4.0 00 2.00 07.2 80.2 120.0 0.35 030.0 87.0 5.21 0 0 10 90 02.000
 0.5 00.0 
1 2 0 4 0120 00 10 5 5 00 0 0 0 0 28 0 0 0 4 5 0 002 12 05 9 8 04 10 03 001023 104 0000 056
120 120 0 9 10 0 0 00 89 0 1 02 007 00.4 05 00.4 00 4 0.0 04 02.5 00 0 5 1280 10 0.0 10 0.40 80.2 80.0 020.0 0.30 032.0 80.2 0.20 0 5 12 90 10.020
0
 8.0 89.0 00.0 02.5 50.3 000.0 120 0.30 03.0 530.3 0.50 005.90 
98.0 00.0 04.3 100.5 024 0.04 00.0 000.3 0.03 100.00

