0 0 3 4 5123 05 12 5 0 00 0 2 0 0 28 0 2 1 0 5 1 012 02 00 9 8 20 00 23 890203 000 8023 050
10 15 03.0 02 0 9.0 10 00.0 10 0 0 0000 02 0.0 10 2.05 00.0 00.0 100.3 0.05 000.0 07.2 5.20 0 0 10 98 00.00 0.5 00.2 
1 0 0 0 5003 05 10 5 5 00 0 0 0 1 28 9 2 0 4 0 1 910 02 40 0 8 20 12 03 001203 100 0000 000
020 003 5 0 00 8 2 10 00 0 0 02 087 00.4 00 23.0 00 0 0.2 04 00.5 10 3 0 1089 02 0.0 00 0.40 00.2 09.2 020.0 0.30 102.0 87.0 5.20 0 0 02 00 12.022
 0.5 09.2 98.2 00.0 04.0 002.0 000 0.30 00.2 032.3 1.50 025.98 
00.2 00.0 04.3 120.0 004 0.04 00.0 030.0 1.00 105.98
1 0 3 4 5020 00 12 5 0 02 9 0 0 0 08 9 0 0 0 5 1 900 00 05 0 0 00 10 00 000003 020 0003 050
120 103 0 9 02 0 2 00 89 0 1 02 007 02.4 00 23.0 12 0 0.0 10 12.5 00 0 0 0089 02 4.0 10 2.05 80.0 09.2 103.3 0.35 030.5 87.0 5.00 3 0 00 00 10.022
 8.5 80.0 
0 2 3 4 0000 05 12 0 0 02 9 2 0 1 28 0n2 0 0 0 1 000 00 05 9 8 00 12 20 090000 024 8023 550
020 003 0 0 00 8 2 02 89 0 0 02 907 12.0 10 23.0 02 4 0.0 00 02.5 02 0 0 0089 00 4.0 12 0.40 00.0 89.2 103.0 1.30 000.5 87.2 0.21 0 0 00 08 12.022
2
 8.5 80.0 90.0 12.5 04.3 022.0 000 0.04 50.0 500.0 0.00 120.08 
90.2 12.5 04.3 000.5 000 0.00 00.0 530.3 0.53 020.90
0 0 3 0 0120 40 00 0 0 00 0 0 0 1 00 0 2 1 0 0 1 002 10 00 0 8 20 00 20 801200 000 8103 500
100 020 0 0 12 8 0 10 89 0 0 80 000 10.0 10 23.4 00 0 9.2 04 00.0 02 3 0 0080 10 4.0 00 2.00 00.2 09.0 100.3 1.35 132.5 87.0 0.20 0 5 12 90 12.022
 8.0 00.0 
0 2 0 0 0103 45 12 0 0 12 0 2 0 0 28 0 0 0 0 5 0 902 00 00 0 0 00 10 03 800000 004 0000 550
103 100 5 0 10 0 0 12 80 0 1 00 087 10.4 05 03.0 10 0 0.2 10 00.0 00 0 0 1280 00 4.0 00 2.00 07.0 00.0 020.0 0.00 100.0 00.0 5.01 0 5 10 08 02.000
2
 8.5 09.0 90.0 00.5 00.3 000.0 020 0.00 50.0 032.3 0.00 100.98 
98.2 12.5 54.0 002.0 000 0.34 53.2 002.0 1.00 120.08
0 0 3 4 5000 00 02 0 5 10 0 0 0 1 28 0 0 1 0 0 1 912 00 45 0 8 24 12 23 090023 104 0020 006
103 020 5 9 00 8 0 12 09 0 0 00 000 00.0 10 20.4 02 4 0.2 10 00.0 02 3 0 0200 12 4.0 10 0.00 80.2 89.0 023.0 0.05 130.5 80.2 0.00 3 5 10 00 10.022
 8.0 00.0 
0 2 0 4 5103 40 00 0 5 12 9 0 0 1 00 0 2 0 4 0 1 912 12 05 9 0 24 02 000890203 100 8120 506
023 023 0 0 12 8 2 10 09 0 1 82 000 10.0 15 23.4 00 0 9.2 10 02.0 00 0 5 1089 02 0.0 02 0.05 80.0 89.0 003.3 1.30 000.0 87.2 0.20 3 5 10 98 10.000
0
 8.5 80.0 00.2 00.0 00.3 020.5 000 5.30 50.2 030.0 1.53 120.08 
90.0 02.5 50.3 022.0 120 5.00 53.2 500.3 0.00 005.98
1 0 3 0 5020 45 00 0 5 02 0 0 0 1 20 9 0 0 4 0 1 000 02 00 0 0 00 12 03 090220 124 0000 000
100 120 5 9 12 8 0 10 80 0 1 02 007 02.0 00 03.4 02 0 0.0 00 12.0 10 3 0 1080 02 0.0 12 0.00 80.0 89.0 023.3 0.00 000.0 00.0 5.00 0 5 02 08 12.020
 0.5 89.2 
0 0 0 0 5003 45 00 5 0 00 9 0 0 0 00 0 0 1 4 5 1 002 02 45 9 8 04 02 03 091003 104 8123 500
120 003 5 0 00 8 0 02 09 0 1 82 007 00.0 00 03.4 02 0 0.0 04 12.0 02 0 0 0080 10 4.5 02 0.00 00.0 09.0 100.0 1.35 002.5 87.0 0.20 3 0 12 98 12.022
2
 0.0 09.0 08.0 10.5 50.0 002.0 024 0.30 00.0 000.0 1.03 005.08 
98.0 00.0 54.3 000.5 124 5.04 03.2 000.0 0.03 005.98
0 2 3 0 0123 00 00 5 0 02 9 0 0 0 00 9 2 1 4 0 1 000 00 00 9 0 00 10 03 090023 004 0023 006
020 120 0 0 00 0 2 12 80 0 0 80 000 02.4 05 03.0 12 0 9.0 10 10.0 12 0 0 1280 02 4.0 10 0.45 80.2 00.0 000.3 1.00 100.0 87.0 0.00 3 5 12 00 02.002
 8.0 09.0 
0 0 3 0 0123 45 00 5 0 00 0 2 0 1 08 9 0 1 0 0 0 900 12 05 0 8 04 00 00 801200 120 0020 550
103 120 5 9 10 0 0 10 89 0 0 00 980 00.0 00 23.0 02 4 9.0 14 02.5 10 3 0 1009 02 0.5 12 2.05 80.2 00.0 023.0 0.35 100.5 80.0 0.21 0 0 10 08 10.000
0
 0.5 00.0 90.0 10.0 54.3 102.0 104 5.04 03.0 532.3 1.00 105.90 
98.2 10.5 04.3 000.0 004 5.34 53.2 032.3 1.03 105.90
1 0 3 4 0003 40 02 5 0 00 0 2 0 0 08 9 2 0 4 0 0 000 02 40 9 8 04 10 20 890200 104 0020 056
020 000 0 9 10 0 0 00 09 0 1 00 900 12.4 10 20.0 12 0 0.0 04 12.0 10 3 0 1200 00 0.0 00 2.40 07.2 80.0 020.3 0.30 030.0 00.2 5.01 3 0 10 90 00.000
 8.0 89.2 
1 0 0 4 0020 45 00 5 0 00 0 2 0 0 20 9 0 1 0 5 0 010 02 45 0 0 20 00 23 090000 004 0000 500
123 023 0 9 10 8 2 00 00 0 0 00 000 02.0 10 20.4 12 4 9.2 10 12.0 12 3 5 1000 12 4.0 10 2.05 07.2 89.2 000.0 0.35 030.5 07.2 5.21 3 0 12 08 00.002
2
 8.5 89.2 08.0 12.5 54.3 002.0 120 0.30 50.2 500.0 0.00 005.98 
08.0 02.0 54.0 020.5 124 0.04 53.2 030.0 1.53 120.98
1 0 0 0 0100 05 10 0 0 12 9 2 0 0 00 9 0 1 4 5 1 910 00 40 9 0 20 02 00 001220 100 0000 050
000 123 0 0 10 0 2 12 09 0 0 80 000 12.4 00 00.4 10 0 0.0 04 00.5 00 0 5 1080 10 0.5 00 2.05 07.2 80.2 023.3 1.05 030.0 87.0 5.21 0 5 10 08 10.020
 0.0 80.2 
1 2 0 0 0100 05 02 5 0 10 0 0 0 0 08 0 0 0 4 0 1 000 10 00 0 0 24 02 23 891200 120 8000 556
000 120 0 0 02 0 0 00 89 0 1 80 007 00.0 00 00.0 12 4 9.2 04 12.0 00 3 0 0009 10 0.5 12 2.45 00.0 09.2 100.3 0.00 100.5 80.2 0.21 3 5 12 90 00.020
0
 0.5 80.0 00.2 12.0 54.0 122.0 000 5.34 00.2 032.3 1.00 005.00 
98.0 10.0 50.0 102.0 020 5.04 53.2 502.0 0.03 025.08
1 0 3 0 0000 45 00 0 0 00 0 0 0 1 00 9 2 0 0 0 0 012 02 00 0 8 20 00 20 001200 000 0100 056
000 123 5 0 00 0 0 00 00 0 0 82 000 02.4 05 00.4 12 4 0.0 10 02.5 02 3 5 0009 00 0.5 00 0.00 87.0 89.0 023.0 1.30 132.0 87.0 0.20 3 0 12 08 00.002
 0.0 00.0 
0 0 3 4 5000 45 12 5 0 00 0 0 0 1 28 0 2 0 4 0 0 012 10 40 0 0 04 02 03 890200 100 0020 500
000 023 5 0 02 0 0 02 00 0 1 82 007 12.0 15 03.0 12 0 0.0 00 10.5 02 3 5 0209 00 0.5 02 2.05 80.2 89.0 003.3 0.30 132.0 00.2 0.20 0 0 02 08 00.020
0
 8.5 89.2 90.0 10.0 00.3 120.0 024 0.34 03.2 532.3 0.53 005.00 
90.0 10.0 54.3 022.5 100 0.30 00.2 032.3 1.00 105.98
0 0 3 0 5103 45 00 5 5 02 9 0 0 0 00 9 2 0 4 5 0 900 10 05 9 8 00 10 03 090020 120 8020 500
020 103 0 9 02 8 0 12 09 0 0 02 087 00.0 15 03.4 02 0 0.0 14 10.0 00 0 0 0209 10 0.0 00 2.05 80.0 00.2 100.3 0.35 000.5 07.2 5.00 3 0 00 00 00.000
 0.0 89.2 
0 0 0 0 0020 40 02 5 5 12 0 2 0 0 08 0 2 0 4 5 0 002 10 00 9 0 04 02 03 091203 020 0123 506
000 003 0 0 12 0 2 00 09 0 0 80 087 00.4 00 23.4 10 0 0.0 14 00.0 02 3 0 0000 10 0.0 02 0.00 07.2 80.0 103.0 1.35 130.5 80.0 0.00 3 0 02 90 00.020
0
 0.0 89.2 98.0 10.5 00.0 122.5 100 0.00 00.0 000.0 0.03 105.08 
08.2 00.0 50.3 120.5 000 0.30 50.0 002.3 0.50 025.08
0 2 0 4 0000 00 02 0 0 12 0 0 0 0 28 0 2 0 4 5 0 010 00 05 0 8 20 10 23 801203 020 8120 506
003 000 0 9 00 0 0 12 09 0 1 80 080 02.0 05 00.0 12 4 9.2 04 10.0 12 0 0 0289 02 4.0 00 0.45 87.2 89.2 000.3 1.30 100.5 07.2 0.20 0 0 02 08 00.022
 0.0 89.2 
1 0 3 0 0023 00 00 0 5 00 0 2 0 0 20 0 2 0 0 5 1 902 10 05 0 0 00 10 20 090000 120 0003 556
120 103 0 9 12 0 0 12 00 0 0 82 080 00.0 05 00.4 10 0 0.0 00 00.0 12 0 0 0009 02 0.0 00 0.40 80.0 89.0 003.3 0.00 132.0 87.0 0.21 3 5 00 08 10.000
0
 0.0 00.2 00.2 00.0 04.0 002.5 000 5.30 03.0 000.3 0.53 020.00 
90.0 00.0 50.3 000.5 024 5.04 00.0 532.0 0.53 100.98
0 2 3 0 0100 00 10 5 0 00 0 0 0 1 28 9 0 0 4 0 1 010 12 05 0 8 00 00 00 801200 104 8100 550
100 120 5 9 12 0 0 10 00 0 1 80 900 02.0 00 03.0 10 4 9.0 00 00.0 00 3 5 1009 00 4.0 10 0.05 00.0 80.0 003.0 0.00 030.5 80.2 5.00 0 5 00 08 12.020
 8.0 89.0 
0 0 0 4 5003 40 10 5 0 10 0 2 0 0 20 0 0 1 4 5 1 000 12 45 0 0 04 02 03 090220 124 8023 000
100 100 0 0 02 8 0 12 89 0 0 00 907 00.4 00 03.4 10 0 0.0 00 00.0 02 3 0 0200 00 4.5 00 2.00 80.2 80.2 103.0 0.00 100.5 80.0 5.20 3 0 12 98 00.020
0
 8.5 00.0 08.2 02.0 00.3 000.0 120 0.30 03.0 502.0 0.50 100.98 
90.2 00.0 04.0 000.0 100 5.30 50.2 000.0 0.53 120.00
0 0 0 0 5000 00 00 5 0 02 0 2 0 0 00 9 2 0 0 5 1 010 00 00 0 8 24 10 20 000220 100 8120 500
023 103 5 0 02 0 0 00 89 0 1 00 900 02.0 05 00.0 12 4 0.2 10 02.0 12 0 0 0089 02 4.0 12 2.00 87.0 09.0 003.3 0.05 030.5 80.0 0.20 3 0 12 08 00.022
 8.5 80.0 
0 0 3 4 0000 05 10 0 5 02 0 2 0 0 20 0 0 0 4 0 0 910 00 05 0 0 20 02 23 891003 100 8100 550
023 100 5 0 12 8 0 12 00 0 0 00 980 12.0 05 00.4 02 4 0.0 10 12.5 12 0 5 1080 10 4.0 10 2.40 00.2 80.0 003.3 0.35 102.0 00.2 5.21 0 0 12 08 10.020
2
 0.0 80.2 00.0 02.0 50.0 020.0 120 5.30 03.2 500.0 0.03 100.00 
98.2 12.0 00.3 120.5 020 0.00 00.0 000.3 1.03 005.00
0 0 3 0 5023 05 02 0 5 10 0 0 0 0 08 9 2 1 4 0 1 902 10 05 0 0 04 12 03 890223 104 8000 050
020 000 5 0 00 0 0 10 89 0 0 80 900 00.0 00 23.4 00 4 0.2 10 12.0 10 3 5 0200 12 0.0 10 2.40 80.0 80.2 120.3 0.05 100.0 87.0 0.00 3 5 02 00 00.020
 8.5 09.2 
0 2 3 4 5020 05 12 0 0 10 0 0 0 0 08 0 0 0 4 0 0 002 12 05 0 8 00 00 03 891023 004 0023 000
023 123 0 0 02 0 2 00 89 0 0 82 000 10.0 00 23.0 00 4 0.0 00 02.0 12 0 5 0209 02 0.0 02 2.05 80.0 09.2 100.3 0.30 000.5 00.0 5.00 3 5 10 90 02.022
0
 0.5 80.0 00.0 02.5 00.3 002.5 000 0.00 50.0 532.0 1.00 105.00 
08.0 10.5 00.3 000.0 004 0.00 00.2 532.0 1.50 100.90

