0 0 0 0 5020 00 00 0 0 02 0 2 0 0 00 9 0 0 0 0 0 002 12 40 9 0 00 00 00 000200 100 0000 500
000 000 5 0 10 0 0 00 80 0 0 80 007 10.0 00 20.4 00 0 0.0 00 10.0 00 0 0 0200 00 0.0 00 0.40 00.0 00.0 000.0 1.00 000.0 00n0 0.00 0 0 00 08 00.00 0.5 80.0 
1 0 0 0 0000 00 00 0 0 00 0 0 0 0 00 0 0 0 0 5 1 000 00 00 0 8 00 10 00 000000 004 0000 500
003 000 0 0 00 8 0 00 00 0 0 00 000 00.0 00 00.0 00 0 0.2 04 02.0 00 3 0 0000 00 0.0 00 0.00 00.0 00.0 020.0 1.00 000.0 07.0 0.01 0 0 00 00 00.000
 0.0 00.2 00.0 00.0 00.0 000.0 100 0.30 50.0 030.0 0.00 105.00 
00.0 00.0 00.3 100.0 104 0.04 03.0 032.0 0.00 020.00
0 0 3 0 0000 00 00 0 0 00 0 2 0 0 00 0 0 0 0 0 0 000 00 45 0 8 00 00 00 000000 000 0000 000
000 100 0 0 10 8 2 00 80 0 0 02 000 00.0 00 20.0 02 4 9.0 04 02.0 00 0 0 0000 00 0.0 00 0.00 00.0 09.2 000.0 1.00 000.0 00.2 0.00 3 0 00 00 00.002
 8.0 89.0 
0 0 0 4 0000 00 00 0 5 00 0 0 0 0 00 0 0 0 4 5 1 000 10 00 0 0 00 00 00 000000 004 0003 050
000 103 0 0 00 0 0 00 00 0 1 00 000 00.4 00 20.0 00 0 0.0 00 02.5 00 3 0 1000 12 0.0 00 0.00 00.0 00.0 020.0 0.00 100.0 80.0 0.00 0 0 00 90 00.002
0
 8.0 00.2 00.2 00.0 00.0 000.0 004 0.30 03.0 000.0 0.53 000.08 
98.0 00.0 04.3 120.0 000 0.30 00.2 500.3 0.00 120.90
1 0 3 0 5003 00 00 5 0 00 9 0 0 0 00 0 0 0 0 0 0 010 00 00 9 8 00 00 00 800000 000 8020 050
003 000 5 0 00 0 2 02 00 0 0 82 007 02.0 00 00.0 10 0 0.0 00 00.0 00 3 0 1200 00 0.0 00 0.00 00.0 09.0 000.0 0.00 000.0 00.0 5.00 0 0 02 00 00.000
 0.0 00.2 
1 0 0 0 0000 00 00 5 0 00 0 2 0 0 00 0 0 0 0 0 0 902 00 00 0 0 00 00 00 001003 020 0000 000
000 000 5 0 00 0 0 00 00 0 0 00 000 10.0 00 00.0 10 0 0.0 00 10.0 00 0 0 0000 00 4.0 12 0.40 00.2 00.0 000.0 0.00 000.5 00.0 0.00 0 0 00 00 00.000
0
 0.0 00.0 00.0 00.5 50.0 020.0 000 5.04 50.0 500.3 1.00 005.00 
00.0 00.0 00.0 000.0 000 0.30 00.0 032.0 1.50 000.00
0 0 0 0 0100 05 00 5 0 02 0 0 0 1 08 0 0 0 0 0 1 000 00 05 0 0 00 00 00 800000 000 0000 050
120 000 0 0 00 8 0 00 89 0 0 00 000 00.0 00 00.0 00 0 0.0 00 00.0 00 0 0 0080 10 0.0 00 0.00 00.0 80.0 000.0 0.00 032.0 00.2 0.20 0 0 00 90 00.000
 0.0 00.0 
0 0 0 0 5000 00 00 0 0 00 0 0 0 0 08 0 0 0 0 0 0 000 00 00 0 0 00 00 20 000000 000 8020 006
000 000 5 9 00 8 0 00 09 0 0 00 000 00.4 00 00.4 10 0 9.0 14 00.0 10 0 0 1000 00 0.5 00 0.45 00.0 00.0 100.0 1.00 000.0 00.0 0.20 0 0 00 90 10.000
0
 8.0 00.0 98.0 00.0 00.0 100.0 000 0.00 00.0 030.0 1.03 000.90 
00.0 02.0 00.0 100.0 020 5.00 00.0 002.0 0.03 005.08
0 0 0 4 0000 00 00 5 0 00 9 2 0 0 00 9 0 0 0 0 0 000 00 00 0 0 04 00 00 000000 020 8100 500
000 000 0 0 00 0 0 02 00 0 0 00 000 00.0 00 00.0 00 0 0.0 10 00.0 00 0 5 0000 00 0.0 00 2.00 00.0 00.2 000.0 0.05 100.0 00.0 0.20 3 0 00 00 00.000
 0.0 00.0 
0 0 0 0 0100 40 00 0 0 00 0 0 0 0 00 0 2 1 0 5 0 010 10 00 9 0 00 00 00 000003 000 8003 006
000 100 0 0 00 0 2 10 80 0 0 00 900 02.0 15 00.0 10 0 0.0 00 00.0 10 0 0 1000 00 4.0 00 0.40 80.0 00.0 000.0 0.05 100.5 00.0 0.00 0 0 12 00 00.000
0
 0.0 00.0 00.0 10.5 04.0 000.0 000 0.04 00.2 002.0 0.00 120.90 
00.0 00.5 50.0 100.0 000 5.00 00.0 000.0 1.00 000.90
0 0 0 0 0000 00 00 0 0 00 9 2 0 0 00 0 0 0 4 5 0 000 10 00 0 8 00 02 03 000003 020 8100 500
003 120 0 9 00 0 0 00 00 0 1 80 000 10.0 00 00.0 10 0 0.0 00 00.0 02 0 0 0089 00 4.0 00 0.45 80.0 09.2 000.0 0.30 000.0 00.0 5.00 3 0 02 90 00.022
 0.0 00.0 
0 0 0 0 0000 00 00 5 0 00 0 0 0 1 00 0 0 0 0 0 0 900 02 05 0 8 04 00 00 801200 000 0000 550
020 000 0 0 00 0 2 00 09 0 0 00 080 00.4 05 00.0 00 0 0.0 00 00.0 00 0 0 0000 10 0.5 00 0.00 00.0 00.2 103.3 0.00 132.5 07.0 5.20 0 5 10 00 00.022
2
 0.0 80.2 00.0 00.0 00.0 002.0 020 5.00 50.0 000.0 0.50 020.00 
00.2 00.0 00.0 020.0 020 0.30 50.2 000.0 0.00 000.00
0 0 0 4 0003 00 02 0 0 00 0 0 0 0 00 0 0 0 4 0 0 000 00 00 9 8 00 00 00 001200 000 0023 000
000 000 0 0 00 0 0 00 00 0 1 82 080 10.4 05 03.4 12 0 9.0 10 00.0 10 0 0 0000 00 4.0 00 2.40 00.0 00.2 000.0 1.00 000.0 00.0 0.01 3 0 10 00 02.000
 0.0 00.0 
0 0 0 0 0003 00 00 0 0 00 9 0 0 1 00 0 0 0 0 5 0 000 02 00 9 0 00 10 00 800003 100 0000 000
100 003 5 0 00 0 0 00 09 0 1 02 000 00.0 00 00.0 00 0 0.0 00 00.0 00 3 0 1000 00 4.0 02 0.00 00.0 00.0 000.0 0.00 000.5 07.0 0.20 0 0 00 00 00.000
2
 0.0 80.0 00.0 00.0 00.3 122.0 020 0.00 00.0 000.0 0.00 000.08 
90.0 02.0 04.0 020.0 020 0.04 03.0 002.0 0.00 120.00
1 2 0 0 0020 40 00 0 0 10 0 0 0 0 00 0 2 0 0 5 0 912 00 40 0 0 00 00 00 090020 004 0000 050
000 020 0 0 00 0 0 10 00 0 0 00 907 00.0 00 03.0 02 0 0.0 00 02.0 10 0 5 1000 00 0.0 00 2.00 00.0 09.0 023.0 0.00 000.0 00.0 0.20 0 0 00 00 00.000
 0.0 09.0 
0 0 0 0 0003 00 02 0 0 00 9 0 0 0 08 9 0 0 0 5 0 000 00 00 9 0 04 00 00 000023 020 8020 506
100 100 0 0 02 0 0 00 00 0 0 02 900 00.0 00 00.0 02 0 0.0 00 02.0 00 0 0 0009 02 0.0 02 2.00 00.0 00.0 023.0 0.00 000.0 80.0 0.00 0 0 00 00 02.000
0
 0.0 09.0 00.0 10.0 00.3 000.0 104 5.34 00.0 000.0 0.00 020.00 
90.0 10.5 04.0 020.0 000 0.00 50.0 000.0 1.00 005.00
1 0 0 4 0100 05 00 0 5 00 0 2 0 0 08 0 2 0 0 0 0 010 00 00 9 0 00 02 00 000223 004 8023 500
000 000 0 0 00 0 2 00 00 0 0 00 080 00.0 10 20.4 12 0 0.0 00 00.0 00 0 5 0000 00 0.0 02 2.00 87.0 00.0 000.0 0.00 130.0 00.0 0.00 0 5 02 90 00.000
 0.0 00.0 
0 0 3 0 0100 05 00 0 0 02 0 0 0 0 00 0 0 0 0 0 0 010 00 00 0 0 00 10 00 000000 000 0000 050
000 003 0 9 00 0 0 10 09 0 0 00 000 00.0 00 00.0 12 0 0.0 00 00.0 10 0 5 0000 02 0.0 02 0.00 00.0 09.2 003.0 0.00 000.0 00.0 0.00 0 0 10 00 00.020
0
 0.0 00.0 00.0 02.0 50.0 002.0 100 0.00 50.0 002.0 1.00 025.90 
08.0 00.0 00.0 020.0 000 0.00 00.0 000.0 0.03 000.00
0 0 0 0 0020 00 00 0 0 00 0 0 0 0 00 0 0 0 0 0 0 900 02 05 0 0 00 02 00 000023 000 0000 500
020 000 0 0 00 0 0 00 89 0 0 00 080 00.0 10 20.0 00 0 0.0 00 02.0 00 0 0 0080 00 4.0 00 0.40 07.2 09.0 000.0 0.00 000.0 00.0 0.20 0 5 00 00 00.000
 0.0 00.0 
0 0 0 0 0000 00 02 0 5 00 9 0 0 0 28 9 0 0 0 0 0 000 00 05 9 0 00 12 00 890000 004 8000 000
000 000 0 0 10 0 0 00 00 0 0 00 080 00.0 05 00.0 00 0 0.0 00 10.0 10 0 0 0000 00 0.0 10 0.40 00.0 09.0 100.3 0.05 000.0 00.2 0.00 0 0 02 00 10.000
0
 0.0 00.0 90.0 00.0 50.0 000.5 100 0.00 03.2 530.0 0.00 020.08 
90.2 02.0 54.0 000.5 120 0.00 00.0 000.0 0.00 105.00
0 0 0 4 0020 05 02 0 0 02 0 0 0 0 20 0 0 0 0 0 0 000 00 00 0 0 00 00 20 000020 000 0000 000
000 000 0 0 00 0 0 00 00 0 1 00 000 00.0 00 00.0 10 0 0.0 00 10.5 00 0 0 0009 02 0.0 02 2.00 00.0 00.0 100.0 0.05 002.0 80.2 0.01 0 0 00 90 00.000
 0.5 09.2 
0 0 3 0 0000 00 00 0 0 00 0 0 0 0 00 0 0 0 4 5 0 000 00 00 0 0 24 00 00 000203 100 0100 000
020 000 0 0 00 0 2 00 09 0 0 80 900 00.0 00 00.0 00 4 0.0 10 00.0 00 3 0 0000 00 4.0 00 0.00 00.0 00.2 003.3 0.00 000.0 00.0 5.21 3 0 10 00 00.002
0
 0.0 00.0 00.0 10.5 00.0 000.0 000 5.04 00.0 002.0 1.00 005.90 
00.0 00.0 00.0 000.0 100 0.30 00.0 000.3 0.00 100.00
0 2 3 0 5120 00 00 0 0 10 0 0 0 0 00 0 0 0 0 0 0 000 00 05 0 8 04 00 00 091000 000 0103 006
000 000 0 0 00 0 2 10 00 0 0 00 000 10.0 00 00.0 00 0 0.0 04 00.0 02 0 0 0009 00 0.0 10 0.05 80.2 00.0 000.0 0.00 000.0 00.0 0.20 0 5 02 08 12.000
 8.0 00.0 
0 0 0 4 0000 05 00 5 0 00 0 0 0 0 00 9 0 0 0 0 0 000 00 40 0 0 24 00 00 000003 100 0120 056
003 000 0 9 00 8 0 02 00 0 0 02 007 02.0 05 03.0 00 0 9.0 10 00.0 00 0 0 0000 00 0.5 10 0.05 80.0 09.2 000.0 0.00 100.5 00.2 0.00 3 5 10 00 02.000
0
 0.0 00.2 90.0 10.5 04.0 100.5 000 0.04 00.2 500.3 0.03 120.00 
98.0 00.0 00.0 002.0 020 5.00 50.0 500.0 0.50 000.08
0 0 0 0 0003 40 00 5 0 00 0 2 0 0 00 0 0 1 0 0 0 000 00 00 9 0 00 12 20 091200 000 0100 000
000 000 5 9 10 0 2 10 89 0 1 00 000 10.0 00 00.0 00 0 0.0 00 00.0 00 0 0 0000 12 0.5 00 0.05 07.0 00.0 000.0 0.00 130.0 00.2 0.00 0 0 00 00 02.000
 0.5 00.0 
0 2 0 0 0000 00 00 0 0 10 0 2 0 0 00 0 0 0 0 0 0 010 02 00 0 8 00 00 00 090020 000 0000 500
000 003 0 0 10 0 0 00 00 0 0 82 000 00.0 00 00.0 02 0 0.0 00 00.0 00 0 0 0089 10 0.5 00 0.40 87.0 00.0 000.0 1.35 000.0 00.0 0.00 3 0 00 00 00.000
0
 0.0 00.2 90.0 00.0 04.3 102.0 100 0.04 50.0 000.0 0.00 000.90 
08.2 10.0 00.0 020.0 000 0.00 00.0 500.0 0.00 000.08
0 2 3 0 5020 40 10 5 0 02 0 0 0 0 00 0 2 0 0 0 1 000 10 00 9 0 00 02 00 000003 000 0000 500
100 020 0 0 10 0 0 10 00 0 0 00 900 00.0 00 00.0 02 4 0.2 00 00.0 00 0 0 0080 12 0.0 02 0.00 00.2 09.0 103.0 0.00 000.0 80.0 0.00 0 0 00 00 10.002
 8.0 00.0 
1 0 3 4 0003 00 02 5 5 00 0 0 0 0 20 0 0 0 0 0 0 000 02 05 9 0 00 00 00 001000 000 0100 000
003 000 0 9 00 0 0 00 00 0 0 00 000 00.4 10 00.4 00 0 9.0 00 00.0 00 0 0 1209 00 4.0 00 0.45 00.0 09.0 003.0 0.00 000.0 00.0 0.00 0 0 00 90 02.000
0
 8.0 00.0 00.0 00.0 00.0 100.0 000 0.00 00.0 500.0 0.03 105.90 
00.0 00.0 00.0 002.5 004 5.00 00.2 500.0 0.00 020.00


-050360000000.000000