1 2 3 4 5123 45 12 5 5 12 9 2 9 1 28 9 2 1 4 5 1 912 12 45 9 8 24 12 23 891223 124 8123 556
123 123 5 9 12 8 2 12 89 3 1 82 987 12.4 15 23.4 12 4 9.2 14 12.5 12 3 5 1289 12 4.5 12 2.45 87.2 89.2 123.3 1.35 132.5 87.2 5.21 3 5 12 98 12.02 8.5 89.2 
1 2 3 4 5123 45 12 5 5 12 9 2 4 1 28 9 2 1 4 5 1 912 12 45 9 8 24 12 23 891223 124 8123 556
123 123 5 9 12 8 2 12 89 6 1 82 987 12.4 15 23.4 12 4 9.2 14 12.5 12 3 5 1289 12 4.5 12 2.45 87.2 89.2 123.3 1.35 132.5 87.2 5.21 3 5 12 98 12.022
 8.5 89.2 98.2 12.5 54.3 122.5 124 5.34 53.2 532.3 1.53 125.98 
98.2 12.5 54.3 122.5 124 5.34 53.2 532.3 1.53 125.98
1 2 3 4 5123 45 12 5 5 12 9 2 0 1 28 9 2 1 4 5 1 912 12 45 9 8 24 12 23 891223 124 8123 556
123 123 5 9 12 8 2 12 89 3 1 82 987 12.4 15 23.4 12 4 9.2 14 12.5 12 3 5 1289 12 4.5 12 2.45 87.2 89.2 123.3 1.35 132.5 87.2 5.21 3 5 12 98 12.722
 8.5 89.2 
1 2 3 4 5123 45 12 5 5 12 9 2 9 1 28 9 2 1 4 5 1 912 12 45 9 8 24 12 23 891223 124 8123 556
123 123 5 9 12 8 2 12 89 0 1 82 987 12.4 15 23.4 12 4 9.2 14 12.5 12 3 5 1289 12 4.5 12 2.45 87.2 89.2 123.3 1.35 132.5 87.2 5.21 3 5 12 98 12.922
2
 8.5 89.2 98.2 12.5 54.3 122.5 124 5.34 53.2 532.3 1.53 125.98 
98.2 12.5 54.3 122.5 124 5.34 53.2 532.3 1.53 125.98
1 2 3 4 5123 45 12 5 5 12 9 2 0 1 28 9 2 1 4 5 1 912 12 45 9 8 24 12 23 891223 124 8123 556
123 123 5 9 12 8 2 12 89 0 1 82 987 12.4 15 23.4 12 4 9.2 14 12.5 12 3 5 1289 12 4.5 12 2.45 87.2 89.2 123.3 1.35 132.5 87.2 5.21 3 5 12 98 12.022
 8.5 89.2 
1 2 3 4 5123 45 12 5 5 12 9 2 0 1 28 9 2 1 4 5 1 912 12 45 9 8 24 12 23 891223 124 8123 556
123 123 5 9 12 8 2 12 89 0 1 82 987 12.4 15 23.4 12 4 9.2 14 12.5 12 3 5 1289 12 4.5 12 2.45 87.2 89.2 123.3 1.35 132.5 87.2 5.21 3 5 12 98 12.322
2
 8.5 89.2 98.2 12.5 54.3 122.5 124 5.34 53.2 532.3 1.53 125.98 
98.2 12.5 54.3 122.5 124 5.34 53.2 532.3 1.53 125.98
1 2 3 4 5123 45 12 5 5 12 9 2 0 1 28 9 2 1 4 5 1 912 12 45 9 8 24 12 23 891223 124 8123 556
123 123 5 9 12 8 2 12 89 5 1 82 987 12.4 15 23.4 12 4 9.2 14 12.5 12 3 5 1289 12 4.5 12 2.45 87.2 89.2 123.3 1.35 132.5 87.2 5.21 3 5 12 98 12.022
 8.5 89.2 
1 2 3 4 5123 45 12 5 5 12 9 2 0 1 28 9 2 1 4 5 1 912 12 45 9 8 24 12 23 891223 124 8123 556
123 123 5 9 12 8 2 12 89 0 1 82 987 12.4 15 23.4 12 4 9.2 14 12.5 12 3 5 1289 12 4.5 12 2.45 87.2 89.2 123.3 1.35 132.5 87.2 5.21 3 5 12 98 12.922
2
 8.5 89.2 98.2 12.5 54.3 122.5 124 5.34 53.2 532.3 1.53 125.98 
98.2 12.5 54.3 122.5 124 5.34 53.2 532.3 1.53 125.98
1 2 3 4 5123 45 12 5 5 12 9 2 9 1 28 9 2 1 4 5 1 912 12 45 9 8 24 12 23 891223 124 8123 556
123 123 5 9 12 8 2 12 89 7 1 82 987 12.4 15 23.4 12 4 9.2 14 12.5 12 3 5 1289 12 4.5 12 2.45 87.2 89.2 123.3 1.35 132.5 87.2 5.21 3 5 12 98 12.022
 8.5 89.2 
1 2 3 4 5123 45 12 5 5 12 9 2 7 1 28 9 2 1 4 5 1 912 12 45 9 8 24 12 23 891223 124 8123 556
123 123 5 9 12 8 2 12 89 5 1 82 987 12.4 15 23.4 12 4 9.2 14 12.5 12 3 5 1289 12 4.5 12 2.45 87.2 89.2 123.3 1.35 132.5 87.2 5.21 3 5 12 98 12.022
2
 8.5 89.2 98.2 12.5 54.3 122.5 124 5.34 53.2 532.3 1.53 125.98 
98.2 12.5 54.3 122.5 124 5.34 53.2 532.3 1.53 125.98
1 2 3 4 5123 45 12 5 5 12 9 2 0 1 28 9 2 1 4 5 1 912 12 45 9 8 24 12 23 891223 124 8123 556
123 123 5 9 12 8 2 12 89 0 1 82 987 12.4 15 23.4 12 4 9.2 14 12.5 12 3 5 1289 12 4.5 12 2.45 87.2 89.2 123.3 1.35 132.5 87.2 5.21 3 5 12 98 12.322
 8.5 89.2 
1 2 3 4 5123 45 12 5 5 12 9 2 8 1 28 9 2 1 4 5 1 912 12 45 9 8 24 12 23 891223 124 8123 556
123 123 5 9 12 8 2 12 89 0 1 82 987 12.4 15 23.4 12 4 9.2 14 12.5 12 3 5 1289 12 4.5 12 2.45 87.2 89.2 123.3 1.35 132.5 87.2 5.21 3 5 12 98 12.022
2
 8.5 89.2 98.2 12.5 54.3 122.5 124 5.34 53.2 532.3 1.53 125.98 
98.2 12.5 54.3 122.5 124 5.34 53.2 532.3 1.53 125.98
1 2 3 4 5123 45 12 5 5 12 9 2 0 1 28 9 2 1 4 5 1 912 12 45 9 8 24 12 23 891223 124 8123 556
123 123 5 9 12 8 2 12 89 0 1 82 987 12.4 15 23.4 12 4 9.2 14 12.5 12 3 5 1289 12 4.5 12 2.45 87.2 89.2 123.3 1.35 132.5 87.2 5.21 3 5 12 98 12.022
 8.5 89.2 
1 2 3 4 5123 45 12 5 5 12 9 2 7 1 28 9 2 1 4 5 1 912 12 45 9 8 24 12 23 891223 124 8123 556
123 123 5 9 12 8 2 12 89 0 1 82 987 12.4 15 23.4 12 4 9.2 14 12.5 12 3 5 1289 12 4.5 12 2.45 87.2 89.2 123.3 1.35 132.5 87.2 5.21 3 5 12 98 12.022
2
 8.5 89.2 98.2 12.5 54.3 122.5 124 5.34 53.2 532.3 1.53 125.98 
98.2 12.5 54.3 122.5 124 5.34 53.2 532.3 1.53 125.98
1 2 3 4 5123 45 12 5 5 12 9 2 6 1 28 9 2 1 4 5 1 912 12 45 9 8 24 12 23 891223 124 8123 556
123 123 5 9 12 8 2 12 89 5 1 82 987 12.4 15 23.4 12 4 9.2 14 12.5 12 3 5 1289 12 4.5 12 2.45 87.2 89.2 123.3 1.35 132.5 87.2 5.21 3 5 12 98 12.022
 8.5 89.2 
1 2 3 4 5123 45 12 5 5 12 9 2 9 1 28 9 2 1 4 5 1 912 12 45 9 8 24 12 23 891223 124 8123 556
123 123 5 9 12 8 2 12 89 0 1 82 987 12.4 15 23.4 12 4 9.2 14 12.5 12 3 5 1289 12 4.5 12 2.45 87.2 89.2 123.3 1.35 132.5 87.2 5.21 3 5 12 98 12.422
2
 8.5 89.2 98.2 12.5 54.3 122.5 124 5.34 53.2 532.3 1.53 125.98 
98.2 12.5 54.3 122.5 124 5.34 53.2 532.3 1.53 125.98
1 2 3 4 5123 45 12 5 5 12 9 2 0 1 28 9 2 1 4 5 1 912 12 45 9 8 24 12 23 891223 124 8123 556
123 123 5 9 12 8 2 12 89 0 1 82 987 12.4 15 23.4 12 4 9.2 14 12.5 12 3 5 1289 12 4.5 12 2.45 87.2 89.2 123.3 1.35 132.5 87.2 5.21 3 5 12 98 12.022
 8.5 89.2 
1 2 3 4 5123 45 12 5 5 12 9 2 0 1 28 9 2 1 4 5 1 912 12 45 9 8 24 12 23 891223 124 8123 556
123 123 5 9 12 8 2 12 89 0 1 82 987 12.4 15 23.4 12 4 9.2 14 12.5 12 3 5 1289 12 4.5 12 2.45 87.2 89.2 123.3 1.35 132.5 87.2 5.21 3 5 12 98 12.522
2
 8.5 89.2 98.2 12.5 54.3 122.5 124 5.34 53.2 532.3 1.53 125.98 
98.2 12.5 54.3 122.5 124 5.34 53.2 532.3 1.53 125.98
1 2 3 4 5123 45 12 5 5 12 9 2 0 1 28 9 2 1 4 5 1 912 12 45 9 8 24 12 23 891223 124 8123 556
123 123 5 9 12 8 2 12 89 0 1 82 987 12.4 15 23.4 12 4 9.2 14 12.5 12 3 5 1289 12 4.5 12 2.45 87.2 89.2 123.3 1.35 132.5 87.2 5.21 3 5 12 98 12.222
 8.5 89.2 
1 2 3 4 5123 45 12 5 5 12 9 2 0 1 28 9 2 1 4 5 1 912 12 45 9 8 24 12 23 891223 124 8123 556
123 123 5 9 12 8 2 12 89 2 1 82 987 12.4 15 23.4 12 4 9.2 14 12.5 12 3 5 1289 12 4.5 12 2.45 87.2 89.2 123.3 1.35 132.5 87.2 5.21 3 5 12 98 12.022
2
 8.5 89.2 98.2 12.5 54.3 122.5 124 5.34 53.2 532.3 1.53 125.98 
98.2 12.5 54.3 122.5 124 5.34 53.2 532.3 1.53 125.98
1 2 3 4 5123 45 12 5 5 12 9 2 3 1 28 9 2 1 4 5 1 912 12 45 9 8 24 12 23 891223 124 8123 556
123 123 5 9 12 8 2 12 89 3 1 82 987 12.4 15 23.4 12 4 9.2 14 12.5 12 3 5 1289 12 4.5 12 2.45 87.2 89.2 123.3 1.35 132.5 87.2 5.21 3 5 12 98 12.322
 8.5 89.2 
1 2 3 4 5123 45 12 5 5 12 9 2 0 1 28 9 2 1 4 5 1 912 12 45 9 8 24 12 23 891223 124 8123 556
123 123 5 9 12 8 2 12 89 0 1 82 987 12.4 15 23.4 12 4 9.2 14 12.5 12 3 5 1289 12 4.5 12 2.45 87.2 89.2 123.3 1.35 132.5 87.2 5.21 3 5 12 98 12.022
2
 8.5 89.2 98.2 12.5 54.3 122.5 124 5.34 53.2 532.3 1.53 125.98 
98.2 12.5 54.3 122.5 124 5.34 53.2 532.3 1.53 125.98
1 2 3 4 5123 45 12 5 5 12 9 2 0 1 28 9 2 1 4 5 1 912 12 45 9 8 24 12 23 891223 124 8123 556
123 123 5 9 12 8 2 12 89 4 1 82 987 12.4 15 23.4 12 4 9.2 14 12.5 12 3 5 1289 12 4.5 12 2.45 87.2 89.2 123.3 1.35 132.5 87.2 5.21 3 5 12 98 12.022
 8.5 89.2 
1 2 3 4 5123 45 12 5 5 12 9 2 0 1 28 9 2 1 4 5 1 912 12 45 9 8 24 12 23 891223 124 8123 556
123 123 5 9 12 8 2 12 89 4 1 82 987 12.4 15 23.4 12 4 9.2 14 12.5 12 3 5 1289 12 4.5 12 2.45 87.2 89.2 123.3 1.35 132.5 87.2 5.21 3 5 12 98 12.722
2
 8.5 89.2 98.2 12.5 54.3 122.5 124 5.34 53.2 532.3 1.53 125.98 
98.2 12.5 54.3 122.5 124 5.34 53.2 532.3 1.53 125.98
1 2 3 4 5123 45 12 5 5 12 9 2 3 1 28 9 2 1 4 5 1 912 12 45 9 8 24 12 23 891223 124 8123 556
123 123 5 9 12 8 2 12 89 0 1 82 987 12.4 15 23.4 12 4 9.2 14 12.5 12 3 5 1289 12 4.5 12 2.45 87.2 89.2 123.3 1.35 132.5 87.2 5.21 3 5 12 98 12.022
 8.5 89.2 
1 2 3 4 5123 45 12 5 5 12 9 2 4 1 28 9 2 1 4 5 1 912 12 45 9 8 24 12 23 891223 124 8123 556
123 123 5 9 12 8 2 12 89 0 1 82 987 12.4 15 23.4 12 4 9.2 14 12.5 12 3 5 1289 12 4.5 12 2.45 87.2 89.2 123.3 1.35 132.5 87.2 5.21 3 5 12 98 12.022
2
 8.5 89.2 98.2 12.5 54.3 122.5 124 5.34 53.2 532.3 1.53 125.98 
98.2 12.5 54.3 122.5 124 5.34 53.2 532.3 1.53 125.98
1 2 3 4 5123 45 12 5 5 12 9 2 0 1 28 9 2 1 4 5 1 912 12 45 9 8 24 12 23 891223 124 8123 556
123 123 5 9 12 8 2 12 89 6 1 82 987 12.4 15 23.4 12 4 9.2 14 12.5 12 3 5 1289 12 4.5 12 2.45 87.2 89.2 123.3 1.35 132.5 87.2 5.21 3 5 12 98 12.522
 8.5 89.2 
1 2 3 4 5123 45 12 5 5 12 9 2 0 1 28 9 2 1 4 5 1 912 12 45 9 8 24 12 23 891223 124 8123 556
123 123 5 9 12 8 2 12 89 9 1 82 987 12.4 15 23.4 12 4 9.2 14 12.5 12 3 5 1289 12 4.5 12 2.45 87.2 89.2 123.3 1.35 132.5 87.2 5.21 3 5 12 98 12.722
2
 8.5 89.2 98.2 12.5 54.3 122.5 124 5.34 53.2 532.3 1.53 125.98 
98.2 12.5 54.3 122.5 124 5.34 53.2 532.3 1.53 125.98

