1 2 3 0 5103 00 00 0 0 02 9 2 0 0 20 0 0 1 0 5 0 010 10 05 9 8 00 02 23 890000 120 0003 506
000 120 0 0 02 8 2 12 89 0 0 00 907 00.0 00 03.4 02 4 0.0 14 02.0 12 0 0 0280 02 4.0 12 0.05 07.0 09.0 023.0 0.35 102.0 07.0 0.20 0 0 10 08 12.00 8.0 09.0 
1 0 0 4 0103 05 02 5 0 00 9 2 0 0 20 0 0 1 4 5 0 010 02 45 9 8 20 10 23 891003 024 0023 556
120 103 0 9 10 8 2 00 80 0 0 00 907 12.0 10 00.0 10 4 0.2 14 10.0 10 0 0 1200 12 4.0 00 2.45 00.0 80.2 100.3 0.05 130.0 80.2 5.00 0 0 00 00 02.000
 8.0 09.0 00.0 00.0 50.0 022.0 120 5.00 03.0 500.3 0.53 100.00 
98.0 00.0 04.0 100.0 020 5.30 00.0 002.3 0.50 005.08
0 2 3 4 0120 40 10 0 0 02 9 0 0 1 28 0 0 0 4 5 1 900 12 05 9 8 20 12 00 890203 120 0100 000
120 000 5 0 10 8 0 00 00 0 0 80 000 12.4 10 03.4 12 4 9.2 14 12.0 00 0 5 0289 10 0.0 12 0.00 87.2 00.0 100.0 1.35 032.0 07.0 0.00 0 5 00 00 12.022
 8.0 00.0 
0 2 0 4 0103 45 10 0 0 00 0 2 0 1 20 0 0 0 4 5 0 010 10 00 9 0 24 10 00 001023 120 8023 050
103 103 5 9 12 8 0 02 09 0 0 82 087 02.0 05 00.0 12 4 9.2 10 00.5 02 0 5 1000 00 0.0 12 2.00 07.0 00.0 000.3 0.05 032.0 07.2 0.00 3 0 00 08 00.002
0
 0.5 00.2 08.2 02.0 50.0 122.5 100 5.04 50.0 032.3 1.50 105.00 
08.2 12.0 50.0 102.5 104 0.00 00.0 530.3 1.53 025.08
0 0 0 0 5000 00 10 5 5 12 9 2 0 1 20 0 2 1 0 5 1 000 12 00 0 0 00 02 20 000223 020 0003 056
020 103 5 0 12 8 2 00 80 0 0 82 007 00.4 10 03.0 10 4 0.2 04 02.5 10 3 0 0009 10 0.0 12 0.45 80.2 80.2 000.3 0.05 100.0 80.0 5.00 0 5 10 00 12.002
 0.0 80.0 
0 0 0 4 5123 05 02 0 5 02 9 0 0 1 08 0 2 0 4 0 0 010 12 00 9 8 00 00 00 001003 024 0100 500
020 003 5 0 00 0 2 10 89 0 1 02 900 00.4 00 23.4 00 0 0.0 14 12.5 02 3 5 0000 10 0.0 10 2.40 00.0 89.0 103.0 1.35 000.0 00.0 5.00 0 5 02 90 12.022
0
 0.0 00.2 00.0 02.0 50.3 102.0 024 5.34 00.0 530.3 1.00 000.90 
90.0 02.0 54.0 020.5 024 0.00 00.2 532.3 0.50 025.90
1 0 0 4 5123 05 12 5 0 10 0 0 0 0 20 0 0 1 0 0 0 010 02 40 9 0 24 12 03 890200 020 0020 056
120 000 5 0 10 0 2 10 00 0 0 80 980 12.4 00 20.4 00 0 9.0 14 12.0 10 0 0 1289 02 0.0 02 0.40 80.2 00.2 100.3 1.00 132.5 87.0 5.21 3 5 02 98 10.000
 0.5 00.2 
0 2 0 0 5100 05 00 0 0 00 0 0 0 0 08 0 0 0 0 0 1 912 00 40 0 0 20 02 03 091000 120 8020 506
020 020 0 0 10 8 2 00 00 0 0 02 987 00.4 00 20.0 00 0 0.2 14 10.0 00 0 0 0089 10 0.0 10 2.05 87.0 09.0 123.3 1.35 032.0 00.0 5.00 0 5 02 08 02.002
2
 8.5 00.2 98.2 00.0 50.3 122.5 020 5.04 53.2 000.0 0.00 125.90 
08.2 12.5 04.0 122.5 004 0.04 03.0 000.0 1.00 000.00
0 2 0 0 5100 05 00 0 0 00 9 2 0 1 08 9 0 0 0 5 0 002 00 45 9 0 00 02 00 891220 004 0020 556
100 020 0 9 10 0 0 02 00 0 1 00 087 12.0 05 00.0 12 4 9.0 10 02.0 12 3 0 0089 00 4.5 10 2.00 07.2 00.0 000.0 1.30 102.5 80.0 0.01 0 0 02 08 02.022
 8.0 09.0 
0 0 0 4 0123 05 10 5 5 02 9 2 0 0 28 0 0 0 0 0 0 912 10 05 0 0 20 10 00 890220 024 0000 500
120 123 5 0 02 8 2 10 80 0 1 02 980 02.4 10 00.0 00 4 9.0 10 10.5 02 0 5 1000 10 4.5 02 0.45 00.2 00.0 023.3 0.05 000.5 87.2 0.00 3 5 12 08 02.022
0
 8.5 00.0 00.2 00.0 50.0 120.0 000 5.04 03.0 002.3 1.03 000.00 
90.2 00.5 00.3 100.0 120 0.00 00.0 000.0 0.00 025.08
0 0 3 0 5100 00 10 0 5 00 0 0 0 0 08 0 2 0 4 0 1 002 00 40 0 8 24 12 03 891020 124 0020 000
003 020 0 0 12 0 2 02 00 0 0 00 080 00.0 00 03.0 12 4 9.2 10 10.0 10 3 0 0209 10 0.0 02 0.05 00.0 09.0 023.3 1.35 002.5 07.2 0.21 0 5 10 90 02.020
 0.5 89.2 
1 2 0 0 0003 45 02 0 5 02 9 0 0 1 28 9 0 0 4 0 0 900 12 00 9 8 00 00 00 801200 104 8023 000
120 000 0 0 02 8 2 00 00 0 1 02 907 10.4 05 20.0 02 0 9.0 04 10.5 02 0 0 0280 12 0.5 00 2.00 80.0 00.2 120.0 1.35 100.0 80.0 0.01 3 5 12 90 02.020
2
 0.5 80.0 90.0 02.0 00.3 120.0 124 0.30 53.0 502.3 0.50 120.08 
90.2 10.5 50.0 000.5 024 5.34 00.0 000.0 0.50 120.98
0 2 0 4 5000 00 10 0 5 10 9 2 0 1 08 0 2 1 0 0 0 010 00 00 9 0 04 00 00 000223 100 0103 556
020 003 0 0 00 0 2 10 89 0 1 00 080 12.4 05 00.0 10 4 9.2 10 12.0 00 0 5 1000 12 0.0 12 0.05 00.2 09.2 120.3 1.05 130.0 87.0 0.21 0 0 10 90 00.002
 8.0 80.2 
0 2 3 4 0020 05 10 0 5 10 9 2 0 0 20 0 0 1 0 5 0 012 00 40 0 0 24 02 03 801000 004 0003 550
103 103 0 0 12 0 0 00 89 0 0 02 900 10.0 10 00.0 10 4 0.2 04 02.0 02 3 0 0209 02 0.0 10 2.05 87.0 09.0 103.0 1.30 032.5 00.0 5.20 0 0 02 90 10.000
0
 8.0 00.0 90.2 12.0 00.0 100.0 004 0.00 53.0 502.3 0.50 000.00 
00.0 00.0 00.0 100.5 024 5.34 00.2 030.3 1.50 105.00
1 0 3 4 5023 40 02 5 0 00 0 2 0 0 08 9 2 0 0 0 1 912 10 05 9 8 04 12 00 891000 004 0120 000
120 100 5 9 12 0 2 00 00 0 1 80 900 00.0 10 00.4 02 0 0.2 10 02.0 12 0 0 1200 10 0.5 12 0.40 87.2 89.2 000.0 0.00 032.5 00.0 0.20 0 0 02 08 12.020
 0.0 00.0 
1 0 0 0 5123 00 10 5 0 10 0 0 0 0 00 9 0 1 0 5 0 902 02 00 0 8 20 12 23 800023 100 0123 000
020 120 5 0 02 0 0 00 00 0 1 80 087 10.0 00 00.0 02 0 9.0 00 12.0 00 3 0 1009 00 0.0 00 0.00 80.0 80.2 103.0 1.05 000.0 00.2 5.00 3 0 10 08 10.022
0
 0.0 80.0 08.0 12.5 54.3 000.5 124 0.34 53.2 002.3 1.00 120.08 
98.0 02.0 00.3 000.5 104 0.04 03.0 002.0 1.00 005.00
0 2 3 0 5000 45 00 5 0 02 0 2 0 1 08 9 2 1 0 0 0 902 02 40 0 0 04 02 00 090003 004 8020 506
000 100 0 0 00 0 0 02 89 0 0 00 987 00.4 15 23.4 02 0 9.0 00 10.5 10 3 5 1089 02 4.5 00 0.40 80.0 09.0 000.3 1.00 032.0 00.0 5.21 3 5 02 08 10.022
 8.0 00.0 
1 0 3 4 0120 00 02 5 0 00 9 0 0 0 08 9 0 0 0 0 0 002 10 00 0 8 20 02 03 001000 000 0103 050
100 003 5 9 10 8 0 00 80 0 0 00 000 00.0 00 03.4 00 4 0.2 10 12.0 00 0 0 1000 02 0.5 10 0.40 07.0 09.0 100.3 0.05 002.0 80.2 5.20 0 0 10 00 10.000
0
 0.0 09.0 08.0 00.0 04.0 020.0 020 0.34 50.2 032.0 0.53 005.98 
90.2 10.0 50.0 100.5 104 5.00 53.2 500.3 0.00 005.90
0 2 3 4 5100 45 12 0 0 12 0 0 0 0 20 9 2 0 4 0 0 002 02 45 0 0 00 10 00 001203 104 8000 050
023 100 0 0 02 8 0 00 09 0 0 82 080 12.4 05 20.4 12 4 9.0 14 00.0 02 0 5 0289 12 0.5 10 2.05 00.0 80.2 020.0 0.30 030.0 87.2 0.20 0 5 12 00 10.000
 0.0 80.0 
0 0 3 4 0103 45 02 5 0 00 0 0 0 1 00 9 2 1 0 5 0 902 00 40 0 8 04 00 00 000220 000 8003 506
123 123 5 0 12 0 0 00 80 0 0 82 900 02.4 15 20.0 10 0 9.2 00 00.0 00 0 5 1209 00 4.5 12 0.05 00.2 09.0 100.3 1.30 102.0 87.2 0.20 3 0 02 90 02.020
2
 0.0 89.0 00.0 10.5 04.0 000.5 004 0.30 00.2 002.0 1.03 000.00 
00.0 00.0 54.3 122.0 020 0.34 53.0 000.0 0.03 000.08
0 2 0 0 0020 45 02 5 5 02 0 0 0 1 00 0 0 1 0 0 0 902 02 40 9 8 20 10 20 890003 124 8000 056
120 123 0 0 00 0 0 10 00 0 0 00 900 02.0 15 20.0 02 0 0.0 00 00.0 02 3 0 1000 02 0.0 02 2.45 00.2 80.2 100.3 1.00 002.0 07.2 5.20 3 5 10 00 02.002
 0.0 09.0 
0 2 3 0 5103 45 10 5 5 00 0 2 0 0 28 9 0 1 4 0 0 900 10 05 0 8 04 02 00 801200 104 0000 050
003 103 0 0 00 0 0 12 00 0 1 80 000 00.4 05 03.0 10 4 0.2 10 10.0 02 3 5 0200 12 4.0 02 2.05 00.2 09.0 000.3 0.05 000.0 80.0 5.00 3 0 02 90 10.000
2
 8.5 00.0 90.0 00.5 54.3 020.0 004 0.30 00.2 530.0 0.53 020.08 
90.2 00.5 04.3 002.5 124 0.00 53.0 032.0 1.00 100.08
1 0 3 0 5020 00 02 5 5 00 9 2 0 1 08 9 0 1 0 0 1 002 12 00 0 0 04 12 23 801203 020 0003 006
000 023 5 0 00 8 0 00 89 0 0 82 007 10.0 00 00.0 02 0 9.0 00 00.5 12 0 5 0009 02 4.0 00 2.00 07.0 80.2 000.0 1.30 032.5 07.0 5.00 0 0 12 90 12.022
 0.0 09.0 
0 2 3 0 5100 40 00 0 5 12 9 0 0 0 08 0 0 0 0 0 1 912 10 00 9 0 20 02 03 891000 100 0000 006
023 100 5 0 00 0 0 10 80 0 1 00 980 02.4 15 03.0 10 0 0.0 04 10.5 02 0 0 0280 02 4.0 02 2.05 07.0 80.2 000.3 1.30 100.5 00.2 0.21 0 0 02 00 00.002
2
 8.5 00.2 98.0 12.0 04.3 122.0 124 0.34 53.2 500.0 0.00 000.98 
00.2 12.5 00.3 020.0 104 0.00 50.0 500.0 0.53 125.98
0 2 3 0 0100 40 10 0 5 12 0 2 0 1 28 0 2 1 0 0 1 910 10 05 0 0 24 10 03 890223 004 0000 500
003 003 0 9 12 8 2 12 00 0 0 82 907 12.0 05 00.4 10 0 9.0 14 00.0 02 0 0 1200 02 4.0 12 2.05 87.0 80.2 023.3 1.30 130.5 00.2 0.20 3 0 10 00 00.000
 0.5 09.2 
0 2 3 0 5103 05 10 5 0 12 9 0 0 1 00 9 0 1 4 5 1 010 02 00 0 0 00 00 20 001200 124 8020 506
120 123 5 0 02 8 2 10 80 0 0 80 007 00.0 00 00.4 00 4 0.2 04 02.0 00 0 0 0000 00 4.5 00 2.40 00.0 89.2 020.3 1.30 000.5 00.0 0.21 0 5 10 90 00.000
0
 0.0 80.2 08.2 12.5 50.3 022.5 000 5.04 00.0 500.3 1.50 100.98 
00.2 10.0 54.3 120.0 004 5.30 00.0 530.0 1.00 025.08
1 2 3 4 0023 00 10 0 0 02 0 2 0 0 08 0 0 1 4 5 1 010 12 00 0 8 20 12 03 801220 024 8023 006
103 000 5 0 02 8 0 12 80 0 0 02 907 00.0 00 00.4 10 0 9.0 04 12.0 12 0 5 1000 02 4.0 00 2.40 00.2 09.0 003.3 0.05 030.5 00.0 5.00 3 5 00 98 12.022
 8.0 89.2 
0 0 3 4 0023 05 12 5 0 10 9 0 0 1 28 0 0 1 0 5 1 012 00 00 9 0 20 00 23 090023 000 0020 550
103 020 0 0 10 0 2 00 09 0 0 82 980 00.0 00 23.0 10 0 0.0 10 12.5 02 0 0 0280 02 4.5 00 0.40 07.0 00.0 100.3 1.30 030.0 00.0 0.01 0 5 12 00 00.002
2
 0.0 80.0 98.2 10.5 00.0 000.0 004 0.30 50.0 002.0 1.50 100.00 
00.2 00.5 54.3 020.5 120 0.00 00.2 032.3 0.53 125.90

