2 0 8 3 5022 76 00 7 6 02 0 2 8 3 79 9 0 0 4 0 0 802 12 40 9 0 00 50 57 708229 190 8000 560
000 070 5 0 10 8 0 87 80 9 0 80 507 10.0 06 26.4 00 5 6.6 54 10.6 74 0 8 0247 60 0.6 50 0.40 00.1 68.7 007.0 1.08 085.9 05.7 0.00 9 0 60 78 89.00 5.5 85.8 
1 4 0 0 5007 05 70 0 0 80 7 5 0 0 98 9 7 2 1 5 1 080 40 09 0 8 00 14 69 005971 404 0070 580
003 700 8 4 00 8 6 37 04 8 1 00 745 00.9 75 07.2 98 2 5.2 04 02.0 39 3 1 0732 70 6.0 00 0.06 06.7 69.7 020.0 1.00 209.8 97.5 8.91 0 8 40 00 90.805
 7.3 08.2 90.5 05.0 70.5 758.0 198 0.35 57.4 834.9 0.00 175.00 
00.1 80.1 00.3 130.9 104 0.94 53.0 732.0 6.60 020.07
0 0 3 0 6040 01 03 9 5 06 1 2 0 9 70 8 9 0 7 0 6 010 18 45 4 8 00 98 69 080000 509 6008 548
000 185 5 0 15 8 2 68 88 8 6 32 059 05.2 00 27.0 22 4 9.8 04 92.0 20 7 9 9270 00 5.8 40 5.94 10.0 79.2 007.0 1.50 090.0 86.2 8.09 3 0 07 59 56.002
 8.6 89.8 
6 0 0 4 0400 90 00 8 5 00 0 0 7 5 89 0 0 3 4 5 1 000 12 20 5 6 00 90 05 167272 754 9773 050
800 163 0 9 00 0 0 00 99 0 1 09 699 00.4 80 26.6 06 0 3.0 20 02.5 40 3 0 1280 12 0.9 70 0.00 90.0 04.0 629.8 7.84 100.5 80.0 0.65 7 0 80 99 50.092
0
 8.0 00.2 62.2 00.0 16.2 506.8 664 0.30 03.9 049.5 2.53 807.08 
98.0 93.0 94.3 129.8 090 7.30 19.2 527.3 0.60 120.94
1 3 3 7 5073 04 04 5 0 00 9 8 6 0 00 0 3 5 0 0 0 010 07 60 9 8 84 79 00 867410 000 8026 656
073 000 5 0 00 0 2 82 00 7 7 82 087 02.3 90 00.4 18 0 0.8 06 09.6 00 3 9 1270 06 0.2 68 9.00 90.0 39.2 540.0 9.79 130.0 38.7 5.00 0 6 12 58 00.059
 4.7 04.2 
1 0 0 8 4167 00 90 5 0 03 0 2 7 9 07 0 0 9 6 2 4 982 00 00 0 5 90 87 04 001003 828 8500 970
050 000 5 8 00 0 5 00 20 8 5 90 605 18.0 40 00.0 10 5 5.7 00 12.7 05 0 7 0047 89 4.7 12 0.40 80.2 00.5 691.0 5.59 957.5 79.5 0.90 9 6 70 90 00.050
5
 9.1 00.0 70.5 40.5 53.0 028.0 980 5.04 50.0 568.3 1.00 085.12 
88.0 03.0 75.4 081.7 002 8.30 96.0 032.8 1.50 095.46
3 0 0 7 0175 05 80 5 0 02 3 0 0 1 08 7 3 3 0 0 1 066 55 25 9 0 08 00 80 859010 000 0007 950
120 440 0 0 04 8 0 00 89 0 7 03 030 60.6 47 67.0 89 0 5.6 25 10.0 09 6 7 8083 15 5.7 40 8.07 70.0 84.7 009.0 9.00 032.4 08.2 0.20 0 0 06 90 00.690
 0.8 00.9 
0 0 7 0 5008 00 75 9 6 30 0 0 7 9 78 0 0 4 0 4 0 040 60 09 6 0 00 00 25 004020 600 8823 096
005 808 5 9 88 8 5 02 89 7 0 90 699 70.4 77 41.4 14 0 9.5 14 50.8 10 0 0 1000 06 0.5 00 9.45 80.2 69.0 180.0 1.10 740.0 09.3 8.29 0 0 60 90 10.000
8
 8.8 00.9 98.1 49.0 97.0 170.3 472 9.06 08.9 030.0 1.03 000.90 
80.4 02.7 00.0 150.0 920 5.00 80.0 302.0 9.43 095.08
0 0 0 4 0681 85 08 5 7 00 9 2 7 4 07 9 8 0 0 0 0 057 09 80 8 0 84 91 02 655400 020 8169 580
016 000 2 2 00 0 4 92 90 7 0 06 007 46.6 00 50.0 34 8 6.9 14 76.5 90 6 5 9086 26 7.0 70 2.88 07.0 17.2 050.0 1.15 114.7 00.0 0.20 3 0 90 72 60.609
 7.0 08.7 
1 9 6 7 0175 44 60 3 9 99 0 0 9 9 60 7 2 1 0 5 0 713 18 07 9 0 08 00 67 000003 180 8473 046
436 106 0 8 80 0 2 18 86 0 0 00 908 82.8 15 66.0 16 5 8.5 69 00.7 10 1 4 1740 76 4.5 80 1.49 82.0 50.8 908.0 0.35 150.5 09.6 4.18 0 3 12 07 00.088
0
 4.0 50.7 88.2 11.5 54.0 500.0 080 9.04 79.2 602.0 0.00 120.99 
10.4 60.5 55.0 107.7 000 5.60 90.0 009.5 1.10 026.90
0 6 0 7 0891 80 08 3 1 70 9 2 9 0 06 0 6 0 4 5 0 960 10 89 4 8 74 62 03 708073 020 8104 580
973 128 7 9 06 9 5 07 03 9 1 80 006 10.6 99 66.4 17 0 6.0 04 90.8 02 9 8 0989 70 4.0 00 0.45 80.6 69.2 000.5 0.36 090.0 82.1 5.08 3 6 42 90 01.922
 0.0 07.0 
0 7 0 3 8720 09 51 5 3 60 8 0 7 1 60 0 9 0 8 0 6 900 02 95 6 8 04 06 00 891237 900 0707 558
424 000 0 0 35 0 2 08 89 8 0 03 689 77.4 05 01.0 00 0 7.0 65 47.9 98 6 0 8200 14 7.5 00 7.08 09.0 67.2 133.3 9.64 132.5 87.5 5.29 0 5 15 08 07.622
2
 0.0 87.2 00.8 06.0 94.0 902.0 020 5.82 50.2 058.0 0.50 028.50 
00.2 04.0 03.0 922.0 625 3.30 56.2 596.2 4.00 202.64
0 0 5 4 3423 06 62 0 7 90 3 7 3 0 00 0 9 0 4 5 5 035 08 84 9 8 25 00 07 401279 050 0023 990
588 401 4 0 04 0 0 06 06 4 1 82 481 16.4 05 03.4 12 9 9.6 16 58.2 19 9 9 9076 00 4.7 56 2.47 06.0 08.2 000.6 1.00 578.0 90.0 0.01 3 0 10 00 12.698
 0.2 40.0 
0 0 2 7 8873 98 80 0 7 30 9 8 0 1 00 3 4 9 0 5 8 620 32 00 9 2 90 12 05 800603 106 0082 970
189 203 5 7 00 0 9 00 99 9 1 02 089 90.2 79 09.5 59 5 5.9 07 90.8 03 3 7 1889 90 4.0 02 0.05 05.6 09.0 000.7 4.50 863.5 37.0 9.21 0 0 79 09 80.308
2
 4.0 80.8 97.6 80.5 98.3 122.9 720 0.80 49.0 707.7 0.92 060.88 
94.0 32.0 04.7 620.0 123 4.44 43.2 952.0 0.50 127.00
1 2 6 0 9020 48 00 8 3 19 5 4 7 0 00 7 2 0 9 5 0 912 07 40 5 0 00 00 06 797020 864 7407 754
090 020 6 6 80 1 0 10 70 9 8 00 957 08.0 10 73.0 32 4 0.6 02 32.8 15 8 5 1600 43 9.0 86 2.80 00.4 09.9 723.6 0.03 990.3 07.8 0.28 0 0 08 04 09.606
 6.7 99.0 
8 7 0 9 0073 04 22 0 5 47 9 6 5 3 98 9 0 0 0 5 7 008 00 40 9 0 54 06 60 009323 528 8726 576
150 190 0 8 02 0 7 67 00 2 6 32 956 00.0 70 00.0 72 0 0.0 97 02.0 68 6 0 4879 02 5.6 92 2.05 00.0 04.6 823.0 6.28 085.0 80.0 8.54 5 0 00 09 32.450
4
 8.0 09.0 05.0 10.4 00.3 096.5 134 5.34 91.3 598.0 6.04 529.00 
90.1 10.5 04.0 020.8 400 9.06 56.0 777.0 1.02 985.00
1 6 0 4 0100 05 90 0 5 00 9 2 0 9 98 0 2 0 7 0 0 419 60 00 9 0 09 82 57 886223 364 8623 570
059 010 0 8 00 0 2 39 09 4 1 79 380 00.0 15 20.4 12 9 9.9 00 44.6 07 0 5 0890 50 3.0 12 2.00 87.9 00.0 050.0 0.99 138.5 20.0 0.40 9 5 02 97 92.908
 9.7 00.8 
7 6 3 0 0108 55 04 4 7 82 9 5 8 8 08 2 8 0 0 0 0 910 50 58 0 0 30 14 90 650006 448 3065 958
060 103 0 9 07 0 7 10 09 4 9 78 606 70.0 50 37.0 12 0 7.0 34 98.0 10 0 5 0052 02 8.0 02 1.00 60.0 99.2 503.0 5.00 007.1 00.8 4.80 0 0 10 06 09.829
0
 0.8 07.0 60.8 82.7 53.0 942.0 105 0.50 50.0 542.2 1.06 025.90 
08.0 00.7 00.0 729.7 004 9.00 88.0 800.7 0.53 905.60
4 8 0 6 0420 14 90 5 0 00 9 0 8 0 93 0 4 1 8 2 0 990 02 35 0 9 00 82 40 097023 002 0404 504
020 800 2 0 00 7 0 68 89 8 8 30 080 08.9 11 24.6 00 0 0.7 73 62.5 00 4 0 0083 80 4.9 05 1.48 57.2 09.5 968.5 0.30 590.7 64.0 8.20 8 5 00 70 08.990
 9.6 00.6 
5 6 4 0 4690 65 02 0 5 90 9 6 0 0 28 9 0 0 9 8 0 080 09 05 9 5 99 12 69 897000 384 8399 000
595 000 0 0 10 0 4 74 30 0 0 95 280 00.0 95 07.1 00 0 5.0 08 17.2 18 0 7 9049 85 2.6 10 9.48 23.0 99.9 108.3 0.85 509.0 20.2 0.00 0 1 82 08 10.640
0
 5.8 90.7 95.0 10.0 51.0 095.5 168 0.80 03.2 536.0 0.78 427.08 
90.2 02.3 54.0 000.5 127 4.99 07.0 850.2 0.84 105.88
0 0 8 4 0920 05 02 0 7 62 2 9 0 6 20 9 3 8 8 9 9 580 92 13 0 3 07 00 25 902028 464 0389 030
699 087 5 9 06 0 9 40 70 6 1 00 996 08.7 50 70.9 14 0 5.8 03 17.5 99 6 6 0899 62 3.4 02 2.90 08.8 99.5 190.0 6.95 002.0 80.2 9.01 0 7 09 93 09.008
 0.5 09.2 
0 7 3 7 3000 76 09 0 0 00 7 5 0 0 77 7 0 0 4 5 0 708 85 80 0 1 24 00 60 719223 138 0170 003
022 005 6 0 00 5 2 47 79 0 0 80 999 85.8 00 34.7 57 4 0.3 10 00.0 01 3 8 0101 00 4.0 00 6.94 06.8 78.2 773.3 0.07 809.6 30.0 5.21 3 8 17 07 80.652
6
 7.0 59.4 40.2 10.5 09.0 080.6 530 5.04 69.0 602.6 1.06 755.93 
40.0 33.8 35.0 700.0 161 7.30 64.9 201.3 9.80 149.91
7 2 3 8 5127 70 08 0 0 16 0 0 6 5 08 7 0 0 2 8 0 004 00 85 6 8 04 28 18 291810 892 4153 096
085 080 7 0 06 0 2 10 04 0 0 90 013 11.3 09 58.4 40 6 0.0 04 08.0 72 0 5 0809 04 3.6 19 0.55 80.2 04.0 000.0 0.00 909.0 70.0 9.27 0 5 02 58 12.035
 8.0 35.6 
9 3 4 4 0767 65 83 5 0 60 7 0 4 0 60 9 0 0 0 9 0 088 06 40 6 0 24 70 06 340073 109 0124 556
983 056 8 9 67 8 4 72 00 0 0 82 777 82.9 05 93.0 08 0 9.8 10 30.7 03 3 0 0006 80 4.5 17 2.05 85.0 89.2 009.6 0.00 180.5 88.2 1.04 3 5 19 48 02.053
0
 5.0 60.2 90.0 14.5 44.0 179.5 685 0.04 00.2 550.3 0.73 123.90 
98.8 60.0 70.3 092.8 620 5.08 50.0 540.9 9.50 014.88
0 0 2 0 7513 46 00 5 0 08 4 2 5 8 20 0 9 1 6 0 8 002 55 00 9 6 07 12 27 091240 800 6100 700
074 057 5 9 10 9 2 10 89 0 1 86 043 10.7 96 00.0 60 4 9.6 00 07.6 90 4 1 0050 12 3.5 30 0.05 07.6 80.5 088.0 0.59 137.0 67.2 0.00 9 9 70 80 92.480
 4.5 60.0 
0 2 3 4 2080 06 00 0 0 10 0 2 0 9 08 9 0 0 9 0 4 417 02 07 0 8 00 13 00 690920 000 6600 506
801 073 9 6 10 0 5 30 00 0 0 82 070 00.6 00 72.0 72 8 0.0 05 09.0 00 7 0 0789 17 0.5 46 9.40 87.0 15.0 043.7 1.35 020.8 01.4 8.10 3 5 01 00 05.006
0
 8.0 50.2 90.0 60.0 64.3 102.9 104 0.04 54.0 977.0 4.09 260.99 
28.2 14.3 81.0 028.0 049 0.09 50.7 595.7 1.08 683.08
7 2 3 0 5920 42 18 5 9 02 0 0 8 8 08 8 2 0 3 7 1 000 10 00 9 3 70 82 80 604003 600 0000 508
185 726 7 0 19 8 0 15 60 7 0 04 947 54.0 67 00.7 02 4 3.2 00 09.9 00 0 0 3380 12 0.0 42 0.77 00.2 59.0 123.7 9.90 258.8 89.9 8.60 5 0 60 03 10.202
 8.0 60.0 
1 5 3 4 8003 29 82 5 5 87 2 8 3 4 27 9 0 0 0 0 0 809 02 05 9 9 00 50 50 921000 561 7100 607
983 707 9 9 03 7 0 98 67 5 0 00 097 17.4 10 36.4 89 0 9.0 00 96.9 08 9 0 1249 57 4.7 00 0.45 69.0 09.5 043.0 0.90 000.4 99.8 0.09 9 3 04 99 82.700
9
 8.8 00.9 06.5 80.8 07.0 139.0 009 7.97 62.0 518.0 0.03 185.96 
00.7 08.0 07.6 402.5 004 5.00 20.2 500.1 7.90 020.03


-750360809070.700851