1 2 3 0 0003 05 02 5 0 00 0 0 0 1 08 9 0 0 0 5 1 000 10 05 0 8 20 10 23 890203 004 0100 556
023 100 5 0 00 8 2 00 09 0 0 02 907 10.0 10 00.4 12 4 0.2 14 00.5 00 3 0 0009 10 0.0 00 0.00 87.2 89.2 003.0 0.00 002.5 80.0 0.20 0 0 02 90 10.00 0.5 80.0 
0 2 0 0 0020 45 02 5 5 00 9 2 0 0 08 0 0 0 0 5 0 010 02 40 9 8 04 12 20 801223 020 8100 500
020 103 5 9 02 8 0 00 89 0 1 00 007 12.4 05 20.0 10 0 0.0 00 00.5 10 0 0 1000 00 0.0 10 0.45 07.0 09.0 100.3 1.00 100.5 00.0 5.21 3 0 00 00 12.000
 0.0 00.0 90.0 00.5 50.0 100.5 000 0.34 00.0 000.3 0.00 105.98 
08.2 02.0 00.3 100.0 104 5.30 00.0 502.0 1.50 125.90
1 2 0 4 0020 40 00 0 0 00 0 2 0 1 00 0 0 1 0 0 1 012 12 40 0 0 00 12 00 091000 004 0100 000
120 020 0 0 12 8 2 02 00 0 1 00 080 12.0 00 20.4 12 4 9.2 10 02.0 02 0 5 0000 12 0.0 00 0.00 07.2 80.0 100.3 1.00 130.5 07.0 5.21 3 0 12 90 10.000
 0.0 09.2 
0 2 3 0 5023 40 00 5 0 12 9 0 0 0 08 0 0 0 0 5 0 912 02 00 9 0 04 02 20 090000 020 8023 556
003 000 5 0 10 0 2 00 00 0 1 00 000 00.0 10 03.0 10 0 0.2 14 10.5 10 3 0 0080 02 4.5 10 2.45 80.0 80.0 100.3 0.00 132.5 07.2 0.20 0 0 12 00 00.022
2
 0.0 89.0 00.2 02.0 00.3 022.0 124 5.34 50.2 502.0 1.03 100.00 
90.2 00.0 04.0 100.0 104 0.04 50.2 500.0 1.53 105.90
0 0 0 0 5000 00 10 0 0 10 9 2 0 1 20 0 2 0 4 5 1 010 02 05 9 0 00 02 20 890000 020 0123 000
020 003 0 0 10 0 2 10 80 0 0 00 987 12.0 10 03.4 10 4 0.0 14 10.0 12 3 0 0280 12 4.0 02 2.40 87.0 09.2 003.0 0.05 132.0 00.0 0.20 3 0 12 00 00.002
 8.0 80.0 
0 0 0 4 5003 00 00 5 0 00 9 0 0 1 00 9 0 1 0 5 0 912 02 00 9 0 20 02 20 001020 104 8123 056
020 120 0 0 00 0 2 10 09 0 0 82 007 00.0 00 20.0 02 0 0.2 04 12.5 10 3 0 1289 12 4.0 10 0.05 07.0 00.0 020.0 0.30 130.0 00.2 0.20 0 0 00 00 02.002
0
 0.0 00.0 00.2 12.0 54.3 120.0 000 0.30 53.0 002.3 1.03 120.08 
00.2 02.0 50.0 102.0 100 0.34 00.2 032.3 0.53 005.08
1 0 3 4 5103 05 02 0 0 00 9 2 0 0 08 0 2 0 4 5 1 910 10 40 0 8 04 10 23 800020 024 0003 056
023 100 5 9 10 0 0 00 89 0 1 00 907 02.0 00 23.0 00 4 9.0 00 00.5 12 0 0 0009 10 0.0 10 2.45 00.2 80.2 003.3 1.35 030.0 87.2 5.20 0 5 02 00 00.000
 8.0 80.0 
0 2 3 0 0120 05 10 5 0 10 9 0 0 0 20 0 0 0 4 0 0 902 00 00 0 8 00 12 23 891000 100 8120 506
020 103 5 0 12 8 0 02 09 0 1 00 007 12.0 00 20.4 10 4 9.0 10 10.0 02 0 5 0000 00 0.0 12 2.00 07.2 89.2 100.3 1.35 132.5 87.2 5.00 3 0 10 08 00.022
0
 0.0 80.2 98.0 02.0 04.0 120.0 100 0.30 53.0 032.0 1.03 020.00 
90.2 00.0 00.3 122.0 124 5.00 03.2 530.3 1.50 025.00
1 0 0 4 0003 40 00 5 5 10 0 0 0 0 20 0 2 1 0 5 0 910 12 45 9 0 24 00 20 890203 104 0123 506
023 023 0 0 10 0 2 02 89 0 1 00 080 00.4 10 20.0 00 0 9.0 14 00.0 00 0 0 0200 12 4.0 02 0.05 80.0 89.2 023.0 1.30 130.5 80.2 0.21 0 0 12 08 10.022
 8.5 00.0 
1 2 3 0 5103 05 12 5 0 02 9 2 0 1 28 0 2 0 0 5 0 012 00 40 0 0 20 10 20 891203 000 0100 000
000 123 0 0 12 0 0 02 09 0 1 02 087 00.0 10 00.0 00 0 0.0 14 00.0 12 0 0 0009 00 0.0 02 0.05 00.2 09.0 000.3 0.00 030.5 00.0 5.21 0 0 12 08 12.002
0
 0.0 00.0 98.0 02.5 04.0 102.5 000 5.00 50.0 530.0 1.50 020.90 
98.0 10.5 50.0 120.5 020 5.00 03.0 530.0 0.00 100.98
0 2 3 4 0123 45 00 0 5 12 0 0 0 0 28 9 0 1 0 5 0 012 02 00 0 0 24 12 00 000020 000 0123 556
120 003 5 0 10 0 2 00 09 0 0 82 900 12.4 15 00.0 00 0 0.2 10 10.0 00 0 0 0000 02 4.0 00 0.00 00.2 80.0 020.0 1.35 100.0 00.2 0.21 3 0 12 90 02.022
 8.5 00.2 
0 2 0 0 5103 05 10 0 5 10 9 0 0 0 08 9 0 1 4 0 1 002 10 45 0 8 24 00 20 000020 020 8120 056
100 000 0 0 00 0 2 10 00 0 0 82 000 00.0 05 20.0 02 4 9.2 14 12.5 12 0 0 0209 10 4.0 10 2.40 00.0 09.0 020.3 0.05 132.5 80.0 5.01 0 0 12 08 00.000
0
 0.0 89.0 08.2 12.0 04.3 020.0 004 5.34 00.0 002.0 1.53 025.98 
08.0 10.0 50.3 102.5 100 0.34 00.0 032.3 1.00 025.98
0 2 0 4 0103 00 10 5 0 02 0 2 0 0 08 9 0 1 4 0 0 012 10 05 0 8 24 00 00 001003 100 8000 506
020 000 0 0 00 0 0 00 80 0 1 82 980 02.4 00 03.4 10 0 9.0 00 10.5 02 0 0 0000 00 0.5 00 2.05 07.2 00.2 003.0 1.05 000.0 07.2 5.01 0 5 12 08 02.022
 8.5 09.2 
0 0 0 0 5120 00 10 5 0 00 0 0 0 0 08 9 2 1 0 5 0 912 12 45 0 0 20 12 00 091000 104 0000 006
100 120 5 0 02 8 0 00 00 0 1 82 907 10.0 00 00.0 00 0 0.2 14 10.5 02 0 5 1209 00 0.0 00 2.00 80.2 80.0 103.0 1.35 032.5 87.0 5.20 3 5 12 00 00.020
0
 8.5 00.0 00.2 02.5 00.3 120.5 100 5.00 53.0 032.0 0.00 020.00 
00.2 00.0 04.3 102.0 004 0.30 50.0 000.0 1.53 120.00
1 0 3 4 0100 05 12 5 0 10 9 0 0 1 00 0 2 0 0 5 0 902 02 40 0 0 00 00 20 000020 104 0000 006
000 120 0 0 00 0 2 12 89 0 1 02 080 02.4 10 03.4 00 0 9.0 00 02.0 00 0 5 0289 00 4.0 10 0.05 87.0 00.0 000.0 1.05 032.0 80.0 0.21 0 5 02 90 02.000
 8.0 80.2 
1 0 0 0 5003 45 00 0 5 12 0 0 0 0 08 0 0 1 4 0 1 012 10 45 0 8 00 00 23 891000 120 0003 000
020 000 5 0 10 8 0 10 80 0 0 02 080 10.0 10 23.0 00 0 0.0 04 02.5 00 0 5 1209 12 0.0 00 2.00 00.0 89.2 123.0 1.05 100.5 87.0 5.21 3 0 00 98 12.020
2
 0.0 00.0 98.0 12.0 04.3 000.0 120 5.34 50.2 530.0 0.00 005.98 
08.0 00.0 50.0 000.0 100 0.00 00.0 000.0 1.00 120.08
1 0 3 0 5000 45 02 5 0 10 9 0 0 0 08 0 0 1 4 0 0 012 02 05 9 8 00 10 03 801203 004 8000 556
003 120 5 0 10 0 2 02 00 0 0 80 087 00.4 05 00.4 12 4 9.0 14 10.0 12 3 0 0009 10 0.0 10 0.40 80.0 80.0 120.0 1.00 000.0 80.0 5.01 3 0 02 00 00.020
 0.0 09.0 
0 2 3 4 5120 05 00 0 5 02 9 0 0 0 20 0 2 0 0 0 1 902 10 45 0 8 20 02 23 000223 000 0020 000
103 123 0 0 10 0 0 12 89 0 1 80 007 02.4 00 20.0 12 0 0.2 10 00.5 00 3 0 0200 02 4.0 00 2.00 80.0 09.0 023.3 0.35 000.5 87.2 0.01 3 5 12 98 10.000
2
 0.0 00.2 90.0 02.0 00.0 120.0 100 0.30 03.2 030.0 1.00 100.98 
08.2 12.0 50.3 022.5 100 5.34 00.2 030.0 1.00 105.00
1 2 0 4 5003 45 12 5 5 00 9 0 0 1 20 0 0 1 0 0 1 912 00 00 0 8 20 12 00 000020 000 8023 006
020 120 5 9 00 0 0 02 09 0 1 00 900 10.0 10 03.0 00 4 9.0 00 02.5 10 0 0 1009 12 4.0 12 2.00 80.2 00.2 020.3 1.05 002.5 07.2 5.01 0 5 00 08 00.000
 8.0 80.2 
1 2 0 4 0100 40 00 0 0 10 0 0 0 1 00 9 0 1 0 5 0 010 12 05 9 8 20 12 00 001003 124 8000 506
100 023 5 9 02 8 2 02 09 0 1 00 000 10.0 00 20.0 10 4 9.2 10 00.5 10 0 5 0209 00 4.0 02 0.05 80.0 09.2 120.0 1.30 032.5 07.0 5.21 0 5 12 08 12.020
2
 0.5 00.0 90.0 00.0 50.0 022.0 100 0.30 53.2 030.0 0.53 005.90 
98.2 02.0 54.3 000.0 004 5.00 03.0 030.0 0.00 025.98
0 2 0 0 0123 05 00 0 0 12 0 2 0 1 00 9 0 1 4 0 0 900 00 40 9 8 20 00 20 890223 124 0020 506
020 023 5 9 12 0 0 02 80 0 1 82 980 00.0 10 00.0 10 4 9.0 14 12.0 12 0 0 1009 10 0.5 02 0.40 07.2 89.0 123.0 1.30 030.5 87.0 0.20 0 0 02 98 00.000
 0.5 89.0 
0 0 0 0 5020 00 00 5 0 02 9 2 0 0 08 9 2 0 4 5 0 910 00 00 0 0 04 12 20 891020 104 8100 050
020 100 0 0 12 0 0 12 80 0 0 80 907 00.4 05 00.0 12 4 9.2 14 10.0 02 3 5 1280 00 4.0 02 2.00 00.0 80.2 023.0 0.30 030.0 80.0 5.00 0 0 00 00 02.002
0
 8.0 09.0 00.2 12.0 00.0 100.5 004 0.30 53.2 000.3 1.03 020.00 
00.0 02.5 54.0 102.5 020 5.30 00.0 500.3 0.03 005.90
1 0 0 0 0003 05 12 0 5 02 9 0 0 0 00 9 0 0 4 5 1 910 02 00 9 0 20 02 03 091023 104 8023 056
000 003 0 9 00 0 0 00 89 0 0 80 007 02.0 15 00.0 02 0 9.0 10 00.5 02 0 0 1089 12 4.0 02 0.45 00.0 80.2 123.0 1.05 132.0 07.0 0.20 0 0 02 08 00.022
 8.0 89.0 
1 0 3 0 0000 45 00 0 0 02 0 2 0 1 08 0 0 1 0 5 0 900 10 40 0 0 24 02 00 090220 100 0000 056
123 123 0 9 00 0 0 12 09 0 0 82 007 00.0 00 00.4 02 0 0.0 04 00.0 10 0 5 0000 02 0.5 00 0.00 87.0 89.2 123.3 1.05 130.0 80.2 0.00 3 0 02 98 00.000
0
 0.5 09.0 00.0 10.0 50.0 100.5 020 5.30 00.2 500.3 0.03 005.00 
90.0 02.5 00.0 022.5 000 0.34 53.0 502.3 0.53 005.08
1 0 0 4 5000 00 02 0 0 00 0 2 0 0 00 9 2 1 4 0 0 910 12 45 0 0 24 02 00 801023 124 8003 056
100 003 5 9 00 0 0 10 80 0 0 02 980 02.0 15 20.0 12 0 0.0 10 02.0 00 0 0 0209 10 0.0 12 2.40 80.0 00.2 000.0 1.00 130.0 80.2 5.01 3 0 10 00 12.020
 8.5 09.0 
0 0 3 0 0003 05 10 0 0 12 0 2 0 0 08 0 2 0 4 5 0 910 00 40 0 0 00 10 20 091023 020 0023 550
000 023 5 9 00 0 2 12 80 0 0 02 080 02.4 00 23.4 02 0 0.0 04 02.0 12 3 5 1009 12 0.0 12 0.00 00.2 00.2 100.0 0.30 102.0 07.2 5.21 3 0 10 08 10.020
2
 8.5 80.2 90.2 10.0 00.3 102.5 124 5.00 50.0 030.0 0.03 020.90 
90.2 00.5 50.0 122.0 000 5.30 03.2 000.3 0.03 000.00
0 2 0 4 5123 00 00 0 0 10 0 2 0 0 00 0 2 0 0 5 1 010 10 40 0 8 20 00 20 001023 104 8103 500
120 023 5 9 00 0 2 00 00 0 0 00 900 12.0 00 00.0 02 0 0.2 14 10.0 00 3 0 1080 10 0.0 00 0.00 87.2 00.0 003.0 1.00 130.0 00.0 0.00 3 5 00 90 00.002
 8.0 09.0 
0 0 3 0 0003 05 12 5 0 10 9 2 0 0 08 0 0 0 4 0 0 010 12 40 0 0 24 10 20 891200 000 0003 050
103 100 5 9 02 8 2 12 89 0 0 02 007 10.0 05 20.4 12 0 9.2 14 10.0 00 3 0 0209 10 0.0 02 0.00 87.2 89.2 020.3 1.05 030.0 87.2 0.01 0 0 10 00 12.000
0
 0.5 00.2 90.0 10.5 50.0 100.5 100 0.30 53.0 500.0 0.50 120.00 
98.0 02.0 04.3 022.0 000 5.04 50.2 500.0 0.03 025.98

