1 0 3 0 5020 00 00 5 0 10 9 2 0 1 08 9 0 0 4 5 1 910 10 45 9 8 00 02 23 891220 000 0020 550
100 003 0 0 02 0 2 00 80 0 0 00 900 02.0 10 20.4 10 0 0.0 00 02.0 00 0 5 1209 00 0.0 02 2.00 00.2 89.2 000.0 0.30 032.5 07.2 0.20 3 0 10 00 12.00 8.0 09.0 
0 0 0 4 0020 05 10 5 5 12 0 2 0 1 08 0 0 1 0 0 0 002 00 40 0 8 20 00 00 891000 020 0120 556
020 000 0 9 10 0 2 02 89 0 1 80 987 10.4 05 23.4 00 0 9.0 04 10.5 10 3 0 0080 10 4.0 02 2.00 87.0 80.2 100.0 1.00 102.0 00.2 5.20 3 0 10 00 00.000
 0.0 80.0 90.2 00.0 54.0 100.5 120 0.30 00.2 030.0 1.50 000.08 
08.0 12.5 50.0 022.5 120 0.30 03.0 502.0 0.53 025.00
1 0 3 4 0100 40 10 5 5 02 0 0 0 0 08 9 0 0 0 5 0 910 02 05 0 8 20 12 20 801220 120 8000 550
003 120 0 0 10 8 0 00 00 0 0 80 980 02.0 05 00.4 10 4 0.0 04 12.0 10 0 0 0280 10 0.5 10 2.45 00.2 09.0 000.3 1.05 100.5 87.0 0.01 0 0 10 00 02.020
 8.0 89.2 
0 0 3 4 5020 05 12 5 5 10 0 0 0 1 00 0 0 1 0 0 1 900 00 00 9 8 04 02 20 000023 024 0020 050
003 120 5 9 12 8 0 00 80 0 1 02 080 10.0 05 23.0 02 4 0.2 04 02.0 10 0 0 0009 00 0.5 02 2.40 07.0 00.2 000.3 1.35 102.0 00.2 0.20 0 0 00 00 12.020
2
 8.0 80.0 98.0 02.0 00.0 002.0 000 5.00 53.2 000.0 1.00 005.90 
08.0 00.5 00.0 020.5 124 5.04 03.0 032.3 0.03 120.00
0 2 3 0 5003 05 10 5 0 12 0 0 0 1 20 0 0 0 0 5 0 912 12 00 9 8 00 10 20 000003 100 0100 550
100 100 5 0 00 0 0 02 89 0 1 00 907 10.0 00 00.0 00 0 0.2 10 02.5 02 3 0 1089 02 0.5 10 0.40 80.2 00.0 003.0 0.35 100.5 87.2 5.00 3 0 02 08 02.020
 0.0 89.2 
1 2 3 0 5000 00 10 5 5 00 9 2 0 0 00 0 2 0 4 0 1 902 00 00 0 0 00 12 00 801020 020 0000 056
003 000 5 9 00 8 0 00 00 0 0 80 087 02.0 05 20.0 10 0 0.0 10 00.0 00 3 0 0000 00 0.0 00 2.00 00.0 89.0 023.3 0.35 000.0 80.0 5.00 3 5 12 00 10.022
0
 0.5 80.2 90.2 02.0 50.3 120.0 004 0.34 03.0 500.3 1.53 100.90 
08.2 10.0 50.3 020.0 004 5.00 00.2 002.0 0.03 105.98
1 2 0 0 5020 40 12 0 5 12 9 0 0 1 08 9 0 1 0 5 1 902 02 00 9 8 20 12 00 800003 024 8020 500
020 103 5 0 00 8 2 10 09 0 0 82 980 10.4 00 20.0 00 0 9.2 04 02.5 00 3 0 1000 02 4.5 10 0.45 00.0 09.2 000.3 0.30 030.5 00.0 0.20 3 5 10 90 00.020
 8.0 09.0 
0 0 0 4 0103 40 02 5 5 12 0 0 0 0 00 0 2 0 0 0 0 900 10 05 0 8 00 02 03 090220 004 8100 556
023 020 0 9 12 0 0 10 89 0 0 80 987 02.4 00 23.0 10 4 9.2 14 02.0 00 0 5 0289 12 0.0 00 2.45 00.0 09.2 120.3 1.00 102.5 00.0 5.00 3 5 00 08 02.022
2
 0.0 89.2 00.0 10.5 54.3 120.0 120 0.00 00.0 532.3 0.03 100.98 
98.2 02.5 04.0 100.0 020 0.34 00.2 002.3 0.03 000.08
0 2 0 0 5020 40 10 5 5 00 0 2 0 0 20 9 0 0 4 0 0 002 12 40 9 0 00 02 03 090023 100 0020 506
000 003 0 0 12 8 0 10 89 0 0 82 900 00.0 10 00.0 00 4 0.0 04 10.5 10 0 5 1009 00 4.5 12 0.00 00.2 00.0 120.0 1.30 130.0 87.2 0.20 0 5 02 00 10.022
 0.0 09.0 
1 2 0 4 0100 40 10 0 0 00 0 2 0 0 08 9 0 0 4 5 0 900 00 45 0 8 24 00 20 800203 024 0003 556
123 023 5 0 12 0 2 02 09 0 1 80 087 12.0 05 23.4 12 0 9.0 10 12.0 00 3 5 1280 12 0.0 00 2.05 07.0 89.2 000.3 0.05 102.0 80.0 5.20 3 5 12 98 10.020
0
 8.0 09.2 08.2 00.5 50.0 120.5 104 5.30 50.0 030.0 0.53 100.08 
08.0 02.5 00.0 102.5 124 0.00 53.2 000.0 0.00 000.00
1 2 3 0 0020 05 00 5 0 00 9 0 0 1 00 0 0 1 0 0 1 902 10 05 0 0 04 02 00 091220 100 8103 006
000 100 0 0 12 0 2 02 89 0 1 80 000 00.0 15 03.0 10 0 0.0 00 10.0 12 3 5 0209 10 0.0 12 0.40 80.0 80.2 000.0 1.35 002.0 80.2 5.01 0 0 10 08 02.000
 0.0 09.2 
0 2 0 4 5020 45 02 0 0 02 9 0 0 1 20 9 0 0 0 0 0 900 00 40 0 0 04 02 00 090223 000 8020 500
000 000 5 9 02 0 0 02 80 0 0 02 080 00.0 00 03.0 10 0 0.2 14 02.0 00 3 0 0080 02 4.0 10 2.40 87.2 09.0 123.3 1.00 102.5 80.0 0.20 3 0 02 00 10.020
2
 0.0 89.2 08.0 00.0 50.0 120.0 000 0.00 50.0 530.0 1.50 020.00 
90.2 00.5 50.0 000.5 000 0.34 00.2 030.3 0.03 000.90
0 0 3 0 0023 00 02 0 5 00 9 0 0 0 20 9 0 1 0 5 1 002 12 05 9 8 20 12 00 800200 000 8000 056
120 100 0 0 00 0 0 12 80 0 1 82 987 12.4 00 23.0 10 4 9.0 10 02.0 10 0 0 0080 10 0.0 00 0.40 87.0 00.2 023.0 1.05 000.5 00.0 0.00 0 5 00 08 12.020
 8.5 00.2 
1 2 3 0 5003 00 02 0 0 10 9 0 0 1 00 9 2 1 4 0 0 010 10 40 0 8 04 10 23 890203 020 8020 006
020 103 5 9 02 8 0 02 09 0 1 02 980 00.4 00 03.0 02 0 0.0 00 10.0 10 3 0 0209 12 0.0 02 0.40 00.2 80.2 000.3 1.00 032.5 00.0 5.21 0 5 12 98 10.002
0
 8.0 09.0 90.2 10.5 54.0 002.5 004 0.04 03.0 002.0 0.00 100.00 
08.0 10.5 04.0 002.0 104 5.30 50.2 502.0 1.50 020.90
1 0 0 0 0000 05 00 0 0 10 9 2 0 1 00 9 2 1 4 5 0 000 00 05 0 8 24 12 23 890203 024 8000 500
003 000 0 0 10 8 0 10 00 0 0 80 907 10.4 10 03.0 00 4 9.2 04 12.0 12 0 0 1080 02 0.0 00 0.05 80.0 00.0 000.0 1.30 130.0 00.0 5.00 0 0 02 00 10.002
 0.5 09.0 
1 2 3 0 0020 05 02 0 5 10 9 2 0 1 00 0 2 0 0 0 0 910 12 45 0 8 20 12 23 091023 104 8100 050
003 003 5 0 02 0 2 12 89 0 0 80 000 00.4 00 20.4 00 4 9.2 04 02.5 02 0 5 0009 00 0.0 10 2.45 80.0 00.0 120.3 0.00 030.5 00.2 0.20 0 0 02 00 12.000
2
 8.5 89.2 90.0 02.0 54.0 000.5 120 0.04 53.2 500.3 0.50 005.08 
90.2 02.0 50.0 122.5 000 5.34 03.2 030.3 1.00 125.90
0 0 0 0 5000 45 00 5 5 10 9 2 0 1 08 9 0 0 0 0 0 010 12 00 9 8 20 02 20 000020 100 8103 050
100 100 5 9 10 8 0 10 89 0 0 80 907 02.0 10 23.4 10 4 9.2 00 00.5 10 0 0 1009 10 0.5 00 0.00 80.0 80.0 100.0 0.30 132.5 87.2 5.01 0 5 12 98 10.022
 8.0 00.2 
0 2 0 4 5000 05 12 0 5 12 0 2 0 0 00 0 0 1 4 0 0 000 00 40 9 0 00 00 03 090003 004 0103 000
000 000 0 0 12 8 2 12 00 0 1 02 007 00.4 05 03.0 10 4 9.0 00 12.0 12 0 0 1209 10 0.5 02 2.00 00.0 00.0 020.0 0.00 100.0 07.0 5.01 0 5 00 98 00.000
0
 0.5 09.0 08.2 02.5 00.0 000.0 120 0.04 00.0 000.0 1.50 000.08 
98.0 02.5 00.0 020.0 104 5.00 03.0 032.3 0.00 025.90
1 0 0 0 0003 40 00 5 0 12 0 0 0 0 20 9 0 0 4 5 0 010 02 40 0 0 00 00 23 000200 004 8000 006
020 003 5 0 02 8 2 02 09 0 0 02 087 02.0 10 20.0 12 0 9.0 10 12.5 10 0 5 0000 00 0.0 02 2.40 80.2 80.2 023.3 0.30 032.5 80.0 0.00 0 0 10 08 10.002
 0.0 00.2 
0 2 3 0 0120 00 12 5 0 10 9 0 0 0 20 0 0 1 0 0 0 012 00 05 0 0 24 00 00 091000 104 8003 056
103 020 0 0 00 8 0 10 09 0 1 82 087 00.0 15 00.4 12 4 0.2 00 12.5 00 3 5 1200 10 4.5 00 0.40 87.0 00.0 003.3 0.00 102.5 00.0 5.00 0 0 12 08 00.002
2
 0.0 00.2 90.0 00.0 00.3 020.5 000 5.04 50.0 502.0 0.03 100.00 
98.2 10.5 04.0 020.5 000 0.30 50.0 002.3 0.53 005.90
1 2 3 0 5023 40 00 0 5 12 0 2 0 1 08 0 2 1 4 0 0 912 00 00 9 0 20 00 23 000000 120 0103 500
120 000 5 0 02 0 2 00 09 0 1 80 900 12.4 10 23.0 10 0 0.0 04 10.0 12 3 0 0009 10 4.5 10 2.40 00.2 80.0 003.3 1.30 130.0 80.2 0.20 0 5 02 98 10.022
 0.5 89.2 
0 2 0 4 0023 40 10 0 0 02 0 0 0 1 20 9 0 0 0 0 1 910 12 05 9 8 20 02 00 890003 104 0100 506
020 103 5 9 12 0 0 02 00 0 0 80 080 10.0 15 23.4 00 4 9.2 00 02.5 10 3 5 1289 00 4.0 12 2.45 00.2 89.0 123.3 1.35 032.5 07.2 5.21 3 0 12 08 10.022
0
 0.5 89.0 08.0 02.0 50.3 122.0 000 5.30 00.0 532.3 1.53 120.90 
90.0 12.5 54.0 102.0 020 0.34 03.2 030.0 1.50 020.98
0 0 0 0 0103 00 12 5 5 10 9 0 0 0 28 0 2 0 4 0 0 910 02 05 9 0 24 00 03 001023 104 0023 006
023 023 0 9 00 8 0 00 00 0 1 00 087 02.0 15 03.0 02 4 0.0 04 02.0 10 0 0 0009 02 4.0 12 0.40 87.0 89.2 023.3 0.30 130.0 87.2 5.00 0 0 02 98 00.002
 0.0 00.0 
0 0 0 0 5120 45 00 0 5 00 0 0 0 0 20 9 2 1 4 5 0 002 00 45 9 0 20 10 00 001000 120 0100 006
000 100 5 0 10 0 0 10 80 0 0 80 007 02.0 00 23.0 10 0 0.0 14 02.5 00 3 5 1000 12 0.5 10 2.05 07.0 89.2 020.0 1.00 132.5 07.0 0.00 0 0 00 00 12.002
0
 0.0 09.0 00.2 00.5 00.3 120.5 100 0.00 53.2 032.0 1.50 000.08 
98.0 00.5 00.3 102.5 000 5.30 53.0 030.0 0.50 020.90
0 0 3 0 0003 05 02 0 0 10 0 2 0 1 00 0 0 1 0 0 0 910 02 00 9 8 20 12 23 800203 000 0000 000
120 003 0 0 10 8 0 02 89 0 1 80 007 02.0 00 03.4 10 4 9.0 00 10.5 02 0 5 1200 10 0.0 10 0.05 80.2 09.0 003.0 1.35 130.5 00.0 5.00 3 0 10 00 00.020
 8.5 89.0 
0 2 3 4 0023 05 10 0 5 10 9 0 0 0 08 0 0 0 4 0 1 910 00 00 0 8 20 00 20 090203 124 8003 506
103 120 0 0 10 8 2 00 00 0 0 80 000 00.0 00 20.4 00 0 9.0 00 00.5 00 3 5 1009 10 0.0 02 0.00 87.2 09.0 003.0 1.00 000.5 87.2 0.20 0 5 00 08 10.020
2
 0.5 80.0 00.2 02.5 00.3 000.5 024 0.00 00.2 000.0 1.50 120.08 
00.2 12.5 50.0 002.5 100 0.04 50.2 532.0 0.03 020.98
1 0 3 4 5023 45 12 5 5 12 0 2 0 1 28 9 2 0 4 5 1 910 12 05 0 8 04 02 00 891020 024 0003 000
103 100 0 0 10 8 0 00 09 0 1 82 900 00.0 00 03.0 00 4 0.2 14 12.0 02 0 5 0280 12 4.0 12 2.45 07.2 00.2 120.0 0.35 002.0 87.2 0.21 3 5 12 90 00.002
 0.5 09.0 
1 2 3 0 0000 45 10 0 0 00 0 2 0 0 20 0 2 1 0 0 1 000 10 00 9 0 00 02 03 891020 004 0020 550
123 120 0 0 10 0 0 00 89 0 1 00 007 00.0 15 20.0 12 4 9.0 00 00.5 00 3 0 1200 10 4.5 00 0.00 00.0 80.2 003.0 0.30 130.5 07.0 0.00 0 0 00 08 10.020
2
 0.5 00.2 00.0 10.0 04.3 000.0 024 5.04 03.2 532.0 0.53 125.90 
00.2 02.5 04.3 002.0 104 0.04 00.2 530.3 1.03 020.00

