0 2 0 0 5000 00 10 0 0 12 0 0 0 1 08 0 0 0 0 5 1 902 10 40 9 0 24 02 03 091203 104 8100 500
023 103 5 9 00 8 2 12 09 0 1 82 080 12.4 15 03.0 02 4 0.0 00 02.0 02 3 5 0289 02 4.0 00 2.40 07.0 80.0 123.3 1.05 102.5 00.2 0.00 3 0 12 08 00.00 8.0 09.0 
0 2 0 0 0120 05 00 0 0 00 9 0 0 1 08 0 0 1 0 5 0 902 12 40 9 0 00 10 23 091003 104 8003 000
023 003 5 9 02 0 2 10 09 0 1 02 987 10.0 10 23.0 12 0 9.0 04 10.5 02 0 0 1009 00 0.5 00 0.45 00.2 89.2 100.3 0.00 002.0 80.2 5.01 0 5 12 90 12.020
 8.0 89.2 08.2 12.5 04.0 002.0 000 0.00 50.0 000.0 1.50 125.90 
00.0 00.0 04.3 100.0 000 5.04 50.0 032.0 1.50 105.00
0 0 3 0 5100 05 12 5 5 10 0 0 0 0 00 0 2 1 0 0 0 002 00 00 0 8 04 02 20 090000 120 8000 050
020 123 0 9 10 0 0 02 09 0 1 02 000 00.4 00 20.4 00 4 0.0 00 00.5 10 0 0 0000 10 0.0 02 0.40 80.0 00.0 000.3 0.00 130.0 07.2 0.01 3 0 02 98 00.002
 0.0 09.0 
1 0 3 4 0023 45 00 0 0 00 0 2 0 1 08 0 2 0 0 5 0 002 00 00 0 8 00 00 23 801003 000 8123 000
100 003 0 9 02 8 2 00 09 0 1 00 087 02.4 10 00.0 10 0 9.0 14 10.5 12 3 5 1009 00 4.5 10 2.45 07.0 80.0 123.3 1.30 102.0 87.0 5.00 3 0 00 98 02.000
0
 8.5 09.0 90.2 10.0 00.0 100.5 100 5.30 03.2 032.0 1.00 100.90 
90.0 00.5 04.0 000.5 020 0.30 00.2 032.3 1.50 005.08
0 2 3 4 0020 00 10 5 5 12 0 0 0 1 28 9 0 1 4 5 0 900 10 05 9 0 24 00 20 890023 000 0103 506
100 100 0 0 00 0 0 02 89 0 1 02 907 12.4 00 00.4 10 4 0.0 14 02.5 00 3 0 1289 00 4.0 00 2.40 07.0 80.2 020.3 1.00 032.0 00.0 0.00 0 0 02 08 12.000
 8.5 80.0 
1 0 3 4 5003 05 00 5 0 12 9 2 0 1 00 0 0 1 0 0 0 010 02 45 0 0 20 10 03 000003 120 8100 550
003 003 5 9 10 0 2 10 89 0 1 80 080 00.0 10 03.0 00 4 9.0 14 12.0 00 3 5 0009 10 4.0 02 0.00 07.2 09.0 020.0 0.35 130.5 80.2 5.20 0 0 12 90 12.000
2
 0.0 00.2 98.2 02.5 54.0 000.5 020 0.30 00.2 000.3 1.03 120.00 
90.2 02.5 04.3 100.5 120 5.00 03.0 500.3 0.03 105.00
1 2 3 0 5003 40 02 0 0 12 9 0 0 1 00 0 2 1 4 0 0 000 12 45 9 0 20 12 03 090003 000 8000 000
020 123 0 0 12 8 0 00 80 0 0 82 007 00.0 05 20.0 02 4 9.2 04 02.5 00 0 0 0200 00 0.5 02 2.00 87.0 89.2 020.3 0.00 102.5 80.2 5.01 0 5 00 08 10.020
 0.5 89.0 
0 2 0 4 0023 45 10 5 0 00 0 0 0 0 08 0 2 1 0 0 1 910 10 05 0 8 00 02 00 090000 104 8020 006
120 123 0 0 12 0 0 10 80 0 0 82 087 00.0 15 03.0 00 4 0.2 00 12.5 02 0 5 0000 10 0.0 12 0.40 07.2 89.0 120.3 1.30 130.5 07.0 5.00 0 0 10 90 00.020
2
 0.0 80.0 08.0 10.0 54.3 020.0 024 5.30 53.0 530.0 1.03 100.90 
08.0 12.5 54.3 100.5 000 0.30 50.2 500.0 0.53 020.90
1 2 3 4 0003 40 10 0 0 02 9 2 0 1 08 9 0 0 0 0 1 012 00 05 9 8 20 00 00 000203 024 0000 500
020 000 5 0 00 8 0 10 09 0 0 80 007 02.0 00 20.0 02 4 0.2 10 02.5 10 0 5 1080 00 4.5 02 0.45 80.0 80.0 100.3 1.00 132.0 87.0 0.21 0 0 10 98 10.000
 8.5 09.0 
0 0 3 4 5023 40 10 5 5 02 0 0 0 0 28 0 2 1 4 0 0 012 00 05 0 0 20 02 23 890203 004 8023 556
000 003 5 0 02 0 0 12 89 0 1 82 080 10.0 10 03.0 12 4 9.0 10 10.0 00 0 0 0280 12 0.0 00 2.40 80.0 00.2 100.0 1.30 002.5 00.0 0.21 3 0 02 90 12.022
2
 8.0 80.0 00.0 12.0 54.3 100.0 124 0.04 03.2 530.0 0.00 120.98 
98.2 10.5 00.0 002.5 100 0.04 53.0 502.0 0.03 005.08
1 0 3 4 0020 40 02 0 0 02 0 2 0 0 00 0 2 1 4 0 0 900 10 05 0 8 04 12 00 000200 024 8023 050
120 020 0 0 00 0 2 10 89 0 0 80 007 12.0 05 20.4 02 4 0.0 00 00.5 02 3 0 1089 10 0.0 12 0.45 80.0 00.0 123.3 1.00 000.5 00.2 5.00 3 0 02 08 00.022
 0.5 00.2 
1 0 0 4 5003 00 12 0 5 00 0 2 0 0 00 0 2 0 0 5 0 910 10 05 0 8 04 10 03 801020 020 8103 056
003 103 5 9 02 8 0 10 00 0 0 00 000 02.0 10 00.4 10 4 0.0 10 00.0 02 0 0 0080 00 0.5 00 0.05 07.2 00.2 023.3 0.35 000.5 07.0 5.20 0 5 10 90 00.020
0
 8.0 89.2 00.0 00.5 50.3 002.0 124 0.34 03.0 002.0 1.53 025.00 
90.0 10.0 00.3 002.5 004 5.04 50.2 500.3 0.00 120.98
1 0 0 0 0020 00 02 0 0 00 0 2 0 1 00 9 0 1 0 0 0 002 00 05 9 8 04 10 20 890000 020 0020 506
000 020 5 0 10 0 2 02 80 0 1 02 900 10.0 10 03.0 02 0 0.0 04 00.5 02 3 0 0280 10 0.0 00 0.45 80.0 89.0 023.0 1.30 130.5 00.2 5.01 0 5 12 08 00.002
 0.0 00.0 
1 0 0 0 5100 45 12 0 5 00 9 2 0 1 28 9 0 1 4 5 0 900 12 00 0 0 20 00 00 000023 000 8100 000
120 003 5 9 12 8 0 12 89 0 1 02 007 02.4 15 23.4 10 4 0.0 10 12.0 10 0 5 0080 10 4.0 00 0.05 87.2 80.0 100.3 0.30 100.0 00.2 0.00 3 5 02 08 10.020
2
 8.5 80.2 00.0 12.0 50.3 020.0 024 0.34 00.2 530.0 0.50 005.08 
90.0 02.0 54.0 120.0 120 5.34 03.2 030.3 1.53 100.98
1 0 3 0 0000 45 10 0 0 00 9 0 0 1 20 0 0 0 0 5 1 010 02 40 0 0 00 00 03 001023 000 0120 550
103 000 5 9 12 0 0 02 00 0 1 02 900 10.0 10 03.4 00 0 9.0 00 02.0 10 0 0 0200 00 0.5 10 2.40 07.0 80.2 123.0 1.00 130.5 07.2 0.01 3 5 00 00 12.022
 8.0 80.0 
0 2 3 4 0120 00 02 5 0 02 0 0 0 1 00 0 0 1 0 5 1 010 10 00 9 8 04 12 00 090020 020 8003 056
100 023 5 9 10 8 2 02 09 0 0 80 007 12.4 10 03.0 12 0 9.0 10 10.0 10 0 0 0280 02 0.5 00 2.45 87.2 80.2 020.0 1.05 132.0 00.2 0.21 0 0 12 90 00.020
0
 8.0 00.0 00.0 10.0 00.0 002.0 020 0.00 03.2 000.3 0.00 125.00 
00.0 00.0 04.3 002.5 020 0.04 03.0 532.0 1.00 105.00
1 0 3 0 0120 05 10 5 5 00 9 0 0 0 00 0 0 0 4 5 0 912 00 00 0 0 00 12 20 090023 104 0100 000
020 100 5 9 10 8 0 12 89 0 1 80 087 00.0 15 00.4 10 4 0.0 00 12.5 10 3 5 0289 02 0.0 00 0.00 87.0 89.0 000.0 1.00 032.0 80.2 0.21 0 5 02 90 10.022
 0.0 80.0 
0 0 0 0 0120 45 10 0 5 10 0 2 0 0 20 0 2 1 0 5 1 002 00 45 0 8 04 10 20 800023 000 0103 006
000 103 0 9 10 8 0 00 09 0 0 02 087 12.0 10 20.0 00 0 9.0 04 12.5 10 0 0 1000 10 4.5 10 0.05 00.2 89.2 000.3 0.00 030.0 07.0 0.20 3 5 10 98 00.020
2
 8.0 80.2 90.0 10.0 50.0 020.0 020 0.30 03.0 002.3 0.03 005.00 
08.0 02.0 50.3 102.0 020 5.30 53.0 030.0 0.00 025.90
0 2 0 0 5120 40 12 5 0 10 0 0 0 1 00 9 0 0 4 5 0 910 00 05 0 0 20 12 03 800003 120 8120 000
103 020 5 0 12 8 0 10 80 0 0 82 900 12.4 00 20.0 10 4 9.0 14 00.0 00 0 5 0000 00 4.5 00 0.00 87.0 80.2 120.3 1.05 130.5 80.0 0.21 3 0 10 90 10.020
 0.5 80.2 
1 0 0 0 5120 40 10 5 0 00 9 2 0 1 20 9 0 1 0 0 1 010 10 00 9 8 20 00 23 800223 104 0020 506
120 020 5 0 10 8 2 12 00 0 1 00 987 02.0 15 00.4 12 0 9.0 04 02.5 12 3 5 1280 12 4.5 10 2.40 07.0 00.0 023.0 1.35 030.0 00.2 5.20 0 5 10 90 02.002
0
 8.5 00.2 08.2 02.5 04.3 102.0 120 0.00 03.0 502.0 0.00 025.90 
98.2 02.5 00.3 120.5 004 0.04 50.0 532.3 1.00 020.00
1 0 3 4 5003 45 10 0 0 00 9 0 0 1 28 0 0 1 4 0 1 010 10 05 0 8 04 02 03 801003 020 8123 000
003 020 0 0 10 0 2 02 00 0 1 00 900 10.4 10 03.0 02 4 0.0 04 02.0 02 0 5 1080 02 0.0 00 0.00 87.0 09.2 100.3 1.30 132.5 00.0 5.00 3 0 10 00 12.000
 8.5 80.2 
1 2 3 4 0003 05 02 0 5 12 9 0 0 1 20 9 0 0 0 0 1 000 10 45 9 8 24 10 20 000000 024 8000 006
020 000 0 0 00 0 0 02 09 0 0 80 987 12.0 05 00.0 00 0 0.0 00 10.0 12 3 5 0009 10 0.0 12 0.00 87.0 80.0 020.3 0.00 102.0 07.2 5.20 3 5 12 90 02.000
0
 8.0 89.0 98.0 00.0 50.0 020.5 000 5.00 03.0 030.3 1.03 025.00 
90.0 10.0 04.0 102.5 100 0.00 53.2 002.0 0.03 025.90
1 0 0 4 0020 00 02 5 5 10 0 0 0 0 08 9 2 1 0 0 1 010 12 45 9 0 20 12 00 800020 000 0003 000
023 000 5 9 10 8 2 12 00 0 1 82 000 02.4 15 03.4 02 0 0.0 00 02.0 10 3 0 0000 02 0.0 00 0.40 00.2 00.2 003.0 0.05 130.0 80.2 0.21 0 0 02 08 02.020
 0.5 80.0 
1 0 0 4 0020 00 00 5 5 02 9 2 0 0 28 0 2 1 4 5 0 002 12 40 0 8 00 00 00 891203 020 0103 050
103 003 0 0 10 0 0 12 80 0 0 02 907 00.4 15 20.0 12 4 9.2 00 00.0 12 0 0 1209 02 4.0 00 2.00 80.0 89.2 023.3 0.30 002.0 80.2 5.01 0 0 10 00 12.000
2
 8.0 00.2 90.2 00.0 54.0 002.5 000 5.34 50.0 002.3 1.53 105.90 
90.0 00.5 00.0 002.0 000 0.34 50.2 532.3 0.50 100.98
0 2 0 4 0000 00 00 0 5 02 9 2 0 1 08 9 2 1 0 0 0 002 00 45 0 8 00 12 23 890223 004 0023 500
123 100 0 9 00 8 2 02 00 0 0 82 900 02.4 10 20.0 00 0 0.0 10 00.5 00 0 0 1080 02 0.5 00 2.05 00.0 80.0 120.3 0.30 002.5 87.0 0.21 3 5 02 00 00.000
 8.5 00.0 
0 0 3 4 0120 00 10 5 0 00 9 0 0 0 28 0 2 0 4 0 0 012 00 00 0 8 04 12 20 800203 120 8000 056
103 000 0 0 00 8 2 00 09 0 1 02 080 00.0 10 00.0 02 0 9.2 10 10.0 12 3 0 0209 00 0.0 00 2.40 80.2 80.0 103.3 1.05 102.0 00.2 5.00 3 0 00 00 00.020
2
 0.5 00.0 98.2 10.0 04.0 102.0 104 5.00 50.2 502.0 1.00 005.90 
98.0 12.5 00.3 000.0 004 0.00 50.0 530.0 0.03 000.98
0 0 0 0 0100 00 02 5 5 00 9 0 0 0 08 9 0 1 0 5 1 010 10 45 0 8 00 00 03 800020 024 8023 056
100 123 0 0 00 0 2 02 00 0 1 82 900 12.4 15 00.0 10 0 9.2 00 02.0 02 3 5 0009 12 4.5 10 0.00 80.2 00.2 000.3 0.35 132.5 00.2 0.20 0 5 10 98 02.002
 8.5 80.0 
0 0 3 0 5020 45 00 0 0 10 0 0 0 1 08 0 0 0 0 0 0 002 12 05 9 8 00 02 00 091003 104 8100 000
120 000 0 0 10 8 0 00 00 0 0 02 907 12.0 05 00.4 12 4 0.2 00 12.5 12 0 5 1089 02 0.5 00 2.40 00.0 80.0 020.0 0.05 030.0 00.0 0.21 3 0 10 98 12.000
0
 0.0 00.2 00.0 00.0 50.3 000.0 000 5.00 00.0 502.0 1.03 005.08 
90.0 10.5 54.0 122.0 120 5.00 03.2 530.0 0.03 005.90

