0 0 0 4 0120 40 00 0 0 02 0 2 0 0 08 9 0 1 0 5 0 010 00 40 0 8 04 00 20 890000 024 8000 000
020 003 0 0 10 8 0 00 00 0 0 02 000 10.0 00 03.4 10 0 0.2 00 02.5 10 0 0 1080 10 0.0 00 2.05 80.0 09.2 023.0 1.35 032.5 00.0 0.00 0 5 00 08 10.02 8.5 89.0 
1 0 3 0 0023 00 02 5 0 02 9 0 0 1 20 9 0 1 4 5 0 002 00 45 0 8 20 10 03 001200 104 8103 550
120 023 0 9 02 0 0 00 09 7 1 00 907 10.4 10 20.0 02 0 9.2 10 1
 8.5 00.2 
1 2 3 4 5120 00 02 5 5 02 9 2 0 0 20 9 2 0 4 0 0 900 10 05 0 0 00 00 03 890020 024 0023 500
003 023 0 0 02 0 2 00 09 0 0 00 000 02.0 10 23.0 02 0 0.0 14 02.5 02 0 0 0200 00 0.5 02 2.45 80.0 80.2 000.3 0.30 132.0 00.2 0.00 0 0 00 08 02.002
0
 0.5 00.0 98.2 00.0 00.0 000.0 104 5.04 00.2 500.3 0.00 125.90 
00.0 00.5 54.0 000.5 104 0.00 03.0 002.3 0.00 120.90
1 0 3 0 0000 40 10 0 0 12 0 2 0 1 00 0 0 0 0 5 0 010 12 05 9 8 24 00 20 891203 19 00 0.5 00 2.00 80.0 80.0 020.3 0.30 000.0 80.2 0.00 3 5 10 00 02.022
 0.0 09.2 
1 2 3 0 5103 00 10 5 0 02 9 2 0 1 28 9 00 00 89 3 1 00 900 00.0 10 20.0 00 0 0.0 10 02.0 12 0 0 1089 02 4.0 10 2.00 00.0 00.0 120.500.0 0.50 100.00
0 0 3 0 0120 40 12 5 0 00 9 0 0 1 00 9 0 0 0 5 1 002 12 05 0 8 24 12 20 000203 004 8120 500
103 103 5 0 02 8 2 00 00 9 0 00 900 10.4 05 03.0 12 0 9.0 10 12.5 02 3 5 1009 00 0.0 02 2.40 00.2 89.2 003.0 0.05 030.0 80.0 0.01 3 5 12 08 12.000
 0.0 89.0 
0 2 0 4 0020 05 12 5 5 02 9 0 4 0 28 0 2 0 0 0 0 012 00 45 0 0 24 02 03 801220 124 8000 056
100 003 0 9 12 8 0 10 80 0 0 00 900 12.4 15 03.4 10 4 9.0 04 12.5 10 0 0 0000 10 0.0 00 0.05 07.2 89.2 123.3 1.35 030.5 07.0 0.01 3 5 10 90 00.500
2
 0.0 09.2 00.0 02.0 04.3 120.5 120 0.04 53.0 000.0 1.50 020.98 
08.0 02.5 00.3 000.5 000 5.34 03.0 000.0 0.00 100.90
0 0 0 0 0003 40 02 5 0 00 9 2 0 0 28 9 0 1 0 0 1 910 10 0000 0 20 02 03 000203 120 8100 550
000 020 0 9 12 0 2 12 80 0 0 00 907 10.4 15 03.4 02 4 9.2 00 02.0 10 0 5 0280 10 0.0 00 0.00 00.0 80.0 123.0 0.05 130.0 87.0 0.00 0 5 10 00 00.002
 0.0 09.0 
1 0 0 4 0023 40 10 5 5 00 0 2 0 1 08 9 2 1 0 0 1 000 12 05 9 0 00 10 00 891200 024 0100 000
103 023 0 0 00 8 2 00 89 0 0 80 087 12.0 05 20.0 02 4 0.0 10 00.0 10 0 0 0000 00 4.0 10 0.05 07.2 89.0 103.0 0.30 000.5 80.0 0.20 3 5 12 00 02.600
0
 8.0 09.2 00.2 00.5 00.3 122.0 100 0.00 50.2 002.0 0.50 105.00 
08.2 02.5 54.0 120.5 000 0.30 53.2 500.0 0.50 005.08
1 2 0 0 0020 05 12 0 5 10 9 2 0 1 20 9 2 1 4 5 1 000 02 45 0 0 04 00 03 090223 120 0003 006
023 120 5 0 02 0 2 00 00 0 0 82 080 02.0 00 20.0 12 0 9.0 10 02.5 12 3 5 0209 12 4.0 10 2.00 80.0 00.0 020.3 0.30 100.0 80.2 0.20 3 0 10 00 10.020
 0.0 00.0 
0 2 3 0 0000 40 12 0 5 00 9 0 0 0 00 9 2 0 4 5 1 012 00 00 0 8 00 12 00 800200 120 8103 500
000 123 0 0 00 0 2 02 89 0 1 02 907 10.0 10 23.0 10 0 9.2 04 12.5 10 3 5 1080 10 0.0 00 0.40 00.0 89.0 100.0 1.35 030.5 87.2 0.20 3 5 00 00 00.000
2
 8.0 89.0 08.2 10.5 04.0 100.0 100 0.00 53.2 002.3 0.50 100.90 
90.2 02.0 04.0 002.5 000 5.00 00.0 030.0 1.03 000.08
1 2 3 0 0003 40 02 5 5 12 0 2 0 1 08 9 2 0 0 5 0 000 00 40 9 0 24 00 20 890000 000 0120 050
100 120 5 0 10 8 0 00 89 0 1 02 087 00.4 00 20.0 10 0 0.2 04 00.0 02 3 5 1289 10 4.5 02 0.40 87.0 89.2 103.3 0.35 030.5 80.0 0.20 0 0 00 00 02.022
 0.0 00.2 
0 0 3 4 5000 00 12 5 5 10 0 0 0 1 08 0 0 1 0 0 1 002 02 05 0 8 00 02 23 000020 104 8023 050
020 000 0 9 10 0 0 00 80 0 0 00 000 00.0 10 20.4 02 4 0.0 00 02.5 02 0 0 1089 00 0.0 12 2.05 00.2 80.0 103.3 1.05 100.5 80.2 0.20 0 0 00 08 10.022
0
 0.5 00.2 00.2 02.0 04.0 120.5 124 0.30 00.0 032.3 0.00 025.00 
08.2 10.0 00.3 002.0 104 0.04 03.2 032.3 1.00 000.00
0 0 3 4 5100 45 12 0 5 02 0 2 0 1 28 9 0 0 4 0 0 900 02 00 9 8 24 12 00 090223 100 8020 506
003 000 5 0 02 0 2 00 00 0 0 00 080 02.4 05 20.0 00 4 9.0 10 02.5 12 3 0 1280 10 0.0 12 0.00 80.2 00.0 023.3 1.35 000.0 00.0 0.21 0 0 10 00 02.020
 8.0 80.2 
0 2 0 0 0003 45 10 5 0 10 0 0 0 0 28 0 0 0 4 0 0 910 00 00 9 0 00 00 00 800003 004 8023 506
100 000 5 9 12 0 2 12 80 0 1 82 007 00.4 00 20.4 00 0 9.2 00 00.0 02 0 0 1209 10 0.5 12 0.00 00.0 89.0 120.0 0.05 100.5 07.0 5.20 3 5 02 90 00.020
2
 0.0 00.0 90.2 12.0 00.3 022.5 124 0.30 53.2 502.0 0.00 005.90 
00.2 02.5 04.3 120.0 000 5.00 50.0 002.0 0.00 100.00
0 0 0 4 5003 00 02 0 5 02 9 0 0 1 00 9 2 1 4 5 1 902 12 05 0 0 24 10 20 001000 104 0123 000
003 123 0 0 12 8 2 10 89 0 1 00 080 02.0 00 20.0 02 0 9.0 04 10.0 00 0 0 0200 00 4.0 12 2.00 00.0 00.0 000.0 1.05 030.5 00.2 5.21 0 5 00 90 12.022
 0.5 00.0 
0 2 3 4 5023 45 10 5 0 12 0 2 0 1 08 9 0 1 0 0 0 000 10 00 0 0 20 10 03 000020 120 0020 550
020 103 0 0 12 0 0 00 00 0 1 00 000 12.0 15 23.4 00 4 0.0 00 00.0 12 0 0 1200 10 4.0 10 2.00 87.2 00.0 100.0 1.00 132.0 87.0 5.00 0 5 00 98 10.000
2
 0.0 09.2 90.0 12.5 00.0 100.5 100 0.34 53.2 000.3 0.50 020.98 
08.0 12.5 00.0 100.0 104 5.00 53.0 030.0 1.00 125.08
1 2 0 4 0000 45 12 0 0 10 9 0 0 1 28 0 0 1 4 5 0 900 02 45 0 8 24 00 00 000000 120 0003 006
003 003 0 9 10 0 0 12 00 0 1 00 007 12.4 00 23.0 00 4 9.0 10 10.5 00 0 5 1089 00 0.5 10 0.05 07.0 09.2 100.3 1.35 000.0 00.0 0.01 3 5 00 00 12.022
 8.0 80.2 
0 2 3 4 0123 00 12 5 5 02 9 2 0 0 08 0 0 0 4 5 0 012 02 05 0 8 00 10 03 891000 120 0120 050
023 000 0 9 00 8 2 00 09 0 0 02 980 00.0 00 03.0 02 0 9.0 14 10.0 02 0 5 0280 10 4.5 02 2.45 07.2 00.0 103.3 1.00 000.0 00.0 0.01 3 5 10 08 02.020
2
 0.5 09.2 90.0 02.5 54.0 102.0 024 5.04 50.2 500.3 1.53 000.90 
98.0 00.5 04.0 020.5 000 5.34 53.0 530.3 1.00 020.90


655360000000.000000
-655360000000.000000