0 0 0 4 0000 00 10 5 0 00 0 2 0 1 20 0 0 0 4 0 1 002 02 45 9 0 00 02 23 800003 104 8000 056
023 100 0 0 12 0 0 10 89 0 1 82 980 10.0 00 23.4 02 4 9.2 00 02.5 10 0 0 0009 10 4.5 02 0.45 00.0 00.2 103.0 1.05 132.5 87.0 0.00 0 0 12 98 10.02 0.0 09.0 
1 2 0 4 5123 05 00 0 5 10 9 0 0 1 08 9 2 1 0 5 1 012 02 00 9 0 24 00 23 000220 004 8123 006
020 000 0 0 00 0 2 00 80 0 0 00 007 02.4 00 20.4 12 0 9.2 14 10.0 10 3 5 0080 12 4.5 12 2.40 00.0 00.2 100.3 0.35 030.5 00.0 0.00 0 0 00 08 00.022
 0.0 80.0 98.0 00.5 50.0 000.0 100 0.30 00.0 032.3 0.00 100.00 
98.2 10.5 54.3 120.0 104 0.30 53.2 500.0 0.00 020.08
0 0 3 0 5100 00 10 5 5 02 0 0 0 1 28 9 2 0 4 5 0 910 12 45 9 0 24 12 00 890203 000 0023 056
100 000 0 0 00 0 2 00 09 0 1 02 907 12.4 05 00.0 10 4 9.0 04 00.0 12 3 0 1000 00 0.0 10 0.40 00.2 80.0 103.3 0.00 130.0 07.0 0.21 0 0 10 90 00.022
 8.5 80.0 
1 0 0 4 5100 40 10 0 0 10 0 2 0 0 20 0 2 1 0 5 1 002 00 40 0 8 20 00 00 891220 000 0100 000
103 100 0 9 00 8 2 02 80 0 1 00 000 10.0 10 20.4 10 0 9.0 00 00.0 00 0 0 0089 00 0.0 02 0.05 07.0 00.0 020.0 0.35 100.0 80.0 5.00 3 0 12 98 10.002
0
 0.0 09.0 98.0 12.5 04.3 022.5 100 5.00 03.2 530.0 0.50 000.08 
08.2 10.5 04.3 022.0 104 0.34 53.2 032.3 1.53 025.00
1 0 3 4 5120 45 00 5 5 10 9 2 0 0 20 0 2 1 4 5 1 010 12 40 0 8 04 00 20 000020 024 8123 556
003 100 0 9 02 0 0 00 80 0 0 82 007 02.4 05 00.4 12 4 0.0 00 00.0 02 0 5 1289 10 4.5 02 2.00 07.0 09.0 023.3 0.30 000.5 00.0 0.01 0 0 00 98 00.022
 0.0 80.0 
0 2 3 4 5123 00 10 0 0 02 0 0 0 1 28 9 00 02 09 0 1 02 980 00.0 10 00.0 02 0 9.0 14 00.0 12 3 0 1000 00 4.5 12 0.45 07.0 80.2 000.3 0.35 100.0 87.2 5.01 0 5 00 00 02.002
 8.5 89.2 
0 2 0 4 0100 40 02 é 0 02 9 2 0 1 08 9 2 1 0 5 0 902 00 40 0 0 04 10 20 001203 020 0100 506
100 103 5 9 02 0 0 02 80 0 0 80 087 10.0 00 00.4 12 0 9.2 10 02.0 10 0 0 0289 02 4.5 10 2.45 87.0 80.0 020.3 0.00 032.0 00.0 0.20 3 5 02 90 02.020
0
 0.0 00.0 90.2 00.5 04.3 000.5 020 0.00 03.0 000.3 0.03 100.00 
00.2 12.0 04.3 122.0 104 0.34 03.2 002.0 1.00 000.08
1 2 3 0 5123 00 12 0 5 02 9 0 0 1 00 9 2 0 4 0 1 902 10 40 9 8 24 02 23 091000 100 8123 056
020 023 5 9 10 0 2 02 80 0 1 02 000 00.0 05 03.0 12 0 0.0 10 10.5 12 3 5 1000 12 0.5 00 2.40 07.2 00.2 003.0 0.05 030.0 00.2 5.01 0 0 02 08 12.000
 0.5 00.0 
0 0 0 4 0000 00 02 0 0 00 0 0 0 1 00 9 2 1 0 0 0 900 10 00 0 0 04 10 03 090200 120 0123 500
023 020 5 0 00 0 0 00 00 0 0 82 087 10.4 05 03.0 00 4 0.2 00 02.0 12 0 0 0000 12 4.0 00 0.00 87.2 89.0 000.3 1.00 130.0 00.2 5.00 0 0 02 00 10.020
0
 8.5 89.0 90.2 02.0 04.0 102.5 024 5.30 03.2 032.3 0.50 025.08 
08.0 12.0 04.0 120.0 004 0.00 53.0 530.0 0.03 005.98
0 0 0 0 0000 45 10 0 0 02 9 2 0 1 20 0 2 0 0 5 1 010 12 40 0 8 04 10 00 890000 100 8120 050
020 100 5 9 10 8 0 12 00 0 0 02 087 00.0 05 23.0 00 0 9.0 00 10.5 10 0 5 1200 02 4.0 02 0.45 80.0 00.2 000.0 1.30 102.5 87.2 5.00 0 0 02 00 00.000
 8.0 89.2 
0 0 0 0 0023 00 02 0 5 02 0 0 0 1 28 0 0 1 0 5 1 900 00 40 0 8 20 12 00 091000 000 8000 056
120 100 0 9 00 0 0 02 80 0 0 80 000 00.0 00 00.4 12 4 0.2 10 00.0 02 3 0 0089 02 0.0 00 2.05 87.2 09.2 120.3 0.00 102.0 00.2 0.21 0 5 02 90 10.020
2
 0.5 89.0 98.0 02.0 04.3 000.0 100 5.04 00.0 502.3 0.00 020.98 
90.2 10.0 50.0 102.5 024 0.00 53.2 032.0 0.50 100.98
1 0 0 0 0020 45 10 5 0 12 0 2 0 1 00 0 2 1 0 0 0 000 12 00 0 8 04 02 23 801203 100 8120 506
000 020 5 9 10 8 0 10 00 0 0 00 907 00.0 00 00.0 10 4 0.2 00 12.0 10 0 0 1289 00 4.0 12 0.00 87.0 80.0 000.0 0.30 002.0 80.0 0.00 0 0 00 00 10.022
 8.5 00.2 
0 2 3 4 0003 40 12 0 0 02 0 2 0 1 20 9 2 1 0 0 1 900 02 40 9 0 20 00 20 801003 020 0100 500
000 120 5 9 00 0 0 02 00 0 0 80 987 02.0 10 20.4 00 4 9.2 00 10.0 02 0 5 0200 00 0.0 00 0.40 07.0 89.0 103.3 0.30 000.0 80.0 5.00 0 5 12 90 12.020
0
 8.5 00.0 00.2 12.0 04.3 002.5 124 0.04 00.0 530.0 0.50 105.90 
98.0 10.5 50.3 000.0 100 5.04 00.2 000.0 1.50 125.90
1 0 3 0 0000 45 02 0 0 00 9 0 0 1 08 9 2 1 0 5 0 002 02 45 9 8 00 02 03 800203 000 8100 556
020 103 0 9 00 8 0 02 00 0 0 00 007 12.0 00 00.4 02 4 0.2 14 10.5 12 0 0 0089 00 4.0 10 0.40 80.2 09.0 100.0 0.00 100.0 00.2 0.20 0 0 02 08 00.002
 8.0 00.0 
1 0 0 4 0103 05 12 0 5 02 0 0 0 1 20 9 0 1 4 5 0 002 10 05 0 8 24 12 23 000000 104 8003 550
120 100 0 9 10 0 0 00 09 0 0 82 900 02.4 10 00.0 10 0 9.2 00 10.0 10 3 0 1200 00 4.0 00 0.40 00.0 89.2 120.0 0.35 002.0 87.2 0.20 3 5 02 90 02.000
0
 8.5 89.0 08.0 10.5 00.3 100.0 104 0.30 50.0 032.0 1.00 105.00 
90.2 12.5 54.3 122.5 104 0.00 03.2 002.0 0.50 125.90
0 0 3 0 0100 00 00 5 0 12 9 2 0 0 00 0 2 0 0 5 1 010 10 05 9 0 04 10 03 001200 120 8123 050
000 100 5 9 10 8 0 10 09 0 1 82 087 10.4 15 23.0 02 0 9.0 00 12.0 00 3 0 1289 00 0.0 10 0.00 00.0 00.2 003.3 0.05 100.5 87.2 5.21 0 5 10 08 00.000
 8.0 09.2 
0 2 0 0 0023 45 00 0 0 12 0 2 0 0 20 0 2 1 4 0 1 000 10 00 0 0 00 02 20 801203 104 0020 000
000 000 5 0 12 8 0 10 09 0 0 82 087 00.0 05 00.0 02 0 0.2 14 00.5 02 0 5 1089 10 4.0 10 2.40 07.0 00.2 103.0 0.05 032.5 87.0 5.20 3 5 02 00 02.000
2
 8.0 00.2 08.2 00.0 50.0 022.5 104 5.30 03.2 032.3 0.53 125.00 
98.0 00.5 04.3 000.5 100 5.00 00.0 032.3 0.53 005.00
0 0 0 0 0120 40 02 0 5 10 0 0 0 0 00 0 2 1 0 0 1 002 10 00 0 0 20 10 20 000003 020 8100 000
120 023 0 0 10 0 0 00 80 0 1 02 000 02.0 10 03.4 10 0 9.2 04 02.5 00 3 0 0080 00 0.0 00 0.00 07.2 80.0 120.3 0.00 100.0 87.0 5.00 0 0 10 08 00.000
 0.5 09.2 
0 0 0 0 0023 00 02 0 0 02 0 2 0 1 00 0 2 0 4 5 1 912 02 40 0 0 00 12 03 891220 000 0023 550
020 023 0 9 12 8 0 02 00 0 0 00 007 10.0 05 00.4 10 4 9.2 04 02.0 12 0 0 1209 10 4.5 10 2.00 00.0 80.0 123.3 0.35 132.5 07.0 5.21 3 5 02 90 10.020
2
 8.5 89.0 00.2 00.0 50.3 000.5 120 0.00 03.0 500.3 0.50 025.90 
98.0 02.0 04.0 000.0 120 0.34 03.0 532.3 0.50 005.00
0 0 0 0 0023 45 02 0 5 02 9 0 0 1 20 9 0 0 0 5 0 010 10 05 0 0 20 10 20 890023 000 0100 000
123 100 5 9 02 8 0 02 89 0 1 00 900 02.0 15 03.4 02 0 0.0 00 10.0 12 3 0 1000 12 4.0 00 0.05 07.0 00.0 120.0 1.30 030.5 80.0 5.01 3 0 12 90 10.000
 8.0 09.0 
1 0 0 0 5123 00 02 0 0 10 9 2 0 1 00 9 0 0 0 0 0 902 10 00 9 8 04 12 20 800203 024 8120 000
120 020 5 0 00 8 0 12 09 0 1 80 980 12.4 10 23.0 12 4 0.0 00 10.5 10 0 0 1200 12 0.0 02 0.05 07.2 89.2 100.0 0.30 102.0 07.2 5.20 3 0 10 08 10.022
0
 0.5 00.2 90.2 10.0 54.3 000.5 000 5.34 03.0 000.0 0.03 125.00 
08.2 00.0 00.0 000.5 100 0.30 50.0 532.3 1.50 020.98
1 0 0 0 5003 00 02 5 0 00 0 2 0 0 08 9 2 0 4 0 1 912 10 40 0 0 24 12 00 891003 120 0103 056
003 000 0 0 12 8 0 00 80 0 1 00 000 10.4 00 20.4 10 0 0.2 00 00.5 00 0 0 1200 00 0.5 10 0.40 87.2 00.0 003.0 0.05 032.0 80.0 0.01 0 5 12 08 10.002
 8.0 00.2 
0 2 0 0 0023 40 10 0 0 02 0 2 0 1 00 0 2 1 4 0 0 912 02 45 9 8 20 00 20 090023 000 8023 000
123 023 0 9 00 0 0 02 00 0 1 80 987 10.0 00 20.0 02 4 9.0 00 10.0 02 3 5 1009 10 4.5 10 0.00 00.2 80.0 020.0 1.35 000.5 80.2 5.01 3 5 00 00 10.002
0
 0.0 00.0 08.2 02.0 00.0 000.5 004 0.00 00.2 030.3 1.03 020.00 
00.0 12.0 04.0 102.5 000 5.30 00.2 002.3 1.50 105.90
0 2 0 0 5023 05 12 5 0 00 9 0 0 1 28 9 0 1 4 5 0 910 10 45 0 0 00 10 03 800220 020 8000 506
003 103 0 0 00 0 2 00 09 0 0 00 900 00.4 15 03.4 12 0 0.0 10 12.5 10 3 5 0009 10 0.0 12 0.00 00.2 89.0 123.3 0.05 130.5 00.0 5.00 0 0 02 08 12.002
 0.0 09.0 
1 2 3 0 0000 00 02 5 5 12 0 2 0 1 20 0 0 0 0 5 1 912 00 05 9 0 00 02 00 800203 100 8120 000
020 003 0 9 12 0 0 02 00 0 1 02 087 10.0 00 23.4 10 0 0.0 14 00.0 10 3 5 0289 02 0.0 00 2.00 00.0 80.0 023.3 0.05 132.5 07.2 0.00 0 0 12 98 00.000
0
 0.5 09.2 08.0 02.5 00.3 100.5 004 0.04 00.2 530.3 1.03 125.98 
08.2 02.0 04.3 022.5 100 0.34 50.2 032.0 1.00 100.98
1 2 0 4 0100 05 02 0 5 00 0 2 0 0 00 0 0 1 0 5 0 000 10 40 0 8 04 12 00 800023 024 8123 006
023 003 5 0 10 0 2 10 00 0 1 80 980 12.4 05 03.4 12 4 0.2 10 10.0 10 0 0 0080 00 4.0 10 0.05 00.2 09.2 023.0 1.05 102.5 87.0 5.00 0 5 02 90 00.000
 0.5 00.2 
1 0 3 0 0103 05 12 0 0 10 0 2 0 1 00 0 0 0 4 0 1 912 02 00 9 8 04 10 00 000003 004 8023 556
103 000 5 0 00 8 2 00 80 0 0 02 900 12.0 05 00.0 10 4 0.0 14 10.0 00 0 5 0209 10 0.5 12 0.40 07.0 00.0 003.3 0.35 000.5 80.0 0.20 3 5 00 00 00.022
2
 8.0 00.2 98.0 00.0 00.3 000.5 024 5.34 53.0 000.3 0.50 125.08 
98.2 02.0 54.3 122.0 000 0.34 50.2 000.0 0.03 025.98

