1 2 0 4 5103 45 10 5 0 10 0 2 0 0 00 0 0 0 0 0 1 902 12 00 0 0 04 00 20 800200 104 8120 000
020 020 0 0 12 8 0 00 80 0 1 80 900 00.4 15 20.0 02 0 9.0 00 00.5 00 3 5 1209 00 0.0 10 2.40 87.2 00.0 023.0 1.05 132.5 87.2 0.00 3 0 10 00 12.02 0.0 80.0 
0 2 0 0 5123 45 00 5 5 10 0 0 0 0 20 0 0 0 0 0 1 002 10 40 0 0 04 12 00 001200 000 8023 500
100 023 5 9 12 8 0 02 00 0 0 80 900 10.0 05 00.4 10 0 9.0 00 12.5 00 3 0 0080 00 0.5 00 2.05 80.2 00.0 120.3 0.05 032.0 00.2 0.20 3 0 10 98 12.000
 0.0 80.2 90.2 00.0 50.0 122.0 004 0.04 03.2 032.3 0.53 105.08 
00.0 00.5 04.0 022.5 020 0.30 03.2 500.0 0.03 000.08
0 2 3 0 5000 05 12 5 5 00 0 2 0 1 20 9 2 1 4 5 1 910 02 05 9 0 24 00 20 091020 024 0120 000
123 100 5 0 00 0 2 00 00 0 0 00 987 02.0 15 23.0 00 0 0.2 10 12.5 10 3 0 0200 10 0.0 12 0.00 00.2 89.0 003.0 0.00 002.0 80.2 0.00 3 0 00 98 12.000
 8.5 80.2 
1 2 0 0 0100 00 02 5 0 12 0 2 0 0 28 0 2 0 0 5 0 902 10 40 0 0 20 02 00 891203 004 0003 006
123 000 5 9 00 8 0 10 89 0 1 80 000 02.0 05 00.4 00 0 0.2 14 00.5 00 3 5 0089 00 0.5 10 2.00 00.0 80.0 120.0 0.35 002.0 80.0 0.20 3 5 12 00 10.020
0
 8.5 00.2 00.2 00.5 04.3 120.0 004 0.04 00.0 030.3 1.50 025.98 
90.2 10.5 04.0 022.5 024 0.04 53.0 530.0 1.00 105.08
0 0 0 0 5120 45 12 5 5 00 0 2 0 1 00 9 0 0 0 0 0 000 00 45 9 0 24 00 20 800020 004 0000 050
123 020 0 9 00 0 2 00 89 0 1 80 980 00.0 10 00.0 00 0 9.0 00 10.0 12 0 5 1289 10 4.0 02 0.00 07.2 09.2 000.3 1.30 030.0 87.2 0.00 3 0 12 00 10.022
 0.5 80.2 
1 0 3 0 0003 00 02 5 5 10 0 2 0 0 20 0 0 1 4 5 0 902 12 00 9 8 00 12 00 001000 100 0020 006
103 000 0 9 02 0 0 10 00 0 1 80 007 00.4 00 23.0 12 0 0.2 04 00.5 10 0 5 1209 02 0.0 10 0.40 00.0 00.0 023.0 1.00 000.5 87.2 5.21 0 0 10 98 00.000
2
 8.0 80.0 08.2 02.0 04.0 020.5 020 5.00 00.2 532.0 0.50 105.98 
00.2 00.0 54.0 000.5 000 0.04 03.0 532.3 0.03 025.00
0 2 0 4 0003 45 10 5 0 12 9 2 0 0 08 0 2 0 0 5 1 902 12 05 9 8 04 00 03 001003 104 8120 006
000 020 5 9 00 0 0 00 80 0 0 00 080 12.0 00 23.0 12 0 0.2 00 00.0 10 0 5 1009 00 0.0 00 0.05 00.2 89.0 020.0 0.00 000.5 00.2 5.00 3 5 02 98 02.020
 0.5 00.0 
0 0 3 0 0020 05 00 0 0 00 9 0 0 1 20 9 2 1 4 0 0 900 00 45 9 0 04 00 23 090200 004 8103 556
003 103 0 9 10 0 0 00 00 0 1 02 087 10.4 05 00.0 02 0 0.0 00 00.5 12 0 5 0080 00 4.5 10 2.40 80.2 80.2 120.0 1.35 130.0 87.0 0.20 3 0 00 08 00.020
0
 8.0 89.2 08.2 00.5 04.3 102.5 000 0.00 53.0 030.0 0.53 020.00 
98.0 02.0 54.0 102.0 004 0.34 00.2 030.3 0.03 125.90
0 0 3 4 5000 00 00 0 0 00 0 2 0 0 28 9 0 1 4 5 1 000 12 05 0 0 04 10 03 891220 020 8020 506
000 000 5 9 12 0 0 02 00 0 1 02 980 10.0 00 03.4 00 4 0.2 00 10.0 02 0 5 1000 10 4.0 12 2.00 07.2 80.0 123.0 0.00 100.5 87.0 0.21 0 5 02 00 00.000
 0.5 80.0 
0 0 0 4 5020 45 10 0 5 10 0 0 0 0 00 9 0 1 0 5 0 910 02 05 0 0 04 10 23 801220 124 0020 506
100 120 0 9 10 0 0 10 80 0 0 80 087 00.4 05 03.0 00 4 9.0 00 10.0 10 0 0 1280 02 4.0 02 0.05 80.0 00.0 020.3 1.00 032.5 00.2 5.01 0 0 02 98 00.020
2
 0.0 00.0 90.2 10.0 00.3 100.0 020 0.34 53.0 532.0 1.53 000.00 
08.2 02.5 04.3 022.0 124 0.00 03.0 030.0 0.53 100.08
0 2 0 4 5123 40 12 5 5 02 9 2 0 0 20 0 0 0 0 0 0 000 00 00 0 8 00 00 20 890200 100 0103 500
000 123 5 0 12 0 2 10 00 0 0 00 080 02.4 00 20.4 12 0 0.0 00 02.5 10 3 0 1280 02 4.0 00 0.40 07.0 89.0 100.0 1.05 000.0 00.0 0.01 3 0 12 08 12.022
 8.0 80.0 
0 2 3 4 5000 00 00 5 5 00 9 2 0 1 20 9 0 0 0 0 0 902 12 40 9 8 00 10 23 891203 000 0120 556
003 103 0 9 00 0 0 10 00 0 0 82 000 00.0 05 23.4 02 0 0.0 14 00.0 10 0 5 1000 10 0.0 12 2.05 00.0 00.0 003.3 0.05 132.5 87.0 0.01 3 5 12 08 10.022
0
 8.0 09.2 98.2 10.0 54.3 120.0 124 5.34 03.2 502.0 0.50 005.00 
98.2 02.5 00.0 000.0 004 5.04 00.2 500.0 0.00 120.00
1 0 0 0 0123 00 12 5 5 10 0 2 0 0 00 0 2 1 4 5 1 012 00 00 0 0 20 10 00 890003 000 0000 550
103 020 5 9 02 0 2 00 00 0 1 80 987 02.4 00 03.0 12 0 9.0 04 02.5 12 0 5 0000 12 0.0 12 2.45 87.2 00.0 003.0 1.05 002.5 87.0 5.01 3 0 12 90 10.002
 0.0 00.2 
1 2 3 0 5000 05 00 5 5 10 0 2 0 0 08 0 0 1 0 0 0 010 10 05 0 8 24 00 00 890203 024 8003 050
000 123 0 0 00 0 0 02 00 0 0 02 900 00.4 00 03.4 12 4 0.0 00 00.0 10 0 0 1200 02 0.5 02 0.05 00.2 80.2 003.0 1.35 102.5 80.0 0.21 0 5 12 00 02.000
0
 0.0 00.0 90.2 02.0 00.3 000.0 020 5.34 00.0 500.0 0.50 125.08 
08.2 02.5 50.3 002.0 100 0.00 00.2 000.0 0.00 105.90
1 2 0 4 5003 40 02 5 5 02 9 2 0 1 00 0 0 1 0 0 0 012 00 00 9 0 20 10 23 800003 120 0103 500
120 100 5 9 10 8 0 02 09 0 0 80 087 10.4 10 23.0 02 0 0.0 04 02.0 00 0 0 1000 02 4.5 00 0.00 80.2 80.2 000.0 1.00 102.5 00.2 0.00 0 5 02 08 02.000
 0.5 89.2 
1 2 0 0 0120 40 10 0 0 10 9 0 0 0 20 9 2 0 4 5 0 902 10 40 0 0 24 00 23 890020 100 0020 550
123 103 0 0 00 0 2 02 89 0 0 82 980 12.0 00 20.0 02 4 9.2 00 10.0 10 0 0 1009 12 4.5 02 2.05 87.2 80.0 023.0 1.35 130.0 00.0 0.21 0 0 00 98 12.022
2
 0.5 00.2 90.0 12.0 00.3 120.0 020 0.30 50.2 032.0 0.50 105.08 
00.0 00.0 50.0 120.5 100 5.04 03.0 530.0 0.50 005.90
1 0 0 4 5123 40 00 0 5 10 0 2 0 0 28 0 0 1 0 5 0 912 02 45 0 8 04 10 23 000203 120 0000 506
120 000 0 9 10 0 2 10 09 0 0 82 980 12.4 15 03.4 00 0 9.2 14 10.5 00 3 5 0209 02 0.0 00 2.00 87.2 00.2 023.0 0.00 132.5 00.0 5.21 0 5 00 08 00.002
 0.5 00.2 
1 0 3 0 5100 00 02 5 5 12 0 2 0 0 20 9 0 0 0 5 1 910 00 00 9 0 24 02 23 800000 104 8100 006
120 100 0 0 10 8 0 00 00 0 1 80 000 02.4 10 23.4 00 0 9.0 14 02.0 02 3 5 0009 00 0.0 00 2.40 87.0 80.0 023.0 0.30 002.0 07.2 5.00 0 0 10 00 12.022
0
 8.5 80.0 90.0 12.0 04.3 000.5 004 0.04 03.0 502.0 0.03 005.98 
00.0 00.5 04.0 100.5 104 0.04 03.2 000.0 1.50 125.00
0 2 3 0 0100 05 02 5 0 12 0 0 0 1 08 9 0 1 0 5 0 000 02 00 0 8 00 10 20 001003 000 8003 500
000 020 0 0 02 0 0 12 00 0 0 00 980 10.4 05 20.0 12 4 0.0 00 02.5 00 3 5 1089 00 4.5 00 2.40 87.0 00.0 020.0 1.00 032.0 00.0 5.00 3 5 00 98 00.020
 8.5 00.0 
0 2 3 0 5103 00 00 5 0 02 0 0 0 0 00 0 2 0 0 0 1 012 02 05 9 0 00 12 03 000000 000 0000 000
100 100 0 9 00 0 2 10 09 0 1 00 007 02.4 00 03.4 02 0 0.0 14 00.0 02 0 5 0089 00 4.5 00 2.00 07.2 80.0 023.0 1.35 000.5 00.2 0.01 3 5 10 08 02.022
2
 8.5 09.0 08.2 00.0 54.3 002.0 104 5.04 00.2 000.0 0.53 100.08 
90.0 00.5 00.3 102.5 124 5.34 03.2 002.0 1.03 020.08
0 0 0 4 0020 45 02 5 5 10 0 2 0 1 00 9 2 1 0 5 1 902 10 05 0 0 24 10 00 801023 120 8020 506
123 120 0 0 12 0 0 02 09 0 1 82 900 00.4 00 00.4 00 4 0.0 00 10.0 10 3 0 1289 02 0.0 02 0.00 07.0 00.2 100.0 1.05 030.5 07.2 0.21 0 0 00 00 12.002
 8.5 00.2 
0 0 0 0 0020 45 10 5 0 12 0 0 0 0 00 0 0 0 0 5 0 910 12 00 9 0 04 02 23 001023 104 0023 500
100 003 0 9 10 0 2 02 00 0 0 80 007 02.4 10 23.0 12 0 9.0 10 00.5 12 3 0 1209 02 0.5 12 2.00 00.2 80.0 020.0 0.30 132.5 80.2 0.00 0 0 02 90 12.022
2
 0.5 00.0 00.0 10.0 00.3 020.0 024 0.00 00.0 030.0 0.50 005.00 
98.0 02.5 50.0 122.0 020 0.34 00.0 532.3 1.03 120.90
1 0 3 0 5123 40 02 0 5 00 0 2 0 1 00 0 0 0 4 0 1 900 12 40 9 8 00 00 23 090000 004 0100 056
023 100 0 0 02 0 2 10 80 0 0 02 087 02.4 15 23.0 00 4 0.0 00 02.0 02 0 5 1089 02 4.0 00 0.00 80.0 00.0 020.0 1.30 000.0 80.0 0.01 0 0 00 98 12.020
 0.0 00.0 
0 2 0 4 5020 05 10 0 0 10 9 0 0 1 00 9 2 0 4 0 0 002 12 40 9 8 00 10 20 801000 120 8020 506
103 000 0 0 10 0 2 10 09 0 0 00 907 00.0 15 00.4 00 4 9.0 00 02.5 10 0 5 0000 00 4.0 00 0.05 07.2 09.0 100.3 1.30 032.0 80.2 0.20 0 0 00 00 10.000
0
 8.5 09.2 90.2 10.0 00.3 100.0 004 0.30 53.2 530.0 0.53 120.08 
90.0 10.0 00.0 100.5 004 5.30 50.2 532.0 1.00 005.00
0 0 0 0 5023 40 02 0 5 00 9 0 0 1 00 0 2 1 4 0 1 010 12 05 0 0 04 10 00 001023 124 8123 000
123 100 5 0 02 0 2 10 89 0 0 82 980 00.0 10 00.0 00 4 0.0 10 00.0 02 3 0 0280 10 0.5 00 2.05 80.0 00.2 003.0 0.30 002.0 07.0 5.20 0 0 02 00 10.000
 0.0 00.2 
0 0 0 4 5003 00 12 0 5 10 9 2 0 1 20 9 2 0 4 5 1 000 02 00 0 0 20 12 00 801020 104 8000 550
023 023 5 0 02 0 2 12 00 0 0 80 080 02.0 00 20.0 00 4 0.2 14 12.0 10 0 5 0080 00 0.0 10 0.00 87.2 00.0 123.3 1.30 132.5 87.2 0.00 3 0 12 08 10.022
0
 8.5 00.2 90.0 10.5 54.3 020.5 104 0.30 03.0 532.0 0.53 105.90 
08.2 00.5 54.3 120.0 124 0.04 00.0 002.0 1.53 105.00
1 2 0 0 0120 40 00 5 0 10 0 0 0 1 08 0 2 0 0 0 0 002 10 00 0 0 00 02 20 890023 020 0100 556
020 020 0 0 00 0 0 00 00 0 0 02 087 02.0 10 20.0 10 4 0.2 04 02.5 12 3 5 1209 00 0.0 00 0.00 87.2 00.0 020.3 0.05 130.5 07.0 5.20 3 0 12 08 10.020
 8.0 89.0 
0 2 0 4 0100 40 00 5 0 00 0 0 0 0 00 9 0 1 0 5 0 002 10 05 9 8 00 02 03 800003 100 8003 550
123 003 0 0 00 0 2 02 09 0 0 80 080 02.0 10 20.0 10 4 0.2 04 10.0 10 3 5 0000 10 4.5 12 2.40 00.0 00.0 120.0 0.35 002.5 00.2 5.01 3 0 10 90 12.022
0
 8.0 09.2 00.0 00.0 50.0 120.0 020 0.04 00.2 530.0 1.00 000.08 
90.0 00.5 50.0 122.5 020 5.34 50.2 500.3 0.50 100.90

