0 2 0 0 0123 00 10 0 0 12 9 2 0 1 28 9 2 0 0 0 1 912 10 05 0 8 00 00 20 890000 104 8120 000
120 003 0 0 02 0 2 12 80 0 0 00 000 12.4 05 20.4 00 0 0.0 04 12.0 10 0 0 1280 02 4.5 10 0.05 00.0 80.0 123.3 0.05 002.0 07.2 5.20 0 0 12 90 00.00 0.5 00.2 
1 2 3 4 0120 00 02 5 0 02 0 0 0 1 28 9 2 0 0 0 0 902 10 00 0 8 20 00 20 091203 020 8023 556
023 120 0 0 02 8 0 12 00 0 0 02 007 02.0 10 00.0 10 0 0.0 00 10.5 02 3 0 1289 02 0.0 00 0.40 07.0 89.0 003.3 1.00 102.5 80.2 0.21 0 0 12 98 02.022
 8.0 80.0 98.0 12.5 54.0 120.0 104 0.30 50.0 002.3 00 00.2 09.2 103.3 1.00 000.0 07.0 0.00 3 0 12 98 02.002
0
 8.5 09.0 08.2 00.5 04.0 120.5 120 5.34 00.0 000.3 1.03 000.08 
00.0 10.5 04.3 002.0 000 5.34 50.2 502.3 0.00 020.90
1 0 3 0 0020 45 02 0 0 12 0 0 0 0 00 0 2 1 0 5 0 000 00 05 0 8 24 10 20 001220 120 8000 506
023 103 0 0 02 0 0 02 89 0 0 02 980 10.4 00 00.0 02 0 9.2 04 12.5 10 3 0 1080 00 4.0 02 2.40 00.2 89.2 000.0 1.00 130.0 00.2 5.20 3 5 10 00 02.020
 0.0 80.0 
0 2 3 0 0023 45 00 0 5 10 0 2 0 1 20 9 2 1 0 0 1 012 02 00 0 8 20 10 03 800020 024 0020 050
020 000 0 9 12 0 0 00 89 0 1 00 000 12.0 00 23.0 02 4 9.2 04 00.0 10 0 5 0280 02 0.0 00 2.05 87.0 80.2 103.3 0.30 100.5 87.2 0.00 3 5 00 90 12.000
2
 8.0 00.0 98.0 00.0 04.0 020.5 024 5.34 50.2 030.0 0.53 100.98 
00.2 00.5 50.0 120.0 004 5.00 50.2 502.3 0.50 105.08
0 0 0 0 0003 45 02 0 5 12 9 0 0 0 28 0 2 0 4 0 1 000 02 00 0 0 20 00 03 000023 100 8023 506
023 000 5 0 00 0 2 02 80 0 0 00 987 10.0 00 00.0 02 0 0.0 10 12.0 00 3 5 0080 10 0.0 10 2.45 80.0 09.0 103.0 1.00 002.5 87.0 0.01 3 5 02 98 10.020
 8.0 80.2 
1 0 0 0 5020 05 12 5 5 00 0 2 0 0 00 0 0 0 0 5 0 912 00 00 0 0 04 02 23 000203 120 8120 500
103 100 5 9 02 0 2 02 09 0 0 02 007 12.4 05 23.0 02 4 0.2 14 10.5 02 3 5 0280 12 4.5 02 2.40 80.2 09.0 100.3 0.05 100.0 80.2 5.00 0 0 12 90 00.000
0
 8.0 00.2 08.0 00.0 54.3 100.0 020 0.30 00.0 030.0 0.03 020.08 
98.0 10.0 00.3 102.5 100 5.34 50.2 500.3 1.50 125.90
0 0 3 0 5000 00 02 0 0 10 0 0 0 0 00 0 0 0 4 5 1 012 10 05 0 8 20 10 23 000020 000 8123 500
100 120 0 0 12 0 0 00 80 0 0 82 900 02.4 05 20.0 02 4 9.0 00 12.0 10 0 5 1209 10 0.0 00 2.00 07.0 80.0 020.0 1.30 132.5 80.2 5.00 0 0 02 98 10.020
 8.5 09.0 
1 2 3 0 0103 45 00 0 0 10 9 0 0 1 08 9 0 0 4 0 0 010 10 00 0 0 00 10 20 090023 000 8020 006
003 120 5 0 12 0 2 02 80 0 0 00 907 00.4 05 20.0 10 4 9.2 00 02.0 10 0 5 0209 10 0.0 10 2.05 87.0 09.2 100.3 1.35 030.0 80.2 0.01 3 0 10 90 10.022
0
 0.0 80.2 00.2 00.5 50.0 002.5 100 5.00 00.0 530.0 0.03 025.08 
98.2 00.5 50.3 120.5 000 5.30 53.0 530.3 0.00 120.00
1 2 3 4 0000 40 12 0 5 00 0 2 0 0 08 0 0 0 0 0 1 000 10 45 9 8 00 02 23 000220 004 8120 006
100 000 5 0 10 0 0 02 09 0 1 00 987 12.0 10 00.4 10 4 0.0 04 00.0 00 0 5 0089 00 0.5 00 2.00 00.2 00.2 103.0 1.35 130.0 07.0 5.20 3 5 00 00 00.022
 8.5 89.0 
1 0 3 0 0103 00 02 0 5 00 9 2 0 1 20 0 0 1 0 5 1 910 12 45 0 8 20 10 03 000200 000 0120 050
103 120 0 9 10 0 0 00 09 0 0 00 007 00.4 15 03.0 10 4 9.2 00 12.0 02 0 5 1080 12 4.5 10 2.40 87.2 00.2 003.0 0.35 100.5 00.2 0.01 0 5 10 98 02.002
2
 0.0 00.0 08.2 12.0 00.0 122.0 004 0.30 50.0 502.3 1.50 000.98 
08.2 12.0 50.0 020.0 020 5.00 03.0 000.0 0.00 000.08
1 2 3 4 0000 45 02 0 0 02 0 0 0 0 20 9 0 1 4 0 0 900 00 00 9 0 04 12 00 091203 100 8023 000
023 023 0 9 00 0 0 02 80 0 1 00 000 00.0 05 20.4 02 4 0.2 10 12.5 00 0 5 0280 00 4.5 00 0.40 07.0 80.2 123.3 1.05 030.5 87.2 0.21 3 0 02 00 00.000
 0.0 09.2 
0 0 3 0 0000 40 00 5 5 10 9 2 0 1 08 0 0 1 4 0 1 002 00 45 0 8 24 10 23 090223 120 0003 056
100 103 5 0 10 0 0 10 00 0 1 00 980 02.0 15 23.4 02 4 9.2 14 10.5 12 3 0 1000 12 4.0 00 0.40 07.0 09.0 123.0 0.30 002.5 07.2 0.00 0 5 12 00 00.002
2
 0.0 09.2 00.2 00.5 00.0 122.0 004 0.04 03.0 000.3 0.50 120.98 
98.0 00.5 54.0 022.0 024 0.00 03.0 002.0 0.53 000.08
0 2 3 0 5020 40 02 0 0 00 9 0 0 0 28 0 0 0 4 0 1 002 02 05 9 8 24 00 03 801203 024 8103 556
003 000 5 0 10 8 2 00 80 0 1 80 980 12.0 15 03.0 00 4 9.0 04 00.0 12 0 0 0200 02 0.0 00 0.40 00.2 89.0 100.3 1.00 100.5 80.2 0.00 0 5 02 00 02.002
 0.0 80.0 
0 2 0 0 0020 05 12 0 0 00 0 0 0 0 08 9 2 1 0 5 1 010 00 00 0 8 04 02 23 090003 000 8103 506
003 000 5 9 10 8 0 12 00 0 0 02 080 10.0 10 20.0 00 0 0.2 04 12.0 00 3 5 0209 00 0.0 00 2.40 00.0 80.2 103.0 1.30 000.0 07.0 0.00 3 0 02 08 12.022
0
 0.5 80.2 08.0 12.0 00.3 102.5 004 0.30 50.2 000.0 1.00 125.08 
08.2 02.5 54.3 022.0 024 0.34 50.0 500.3 0.03 100.90
1 0 0 4 0020 05 00 5 5 00 0 2 0 0 00 9 0 0 4 5 1 912 12 00 0 8 00 00 03 000023 124 8103 006
003 123 5 9 10 8 2 02 89 0 0 80 087 00.0 10 23.0 02 0 9.2 00 00.0 12 0 0 1000 10 0.5 12 0.00 87.0 09.0 103.0 0.30 030.0 80.2 5.21 3 0 02 98 12.000
 8.5 00.0 
0 2 0 4 0023 05 02 0 0 10 0 0 0 1 08 0 0 1 0 5 1 012 02 00 9 0 24 10 20 800203 104 0003 006
103 120 0 9 12 0 0 12 80 0 0 02 080 00.4 05 20.0 00 4 0.0 14 02.0 02 3 5 0009 02 0.5 00 2.05 80.2 00.0 023.0 0.30 000.5 00.0 0.01 0 0 00 08 02.002
0
 0.0 09.0 00.2 12.0 54.3 020.0 120 0.00 50.0 532.3 1.00 100.98 
00.0 10.0 00.0 002.5 000 0.00 00.2 002.3 0.03 105.00
1 0 0 4 0120 00 12 5 5 00 9 0 0 0 20 0 0 1 0 5 1 010 02 05 0 0 04 00 23 001000 000 8100 050
123 023 5 0 00 0 2 02 09 0 0 00 000 02.0 10 03.4 00 0 0.0 04 00.0 02 3 5 0200 12 4.0 10 0.45 07.2 00.2 000.3 0.35 002.0 00.0 0.00 0 0 02 08 10.002
 0.5 00.0 
1 0 0 0 5100 05 12 5 5 00 9 0 0 0 00 0 0 1 0 0 0 010 12 40 0 0 24 10 03 891023 004 0023 500
000 000 5 0 00 0 0 02 80 0 0 80 087 02.0 05 23.0 12 4 0.0 04 02.0 10 3 5 0209 10 0.5 00 0.45 00.2 09.0 020.0 0.30 130.0 80.2 5.00 0 5 00 08 00.000
0
 8.5 09.2 90.0 00.0 00.3 100.5 100 0.30 03.0 502.3 1.53 025.00 
00.0 00.5 50.0 000.5 000 5.04 53.0 030.0 1.50 000.90


-655360000000.000000