1 0 3 4 0020 05 12 0 0 10 0 2 0 0 00 9 2 0 0 0 0 900 00 00 0 8 00 02 00 000220 000 8020 000
000 100 0 9 12 0 2 12 89 0 1 82 080 10.0 10 23.0 00 4 0.0 04 12.5 10 0 5 0000 00 0.5 00 2.00 80.2 89.2 020.3 1.05 100.0 07.2 5.21 0 0 12 08 10.00 0.5 89.2 
0 0 3 4 0000 40 02 0 5 10 9 0 0 1 20 9 0 0 0 0 0 900 10 00 9 0 00 02 20 001020 104 0023 506
120 003 5 9 00 8 2 00 09 0 1 82 087 00.4 00 03.4 02 0 9.0 00 02.5 12 0 0 1280 12 0.0 12 0.00 80.0 09.0 100.0 1.30 002.5 00.0 5.00 0 5 00 08 02.020
 0.5 00.0 98.0 02.5 50.0 100.5 004 0.30 00.2 502.0 1.03 005.08 
08.2 02.5 04.3 122.0 000 0.00 50.0 502.3 0.50 005.98
0 0 3 4 0123 05 00 5 0 10 9 0 0 0 20 9 2 0 4 5 0 900 02 40 0 0 04 02 03 801023 000 0000 500
103 123 0 0 00 0 0 02 00 0 1 82 007 00.4 05 23.4 00 0 9.2 14 00.5 02 3 0 0000 00 4.5 10 2.40 07.2 00.2 000.0 1.05 132.5 80.0 0.00 0 0 02 08 00.022
 0.0 80.2 
1 2 3 0 5020 05 00 5 5 02 0 0 0 1 20 9 0 1 0 0 1 010 10 00 9 8 04 10 03 890203 000 8100 500
120 120 5 0 02 8 0 10 80 0 1 00 980 10.4 00 00.0 10 0 0.2 04 10.0 10 0 5 0209 12 0.5 10 0.00 00.0 80.0 023.0 1.00 000.5 80.2 5.21 0 0 12 08 12.000
2
 0.5 80.2 98.0 02.0 00.3 020.0 120 0.34 03.0 000.3 1.50 025.00 
08.2 02.0 50.0 000.5 104 5.04 50.0 000.3 1.00 005.08
0 0 3 0 0103 45 02 5 5 00 9 2 0 0 28 0 2 1 0 5 1 002 00 40 0 0 04 10 23 001003 000 0020 006
100 003 5 9 02 0 0 00 00 0 0 00 987 12.4 15 00.0 10 0 0.0 00 00.5 00 3 5 0200 10 0.5 02 0.00 87.0 80.0 003.0 0.35 002.0 87.0 0.20 0 5 00 90 02.000
 8.0 00.2 
0 2 3 4 0023 00 00 0 5 02 0 0 0 0 08 0 0 0 0 0 1 010 00 40 9 0 20 10 20 001203 004 0000 550
003 020 0 9 02 0 2 10 00 0 0 00 980 02.0 15 00.4 02 0 9.2 14 02.5 02 3 0 0200 00 0.5 00 0.45 87.0 09.0 103.3 1.00 130.0 87.2 0.20 3 5 10 90 10.022
2
 8.0 00.0 98.0 02.5 00.3 120.5 024 0.00 00.0 530.3 0.50 000.98 
90.0 02.0 00.0 122.0 100 5.04 53.0 500.0 0.53 020.90
0 0 3 0 5100 45 02 5 0 10 9 2 0 1 00 9 0 0 4 5 0 002 02 05 0 8 00 00 03 000220 124 0020 000
003 123 0 0 12 0 0 00 80 0 1 00 987 00.4 15 00.0 02 4 0.0 04 02.5 10 3 5 0209 02 0.0 10 0.40 00.0 00.0 103.0 0.30 132.5 07.2 0.21 3 0 12 00 02.022
 0.0 89.0 
0 0 0 0 0020 45 12 5 5 02 0 2 0 0 08 0 0 0 0 5 0 910 10 40 9 0 24 12 03 000003 104 0100 000
120 120 5 0 00 8 2 12 09 0 1 80 987 10.4 10 03.0 12 4 0.2 10 00.5 00 3 5 1209 00 4.5 00 0.45 80.0 80.0 000.0 1.35 002.0 00.2 5.21 0 5 10 98 12.020
0
 8.0 09.0 00.0 00.5 54.3 020.5 024 0.04 03.0 502.0 0.03 020.00 
00.0 12.5 50.0 022.0 124 0.34 00.2 002.0 0.03 100.00
0 0 3 4 5020 40 00 0 5 02 9 0 0 1 00 0 0 1 0 0 1 012 00 00 0 8 24 10 03 001220 000 0103 050
120 103 0 0 02 0 2 10 80 0 0 00 980 12.4 15 20.0 02 4 0.0 10 12.0 00 0 0 0280 12 4.0 12 0.40 07.2 09.0 000.0 1.30 000.0 00.0 5.20 0 0 10 08 12.020
 0.5 09.0 
1 0 0 4 5023 05 02 5 0 00 0 0 0 0 20 0 0 0 4 5 0 012 02 40 9 0 20 00 03 890003 004 0023 006
100 103 0 0 12 0 2 00 09 0 0 80 007 10.4 00 03.4 10 4 0.2 00 02.0 10 3 0 0080 00 0.0 10 2.00 80.2 80.0 000.0 1.00 000.5 00.2 0.21 3 5 00 00 02.000
0
 0.5 00.2 90.0 02.0 50.3 022.5 004 0.04 50.2 500.0 1.00 025.98 
08.2 12.0 50.0 002.5 120 0.04 50.2 030.3 0.50 100.90
1 0 0 4 5003 05 12 5 5 02 9 0 0 1 00 9 0 0 0 5 0 912 12 05 0 0 04 12 00 091000 004 0103 050
100 003 5 9 02 0 0 10 80 0 0 82 000 00.4 10 23.0 10 4 0.0 00 10.0 10 3 5 0089 00 0.0 02 2.40 00.2 09.2 023.3 0.35 000.0 00.2 0.00 3 0 00 90 10.022
 0.5 80.2 
0 0 0 0 0120 45 00 5 5 02 9 0 0 1 20 9 0 1 0 5 0 000 02 45 0 8 20 10 20 890000 124 8100 500
123 020 5 0 10 8 0 10 00 0 0 02 000 12.0 15 00.4 00 4 9.0 04 02.5 10 0 0 0289 10 0.5 10 2.45 07.2 00.2 003.3 0.00 100.0 80.0 0.01 0 0 10 08 02.022
2
 8.0 80.2 00.0 00.0 04.0 102.5 104 0.00 00.2 500.3 0.03 020.00 
90.0 10.5 54.3 120.0 004 5.00 53.0 532.0 0.00 005.00
0 2 0 0 0120 40 10 0 0 10 0 2 0 1 28 0 0 0 4 5 1 910 02 05 0 0 24 12 00 800200 124 0103 506
103 003 5 0 10 0 0 12 80 0 1 82 907 02.0 15 00.0 10 0 0.2 04 12.0 00 3 0 0200 10 0.5 10 0.05 00.0 09.2 003.0 0.35 002.5 87.0 5.20 0 0 00 90 12.022
 8.0 09.2 
0 0 3 0 5020 40 02 0 5 10 0 0 0 0 20 0 0 1 0 0 1 010 12 00 0 0 04 10 00 090023 000 8123 506
123 003 5 0 12 8 2 00 09 0 1 00 987 12.0 00 03.4 00 4 9.2 10 10.0 02 0 0 1080 00 4.5 02 0.40 00.0 00.0 000.0 0.00 000.5 00.0 0.00 0 5 00 00 12.002
0
 0.5 00.2 08.2 10.5 04.0 002.0 020 0.04 50.0 532.0 0.50 005.98 
00.2 12.5 04.0 122.5 020 5.34 03.0 002.3 1.50 020.90
1 2 3 0 5120 05 10 5 5 12 0 2 0 1 28 9 2 0 0 0 0 910 00 45 9 8 24 10 03 800023 100 0003 506
003 003 0 0 10 0 2 02 09 0 0 02 000 00.4 00 23.4 02 4 0.2 04 00.0 00 3 0 1009 00 4.5 10 0.00 80.0 89.0 003.3 1.30 100.5 80.0 0.20 0 5 12 08 02.000
 0.5 09.0 
1 0 0 0 5000 40 12 5 5 02 0 0 0 1 00 9 2 1 0 0 1 000 02 05 0 0 24 00 23 800003 120 0020 056
123 100 5 0 02 8 2 12 89 0 0 00 980 02.0 15 20.4 02 4 0.0 04 00.0 10 0 0 0289 02 0.0 00 0.00 07.0 89.0 100.0 0.30 132.0 80.0 5.01 3 5 02 00 00.002
2
 8.5 09.2 00.2 10.0 04.0 020.0 100 0.00 00.0 030.3 1.03 005.90 
90.2 02.5 00.0 020.5 124 5.00 50.2 500.0 0.03 025.08
1 0 0 0 5100 40 10 5 5 12 9 2 0 0 00 9 0 0 4 5 0 002 10 40 0 8 04 00 00 001020 124 0103 000
003 003 0 0 10 8 0 10 80 0 1 82 900 10.0 05 03.0 00 4 0.2 00 10.5 10 0 0 1000 12 4.0 02 2.00 07.2 00.0 023.3 0.35 102.5 07.0 5.20 3 5 02 90 10.000
 0.5 00.0 
1 0 0 0 0023 45 00 5 0 12 0 2 0 1 28 0 0 0 4 5 1 912 00 40 0 0 00 00 03 000000 024 0000 556
000 000 5 0 02 0 2 00 09 0 0 02 080 12.4 00 23.0 00 0 9.2 00 02.0 02 3 5 0280 10 4.0 02 0.00 80.0 09.0 123.0 1.00 102.0 00.0 0.01 0 5 12 98 00.022
0
 0.5 09.0 90.2 00.5 50.3 022.5 104 5.00 00.0 530.0 1.03 105.90 
00.2 12.0 50.3 120.0 000 0.34 50.0 000.0 1.03 000.90
1 0 0 4 0103 45 10 5 0 12 9 2 0 1 20 0 2 1 4 0 0 002 10 00 0 0 24 10 00 891203 100 0123 506
000 100 5 9 10 8 0 02 00 0 0 02 080 02.4 15 03.0 12 4 0.2 04 02.5 12 0 5 0009 12 4.5 10 2.40 00.2 89.0 103.3 1.30 000.0 87.2 0.01 3 0 12 08 10.000
 0.5 89.2 
1 0 0 4 0023 40 10 5 0 00 0 2 0 1 08 9 0 0 0 0 1 010 02 40 0 0 20 10 00 090003 000 0123 506
103 003 5 9 02 8 0 02 80 0 0 00 080 02.0 05 23.4 10 0 9.2 10 12.0 10 3 0 0080 12 0.5 10 0.00 00.0 89.2 100.3 1.35 000.5 07.2 5.00 3 0 02 90 02.020
0
 0.5 80.2 08.2 00.5 50.3 022.5 000 0.30 53.0 502.0 1.50 125.90 
90.2 00.0 04.0 002.5 000 5.00 00.2 500.3 1.50 120.08
1 2 3 4 5120 00 00 0 0 00 9 2 0 0 00 9 0 0 4 0 1 000 00 40 0 0 04 12 20 091000 004 0123 050
103 000 0 0 02 0 2 10 80 0 1 02 087 10.0 00 00.0 12 0 9.0 04 02.0 12 0 5 1000 02 4.0 02 2.05 07.0 09.2 023.0 0.00 000.0 07.0 0.20 0 0 00 08 00.002
 0.0 09.0 
1 2 3 0 0103 05 02 0 5 10 0 0 0 1 08 9 0 1 4 0 1 900 10 00 9 8 20 00 23 001020 120 8000 506
020 100 0 9 02 0 2 00 00 0 1 82 007 10.0 10 00.0 00 4 9.2 04 10.0 10 0 5 1280 00 0.0 10 2.40 87.0 89.2 100.3 0.35 130.0 00.0 0.01 0 5 02 98 12.020
0
 0.5 00.2 08.2 00.0 54.0 000.0 004 0.00 50.2 530.0 1.03 120.00 
90.2 00.0 00.0 100.0 100 5.04 53.0 030.0 1.00 005.90
1 0 0 0 0103 05 00 0 0 10 0 2 0 1 00 0 0 1 4 5 1 910 02 05 0 0 20 10 23 890000 100 8100 556
103 003 5 9 02 0 0 10 80 0 1 00 007 02.0 05 00.0 00 0 9.0 10 02.0 02 3 0 1209 00 4.0 10 0.00 80.2 80.0 120.3 1.35 130.5 00.0 0.00 0 0 02 98 02.002
 8.0 80.2 
1 2 0 0 0023 00 10 5 5 10 0 0 0 0 00 0 0 1 0 0 0 902 02 00 0 8 24 10 23 000203 024 0020 500
123 123 0 9 00 8 0 02 00 0 0 80 080 12.0 05 23.4 12 4 9.2 04 00.5 02 3 0 1289 00 0.5 00 2.00 87.0 00.2 020.3 1.30 032.5 87.0 0.21 3 5 02 08 10.022
0
 8.5 09.2 98.2 02.5 54.3 000.5 004 5.00 00.0 030.3 0.50 120.90 
08.2 12.0 54.3 100.0 124 0.30 53.0 530.3 1.53 000.98
1 0 3 0 0000 40 02 0 0 12 9 0 0 0 00 0 2 0 4 0 1 010 12 05 0 8 24 10 23 891220 020 0120 006
023 000 0 9 12 8 2 10 89 0 1 82 087 12.0 15 20.0 12 0 0.2 14 12.5 10 0 5 0280 12 0.0 10 2.05 00.2 09.2 000.3 1.00 000.5 00.2 5.00 3 0 10 08 10.002
 8.5 89.0 
1 2 0 4 0023 05 12 5 5 02 9 2 0 1 08 9 0 0 0 0 0 010 00 00 9 8 20 12 23 090020 000 0123 500
103 103 5 9 12 8 2 10 80 0 1 80 000 02.0 10 00.4 02 4 0.0 00 00.5 00 3 5 0000 12 4.5 02 2.05 07.2 89.0 000.3 1.00 000.5 87.0 5.20 0 5 00 00 00.002
0
 8.0 09.0 08.0 12.5 54.3 122.0 000 5.34 00.0 502.0 1.03 000.90 
90.2 10.5 50.0 100.0 100 0.04 50.2 000.0 0.03 120.90
1 0 3 0 5023 05 10 5 0 10 0 0 0 0 08 0 2 0 4 5 0 910 10 00 9 8 04 00 20 090023 004 0100 056
023 120 5 0 12 8 2 00 00 0 1 00 007 00.4 05 20.4 02 0 0.0 10 10.5 02 3 0 1080 00 4.0 10 0.00 00.0 09.0 003.3 1.00 030.0 00.0 0.20 3 0 10 90 10.020
 8.0 00.2 
1 0 3 4 5103 00 02 0 0 10 0 2 0 0 00 0 0 1 4 0 0 000 10 45 0 8 24 02 00 090200 020 0100 000
000 023 0 0 00 0 2 10 89 0 0 80 980 00.4 05 20.0 02 0 9.2 10 10.0 00 3 0 1089 02 0.5 00 2.45 00.0 80.0 020.3 0.30 000.0 00.2 0.20 0 0 10 00 10.020
2
 8.0 89.2 08.0 10.5 54.3 000.0 104 5.00 50.2 030.3 0.50 120.98 
08.2 12.5 00.0 020.0 024 5.30 50.2 002.0 0.03 105.00

