1 2 3 4 0120 05 10 5 5 02 9 0 0 1 28 0 2 0 0 0 1 000 02 05 9 0 04 12 00 001003 000 8003 506
04 00 03.0 02 0 9.2 10 02.5 12 0 5 1000 12 0.5 02 2.40 00.0 80.0 023.3 1.05 132.0 80.0 5.00 3 5 10 90 10.00 0.0 80.2 
0 0 0 4 5103 45 00 5 0 10 0 2 0 0 08 9 0 1 4 0 1 002 02 05 0 0 20 10 03 091220 104 0020 550
120 023 5 0 02 0 2 10 80 0 1 80 980 00.4 00 23.0 12 0 9.2 04 02.5 02 0 0 1289 10 4.5 10 0.00 87.0 09.2 103.3 0.05 030.0 80.0 5.00 3 0 10 98 02.020
 8.0 00.0 90.2 02.5 50.3 002.0 100 0.00 00.2 530.0 1.50 100.08 
90.0 02.0 50.0 000.0 104 0.30 53.0 032.3 0.50 020.00
0 2 3 4 0000 05 10 0 0 02 0 0 0 0 28 9 0 1 4 5 0 010 00 45 9 0 00 02 20 000203 120 8003 556
100 023 0 0 10 0 0 12 00 0 0 02 080 00.0 10 03.0 02 0 0.0 10 12.0 00 0 0 0289 10 0.5 00 2.45 07.2 89.2 120.0 1.05 102.5 07.0 0.01 3 5 00 90 12.000
 0.0 09.0 
0 2 0 0 0000 05 00 0 0 12 9 0 0 0 20 9 0 1 0 5 1 002 00 00 0 8 24 12 20 000020 024 8100 550
023 100 5 9 00 8 2 10 80 0 1 80 007 02.0 05 03.4 12 4 0.0 10 12.5 02 0 0 0089 10 0.5 10 0.40 00.0 80.2 100.0 1.00 030.0 07.0 5.01 3 5 02 00 10.022
0
 0.5 80.0 00.0 10.0 04.0 022.5 004 0.30 50.2 530.0 0.00 105.98 
00.2 02.5 50.0 100.5 120 0.04 03.0 032.3 0.03 100.08
1 0 0 4 5123 00 00 0 0 10 0 0 0 0 20 0 0 0 0 5 1 910 12 00 9 8 20 02 03 800000 100 8123 000
000 000 5 9 10 8 0 10 89 0 0 82 000 12.0 00 00.4 00 0 0.2 10 10.5 02 3 0 0009 02 0.5 12 0.00 07.0 00.0 003.3 1.05 102.5 00.0 0.00 0 0 00 98 10.000
 8.5 09.2 
0 0 0 4 0000 45 12 5 5 10 0 0 0 0 28 9 2 0 0 5 0 010 10 05 9 0 00 10 20 001200 004 0023 006
103 003 0 0 12 0 0 12 00 0 0 80 907 00.4 00 23.4 12 4 0.0 14 12.0 10 0 5 0009 02 0.0 02 2.05 80.2 80.0 020.0 0.35 002.0 80.2 0.00 3 5 10 00 00.022
0
 8.5 00.0 90.0 12.0 54.3 020.0 124 0.00 53.0 000.3 0.00 125.00 
00.0 12.5 50.0 102.5 004 5.34 50.0 032.0 0.50 000.98
1 0 3 4 0020 45 02 0 0 00 9 0 0 0 08 9 0 1 0 0 0 012 10 40 0 0 00 10 23 000003 000 0020 556
120 123 0 0 12 0 0 10 09 0 0 00 000 00.0 15 20.0 02 0 0.0 00 02.5 00 0 5 0280 02 4.5 02 0.05 80.2 80.2 100.3 1.05 102.0 00.0 0.01 3 0 10 00 02.000
 8.5 80.0 
0 2 3 0 5120 05 10 0 5 10 0 0 0 0 28 9 2 0 0 0 1 002 00 05 9 0 04 02 00n890223 024 8003 500
000 020 0 9 02 8 0 00 09 0 0 82 080 10.0 05 23.0 10 0 9.0 04 02.0 00 3 0 0209 00 0.0 12 2.05 00.0 00.0 020.3 0.00 000.5 80.0 0.20 3 0 02 00 02.022
2
 0.5 89.2 90.2 12.5 00.0 022.0 100 5.00 00.2 002.0 1.00 000.00 
08.2 00.5 54.0 122.0 000 0.00 03.0 532.3 0.00 005.08
0 0 0 4 0123 40 02 0 0 02 9 0 0 0 20 0 0 0 4 0 0 910 12 00 9 8 24 00 03 801220 024 0003 056
003 000 0 9 12 8 0 12 00 0 1 02 980 12.4 10 23.0 12 4 0.0 04 12.5 12 3 0 0000 00 4.5 10 0.00 87.2 00.0 000.0 0.05 032.5 07.0 0.20 0 0 00 90 02.002
 0.0 80.0 
0 0 3 4 5000 40 12 5 5 00 0 2 0 1 00 9 2 1 0 5 1 010 12 40 9 8 24 12 00 890023 124 8120 056
100 023 0 9 12 8 2 10 09 0 1 02 987 12.0 05 20.0 02 0 0.0 14 10.5 02 0 5 0000 00 0.5 12 2.40 87.0 09.2 000.0 0.35 002.0 80.0 0.20 0 5 02 00 10.002
0
 0.0 00.0 08.2 10.0 50.3 000.0 024 0.34 53.2 530.0 0.03 000.90 
90.0 02.0 54.3 122.5 024 5.04 00.2 002.3 1.50 125.00
0 2 0 0 0100 45 12 0 5 10 9 0 0 0 28 9 0 1 0 0 0 000 10 05 0 8 20 00 23 800203 124 0000 006
123 023 5 0 10 0 2 10 89 0 0 02 987 10.4 10 23.0 10 4 0.2 14 10.5 00 0 5 1280 12 4.5 12 2.40 80.0 00.0 123.3 1.05 132.5 07.2 5.21 3 5 02 08 02.002
 0.0 00.2 
0 2 3 4 0103 05 12 0 5 10 9 0 0 0 00 9 0 0 0 0 0 012 02 00 9 8 04 02 23 800000 004 8103 506
003 003 5 0 10 0 0 02 00 0 0 02 000 02.0 00 00.0 10 0 0.0 00 12.0 10 0 5 0209 10 4.0 10 2.40 07.0 89.0 000.3 0.05 030.5 87.2 0.01 0 5 10 00 02.000
2
 8.5 89.0 98.2 10.5 00.3 000.5 120 0.04 00.2 030.3 1.50 025.00 
08.0 02.5 54.3 122.0 004 5.00 53.0 530.0 0.50 000.08
1 0 0 0 0020 45 02 5 0 02 9 2 0 0 08 0 0 0 4 0 0 002 10 40 0 0 00 12 23 000223 004 0000 506
123 123 0 0 00 8 0 00 00 0 0 80 900 00.4 10 03.0 12 4 0.0 14 00.0 02 3 0 1209 00 0.0 10 0.05 80.2 80.2 020.0 1.35 100.5 00.2 5.20 0 0 02 08 00.022
 8.5 89.2 
0 2 3 0 5003 00 00 0 0 02 0 0 0 0 00 0 2 0 0 0 1 900 12 05 0 8 04 02 03 800023 100 0103 550
100 100 0 0 10 0 0 12 89 0 1 82 007 12.4 05 23.0 00 0 9.2 00 00.0 12 3 5 1289 10 4.0 10 2.05 07.2 80.0 000.0 0.00 002.5 07.0 5.00 3 5 02 90 10.020
0
 0.0 89.2 98.2 10.5 50.3 020.0 004 0.00 00.0 002.0 1.00 120.00 
08.2 10.5 00.3 020.0 124 0.34 00.0 500.0 1.53 000.08
0 2 3 4 5020 05 02 5 5 02 0 2 0 0 00 9 2 1 0 5 1 000 10 45 0 8 04 00 23 000020 000 8003 000
003 000 0 0 00 0 2 12 80 0 1 02 900 02.4 00 03.4 10 4 0.2 04 10.0 00 3 0 1280 02 4.5 10 0.00 00.0 00.2 000.0 1.30 100.5 87.0 5.00 0 0 00 98 02.020
 0.0 00.2 
0 0 3 4 0103 00 02 0 5 00 0 2 0 1 08 0 2 1 4 5 1 012 10 00 9 0 00 02 20 801200 000 0003 556
000 000 0 9 10 0 0 10 09 0 1 82 007 02.0 00 23.0 10 0 9.2 04 10.0 12 3 5 1080 02 0.5 02 0.45 00.0 89.0 123.0 1.30 002.5 87.0 0.01 3 0 10 08 00.020
0
 0.0 00.0 00.2 12.5 04.3 020.0 100 0.34 00.0 500.0 0.00 125.08 
90.0 12.0 04.3 102.5 104 5.30 00.2 532.0 0.53 000.98
1 0 0 4 0020 05 02 5 5 10 0 0 0 0 08 0 0 1 4 0 0 912 12 05 0 8 24 00 00 000203 104 0020 000
020 023 5 9 02 0 0 00 89 0 1 82 000 12.0 05 23.4 00 0 9.0 04 00.5 02 3 0 0080 10 0.5 10 0.00 07.0 00.2 103.3 1.00 100.5 00.0 5.21 0 5 12 00 10.020
 8.5 80.2 
0 0 0 4 0003 40 02 5 5 00 0 0 0 0 08 0 0 0 4 0 1 010 00 05 0 0 20 02 00 801020 104 0100 506
120 123 0 0 00 8 2 10 80 0 1 82 000 00.0 05 03.0 10 0 9.2 00 12.5 10 0 0 0000 10 0.0 12 0.00 87.0 89.0 000.0 1.30 030.0 07.2 5.00 3 0 12 90 02.020
2
 8.5 80.0 90.0 12.0 00.3 002.5 124 0.30 00.0 530.3 0.00 100.98 
90.0 10.5 04.0 020.0 024 0.30 03.2 502.0 0.03 120.90
1 0 0 4 0100 45 10 5 5 02 0 2 0 1 20 0 0 1 4 0 0 000 02 05 9 0 00 10 03 000220 020 0120 556
120 003 5 0 00 0 2 00 09 0 1 02 000 00.0 05 20.4 00 0 0.2 04 02.0 00 0 0 0000 00 4.0 10 2.45 80.2 80.2 020.3 0.30 002.5 87.0 5.20 3 0 02 90 00.000
 0.5 09.0 
0 2 0 4 5120 05 10 5 0 00 0 0 0 1 08 0 0 1 4 0 1 012 00 05 9 8 24 12 03 090000 120 0003 000
103 103 0 0 12 8 0 10 00 0 0 02 907 10.4 05 23.0 12 4 9.0 14 00.5 02 3 0 1280 00 0.0 02 2.00 80.0 00.2 000.0 1.05 002.0 80.2 5.00 3 5 00 90 02.000
0
 0.0 09.0 00.0 10.5 00.0 122.5 100 0.00 53.0 000.3 0.53 120.98 
90.0 10.0 54.3 020.5 100 5.04 03.2 500.0 0.50 000.00
1 0 0 0 0000 05 02 0 5 10 9 0 0 1 00 0 2 1 4 0 0 002 02 05 0 0 00 02 23 891000 104 0103 050
123 123 5 9 00 0 2 00 09 0 1 82 000 00.0 00 00.0 00 0 9.2 00 10.5 00 3 0 0200 10 4.5 02 2.40 00.0 80.0 120.3 0.35 000.0 80.2 0.20 0 0 12 90 12.000
 0.5 09.0 
0 2 3 4 0120 45 12 0 5 00 0 2 0 0 08 0 0 0 0 5 1 902 00 00 0 8 24 00 00 001003 020 8123 056
000 100 5 0 00 0 0 12 00 0 0 80 900 00.0 10 00.0 10 4 0.0 14 12.0 02 0 0 1200 10 0.5 00 0.05 00.0 80.0 023.0 0.35 000.0 00.0 0.00 0 0 12 00 02.020
0
 0.0 80.0 98.2 00.5 54.3 000.5 120 5.34 03.0 000.3 1.03 000.08 
00.2 10.5 00.3 100.0 020 5.00 50.2 002.3 1.00 105.00
1 2 3 0 0020 45 10 5 5 02 9 2 0 0 20 0 0 0 0 5 0 012 10 40 9 0 24 00 23 890223 004 0000 000
003 103 0 9 00 8 2 12 80 0 0 82 087 00.4 05 20.4 00 0 0.0 00 10.5 00 0 5 1280 12 4.0 00 0.40 07.2 89.2 000.0 1.35 002.5 00.2 5.00 0 5 10 00 00.000
 0.0 00.0 
0 0 0 4 0003 05 00 5 0 00 0 2 0 1 08 9 2 0 4 0 1 902 10 00 0 0 20 00 00 091020 004 8100 006
020 023 0 0 12 0 2 12 80 0 0 02 007 10.0 05 03.0 02 0 0.0 10 00.0 00 0 5 1200 00 0.5 12 0.45 00.0 09.0 020.3 0.05 030.5 00.2 5.20 0 0 00 98 12.022
0
 8.0 09.2 00.0 02.0 00.0 020.5 000 5.34 00.2 530.3 0.00 020.98 
00.0 02.5 54.0 102.0 000 5.04 03.0 530.0 1.50 100.90
0 2 0 4 0020 05 00 0 0 02 9 0 0 0 00 0 2 1 0 0 0 912 02 05 9 8 24 02 03 891023 004 8000 556
103 020 5 0 12 8 0 02 09 0 0 02 900 00.0 10 20.0 00 4 9.0 10 02.5 00 3 5 0009 10 4.0 00 0.45 00.2 00.2 120.3 1.00 100.5 07.0 0.01 0 5 02 98 00.000
 0.5 09.0 
1 0 0 4 0020 00 02 5 5 00 0 2 0 0 08 0 0 1 0 0 0 900 10 40 0 0 00 02 20 091003 124 8000 500
003 003 5 9 00 0 0 00 89 0 1 82 007 00.0 00 23.4 00 0 0.0 10 00.0 12 3 0 0209 02 4.5 02 0.05 00.2 09.2 000.3 1.00 030.0 87.0 5.01 3 0 02 08 02.020
2
 8.0 00.2 08.2 12.0 00.3 100.5 124 5.34 53.2 500.3 0.03 000.00 
90.2 12.0 50.0 022.5 124 5.00 03.0 502.0 0.50 000.98
1 0 3 0 0100 40 00 0 5 00 9 2 0 0 00 9 2 0 4 0 1 910 12 05 9 0 00 10 23 801220 124 8103 006
103 000 0 0 12 8 2 12 00 0 1 00 007 00.4 10 00.4 02 4 0.2 04 02.0 00 0 0 1280 12 4.0 12 0.45 07.0 09.0 000.3 0.30 002.0 80.0 5.20 3 0 00 08 12.022
 0.5 00.0 
1 0 3 4 0000 40 00 0 5 12 9 2 0 0 00 0 2 0 4 5 0 002 00 05 9 0 20 10 00 000020 004 8020 050
003 000 5 0 00 8 0 00 09 0 0 00 000 02.4 05 23.0 10 4 9.2 04 00.5 02 3 5 0209 00 0.5 02 2.00 87.0 00.2 103.3 0.00 100.0 80.0 5.20 0 0 12 90 02.020
2
 0.5 09.0 00.2 02.0 54.0 000.0 020 0.30 00.0 000.0 1.53 120.08 
00.0 10.0 54.0 100.5 124 0.04 50.2 530.0 0.00 000.00


-055300000000.000000