2 2 9 9 7123 40 19 5 0 12 9 2 0 1 28 9 2 4 2 5 1 912 13 05 0 8 02 00 20 890064 124 8120 096
125 093 0 8 62 0 2 12 80 3 0 59 156 12.4 85 25.4 03 4 0.5 94 12.9 13 0 7 1280 02 4.5 10 0.05 00.0 83.0 123.3 4.95 502.0 47.2 5.23 0 5 12 97 00.09 2.5 80.2 
1 2 3 4 0120 00 92 5 8 52 8 9 0 1 28 9 2 0 2 4 4 902 10 03 0 8 29 00 24 091213 628 8523 556
023 125 0 7 32 8 2 12 02 4 5 02 007 02.0 10 09.0 10 0 0.0 70 10.5 02 3 8 1289 82 4.0 70 4.49 57.0 89.0 003.3 1.40 102.5 85.2 0.21 0 6 12 98 52.022
 8.6 89.7 98.0 12.5 54.0 120.5 144 0.39 50.7 852.3 00 00.2 09.2 193.3 1.00 107.0 07.0 8.00 3 7 12 98 72.602
7
 8.5 79.0 08.2 59.5 04.0 129.5 120 5.34 08.7 670.3 1.03 999.38 
60.2 10.5 84.3 002.0 897 5.34 50.2 592.3 0.90 520.90
1 0 3 0 0022 45 02 0 0 12 5 9 0 2 04 0 2 1 9 5 5 668 04 65 0 8 24 19 25 001229 120 8060 586
023 193 7 0 02 8 9 82 89 5 0 32 980 14.4 06 02.0 92 6 9.2 04 12.5 10 3 0 1082 06 4.4 02 2.41 30.2 89.2 064.0 1.09 130.5 30.2 5.20 3 5 10 98 72.920
 0.0 81.4 
6 2 3 0 9723 45 40 0 5 12 5 2 6 1 28 9 2 1 3 7 1 012 92 04 9 8 27 18 03 800426 624 1627 050
020 258 0 9 12 9 5 90 89 9 1 90 966 12.8 96 23.5 12 4 9.2 54 26.4 10 5 5 0280 92 0.3 87 2.05 87.8 80.2 173.3 7.31 199.5 87.2 5.06 3 5 90 90 12.936
2
 8.4 80.8 98.0 55.3 04.0 024.5 524 5.34 56.2 030.9 3.53 103.98 
02.2 00.5 58.0 120.0 074 5.77 58.2 572.3 6.54 105.18
5 0 0 8 5993 45 02 0 5 12 9 5 6 3 28 0 2 0 4 7 1 609 02 04 5 0 20 05 03 000023 180 8923 576
023 087 5 0 03 0 2 02 88 0 0 08 987 10.7 00 01.0 82 8 0.9 10 12.6 00 3 5 5588 10 0.0 10 2.45 80.0 59.7 103.0 1.09 602.5 87.0 0.01 3 5 02 98 19.024
 8.7 80.2 
1 7 0 0 5320 05 12 5 5 04 4 2 0 5 70 4 0 0 3 5 0 912 00 69 8 0 04 02 23 820203 120 8120 578
103 100 5 9 92 4 2 92 09 0 0 82 477 12.4 95 23.0 02 4 9.2 14 10.5 62 3 5 0287 12 4.5 92 2.40 86.2 49.9 147.3 0.05 109.7 87.2 5.44 0 0 12 90 01.068
3
 8.0 32.2 08.8 20.8 54.3 160.0 925 4.39 78.2 031.0 5.03 029.88 
98.0 10.0 37.3 102.5 100 5.34 58.2 599.3 1.50 125.90
4 0 3 6 5109 90 02 6 6 19 3 0 4 0 63 0 0 0 4 5 1 412 10 05 7 8 26 18 23 082020 060 8123 507
136 120 8 9 12 0 0 00 83 0 8 82 903 32.4 75 20.0 92 4 9.0 97 12.9 10 2 5 1209 19 0.0 05 2.00 67.8 80.6 027.7 1.30 132.5 88.2 5.03 0 8 62 98 18.029
 8.5 09.0 
1 2 3 3 7153 45 04 0 0 18 9 0 0 1 48 9 8 6 4 0 8 817 10 90 5 0 09 10 20 494623 068 8729 706
603 127 5 9 12 5 2 02 89 0 7 06 997 41.4 65 27.0 10 4 9.2 08 52.7 17 0 5 8299 17 0.3 10 2.95 87.4 09.2 102.3 1.35 030.4 80.2 0.01 3 6 10 96 12.522
2
 3.0 87.2 80.2 91.5 58.0 002.5 191 5.85 05.8 536.3 0.93 425.08 
98.2 00.5 50.3 126.5 908 5.37 53.5 538.3 0.00 128.57
1 2 3 4 0046 45 12 0 5 09 0 2 0 1 08 0 8 0 5 0 1 990 18 45 9 8 08 42 23 191220 184 8120 046
150 200 5 8 13 4 6 22 09 3 1 08 987 12.0 17 70.4 11 4 7.0 04 99.4 90 2 5 7089 46 0.5 00 2.80 32.2 00.2 103.0 1.35 130.9 07.6 5.28 3 5 90 88 40.022
 8.5 89.0 
1 9 3 5 2193 08 62 0 5 20 9 2 3 1 20 4 7 1 2 5 1 919 12 45 0 8 29 18 13 098203 030 0120 950
103 126 0 9 10 9 0 29 09 7 0 95 067 00.4 15 03.9 17 4 9.2 09 12.0 62 5 5 1383 12 4.5 10 2.45 87.2 40.2 593.0 0.35 109.5 90.2 0.01 0 5 11 98 02.202
2
 0.7 00.9 68.2 12.0 90.0 122.0 754 0.37 53.7 542.3 1.50 230.98 
88.2 12.4 59.0 323.5 920 5.46 03.9 480.0 9.79 026.68
1 2 3 4 9006 45 52 8 1 02 0 0 7 0 27 9 5 1 4 9 0 900 50 00 9 0 04 12 70 091293 107 8523 000
023 023 7 9 00 5 9 82 80 8 1 09 007 08.0 45 28.4 82 4 9.2 10 12.5 06 5 5 0280 70 4.5 04 6.43 27.9 84.2 123.3 1.05 938.5 87.2 6.21 3 0 02 00 58.940
 0.0 09.2 
0 0 3 9 0035 49 90 5 5 15 9 2 0 1 08 6 0 1 4 7 1 972 90 45 8 8 24 15 23 090223 126 9793 756
100 183 5 5 16 8 0 10 00 0 1 00 982 02.8 15 23.4 02 4 9.2 14 17.5 12 3 9 1890 12 4.6 78 7.40 07.9 09.6 123.0 6.30 002.5 67.2 0.87 9 5 12 00 72.042
2
 7.7 09.2 73.2 67.5 80.0 122.5 504 8.04 73.7 760.3 0.50 120.98 
98.6 43.5 54.0 722.9 024 2.98 63.4 772.0 0.53 507.08
5 2 3 4 5025 49 02 0 8 00 9 0 2 0 28 2 4 9 4 0 1 002 02 75 9 8 24 08 13 891203 524 8113 556
403 708 5 0 16 8 2 95 83 0 1 87 982 12.9 15 73.9 50 4 9.7 84 80.5 12 1 0 0238 02 6.0 00 3.46 96.2 89.5 173.3 1.00 127.5 80.2 9.00 9 5 02 00 82.002
 0.0 80.5 
0 2 0 3 0420 05 12 0 5 02 9 8 9 5 08 9 2 1 0 5 1 019 60 50 0 8 44 02 23 690903 005 8103 536
003 890 5 9 16 8 4 12 09 5 0 02 080 15.0 18 20.9 20 0 0.2 94 12.5 70 3 5 5279 40 2.2 30 2.45 00.0 80.2 103.9 1.39 800.0 97.8 4.76 3 6 02 78 12.022
0
 0.5 84.2 08.9 12.0 09.3 182.5 054 1.34 50.2 849.5 1.04 125.08 
18.2 52.5 54.3 022.0 224 0.34 50.7 509.3 7.63 165.94
1 0 0 4 0020 95 90 5 5 06 0 2 4 2 00 9 0 7 4 5 1 912 12 07 8 8 00 54 23 097323 124 8103 096
003 123 5 9 19 8 2 62 89 0 6 86 087 05.8 14 23.7 92 0 9.2 80 00.8 12 0 7 1879 15 0.5 12 0.70 87.0 09.5 143.4 7.30 038.0 80.2 5.21 3 0 82 98 12.086
 8.5 05.3 
0 2 7 4 0323 55 02 1 6 17 7 0 8 1 08 0 6 1 0 5 1 012 02 70 9 0 24 10 27 880253 104 0003 006
173 129 3 9 12 8 8 12 80 0 0 02 985 06.4 75 21.2 20 4 0.6 14 92.0 62 3 5 0009 12 0.5 20 2.05 80.2 77.0 523.7 5.31 490.5 09.9 8.61 0 0 70 88 02.872
8
 0.8 09.0 70.2 12.8 54.3 020.0 121 2.66 56.1 532.3 1.08 160.98 
02.8 19.9 57.4 072.5 770 0.95 05.2 972.3 0.03 105.28
1 8 0 4 9120 00 12 5 5 06 9 0 1 9 24 0 9 1 7 5 1 917 02 05 0 0 44 70 23 091530 708 8109 750
123 023 5 9 80 9 2 02 89 6 7 04 680 02.5 10 83.4 50 6 0.9 04 40.0 82 3 5 6203 12 4.0 18 0.45 57.2 00.2 800.3 9.35 802.0 08.8 9.60 9 6 62 08 15.992
 0.5 54.9 
1 0 7 6 5100 05 12 5 5 20 9 0 2 3 07 8 0 1 5 9 7 718 12 47 0 0 24 10 53 891223 464 0423 560
070 990 5 0 09 8 0 62 83 6 3 89 087 02.4 75 23.0 12 4 0.8 04 92.4 13 3 5 0209 18 0.5 70 0.45 00.2 79.0 720.5 9.32 130.4 85.2 5.58 4 5 00 98 08.790
0
 8.5 09.2 90.5 08.0 10.3 150.5 136 9.38 73.3 512.3 1.53 025.78 
40.0 10.5 59.0 005.5 100 5.34 53.9 034.0 1.51 981.95

