0 0 3 0 5123 05 00 0 0 02 0 0 3 1 08 9 0 1 0 5 0 910 10 05 9 0 00 00 20 800203 104 8000 006
023 000 5 0 10 0 0 00 00 0 0 82 907 02.4 00 20.4 02 0 9.2 10 02.5 10 3 0 0280 02 0.0 00 2.40 87.2 09.0 000.0 1.00 002.5 80.0 0.21 0 5 02 98 12.02 0.0 00.0 
1 0 3 0 0020 00 02 0 5 10 0 0 0 1 08 0 2 0 0 5 0 900 10 00 9 0 00 10 00 000203 000 8020 550
103 120 5 0 10 0 2 02 80 0 1 02 007 10.4 05 20.4 12 0 9.0 10 1
 0.0 89.0 
1 0 0 0 0003 05 00 0 5 10 9 0 0 0 28 0 0 1 0 5 0 010 10 00 0 8 24 10 20 800000 000 8000 500
100 003 0 9 02 0 2 00 80 0 0 00 987 00.0 15 03.4 00 4 9.2 10 02.0 00 3 0 0089 02 0.0 02 0.45 87.0 89.2 123.3 0.00 000.0 87.2 0.20 3 5 00 90 10.020
0
 0.0 00.2 98.2 10.5 00.0 102.0 100 0.30 53.2 030.3 1.00 025.00 
90.0 12.5 04.0 100.0 000 0.04 00.2 002.3 1.53 000.00
0 0 0 0 0023 05 00 0 0 12 9 2 5 0 20 9 0 0 0 0 1 012 12 45 0 8 04 00 20 891000 020 8123 550
120 020 0 9 02 0 2 12 89 0 1 82 080 00.0 00 03.0 00 0 0.0 04 00.5 12 0 5 0089 00 0.5 12 2.40 80.2 09.0 103.0 0.05 132.5 80.0 0.21 3 0 12 00 10.020
 8.0 09.0 
1 2 0 0 0100 00 02 5 0 02 0 0 0 0 08 0 02 10 89 0 0 02 007 02.4 00 03.0 12 4 0.0 00 00.0 12 3 0 0289 10 4.5 12 0.40 87.0 09.2 003.500.3 1.00 025.90
1 2 0 4 0123 00 10 5 5 00 0 0 0 0 00 0 0 0 0 0 0 900 02 00 9 0 20 02 20 801000 104 8003 006
020 103 0 0 10 8 0 02 89 0 0 80 907 02.0 05 23.4 10 0 0.0 10 02.0 00 3 0 0009 02 0.0 02 2.45 00.0 80.0 003.3 0.35 100.0 07.0 0.00 0 5 12 98 02.000
 8.0 00.0 
1 2 0 0 5020 45 12 5 5 12 0 2 0 0 28 0 2 1 0 0 0 900 00 45 0 8 00 10 00 891203 020 8123 050
003 000 5 9 00 0 0 02 00 0 1 02 900 00.4 05 20.0 10 0 0.2 04 00.0 00 0 0 1080 00 0.0 12 0.45 07.0 00.2 123.0 1.00 030.0 00.2 0.00 0 0 02 90 00.020
0
 0.5 00.0 00.0 02.0 00.3 020.0 024 5.30 53.0 032.3 0.50 005.90 
08.0 10.0 50.3 002.0 124 5.34 50.0 530.3 0.50 005.00
1 0 0 4 5000 05 10 0 0 00 9 0 0 1 08 0 0 0 4 0 0 010 00 00 9 8 20 10 00 001000 124 8020 056
020 100 0 9 02 8 0 10 89 6 0 00 900 10.0 15 03.4 10 0 9.0 00 00.0 02 0 5 1200 00 4.5 02 0.40 80.2 00.0 120.0 0.35 030.0 80.0 0.20 3 5 02 08 02.020
 8.0 09.2 
0 2 3 4 5020 05 12 0 0 00 0 2 0 0 20 0 2 0 4 5 1 912 00 00 0 0 04 00 00 800023 120 8123 506
020 100 5 0 12 0 2 02 00 6 0 02 900 02.0 15 03.0 02 0 0.2 10 00.5 00 0 0 0000 00 4.0 10 0.45 07.2 80.0 020.3 1.05 000.0 87.0 5.21 3 5 02 90 02.000
2
 0.0 80.0 00.2 12.0 50.3 020.0 100 0.04 50.0 532.3 1.00 000.90 
08.2 00.0 04.3 002.0 124 5.30 53.2 500.3 1.00 105.00
1 2 0 4 0123 00 00 5 5 00 9 2 8 1 00 0 2 1 0 5 0 012 00 05 0 8 04 00 23 001000 004 0100 006
103 020 0 9 02 0 2 12 00 8 0 00 080 12.0 15 23.4 12 0 9.0 14 02.5 02 0 5 1209 02 0.5 02 0.00 87.2 00.2 120.3 0.00 132.0 07.2 5.21 3 0 12 00 02.002
 8.0 09.2 
0 0 0 4 0120 05 10 0 0 00 0 2 7 0 20 9 0 0 0 5 0 902 10 00 0 0 04 02 20 000200 000 8100 000
100 020 0 9 12 0 0 02 80 0 1 02 087 12.0 00 00.0 10 4 9.2 04 10.0 10 3 5 0209 02 0.0 02 0.40 00.2 80.0 120.0 1.30 130.5 07.2 5.01 3 5 02 08 02.022
2
 8.0 00.2 08.2 10.5 00.0 100.5 020 0.00 50.2 500.0 0.03 120.00 
90.0 10.5 00.3 100.0 100 5.04 03.0 500.0 0.00 025.08
0 2 0 0 5020 00 00 0 0 12 9 0 0 1 28 9 0 0 0 5 1 002 02 40 0 0 04 02 20 000023 000 8103 050
003 103 0 9 12 8 0 02 89 0 1 82 987 12.4 00 00.0 02 4 9.2 00 02.5 00 3 0 1080 10 4.0 00 2.40 80.2 89.0 100.0 0.05 100.5 00.2 5.21 0 0 00 08 00.000
 0.0 00.0 
1 0 0 0 0023 05 02 0 0 12 0 2 0 0 00 0 0 1 4 5 1 010 00 00 0 8 00 02 20 091003 104 0103 556
003 103 0 0 10 8 0 00 00 0 0 82 900 10.4 00 20.0 10 0 9.2 04 10.0 10 3 0 0009 12 0.5 10 0.40 07.0 00.0 020.0 1.05 102.5 87.2 0.20 0 5 12 00 00.022
2
 8.5 00.0 98.0 02.5 50.0 100.5 004 5.34 03.0 530.0 0.03 005.98 
90.0 00.5 50.3 102.0 100 0.00 50.2 032.3 1.50 105.98
1 0 0 4 0020 05 10 0 5 00 9 2 0 0 20 9 0 0 0 5 1 902 00 00 9 0 00 00 03 091220 000 8123 000
023 120 0 0 00 8 0 02 09 0 0 00 080 12.4 00 20.0 02 4 0.2 00 12.0 10 3 5 1009 00 0.0 10 0.05 07.2 80.0 120.3 1.35 102.5 80.0 5.20 3 0 10 00 00.000
 8.5 80.0 
0 2 3 0 5000 05 12 5 5 10 9 2 0 0 00 0 0 0 4 0 0 912 02 05 9 0 20 02 23 000000 100 0103 006
123 000 5 0 10 0 2 10 00 0 1 02 980 00.4 00 23.4 00 4 9.2 00 10.5 12 0 0 1000 00 4.0 02 2.05 87.2 89.0 100.0 1.00 000.0 87.2 5.01 3 0 00 00 00.000
0
 8.5 80.0 98.0 02.5 04.3 000.0 020 0.04 00.2 000.0 1.53 005.00 
90.2 10.0 04.3 102.0 124 0.30 50.2 500.3 0.53 025.00
1 0 0 0 0100 00 12 5 5 12 0 2 9 0 08 0 2 1 0 0 0 002 12 00 0 8 00 12 20 000003 100 8120 550
020 003 5 0 00 0 0 00 80 5 0 80 900 12.0 05 20.0 12 0 0.2 04 02.0 00 3 0 0080 12 0.5 00 0.00 00.2 89.0 120.0 0.05 030.0 07.0 0.00 0 5 02 90 12.002
 8.5 00.2 
0 0 0 0 0023 40 00 5 0 10 0 2 0 0 20 0 2 0 0 0 0 902 00 05 0 0 00 00 00 891000 020 0000 506
000 023 5 9 10 8 0 12 80 0 0 00 000 00.4 10 20.0 10 0 9.0 10 00.0 00 0 0 1089 00 0.5 00 0.05 07.0 09.0 103.3 0.30 102.5 07.0 0.01 0 0 10 08 12.000
2
 8.5 09.0 90.2 10.5 00.0 120.0 104 0.00 00.2 500.0 0.00 000.08 
98.0 02.5 54.0 100.5 000 5.04 50.2 502.3 1.50 000.08
1 2 3 4 5000 05 00 5 5 12 0 2 0 0 08 9 2 0 4 0 1 002 00 05 9 8 24 12 20 891003 004 0003 550
120 023 0 0 10 0 2 02 09 0 0 80 087 00.4 10 23.4 02 4 9.2 10 12.0 02 0 5 0089 12 4.0 02 2.05 07.0 80.0 020.0 0.35 100.0 07.2 0.20 0 0 00 08 02.002
 0.5 00.0 
0 0 3 4 5000 05 00 5 0 10 0 2 0 0 00 0 0 1 4 0 1 900 00 00 0 0 04 00 00 001020 004 0000 000
120 020 0 9 00 8 0 00 09 0 0 00 000 00.4 15 23.4 00 0 9.2 14 00.0 00 0 0 1200 00 4.5 02 2.05 00.0 80.2 100.0 0.05 030.5 07.2 0.01 3 5 00 08 02.522
2
 0.0 00.0 08.2 12.0 50.0 100.0 020 5.04 03.2 030.0 0.53 000.00 
08.0 02.5 54.3 002.5 000 5.04 00.2 500.3 1.03 000.00

