0 0 0 0 0120 40 00 0 5 10 0 0 0 0 28 0 0 0 4 0 0 012 12 45 9 8 04 10 20 090020 120 8000 056
020 000 5 0 00 8 0 10 00 0 0 80 980 00.4 10 23.0 02 0 0.0 00 00.0 00 3 5 1000 10 4.5 00 0.40 07.2 00.0 120.0 1.00 002.5 00.0 0.20 0 5 12 00 02.00 8.0 89.0 
0 0 0 4 0120 40 02 0 0 02 9 0 7 0 28 9 0 1 0 5 1 900 00 05 0 8 20 10 20 800023 020 8000 506
103 000 0 9 10 0 2 10 09 0 0 02 080 10.4 05 00.0 00 4 9.2 14 00.0 02 3 5 1000 02 0.5 02 0.05 00.0 89.0 120.0 1.35 032.0 87.0 0.20 3 5 00 90 12.022
 0.5 80.2 98.0 12.0 00.0 100.5 000 5.00 00.0 000.0 1.03 100.08 
90.2 10.0 54.0 000.0 100 0.00 00.0 000.3 0.00 120.08
1 2 3 4 5103 00 10 0 5 02 0 0 0 0 00 9 0 0 4 5 1 000 02 05 0 0 24 00 23 801200 120 0023 056
000 000 0 0 10 8 2 00 00 0 1 00 900 02.0 15 23.0 10 0 0.0 00 00.0 0003 5 0089 02 4.0 12 0.45 00.2 00.2 103.3 1.35 132.0 07.2 5.21 0 5 02 00 12.000
 8.0 00.2 
0 0 0 4 0123 05 12 5 5 12 0 0 0 0 00 0 0 1 0 5 0 010 00 40 9 0 00 00 03 891000 000 0023 050
100 120 5 9 10 0 0 12 09 0 0 02 980 12.0 00 23.0 12 0 0.2 14 10.5 00 3 5 1089 02 0.0 00 0.00 00.0 00.2 100.0 1.30 000.5 00.2 0.01 3 5 02 08 00.020
2
 0.0 89.2 00.0 10.0 00.0 122.0 000 0.04 53.2 502.0 1.03 105.00 
98.2 02.0 04.3 000.5 000 0.30 53.2 002.0 0.00 105.00
0 2 0 0 0000 05 10 5 0 02 9 2 0 0 00 0 0 0 0 0 0 012 00 00 0 8 04 10 00 001220 000 0003 050
123 023 0 9 00 0 2 02 80 0 1 02 980 12.4 00 00.4 00 4 0.0 10 10.0 00 3 5 0209 10 4.0 10 0.45 00.0 89.0 120.0 0.30 100.0 07.0 5.01 0 5 10 00 02.002
 0.0 09.0 
1 0 3 0 0003 45 10 5 0 10 0 0 0 0 00 9 2 0 4 5 1 012 12 45 9 8 00 00 23 890200 120 8020 000
123 100 0 9 12 8 0 10 89 0 1 82 900 10.4 10 23.4 02 4 0.0 14 12.0 02 3 5 1009 10 0.0 12 0.40 80.0 00.0 120.3 0.05 132.0 87.0 0.20 0 5 02 90 12.020
0
 0.0 89.0 98.0 02.0 54.0 022.5 124 0.30 50.0 530.0 0.53 020.90 
08.2 00.5 50.0 120.5 104 5.04 00.0 532.0 0.53 005.90
0 2 0 4 5020 05 02 0 0 10 9 0 7 0 20 0 0 1 0 5 1 910 02 05 0 0 20 12 03 000200 024 0023 006
000 120 5 9 02 0 0 10 89 0 1 00 900 10.0 00 03.0 02 0 0.0 14 10.5 00 0 5 1209 10 0.5 12 0.00 80.2 00.0 103.0 0.00 000.5 80.2 0.21 0 5 10 00 12.000
 0.0 80.0 
0 0 0 0 5103 45 10 5 0 02 0 2 6 1 08 9 0 0 0 5 0 000 02 00 0 8 00 00 23 800220 020 0003 500
020 003 0 9 12 8 2 02 00 0 0 80 000 02.4 10 20.4 12 4 0.2 10 02.0 10 3 5 0080 00 0.0 10 2.45 87.2 09.0 000.3 0.30 130.0 87.0 0.21 0 0 00 08 10.022
0
 8.0 80.2 90.2 00.0 54.0 000.5 000 5.00 03.0 032.3 0.00 020.00 
08.0 02.5 54.3 100.5 020 0.30 03.2 030.3 0.00 125.08
0 0 3 0 5003 40 02 0 5 02 9 0 0 1 08 0 2 0 4 0 0 012 00 45 0 0 04 02 00 090000 120 0000 506
100 120 5 9 00 0 2 12 09 6 0 02 007 00.0 10 20.0 02 0 0.0 14 10.5 00 3 0 0080 12 4.0 12 2.40 00.0 89.0 020.3 1.30 032.0 87.0 0.01 0 5 10 90 10.420
 8.0 89.0 
1 2 0 4 0020 45 00 0 0 02 0 0 0 0 20 0 0 0 0 0 0 902 00 45 9 8 20 10 00 091200 004 8100 056
123 100 5 9 10 0 2 12 89 6 0 00 080 02.0 15 00.0 10 4 9.0 14 02.0 00 3 5 1200 02 0.0 12 0.40 87.0 89.2 020.0 0.35 032.5 07.2 5.21 0 5 10 00 00.000
0
 0.5 80.0 00.2 10.5 50.0 022.5 000 0.30 03.2 030.0 1.53 100.98 
90.0 00.0 50.3 120.5 024 0.30 53.0 030.0 1.00 020.90
1 0 0 0 5100 00 10 0 0 00 0 2 0 0 00 0 0 1 0 0 1 902 10 00 9 0 20 10 03 091220 000 8000 050
003 100 0 9 10 0 2 00 09 0 0 02 900 00.4 10 03.0 10 0 9.0 14 02.0 10 0 5 0080 10 0.0 12 0.00 87.0 09.0 103.0 0.05 102.5 00.0 5.20 3 5 12 90 12.000
 0.0 09.2 
0 0 0 0 5100 05 12 0 0 00 0 2 0 1 08 9 0 1 0 0 1 900 12 05 9 0 00 10 20 001023 120 8000 006
120 000 0 0 10 8 2 02 09 0 1 02 900 10.4 10 20.0 10 4 0.2 00 10.0 00 0 5 0000 00 4.0 10 0.05 07.0 80.0 020.0 0.00 102.0 80.0 5.01 0 5 02 08 00.720
2
 8.5 89.2 00.2 02.5 04.0 100.5 004 5.30 03.2 530.0 0.00 025.08 
98.2 00.5 00.3 020.5 120 5.04 53.2 500.0 1.53 025.90
1 0 3 4 0103 40 00 5 0 00 0 0 0 0 20 9 2 1 4 5 1 010 12 00 0 0 04 00 03 000000 024 8120 506
123 100 5 9 00 8 0 02 80 0 1 80 000 02.0 10 03.0 00 4 0.0 10 10.5 00 3 5 1080 12 0.5 00 0.00 07.0 89.2 103.3 1.05 002.0 00.2 0.20 0 0 12 90 02.000
 8.0 00.2 
1 0 3 0 0000 00 12 5 5 02 0 0 0 1 28 0 2 0 4 5 0 910 12 05 0 8 20 02 20 890200 120 8103 506
123 020 5 9 12 8 2 02 09 0 0 80 907 00.0 15 00.0 00 4 0.0 04 12.0 10 0 0 0009 12 0.0 10 0.40 00.0 80.0 000.3 0.05 130.5 87.0 5.21 3 5 00 98 10.000
0
 0.5 00.0 90.0 12.0 04.3 020.5 000 5.00 53.2 002.0 1.00 120.90 
98.2 00.5 50.3 020.0 004 5.30 00.2 032.0 1.03 100.98
1 0 3 4 0100 05 00 0 5 12 9 0 0 1 20 9 2 0 4 0 0 010 12 00 0 0 00 00 00 001000 104 8023 050
020 123 5 9 10 0 2 12 80 0 0 82 087 00.4 10 00.0 10 4 0.0 14 12.5 12 0 5 0209 00 0.0 02 2.45 00.0 09.0 103.0 0.00 102.0 87.0 0.21 0 0 02 00 10.000
 8.5 80.0 
0 0 0 4 5120 05 10 0 0 10 0 0 0 0 20 0 2 0 0 0 1 902 10 40 0 0 20 00 03 001200 100 0000 006
123 023 5 9 10 8 0 10 80 6 1 02 000 02.0 00 00.4 10 4 0.2 00 10.0 10 0 0 0009 02 0.5 10 0.40 00.2 00.2 100.0 0.35 032.5 80.0 5.21 0 0 02 90 00.020
0
 0.0 80.2 00.2 02.5 54.3 100.5 000 0.30 03.0 032.0 1.03 020.00 
90.0 02.5 50.3 022.5 024 0.00 00.0 532.3 0.03 000.00
1 2 0 0 5100 05 02 0 5 02 9 0 0 0 20 9 2 0 0 0 1 010 00 40 0 0 20 10 03 090003 100 0120 556
020 103 5 0 00 8 2 00 00 0 1 80 900 00.0 15 23.0 02 0 0.2 00 10.5 10 0 0 0000 02 0.5 00 2.00 07.0 80.2 100.3 1.35 000.0 80.0 5.00 3 5 10 00 02.000
 0.5 80.2 
0 2 0 0 0100 40 00 0 5 12 0 0 0 0 00 0 2 1 4 0 0 010 10 00 9 8 24 00 23 801023 024 0100 500
120 123 5 0 10 8 2 02 00 0 1 00 980 12.4 10 23.0 12 0 9.2 14 02.0 10 0 0 0009 00 4.5 00 2.05 87.0 00.0 023.0 0.30 100.5 87.2 5.00 0 0 12 90 12.000
0
 0.0 00.0 98.0 00.0 04.3 000.0 024 0.04 00.0 002.3 0.53 105.98 
00.2 02.0 54.0 000.0 020 5.04 03.2 532.0 1.53 100.98
1 2 0 0 0003 40 12 5 5 02 9 0 0 0 20 9 2 0 0 5 1 000 10 05 9 0 24 10 03 090200 124 8103 506
123 000 0 0 02 8 0 12 00 0 1 82 900 10.0 05 20.4 00 4 0.2 04 00.5 12 0 5 1000 12 0.5 00 0.00 07.2 09.2 020.3 0.05 100.0 00.2 5.20 0 0 10 00 10.020
 0.0 09.0 
1 0 0 4 0020 00 00 0 5 02 0 0 0 0 08 0 2 1 4 5 0 912 02 00 0 8 00 00 20 090020 120 8003 050
020 023 0 0 12 0 0 00 00 9 1 00 007 12.4 15 03.4 02 0 9.0 00 12.5 00 0 5 0080 00 4.0 12 2.00 07.2 00.2 000.3 1.30 102.0 00.2 5.01 0 0 00 00 10.002
2
 8.5 80.0 90.0 12.5 00.3 000.0 104 0.00 50.0 500.0 0.00 025.00 
00.2 10.5 04.0 020.0 020 0.30 53.0 000.0 1.00 100.08
0 2 3 4 5023 45 10 0 0 10 9 0 0 1 00 0 2 0 0 5 0 012 12 45 0 8 24 00 03 000003 104 8123 000
000 000 0 0 12 8 0 00 09 0 0 80 907 02.4 10 00.0 12 4 9.2 04 00.5 12 0 5 1209 02 4.5 02 2.00 07.2 09.2 100.3 0.00 130.0 80.2 0.21 3 0 00 98 10.022
 8.0 00.2 
0 0 0 4 5003 00 00 5 5 02 0 2 0 0 28 9 0 1 0 5 1 012 00 40 9 0 00 00 23 091020 020 8020 500
020 123 0 9 00 0 0 02 09 0 1 82 000 00.4 15 20.0 02 0 0.2 04 10.5 10 3 5 0089 00 0.5 12 2.05 00.2 89.2 023.3 0.05 000.5 00.0 0.20 0 5 00 98 10.420
2
 8.5 89.0 98.0 12.5 04.3 002.5 120 0.34 50.2 002.0 0.00 125.98 
90.0 10.5 00.0 120.0 020 0.00 53.2 032.3 1.03 000.90
0 0 0 0 0120 00 12 5 5 02 0 0 1 0 08 0 2 1 0 5 0 002 00 05 0 8 20 12 23 090223 000 0003 050
120 103 5 9 00 8 0 02 80 0 0 00 907 10.0 00 23.0 12 0 9.2 00 10.5 00 0 5 1080 12 4.5 00 0.00 07.2 09.0 020.0 0.05 102.5 07.2 0.21 3 5 10 00 10.020
 0.5 09.2 
0 2 3 0 0123 05 02 5 0 02 9 2 0 0 28 0 2 1 4 0 0 010 00 05 0 0 04 00 23 001200 000 8120 006
100 000 5 0 10 8 0 00 89 3 1 02 007 02.4 05 00.4 12 0 9.0 14 10.0 02 3 0 0000 10 0.5 10 0.00 00.0 09.2 123.3 0.05 132.0 80.0 0.20 0 5 02 98 00.820
0
 0.0 80.0 90.0 00.0 00.0 102.0 100 0.00 03.0 032.0 1.50 125.98 
00.2 12.0 54.3 002.5 024 0.30 53.0 532.3 0.50 100.98
1 0 0 0 0100 00 10 5 0 12 9 0 0 1 20 9 0 0 4 5 0 010 02 00 0 0 00 10 00 891200 024 0120 550
020 023 5 0 10 8 0 10 89 0 1 02 087 00.0 00 00.0 02 4 0.2 00 02.5 00 0 5 0000 02 0.5 00 0.05 00.0 80.0 003.0 0.30 000.0 00.2 5.21 3 5 10 08 02.020
 8.5 00.2 
1 0 3 0 5000 40 00 5 0 10 0 2 3 0 00 9 2 1 0 0 1 900 02 45 9 0 00 12 20 091023 000 0023 506
020 100 5 0 12 0 0 02 00 0 0 82 900 00.0 10 20.0 02 4 9.0 00 12.5 00 0 0 0089 02 0.5 00 0.45 87.0 80.2 023.0 0.05 100.5 80.0 0.21 0 0 12 90 10.000
0
 0.0 00.0 98.0 00.0 50.3 122.5 000 0.00 50.0 532.0 1.50 120.98 
08.2 00.0 50.0 000.0 104 0.00 00.0 030.0 0.53 000.98
0 2 0 0 0100 45 12 0 5 00 9 2 0 1 20 9 2 0 0 0 0 012 00 00 9 8 20 10 03 091020 104 8023 000
123 000 0 9 00 0 2 02 00 0 0 82 900 00.4 00 00.0 02 4 0.2 00 10.0 02 0 0 0209 10 0.5 02 2.05 80.0 89.0 120.0 1.00 032.5 07.2 5.20 3 5 10 90 12.020
 8.5 89.0 
1 2 0 0 0100 45 10 5 5 00 9 0 4 1 20 0 2 0 4 5 0 900 00 45 9 0 04 02 00 890220 120 8023 506
103 000 0 9 12 0 0 00 00 0 1 80 987 02.0 10 03.0 12 0 0.0 04 00.0 00 0 5 0089 00 0.0 02 0.00 80.0 00.0 003.3 0.05 132.5 87.0 0.21 0 0 10 98 10.600
2
 0.5 80.0 08.0 00.5 50.3 100.0 104 5.04 50.2 502.0 1.00 000.08 
00.2 10.0 00.3 002.0 104 5.34 00.2 530.3 0.53 005.08

