0 0 3 0 5020 05 10 0 0 10 9 2 0 0 28 0 0 1 0 0 1 002 10 40 9 8 24 00 03 091003 120 0100 050
020 120 0 0 00 8 0 02 00 0 0 02 000 00.0 00 23.4 00 4 9.2 00 02.5 12 0 0 0200 12 4.0 12 0.00 87.0 00.2 000.3 1.35 132.5 00.2 5.21 0 5 02 90 02.02 8.5 89.2 
1 2 0 0 0023 00 00 5 5 10 0 2 0 0 28 9 0 1 0 0 1 902 10 05 9 0 24 10 00 800023 124 0000 556
103 020 0 0 10 8 0 00 89 0 0 82 087 10.0 00 20.4 00 4 9.2 00 10.0 02 0 5 1209 00 4.0 12 0.45 07.0 80.2 103.0 0.30 000.5 87.0 0.01 0 0 10 98 12.000
 0.5 80.0 08.0 00.5 00.0 022.5 020 0.04 53.0 000.3 1.00 005.90 
08.0 12.5 04.0 020.0 020 0.34 00.0 030.0 0.00 005.08
0 2 3 4 0000 40 00 0 0 12 0 2 0 0 08 9 2 0 0 5 0 900 10 40 0 0 00 00 20 001023 000 0000 506
003 103 5 0 00 0 2 00 09 0 0 02 980 00.0 00 03.0 00 4 9.0 10 10.5 12 3 0 0200 10 0.5 10 2.40 80.0 80.0 023.3 0.00 030.0 87.0 5.21 0 5 00 08 00.002
 0.0 00.0 
0 0 3 0 5120 05 12 5 0 12 9 2 0 0 28 0 2 0 0 0 0 902 12 00 0 8 04 10 20 891003 120 0020 550
023 120 5 0 10 0 0 02 00 0 1 00 907 10.4 10 23.0 00 0 0.2 00 02.5 00 0 5 0089 00 0.0 12 0.45 87.2 09.2 000.0 1.30 032.0 87.0 0.20 3 0 00 08 10.000
2
 0.5 00.2 90.2 12.0 54.0 122.0 020 0.00 00.0 030.0 0.50 125.90 
90.2 00.0 04.3 022.0 020 5.00 50.0 530.0 0.53 120.00
1 0 3 0 5103 00 02 0 5 12 0 2 0 0 20 9 2 1 4 0 0 000 02 00 9 8 00 02 23 001200 120 8000 500
120 120 5 0 10 0 2 10 00 0 1 00 900 10.4 15 20.4 02 4 9.0 00 02.5 00 3 0 0209 10 4.0 00 0.40 87.2 00.0 120.0 0.05 130.0 00.2 5.20 0 5 00 00 00.002
 8.5 00.2 
1 0 3 4 0003 05 00 0 0 02 0 2 0 0 00 0 2 1 4 5 1 000 00 45 9 0 04 12 23 801223 004 0003 050
020 023 5 0 00 8 0 00 80 0 1 00 087 12.0 15 20.0 10 4 0.0 00 12.5 10 0 0 0289 00 4.0 12 2.00 80.0 00.0 120.0 1.00 132.5 00.0 5.20 3 0 02 90 00.020
2
 8.0 89.2 00.0 12.0 50.3 000.5 020 0.00 50.0 502.0 1.50 000.90 
08.2 02.0 00.3 020.5 004 5.00 03.0 030.0 0.00 005.90
0 0 0 0 5120 05 12 5 0 00 0 0 0 1 08 9 0 0 0 5 0 012 02 00 0 0 24 00 23 001023 004 8003 506
100 123 0 9 12 8 0 12 00 0 1 82 907 00.4 15 00.4 02 0 9.0 10 00.5 00 0 5 0080 00 0.0 02 2.40 00.2 80.2 120.3 0.00 102.0 07.0 0.21 0 0 12 08 00.000
 8.0 00.2 
0 2 0 0 0120 05 10 0 5 12 9 0 0 0 00 0 2 1 0 5 0 900 10 00 0 8 04 10 00 091023 000 0103 050
103 123 0 0 02 8 2 12 80 0 1 02 900 02.0 10 00.4 02 0 9.2 14 10.0 02 3 5 0280 00 4.0 10 0.45 80.2 80.0 103.0 0.35 000.0 87.2 0.21 3 0 00 00 02.020
2
 0.0 09.0 08.2 00.0 54.0 022.5 104 5.00 53.2 032.3 0.00 120.90 
08.0 00.5 04.3 000.0 100 0.04 53.2 530.0 1.00 120.08
0 0 0 0 0023 45 10 0 0 12 9 0 0 1 08 9 0 1 4 5 0 912 00 00 0 8 00 12 20 001020 004 0003 006
023 020 5 0 00 8 0 00 80 0 0 82 087 12.4 00 23.0 10 0 9.0 10 00.5 12 0 5 0209 10 4.0 12 0.45 87.0 00.2 123.3 0.00 130.5 07.2 5.00 0 0 00 98 00.022
 0.0 89.2 
0 2 0 4 5123 05 12 5 0 02 0 2 0 0 00 0 0 0 4 5 0 010 00 00 9 8 20 10 23 001200 004 8103 500
103 023 0 0 12 0 0 12 89 0 0 80 080 10.4 15 00.0 00 0 9.0 10 02.0 12 3 5 0289 10 4.0 00 2.00 00.2 89.0 123.0 1.30 132.0 80.2 0.21 0 0 02 00 02.020
2
 0.0 89.0 00.2 10.0 50.0 120.5 024 5.30 00.0 530.3 0.53 025.90 
00.2 02.0 54.3 102.0 120 5.00 03.2 032.0 0.03 100.98
0 2 3 4 0003 45 02 0 5 12 0 0 0 1 00 9 2 0 4 5 1 912 00 45 9 8 00 02 20 890200 000 8123 000
023 103 0 0 10 0 0 12 00 0 1 80 907 12.0 05 00.4 12 0 0.0 10 02.0 12 0 0 1200 00 4.5 02 0.05 80.2 80.2 020.3 1.35 030.0 07.2 0.00 3 0 12 08 02.020
 0.5 00.0 
0 2 3 0 5120 45 00 0 5 02 0 2 0 1 08 0 0 0 0 5 0 012 10 40 0 0 00 00 20 800020 000 0003 506
103 100 0 0 00 0 0 00 80 0 0 02 080 00.4 05 03.0 02 0 9.2 04 02.5 00 3 0 1280 00 4.0 10 0.40 80.2 00.2 120.3 0.00 100.0 00.2 5.01 0 5 00 00 00.022
2
 0.0 00.2 90.2 10.5 00.0 122.0 120 0.30 03.0 502.3 1.00 105.90 
08.0 00.5 04.0 002.0 020 5.00 50.0 500.3 0.03 000.90
0 2 3 4 0023 40 00 5 5 12 9 0 0 1 20 0 2 0 0 0 1 900 10 40 0 0 04 02 00 001200 100 0120 050
103 003 0 0 00 8 0 00 80 0 1 80 980 02.0 00 00.4 10 4 0.2 14 10.5 10 3 5 0280 00 0.0 12 0.00 87.0 80.0 100.3 0.30 002.5 07.0 0.20 3 0 00 08 10.020
 0.5 09.2 
1 0 0 4 5023 40 00 5 0 02 0 2 0 1 00 9 2 1 0 0 0 002 12 00 0 8 24 02 20 800003 024 0120 500
000 023 0 0 12 8 0 02 80 0 1 02 087 12.0 00 20.0 00 0 9.0 14 02.5 02 0 5 0000 02 4.5 02 0.00 87.0 00.0 000.3 1.30 002.5 80.0 5.21 3 0 00 08 10.002
0
 8.5 09.2 90.0 12.0 50.0 002.5 124 5.00 50.0 032.3 0.00 105.00 
08.0 12.0 50.0 120.5 004 0.00 50.0 530.3 0.03 105.08
0 0 3 4 5103 00 10 5 0 12 9 0 0 0 08 9 2 0 4 0 0 002 00 05 9 8 24 10 20 891220 100 8023 556
123 000 5 0 10 8 0 00 09 0 0 82 080 02.0 15 00.0 10 0 9.2 10 12.5 00 3 0 0000 02 4.5 00 0.40 80.2 00.0 020.0 1.30 002.5 87.0 0.00 0 5 02 00 00.000
 0.0 09.0 
1 0 0 4 5003 00 10 5 5 02 9 0 0 1 20 9 0 1 0 0 1 902 00 00 0 8 00 00 23 090020 100 8103 000
020 100 0 0 00 8 0 02 00 0 0 82 080 12.4 05 23.0 10 0 0.2 04 10.0 10 3 5 1000 00 0.0 02 0.40 87.2 09.0 120.3 0.00 030.0 00.0 5.20 0 0 12 90 12.002
0
 0.5 80.2 00.2 00.0 54.0 002.0 004 0.04 00.2 002.0 1.00 020.90 
00.2 00.0 04.0 002.0 100 0.04 03.2 032.3 0.03 120.90
0 2 3 0 5020 45 12 5 5 10 0 0 0 1 08 0 0 0 0 5 1 012 00 40 0 0 20 10 03 801200 120 8000 506
100 000 0 0 02 0 2 12 09 0 0 00 900 10.0 10 00.4 02 4 9.2 00 00.5 00 3 5 0280 12 0.5 12 0.00 87.2 89.2 023.3 0.05 002.5 87.0 0.20 0 0 02 00 00.000
 8.5 09.0 
1 2 3 4 5023 00 10 5 5 02 0 0 0 1 28 0 2 1 4 5 0 910 02 00 9 8 04 12 20 000003 124 0100 050
000 020 5 0 02 8 2 10 00 0 0 00 000 10.0 15 00.4 10 4 0.0 00 10.5 10 0 5 1200 00 0.5 00 2.00 00.0 80.2 023.0 1.30 030.5 07.0 5.21 0 0 02 00 12.020
0
 0.0 00.2 90.0 12.0 04.0 102.0 104 5.34 03.0 530.0 0.00 125.00 
98.2 12.0 54.0 100.0 120 5.34 00.0 000.0 0.00 125.98
0 2 0 0 5003 45 02 5 5 00 9 2 0 0 20 0 0 0 0 0 0 902 12 00 0 8 20 10 20 001023 104 0120 056
020 120 5 9 12 0 2 10 00 0 1 80 000 00.4 00 00.0 12 0 0.0 00 10.0 10 3 0 1200 02 0.0 00 2.00 87.0 09.2 123.3 1.30 000.5 80.2 0.01 3 0 10 90 00.002
 0.0 09.2 
1 2 0 0 5120 00 10 5 5 10 0 0 0 0 20 9 0 0 0 0 1 002 10 00 0 0 20 00 03 091020 120 8023 556
103 020 0 0 12 0 0 00 09 0 0 82 007 02.4 15 00.0 00 0 0.2 10 00.5 00 3 0 1000 12 4.0 10 2.45 80.2 09.0 100.3 0.05 132.0 87.0 0.00 0 0 10 90 00.000
0
 0.0 00.2 90.0 12.0 04.3 002.0 104 5.34 50.0 530.0 0.00 100.08 
08.0 10.0 00.3 002.5 004 5.04 03.0 002.0 0.00 120.98
1 0 0 0 0020 40 02 5 0 00 0 2 0 1 08 0 0 0 0 0 1 002 02 00 0 0 20 00 03 090023 000 0000 506
003 020 5 0 02 0 0 02 09 0 0 80 007 10.4 10 23.0 00 4 0.2 14 12.0 00 0 0 1200 02 4.0 00 0.00 00.0 80.0 103.3 1.35 102.5 00.2 5.21 3 0 02 08 02.002
 0.0 80.0 
1 0 0 0 0100 00 10 5 5 10 0 0 0 1 08 9 0 0 0 0 0 010 02 45 9 0 24 02 00 890003 024 8023 500
023 000 0 0 12 8 2 02 09 0 1 00 007 12.0 15 23.0 00 0 9.2 00 00.0 02 0 5 1289 00 4.0 02 2.40 07.0 00.0 003.3 1.35 132.0 00.2 0.01 0 5 00 90 10.020
0
 0.0 80.0 90.2 00.5 00.0 020.0 004 0.30 53.2 030.3 1.53 005.98 
90.0 00.0 04.0 022.0 124 0.34 00.2 502.0 1.03 020.00
0 0 3 0 0020 00 02 5 0 02 0 0 0 1 20 9 2 0 4 0 0 002 02 05 0 8 04 12 20 000003 100 8100 550
003 020 5 0 00 8 0 00 00 0 0 80 080 10.0 15 00.0 10 0 9.2 14 00.0 00 0 5 1200 00 4.5 02 2.05 87.2 00.0 103.3 0.00 002.0 87.2 0.00 3 5 00 08 02.000
 0.0 89.0 
0 2 0 4 5100 45 10 5 5 02 0 2 0 0 08 9 0 0 0 0 1 010 00 00 9 0 00 10 00 091200 000 8023 006
020 020 0 9 00 8 2 02 80 0 1 80 987 10.4 10 00.0 02 4 0.0 14 00.0 00 3 0 0200 02 0.5 02 2.00 80.2 89.0 020.0 0.30 000.5 87.2 0.01 3 5 12 00 10.000
0
 0.5 80.0 90.0 02.5 00.3 020.0 024 5.00 03.2 000.0 1.53 105.00 
90.0 02.0 04.3 002.0 104 5.30 00.0 532.3 1.50 020.98
1 0 0 4 5120 00 02 5 0 02 0 0 0 1 08 0 0 0 4 5 1 002 10 05 0 0 04 10 20 890203 000 0000 050
103 003 0 0 02 8 2 02 80 0 1 02 000 02.0 00 03.0 12 0 0.2 00 02.0 10 0 0 0009 02 4.0 02 2.40 80.2 09.2 100.3 1.05 000.0 07.2 5.21 0 0 00 00 10.020
 8.0 09.0 
0 2 3 0 0003 00 02 5 0 12 9 0 0 0 00 0 0 0 0 5 0 902 10 00 0 0 04 00 20 091020 000 0020 500
003 000 0 9 12 0 2 10 80 0 1 02 080 00.4 00 00.0 12 0 9.0 14 12.5 02 3 5 1280 02 0.0 00 2.00 00.2 89.2 003.0 0.00 000.5 80.2 0.00 0 0 02 00 00.000
2
 8.0 80.0 08.0 00.5 00.0 120.0 124 5.04 50.2 500.0 0.50 025.00 
00.0 10.0 00.3 122.5 000 0.30 00.0 002.0 0.03 020.00
1 2 0 0 5103 05 10 0 5 00 0 0 0 0 08 0 0 0 0 0 1 010 10 00 9 8 20 12 03 090023 004 0103 056
020 120 5 0 02 0 0 00 89 0 0 02 007 02.0 05 03.0 00 0 9.0 14 10.5 12 3 0 1009 12 4.0 10 0.40 00.2 00.0 020.0 1.00 032.5 00.2 0.21 0 0 12 00 10.022
 0.0 89.2 
1 2 0 0 0003 40 00 0 5 00 9 0 0 1 20 0 0 1 0 5 0 002 10 45 9 8 00 00 23 800023 000 8123 506
103 100 0 9 02 0 0 02 09 0 0 82 900 00.4 10 03.0 10 4 9.0 00 10.0 10 3 0 1280 02 4.0 00 2.40 00.0 09.2 020.0 0.00 002.5 87.0 0.01 0 0 00 90 12.000
2
 8.0 89.0 08.2 02.0 04.3 002.0 004 0.30 50.2 030.0 0.53 000.00 
98.2 02.0 04.0 120.5 104 5.34 03.0 032.3 0.53 125.00

