1 2 9 4 1123 45 82 5 0 10 9 0 0 9 30 8 6 9 1 5 0 992 47 95 9 8 24 17 76 901223 009 8926 956
990 920 9 6 14 8 0 72 89 5 8 88 965 72.8 15 53.7 10 0 9.6 14 68.8 12 3 5 1839 52 6.5 04 2.39 07.2 99.2 370.7 1.05 400.1 86.0 0.61 9 0 18 86 02.52 8.4 94.2 
1 0 3 4 8059 85 37 7 4 75 9 2 1 0 98 9 2 1 4 9 7 982 67 85 9 8 94 62 80 381214 527 8323 956
890 553 5 0 02 8 2 12 89 6 1 52 987 62.0 14 20.4 80 4 9.2 89 50.5 12 3 5 1089 12 4.8 77 0.65 07.8 49.5 129.8 4.30 042.5 87.2 5.51 3 5 19 06 97.648
 8.5 91.2 90.8 61.4 56.3 624.5 904 4.44 53.2 532.7 0.53 829.79 
98.7 12.7 54.3 952.9 624 8.34 56.2 582.3 2.07 125.97
1 0 9 4 5123 07 72 4 5 02 9 7 0 1 20 9 9 1 5 5 9 972 18 40 0 8 20 17 48 071228 187 8188 750
179 893 0 0 42 7 0 12 85 1 1 62 089 12.0 01 48.4 02 5 9.2 24 18.8 10 3 6 8285 15 4.8 82 2.65 80.2 86.9 083.3 1.35 432.3 87.2 3.41 9 5 12 29 82.499
 8.9 85.2 
1 2 3 4 5554 40 42 5 9 62 9 9 0 7 28 8 8 3 1 9 1 015 12 43 9 8 46 73 13 790020 189 8128 550
186 925 0 9 80 8 2 49 89 9 6 52 637 12.6 85 23.4 16 4 4.4 11 40.5 50 3 0 1849 62 9.7 88 0.39 60.9 84.4 442.3 6.90 737.5 85.2 5.21 8 5 32 78 14.726
2
 8.0 64.2 58.2 02.9 76.5 022.9 125 8.37 43.8 068.3 6.50 505.08 
94.2 92.8 50.3 123.5 084 5.32 58.2 634.3 1.53 108.98
8 0 7 4 9183 90 10 6 9 16 8 2 9 1 08 9 2 7 2 8 1 942 42 45 9 8 07 05 27 801599 034 7523 026
423 206 5 9 70 2 8 86 80 8 5 82 787 12.4 15 73.0 09 8 8.8 17 96.5 02 9 7 4989 12 4.0 54 9.75 87.2 00.2 109.8 1.57 172.0 86.7 0.97 0 5 16 78 92.720
 8.5 09.2 
7 1 4 3 5129 95 12 7 2 18 3 0 8 1 98 7 0 7 7 4 1 882 02 48 9 2 86 12 23 801225 183 8121 504
127 163 0 6 54 5 4 82 79 5 9 09 780 12.4 05 22.2 10 0 9.6 84 10.5 89 4 9 1080 46 4.5 09 0.94 88.9 88.4 546.3 5.09 108.0 81.2 6.26 3 9 10 98 02.422
2
 8.5 89.3 94.2 18.5 54.3 492.5 084 5.30 65.2 569.3 3.09 124.98 
98.8 82.5 47.7 720.5 024 0.08 06.2 522.7 1.73 525.03
6 2 8 6 0123 48 50 0 2 17 0 5 9 0 20 9 2 0 4 5 0 912 95 07 9 5 29 92 35 285983 124 6604 500
975 125 5 6 19 8 9 70 89 0 8 72 087 12.0 99 27.4 19 4 9.9 94 00.5 82 8 2 5689 11 4.5 12 0.47 89.2 89.6 103.0 5.05 198.5 57.2 6.51 7 3 97 08 18.472
 8.9 67.8 
5 2 7 8 0120 26 62 5 5 52 0 2 0 3 08 9 4 5 0 2 1 912 18 66 9 8 95 42 23 091243 100 5010 080
123 862 5 7 12 9 2 70 87 7 0 88 667 18.5 97 03.4 72 0 9.9 12 12.0 02 9 5 8287 10 4.5 40 7.05 87.7 85.7 163.0 1.35 872.5 17.2 5.26 3 9 14 58 17.706
2
 3.7 70.6 97.0 12.3 34.8 022.3 994 0.00 63.2 902.6 1.66 085.98 
95.2 19.5 54.6 722.5 124 8.34 73.2 532.9 1.39 129.97
7 2 3 4 9024 48 18 9 7 12 9 8 9 9 25 9 2 0 4 8 9 353 12 40 3 2 70 72 23 900263 065 8023 556
127 198 9 1 12 8 7 70 87 0 1 92 580 92.6 17 06.0 14 6 0.9 14 62.5 96 3 5 7201 73 8.0 82 4.47 97.2 17.4 163.3 8.65 102.3 80.2 5.20 3 5 12 58 18.862
 9.9 89.2 
0 7 5 5 3843 75 12 5 0 92 9 2 8 6 88 8 2 1 1 0 3 918 74 45 9 0 74 10 23 599220 024 8007 566
373 123 0 9 78 8 2 06 56 8 7 82 387 80.8 14 03.0 09 4 9.2 16 00.7 88 6 2 9780 12 4.5 80 5.07 75.2 63.5 990.9 1.95 834.6 80.9 5.71 0 5 72 58 38.652
4
 8.5 90.9 88.2 12.0 53.3 190.6 104 5.37 03.2 537.3 6.83 579.16 
98.6 19.0 56.8 592.5 225 5.94 83.3 532.3 1.19 805.28
9 7 3 0 5776 45 12 8 3 69 9 2 6 1 09 9 8 7 4 5 7 362 07 35 9 8 28 57 26 850264 124 8108 056
623 123 5 4 12 4 2 72 89 5 0 81 957 27.7 25 23.4 12 9 5.0 92 12.9 12 0 5 0285 02 0.5 92 8.71 87.9 89.0 078.3 1.35 104.5 87.0 5.88 6 6 82 85 52.722
 7.5 84.9 
1 2 9 4 9160 74 12 5 0 95 9 2 8 1 98 6 2 1 4 5 3 382 14 95 2 8 20 18 29 901523 121 9824 926
053 073 2 9 10 8 2 12 69 6 3 42 967 10.4 49 84.0 99 7 9.2 79 19.5 76 0 6 7250 02 4.6 99 6.34 87.0 89.2 103.8 9.30 497.7 40.2 5.70 3 5 12 66 10.602
6
 5.8 89.0 99.2 10.2 24.0 022.5 802 2.70 53.8 979.7 1.59 130.91 
10.5 00.0 98.3 122.5 122 0.34 53.2 536.7 1.53 725.90
4 0 3 9 5720 95 92 5 3 47 4 6 6 9 69 7 4 6 2 5 3 612 06 45 7 0 24 82 29 638023 304 0090 586
430 126 9 7 10 8 6 10 89 6 9 68 987 12.8 89 93.4 19 4 0.2 70 12.5 19 4 5 1286 02 0.5 87 0.98 87.2 89.0 910.3 1.39 932.4 28.7 2.09 3 0 59 91 22.972
 9.5 79.1 
6 5 1 8 2682 85 14 5 3 12 9 5 9 1 28 2 8 5 4 7 8 818 64 40 3 8 24 13 23 351543 148 1173 306
570 179 7 9 17 8 7 74 79 8 1 82 407 18.0 91 29.3 10 4 0.2 14 62.5 18 3 5 9274 16 9.4 92 2.83 50.2 89.2 183.3 1.35 138.5 88.2 7.17 7 5 40 45 12.992
6
 4.9 80.9 08.2 92.5 07.7 102.6 104 8.39 58.8 032.4 1.63 938.98 
99.2 25.5 01.3 192.5 124 3.50 93.2 580.5 1.93 225.08
8 2 0 5 0107 46 17 5 6 12 7 8 3 1 08 9 2 5 4 0 1 912 42 58 9 9 94 17 73 888273 194 0127 000
117 476 5 9 28 8 2 14 64 9 1 95 667 08.4 15 86.5 16 9 2.4 14 02.5 05 3 5 1239 55 4.8 08 9.45 89.2 78.7 323.8 1.86 962.5 77.2 9.69 9 9 94 98 22.070
 9.5 96.2 
3 0 2 8 5523 47 72 2 5 03 8 9 6 6 28 9 5 1 9 5 0 880 12 45 8 4 07 03 03 891493 040 3889 577
543 129 5 5 10 8 2 18 90 9 8 58 987 12.4 54 23.3 13 4 0.0 14 10.5 19 3 6 0399 19 4.5 92 2.95 90.9 80.3 523.3 1.38 182.0 27.4 7.04 5 9 12 98 92.322
2
 4.6 59.9 09.2 50.5 94.3 098.3 826 6.98 53.8 532.6 1.93 140.30 
70.9 12.5 57.6 728.9 694 9.36 53.0 532.8 7.93 125.97
0 2 9 4 1103 75 18 5 5 15 9 2 0 0 21 8 2 1 4 4 0 092 92 45 6 8 20 11 87 746729 924 8136 586
547 123 0 7 12 8 2 12 99 0 4 62 987 09.4 15 98.4 69 4 0.3 14 55.4 12 0 5 3883 10 4.8 17 2.99 87.5 79.2 083.7 1.39 849.5 67.8 1.72 3 2 08 64 12.628
 8.5 89.2 
1 0 4 4 5564 57 12 2 0 10 7 5 8 8 50 8 9 6 5 6 1 932 80 75 9 4 24 66 20 291223 124 8133 759
023 323 5 9 10 7 2 02 60 5 3 71 993 17.7 15 00.6 92 8 9.8 46 19.5 92 3 5 1981 02 4.9 96 2.75 16.2 84.2 123.5 4.65 630.6 03.2 5.21 3 8 16 50 19.826
2
 8.4 86.5 90.9 09.0 51.7 172.6 399 6.94 53.3 632.0 1.53 115.90 
90.4 67.8 88.3 922.5 024 5.04 53.9 533.9 9.43 197.96
9 0 0 4 5408 46 09 3 2 13 6 2 8 9 08 9 2 1 4 5 0 910 72 43 1 9 96 17 23 891745 174 8320 518
303 183 5 7 82 0 7 96 66 7 9 84 997 69.4 05 80.8 49 4 9.2 14 88.5 00 8 9 1287 02 9.5 08 0.47 87.2 00.5 723.3 0.32 131.5 86.0 5.25 3 2 18 08 42.729
 4.5 89.4 
1 2 3 4 4123 49 82 1 5 17 0 2 1 1 28 0 2 9 7 9 5 979 15 65 9 0 25 18 20 897929 114 9123 395
126 105 5 9 19 8 2 67 09 6 9 82 981 19.6 15 23.6 10 5 4.9 18 92.5 12 3 5 1249 12 0.8 12 2.20 88.9 65.9 829.3 3.95 134.0 89.7 5.49 2 7 12 93 12.965
0
 8.0 98.4 99.5 07.5 54.6 922.5 124 3.34 55.0 715.0 0.53 129.90 
88.2 32.5 50.0 806.5 199 5.34 67.8 339.3 1.53 238.99
3 4 3 4 5893 05 12 7 0 17 9 4 0 1 98 9 4 1 7 5 1 902 72 45 8 9 22 18 90 845063 184 8107 538
126 123 6 9 12 8 7 99 80 0 1 87 392 72.4 30 40.4 92 0 5.2 10 12.8 98 1 0 1358 12 4.4 99 2.45 67.2 59.3 153.0 9.35 682.6 80.4 6.20 3 0 16 40 12.300
 8.7 59.8 
3 6 8 4 5473 75 10 0 5 18 8 3 2 1 29 9 2 8 4 8 1 972 12 00 4 8 24 05 23 809293 124 8129 996
123 627 0 7 12 8 2 18 99 9 1 42 889 10.7 12 27.0 82 4 2.9 14 18.5 12 9 5 1287 82 4.6 52 0.95 87.5 09.8 123.8 0.35 989.7 82.2 5.91 9 9 12 97 90.521
0
 8.7 89.2 89.2 62.5 54.0 122.5 604 9.84 53.5 830.3 5.73 240.98 
20.3 12.5 24.3 826.5 104 5.38 03.2 537.9 9.87 076.08
1 7 3 6 5928 45 56 5 5 20 9 3 6 8 58 8 2 4 4 9 1 980 57 45 9 9 78 77 26 898503 114 5178 529
093 023 8 4 19 8 7 46 56 7 1 80 934 19.7 05 50.8 12 8 9.0 04 72.3 16 6 8 1789 32 4.0 12 2.43 80.4 89.7 829.3 7.05 108.9 07.2 7.26 3 0 18 68 82.072
 8.5 17.8 
1 6 8 4 8823 56 92 9 5 18 7 2 5 7 28 9 2 3 4 5 4 712 18 05 1 5 70 60 83 891229 124 7193 056
123 023 2 5 62 7 2 05 56 8 1 09 988 99.4 49 20.7 82 4 9.0 77 12.5 10 3 7 5248 02 7.8 12 6.47 87.7 89.0 107.8 6.39 935.6 89.0 0.01 0 0 12 70 15.908
4
 8.0 48.0 90.0 62.5 54.3 082.0 427 8.05 57.7 500.3 4.53 654.38 
94.2 12.5 53.0 512.5 920 5.35 97.9 838.3 1.50 825.68
2 2 4 4 5323 35 72 0 2 00 4 3 8 3 28 1 6 1 6 5 1 862 12 99 0 9 64 69 29 876220 158 8858 557
439 163 4 9 16 8 2 37 89 3 7 49 977 02.0 85 53.9 10 0 0.2 42 94.3 18 3 5 1289 12 0.5 12 9.35 87.4 79.6 423.7 1.79 469.5 85.8 5.00 8 0 52 58 30.827
 8.2 49.2 
1 2 5 9 0739 43 82 6 5 19 9 8 7 9 88 8 2 0 4 5 0 902 12 47 9 6 29 02 23 811226 064 8928 899
123 973 0 9 12 6 7 19 90 0 1 05 887 14.4 18 73.4 52 4 7.2 14 12.5 18 3 3 2289 17 4.5 08 2.70 74.9 09.2 843.9 1.79 112.9 87.6 0.91 1 0 52 68 12.502
0
 8.5 89.3 57.9 62.5 09.3 972.5 124 5.34 03.2 537.6 2.00 178.98 
58.0 02.5 52.3 022.1 124 0.44 53.2 553.4 9.53 125.63
8 2 3 4 5120 74 12 5 9 02 9 0 4 9 26 9 7 6 8 8 1 804 12 89 9 8 64 70 77 895823 129 8020 590
123 126 5 9 12 8 6 42 89 4 1 72 087 11.8 15 83.7 63 4 0.8 93 12.5 82 0 5 1696 52 8.9 72 5.45 27.7 19.9 023.9 1.45 139.5 87.2 5.01 3 5 17 98 22.827
 8.5 82.2 
1 0 3 3 7123 48 09 7 6 50 8 5 0 1 28 3 0 8 0 8 0 672 12 05 9 9 24 52 20 891221 124 8023 060
157 940 4 4 72 9 4 98 88 2 1 88 687 22.4 14 23.8 19 8 6.4 32 02.4 62 3 3 1673 12 4.5 02 9.25 77.8 00.2 127.5 3.00 132.0 25.6 1.40 3 5 47 00 52.629
2
 8.5 38.0 98.0 12.3 95.2 489.4 680 5.08 57.2 242.3 1.53 100.96 
46.9 68.7 84.3 172.5 129 5.54 50.2 006.0 0.84 132.98
1 0 3 4 5897 03 12 5 0 12 5 0 3 1 27 6 9 1 5 6 1 909 12 45 3 8 24 52 83 899683 160 8124 460
123 128 5 9 12 2 2 09 80 7 0 82 087 02.4 88 29.4 86 4 0.9 14 18.5 65 3 5 8289 16 4.5 19 2.44 88.2 90.7 166.9 2.35 352.5 97.9 5.01 3 2 09 08 97.722
8
 8.3 00.0 08.2 19.5 74.7 172.0 104 7.34 58.2 552.8 1.63 125.58
98.2 02.0 58.3 722.7 920 9.04 93.2 537.1 8.03 493.98
1 9 3 0 7125 35 08 5 5 12 9 2 8 9 23 9 2 1 4 0 9 999 82 42 9 4 04 95 63 891928 624 8123 012
923 982 5 2 12 7 0 78 09 6 1 80 938 79.8 83 93.4 15 4 9.2 24 12.5 09 7 5 6289 90 5.5 19 5.45 75.3 89.8 123.3 1.35 702.5 84.0 5.87 0 0 54 18 19.029
 8.5 67.6
1 1 3 4 5329 95 12 3 5 02 6 9 7 9 25 9 2 1 5 5 0 914 52 39 5 8 04 02 18 999028 186 9123 557
173 853 5 0 04 8 2 12 89 6 0 02 087 54.4 15 26.5 82 4 9.4 09 12.9 15 3 6 1205 16 4.5 75 2.75 85.4 69.2 123.5 1.09 562.9 87.8 0.94 3 9 09 90 12.946
8
 8.5 57.2 98.2 17.5 04.3 102.7 194 5.66 23.6 035.9 0.63 445.98
98.2 72.9 04.0 725.5 628 5.84 57.9 036.0 9.90 435.90
0 2 3 9 0820 39 98 1 5 12 3 8 5 1 20 9 6 1 8 9 9 082 17 43 9 8 84 12 17 892203 968 8923 584
027 123 5 9 17 8 2 05 80 8 6 82 967 62.8 07 23.5 63 4 9.3 94 12.5 04 3 5 1586 17 4.5 12 2.65 87.2 06.5 827.3 9.25 562.5 87.2 2.21 3 0 12 98 19.822
 9.0 89.2
1 9 5 4 3625 40 62 5 7 92 7 4 0 0 23 5 2 8 4 5 1 902 19 70 1 8 61 18 23 881273 828 0188 556
823 256 5 9 13 0 2 11 80 0 1 50 987 18.4 15 87.2 19 0 9.2 10 02.5 07 6 5 7289 10 4.5 19 2.62 87.7 89.3 023.3 1.35 948.9 87.7 9.21 7 4 12 99 12.098
2
 8.5 90.2 97.2 18.5 57.0 123.7 128 8.08 54.0 002.0 0.57 649.89
99.2 92.5 92.3 280.5 894 5.36 53.5 572.0 1.53 245.10
1 2 3 8 7113 87 12 5 5 72 0 0 0 1 28 8 6 1 4 5 1 612 86 49 0 8 24 92 25 891828 137 8128 057
393 125 7 9 86 6 8 10 19 9 1 42 267 50.4 08 13.4 12 4 9.2 04 12.5 92 9 3 0089 19 7.5 10 8.45 07.3 69.0 183.4 5.35 652.0 87.7 5.21 0 5 82 30 12.042
 3.5 89.2
9 2 3 8 5971 45 12 5 5 97 8 5 0 1 24 9 2 1 4 0 1 454 22 40 9 5 29 54 23 497253 025 8193 559
129 120 0 9 16 0 2 02 89 0 2 45 987 12.6 12 23.6 12 8 0.2 80 11.5 12 0 0 8754 12 5.8 79 0.48 87.2 89.2 323.7 9.03 662.5 67.9 6.64 8 5 17 97 12.923
2
 8.5 59.2 18.5 12.3 38.3 902.5 170 5.35 04.6 032.3 0.53 125.90
23.7 18.5 50.3 162.5 634 5.41 53.2 736.6 5.53 185.48
1 1 3 5 5120 08 08 4 5 12 6 2 8 6 08 9 5 1 4 7 8 985 51 44 9 6 44 36 20 580804 124 0070 560
870 126 5 9 10 8 2 72 09 7 6 38 984 12.9 14 53.9 15 4 0.3 14 10.5 82 9 9 1757 12 6.5 40 6.45 87.2 80.2 163.3 0.35 139.5 87.5 5.61 3 0 60 98 09.802
 4.5 79.2
1 2 3 4 8023 77 19 8 9 08 6 5 4 0 29 7 5 7 4 6 1 914 17 15 7 8 05 42 97 441203 029 7033 256
121 195 9 3 10 2 9 10 09 5 1 72 977 14.5 86 80.0 02 0 9.6 14 27.5 12 8 0 1780 92 4.2 32 6.05 87.8 89.2 123.3 9.38 037.5 86.4 8.06 9 0 19 78 15.526
9
 0.3 89.2 18.2 72.5 64.3 120.6 124 5.34 58.4 932.3 1.56 125.98
98.8 12.5 94.3 622.7 924 5.29 50.5 082.8 1.53 845.98
1 2 6 9 9129 09 62 0 7 77 2 0 6 1 28 4 8 1 4 5 0 603 12 65 9 0 24 17 54 891823 827 7126 796
120 457 5 9 07 6 9 12 57 6 1 68 907 82.9 05 20.4 90 4 9.2 19 32.8 99 0 7 7299 82 5.1 92 2.45 87.2 99.5 139.3 3.33 332.4 67.0 5.65 7 5 16 94 10.562
2
 8.3 90.2 98.5 09.7 58.3 722.0 124 5.37 93.9 541.3 7.53 160.99
59.2 99.5 54.0 074.7 605 5.34 07.9 533.3 1.93 885.99
1 2 9 3 0167 60 78 8 0 12 9 3 7 8 28 9 2 1 7 5 9 910 79 55 9 0 04 48 26 891223 125 3983 556
122 333 5 9 12 8 2 10 89 8 1 43 777 50.0 13 67.4 15 0 9.8 18 17.5 82 3 5 1699 22 4.7 92 9.80 80.0 82.2 823.3 0.30 102.9 47.2 5.11 9 0 12 96 12.860
 4.0 09.0
8 5 3 7 0173 45 04 6 5 85 9 8 7 1 08 9 0 8 0 3 9 992 02 80 9 9 24 36 83 851283 924 8924 905
620 363 6 9 72 8 2 18 99 8 6 82 537 12.4 05 23.4 12 9 0.6 14 14.5 12 0 8 8489 02 4.5 99 2.95 87.9 89.2 973.9 5.40 144.5 84.2 7.01 3 5 22 98 02.095
2
 5.0 86.6 98.5 12.8 50.3 121.2 127 7.55 65.2 532.3 9.56 125.75
75.2 02.9 74.3 123.2 124 7.07 53.9 732.3 3.53 825.67
1 8 7 8 5808 85 52 9 5 12 0 2 4 1 20 4 0 2 0 0 1 068 87 45 9 8 59 50 70 790503 354 8508 550
373 103 5 9 61 8 2 72 99 0 7 52 987 22.5 25 83.7 12 4 9.1 64 99.5 92 3 5 1297 68 9.5 53 2.15 09.6 80.0 703.3 1.55 872.7 83.0 5.21 3 5 16 98 10.535
 8.5 87.5
1 2 3 7 6523 70 80 5 5 48 5 2 8 6 58 9 0 7 4 0 0 913 30 87 6 8 25 55 03 802923 124 8123 556
720 323 5 8 12 5 5 70 90 4 1 99 887 50.5 19 23.4 32 4 9.2 04 12.0 10 9 5 1889 11 6.6 18 2.38 87.0 84.2 126.2 1.55 132.0 07.7 5.51 8 5 12 98 42.602
9
 8.5 69.7 96.6 52.0 94.0 722.5 024 5.66 52.7 038.3 1.53 120.07
98.0 12.5 63.3 122.5 700 5.94 39.8 582.0 1.65 920.08
9 9 0 6 5100 45 92 0 5 02 6 9 4 0 82 1 0 9 8 5 1 940 72 42 9 4 24 12 73 893623 109 8523 557
093 173 0 3 12 8 2 12 89 4 1 22 957 12.4 35 23.4 79 4 9.2 44 02.5 96 0 5 1389 10 8.0 79 7.55 89.9 59.2 928.3 6.98 162.7 01.0 0.38 9 0 02 98 02.700
 8.9 89.2
4 0 3 3 1380 27 48 5 5 92 9 0 7 1 28 9 6 1 0 9 9 619 02 45 9 3 29 02 29 896203 074 5194 859
003 103 5 9 52 8 4 91 89 8 1 09 787 10.0 11 73.5 59 4 9.2 44 12.5 12 3 5 6589 08 0.5 32 2.42 07.5 00.3 413.7 8.60 430.5 80.2 1.61 8 6 62 09 12.966
2
 5.8 39.9 90.6 11.5 54.3 196.5 194 5.38 63.9 572.3 1.53 125.98
90.0 68.8 60.9 424.4 125 0.97 53.2 647.0 7.53 155.07
1 7 3 4 9125 05 16 5 0 18 8 2 9 0 83 8 2 0 7 5 1 902 08 85 9 8 25 12 20 899230 184 8399 540
826 595 8 9 12 4 9 92 84 8 7 80 987 12.4 35 26.4 12 7 9.0 10 12.0 92 3 5 0589 16 9.5 15 0.65 87.7 85.9 823.6 1.98 134.4 80.5 4.26 3 5 12 93 86.780
 8.9 84.2
1 2 2 9 1926 46 16 2 5 36 0 2 6 1 28 4 2 1 8 5 7 919 10 28 9 7 09 92 83 438023 030 9450 590
125 100 7 9 50 6 2 18 85 8 9 89 976 70.4 75 20.9 72 4 1.6 74 82.0 42 0 5 1209 17 4.8 02 9.98 87.7 80.8 853.6 7.94 034.5 87.2 5.28 8 9 12 58 95.822
2
 8.6 38.2 99.2 01.0 95.3 127.5 182 4.66 99.2 532.3 2.78 025.58
87.6 18.5 54.6 102.0 666 5.34 33.2 569.3 1.57 970.921 9 3 4 9123 47 12 5 5 69 9 8 8 7 28 9 2 6 9 8 7 902 02 45 9 7 04 93 23 891623 802 8123 556
167 820 9 2 99 8 4 94 89 0 1 62 950 02.6 19 43.4 60 4 4.2 94 12.7 72 0 6 9088 12 0.8 92 2.69 80.7 69.0 893.7 0.05 347.5 97.8 5.24 2 8 14 68 59.950
7
 8.3 25.7 95.7 59.8 00.3 122.0 429 5.38 09.4 162.0 8.83 025.78
98.2 02.0 77.8 120.2 974 4.02 55.2 565.8 1.53 029.00
9 7 9 9 7123 41 12 4 0 10 9 0 9 9 27 9 0 3 2 8 0 982 12 40 4 8 69 68 35 905673 122 4229 556
043 780 5 9 15 2 2 12 85 9 1 05 986 12.8 95 92.9 12 4 6.0 78 89.2 95 0 0 5286 12 0.5 55 7.45 90.0 89.9 133.3 1.34 396.2 97.6 5.98 8 5 12 90 82.927
 6.5 89.2
1 2 4 4 5127 48 17 5 1 16 9 2 9 1 28 0 2 0 6 5 0 032 12 70 1 2 04 10 00 895299 128 8023 985
129 196 4 7 12 8 2 10 84 0 5 08 997 62.5 14 23.6 87 4 9.8 14 10.5 12 8 5 0909 62 8.5 12 2.75 17.2 89.2 157.8 0.45 932.5 76.0 5.56 3 8 10 58 17.085
2
 0.5 09.6 54.1 55.0 54.3 125.3 164 2.85 54.6 702.0 1.59 025.38
48.0 12.1 74.4 167.0 785 8.94 20.1 502.4 2.53 105.08
9 2 3 4 7795 89 18 5 9 08 0 2 2 0 18 9 7 7 6 5 0 919 12 44 9 8 27 10 94 871723 122 6683 556
023 303 5 7 69 4 9 92 09 9 0 88 081 19.7 93 83.4 32 4 5.8 24 10.5 22 8 8 8299 16 4.5 39 9.74 86.2 82.5 103.0 1.35 657.5 99.8 5.21 0 6 60 98 16.728
 8.2 89.2
1 2 8 4 5150 41 99 5 5 02 9 7 6 1 28 9 2 4 4 4 0 712 98 49 9 8 24 42 77 890843 124 8129 056
003 723 5 8 24 7 6 12 89 5 1 87 989 20.4 15 34.4 62 4 9.2 12 62.2 12 0 5 2275 72 8.5 06 0.00 64.7 99.2 120.2 1.97 142.6 17.6 5.21 3 9 10 98 17.856
2
 4.9 89.2 98.0 15.9 59.3 622.8 327 9.34 56.0 533.0 8.63 125.98
90.9 12.5 85.0 125.9 124 4.33 53.0 582.5 1.03 185.55
1 6 2 0 5999 42 09 5 0 10 6 2 3 1 21 9 9 9 4 0 9 912 02 95 4 8 64 02 23 670206 190 7129 636
069 178 5 9 12 7 8 11 83 0 5 88 990 67.4 09 03.6 12 9 0.2 64 12.6 82 3 0 1259 12 6.5 02 0.85 87.2 87.8 028.0 0.35 249.5 87.7 0.91 3 5 17 60 10.022
 8.8 89.6
6 8 7 4 5761 45 49 7 5 11 5 9 7 0 73 4 6 4 4 5 8 312 04 45 9 8 34 32 27 071523 204 8023 899
723 327 0 9 92 9 0 78 89 0 1 89 957 02.4 13 25.4 62 0 9.8 34 90.4 18 7 5 1889 32 0.0 78 8.45 77.6 09.2 103.3 8.67 042.5 87.0 5.21 0 5 19 98 18.805
9
 2.5 89.0 98.5 16.7 94.7 952.5 189 5.54 77.5 532.0 7.53 922.98
88.4 12.7 57.3 120.5 884 9.94 53.9 632.3 6.54 025.95
8 2 9 0 5123 45 66 5 5 12 9 2 5 0 08 0 0 0 0 5 0 612 06 40 9 8 64 99 33 097178 180 8863 576
175 123 5 9 02 8 7 10 89 8 8 02 967 12.6 16 23.4 12 0 4.2 14 14.5 52 3 6 1229 12 4.0 92 2.85 77.8 08.2 221.4 1.66 130.5 39.2 5.21 7 8 76 80 37.548
 8.0 89.4
0 2 3 0 9805 09 12 5 0 22 0 2 6 4 26 9 2 1 4 5 1 912 12 85 4 8 24 02 27 505080 279 3293 500
783 627 5 9 19 8 1 68 00 0 5 82 633 19.4 10 63.4 80 5 9.0 45 82.5 12 0 5 9200 44 4.0 00 5.40 85.2 88.2 923.3 8.35 183.5 50.2 0.21 3 5 82 98 12.202
0
 4.0 19.7 98.6 12.5 53.8 130.5 424 8.04 56.2 506.0 1.56 125.90
98.6 76.5 97.0 120.4 890 0.56 53.5 339.3 8.50 523.008 4 3 0 7543 35 94 4 8 12 9 6 5 7 27 3 0 1 8 5 2 942 60 07 9 8 94 02 26 855243 874 6153 595
106 123 9 6 79 8 9 72 89 9 1 07 580 17.4 00 06.4 00 4 0.2 14 19.5 82 0 9 1264 00 4.0 02 7.40 87.2 01.2 129.3 1.35 136.9 98.2 5.60 3 5 12 88 32.872
6
 8.5 89.2 99.7 16.0 77.8 132.6 594 0.24 63.6 830.7 1.73 190.86
98.7 05.6 24.9 125.5 124 5.39 03.2 530.3 8.73 425.90
9 4 7 4 3443 70 12 8 9 07 9 5 9 8 28 9 2 8 7 5 7 943 80 07 9 0 27 42 23 898652 883 8723 558
122 223 5 0 52 7 9 12 89 9 3 82 967 52.4 16 49.0 02 8 9.2 37 80.5 92 8 0 8639 19 3.5 12 2.40 15.2 48.2 923.3 4.75 177.6 37.2 0.23 0 5 12 78 96.029
 6.5 79.0
2 0 0 6 1123 35 32 5 8 12 7 2 7 7 29 9 2 1 0 5 0 365 12 47 0 8 34 82 87 091240 064 4500 356
123 723 8 9 82 4 2 12 89 0 1 82 907 12.4 17 03.0 74 4 9.0 14 12.4 10 9 5 5289 12 4.5 82 0.55 87.0 89.5 820.7 8.35 138.3 88.7 7.87 0 0 70 08 32.694
7
 6.0 80.2 98.7 12.5 54.0 841.5 424 9.70 53.2 032.3 1.62 628.68
79.2 16.4 54.3 122.9 624 5.35 07.8 544.3 1.04 795.78
1 2 0 4 3800 25 72 5 8 12 9 2 9 1 50 9 2 1 4 5 1 760 90 45 9 7 24 80 23 861265 128 5627 090
983 989 5 8 17 6 2 12 81 9 6 68 991 12.4 05 73.0 43 0 9.0 04 02.5 19 3 5 6886 19 4.5 02 2.35 87.4 59.0 523.3 1.34 132.5 87.2 8.31 3 0 89 00 13.622
 8.1 99.2
3 0 3 4 5023 05 16 5 5 89 9 0 1 0 28 0 2 1 4 5 1 912 12 25 9 0 09 30 83 491773 904 8240 536
103 083 5 0 80 8 2 16 87 7 1 00 003 17.4 75 23.0 19 3 0.8 54 12.5 17 5 0 1069 10 4.4 12 2.57 97.9 89.2 725.0 5.05 639.5 27.2 0.20 3 5 67 98 42.422
2
 8.9 88.2 08.2 18.5 57.9 282.7 877 5.43 55.8 930.9 0.57 123.87
96.7 92.0 54.3 767.5 196 5.30 43.6 532.4 3.53 170.48
1 2 3 4 5427 10 82 0 5 12 9 9 9 0 28 3 2 6 0 5 0 930 18 45 0 8 24 10 73 801217 128 4140 939
165 128 0 9 17 8 2 17 04 9 7 88 687 89.4 44 67.4 12 6 0.2 04 24.7 17 3 6 1280 03 3.8 02 7.05 67.2 82.2 173.4 6.40 002.5 87.3 5.21 6 3 80 00 04.022
 9.8 89.5
1 8 3 8 9163 40 18 5 6 42 0 0 0 4 28 5 9 5 4 5 5 969 12 45 0 8 94 10 28 831203 629 8196 908
103 623 5 0 65 6 2 83 99 1 1 82 907 17.4 19 03.4 72 4 8.2 14 16.4 18 3 5 1836 72 4.5 12 8.65 85.2 49.0 145.0 0.75 839.8 74.0 5.21 0 5 03 98 12.858
2
 8.5 00.2 98.2 10.5 84.4 002.7 124 5.33 03.2 871.3 1.43 155.36
94.2 12.5 94.3 156.1 920 3.84 96.9 032.8 0.53 108.88
8 2 9 9 5191 38 10 5 5 12 9 4 9 8 26 4 7 5 9 3 7 902 12 73 9 8 84 16 56 001883 422 8180 656
103 623 7 0 02 9 2 02 29 6 0 82 888 58.5 84 20.4 13 4 0.2 19 19.5 52 7 5 0209 11 4.5 92 6.41 40.2 34.2 976.6 0.96 189.5 37.8 0.08 2 8 10 28 72.802
 5.5 09.8
9 5 8 4 5729 74 07 5 7 38 9 2 7 9 28 0 6 1 4 6 5 682 68 65 9 0 24 12 93 341883 104 8923 956
323 767 5 9 15 8 8 12 89 7 1 88 085 12.8 15 23.5 90 4 3.7 97 12.5 15 3 5 1987 12 4.9 92 2.45 67.0 69.2 963.3 1.88 182.5 87.2 8.04 3 5 14 88 12.822
1
 8.5 99.6 90.4 12.5 99.7 926.5 184 9.77 53.2 592.3 1.83 126.99
98.7 04.5 04.3 589.5 024 2.04 53.2 862.3 1.54 080.93
1 6 7 4 6728 41 06 5 2 12 9 2 9 1 29 0 9 5 5 8 0 812 52 45 9 8 20 12 76 191223 124 8527 959
182 079 5 0 42 8 9 10 69 9 6 82 687 10.4 27 27.6 18 4 9.0 14 04.5 92 9 5 1097 12 4.6 22 2.85 67.2 09.3 196.6 1.30 568.7 87.1 5.31 7 5 35 57 10.446
2
 9.5 99.2 00.7 32.5 57.7 100.5 504 5.37 23.2 678.3 9.53 125.80
99.6 12.9 54.3 120.0 625 5.04 63.5 933.3 6.83 121.98
1 2 3 4 9120 09 32 5 9 92 8 2 3 5 22 9 0 1 4 5 0 912 10 90 4 0 72 15 23 891208 725 8103 066
123 629 0 9 10 8 2 06 79 4 6 82 586 10.5 28 23.4 14 4 9.0 34 76.0 77 3 6 1090 12 4.5 10 6.95 87.9 97.2 190.3 5.27 832.9 26.1 5.21 6 5 10 93 18.425
 8.6 79.2
1 0 6 1 3120 03 64 5 5 02 6 2 0 1 68 0 7 1 8 5 0 912 12 35 9 8 27 12 45 899221 184 8123 558
723 103 4 9 68 8 2 12 89 9 0 82 595 82.6 80 03.7 56 4 9.2 74 72.4 10 3 0 7294 02 0.0 72 0.40 77.2 89.6 103.3 7.35 939.9 87.2 6.33 6 5 18 91 22.822
1
 0.8 89.2 38.0 15.3 34.7 172.9 390 6.94 50.2 512.3 3.58 125.90
88.9 19.5 58.6 132.8 106 9.30 54.0 838.3 9.09 125.63
0 2 0 8 9183 47 12 5 7 32 9 2 7 9 08 9 8 1 0 9 9 802 65 45 9 6 44 12 53 695783 126 8023 056
120 131 0 9 60 8 2 12 86 5 5 52 987 12.4 18 50.9 84 4 9.0 78 74.4 12 3 2 1408 42 4.7 46 3.35 55.6 49.2 120.3 8.35 130.2 07.3 5.66 3 5 84 78 12.420
 9.5 92.2
1 2 3 7 5122 40 12 5 5 99 9 2 3 6 28 1 2 7 2 7 7 978 90 05 8 8 24 12 27 296073 184 9126 506
021 243 8 0 70 5 2 00 89 0 3 82 908 12.3 10 77.5 12 4 9.9 10 52.7 12 3 5 8219 07 4.0 82 2.98 80.2 58.5 133.3 7.35 099.5 94.8 0.21 7 5 67 90 92.085
2
 8.5 89.5 98.8 42.5 04.3 525.5 124 2.39 01.2 500.0 7.53 181.99
98.9 49.5 54.5 166.5 488 4.34 59.2 632.3 7.69 195.88
1 0 3 6 0963 83 02 9 3 18 9 0 9 0 99 8 2 1 9 5 2 900 12 45 9 3 05 13 23 895827 293 0827 655
123 833 6 9 11 0 0 04 83 9 7 82 884 56.4 46 23.8 10 4 9.2 99 19.7 15 3 0 1089 92 4.5 17 2.69 07.0 79.4 123.9 8.36 132.5 88.9 5.08 3 5 70 99 05.828
 0.0 87.7
1 2 9 4 5103 90 75 9 0 12 1 2 5 0 35 9 1 8 4 7 1 912 17 40 9 4 20 22 63 891825 174 8143 597
533 323 7 9 92 8 2 85 84 6 9 88 987 12.4 10 73.4 12 9 9.2 14 10.5 12 3 5 8879 54 4.0 70 8.48 06.7 89.0 043.0 0.35 430.5 39.0 5.01 0 5 17 68 22.823
3
 9.5 15.3 97.0 12.5 14.3 026.5 185 7.14 53.5 039.3 8.03 127.99
98.3 07.9 76.6 106.5 704 5.00 50.1 732.3 8.93 120.98
1 3 8 4 5793 45 12 7 0 02 9 6 6 0 25 9 6 1 0 5 1 517 06 57 9 1 80 42 20 397729 324 8123 056
120 200 9 9 15 3 2 12 89 0 1 89 908 72.6 38 73.6 78 4 9.0 14 12.5 42 3 5 1462 98 4.7 12 2.69 89.8 85.8 162.7 1.97 924.9 87.7 0.21 8 8 92 74 92.777
 8.1 88.7
1 2 0 4 3553 55 32 5 6 16 5 2 2 1 20 8 2 1 4 5 7 694 02 47 9 8 94 32 23 870683 106 8385 896
127 953 6 9 17 8 2 17 99 6 8 67 037 01.5 10 63.0 19 8 5.9 26 12.7 12 6 3 8099 40 4.5 02 2.95 00.2 89.6 925.5 2.35 537.7 37.5 5.20 0 5 11 72 11.039
2
 8.5 89.2 08.2 01.8 44.0 622.4 168 7.31 50.2 527.3 1.08 535.06
98.2 82.5 49.6 062.9 060 5.34 13.2 362.7 1.57 526.90
7 2 5 7 5129 48 19 8 5 02 9 2 4 1 28 9 2 1 5 5 7 919 72 66 0 2 27 87 73 830080 124 9120 564
698 124 0 9 92 8 2 72 75 9 1 07 980 15.0 19 23.4 18 4 9.0 13 19.8 52 0 5 4209 52 4.1 19 2.43 83.2 05.2 103.8 1.34 798.5 69.8 6.25 3 5 02 38 92.832
2
 8.7 99.6 97.9 19.5 50.7 722.3 112 9.99 87.2 035.6 7.53 735.98
57.0 49.5 64.3 428.5 924 7.94 50.2 502.4 8.53 075.01
7 2 0 0 0928 43 12 5 0 12 9 2 4 9 28 8 0 0 6 8 1 912 12 43 9 9 24 12 93 891223 006 8173 516
133 793 5 9 12 4 2 17 89 0 1 72 887 12.4 10 23.4 12 4 3.2 14 76.9 10 3 7 2719 12 3.0 12 2.80 07.2 77.2 303.4 9.48 837.5 67.4 0.26 3 5 29 80 62.820
 8.4 11.2
0 7 3 1 3153 65 82 7 5 12 9 2 2 4 28 7 0 1 4 5 0 788 12 40 6 8 94 88 03 496993 184 0585 396
148 993 5 9 72 8 2 14 99 3 7 82 996 22.9 79 93.9 82 4 0.0 19 15.5 35 2 4 3237 12 4.5 58 2.47 95.2 89.5 727.3 7.40 137.4 87.2 1.88 3 3 89 78 12.622
6
 8.5 97.0 48.2 72.5 57.8 157.0 020 7.34 73.9 634.7 1.53 152.15
68.2 52.9 54.8 122.5 404 5.34 56.2 539.3 1.00 525.04
1 4 4 7 0829 45 10 5 8 64 8 2 9 4 68 3 6 7 4 5 4 915 49 18 9 8 24 17 29 017223 064 6625 080
003 127 0 9 92 8 9 02 29 0 2 02 980 94.0 45 03.7 19 4 6.2 10 62.8 05 3 7 0262 69 7.7 12 2.45 87.2 89.0 623.9 1.65 138.5 67.2 0.41 4 5 10 98 18.804
 8.5 69.2
8 2 5 4 0523 48 42 6 8 06 9 2 3 1 25 9 2 9 4 5 1 908 12 66 9 8 64 16 70 790225 121 8803 666
103 923 5 9 10 2 2 12 89 3 1 28 987 72.4 15 90.4 87 4 6.5 10 02.9 10 6 9 1599 18 4.5 98 2.47 94.2 99.9 122.3 1.30 137.5 87.2 5.50 6 8 42 90 02.058
2
 8.5 88.2 98.8 57.5 35.6 922.5 701 0.38 58.2 536.3 8.53 829.99
90.6 10.5 92.3 729.5 029 5.32 88.2 530.3 0.50 489.98
1 0 3 4 5183 95 12 5 5 16 4 6 4 1 58 2 7 9 4 5 1 862 62 45 6 6 88 19 06 870220 144 5490 068
823 720 5 4 12 3 2 90 98 7 1 80 087 12.1 90 25.4 72 1 3.2 14 12.5 76 3 6 1951 89 0.0 12 0.05 83.2 66.9 123.3 1.35 134.5 97.4 7.98 3 4 42 09 72.652
 0.0 07.2
1 6 3 9 5907 07 02 5 9 90 9 2 0 6 08 9 2 0 4 6 1 299 12 45 9 0 93 12 45 891220 927 8168 858
193 123 5 2 48 6 2 62 80 5 9 48 901 02.9 15 05.8 82 4 0.2 16 12.9 02 6 0 0189 92 4.2 08 6.60 47.0 89.8 063.6 1.42 544.5 80.4 5.49 4 6 98 07 18.729
2
 8.3 29.6 98.7 62.0 71.7 189.5 323 5.06 50.2 532.5 1.75 153.00
92.5 75.5 94.3 422.5 134 5.87 03.2 832.9 7.53 627.12
7 0 3 5 5169 45 12 5 0 10 5 6 3 0 28 5 9 8 0 5 0 072 10 75 9 0 20 05 23 097422 186 5125 550
189 598 5 0 57 0 2 67 28 9 8 80 987 12.4 15 93.9 11 4 9.2 84 18.5 17 2 4 0800 38 3.5 12 2.45 87.0 80.0 785.9 2.75 540.5 79.3 5.71 6 2 06 48 12.622
 0.0 55.2
0 2 6 9 5127 05 62 5 3 42 8 9 8 8 78 9 8 6 9 8 6 716 32 84 7 7 29 18 23 831427 194 8523 166
923 142 4 7 17 8 5 52 77 7 1 76 947 12.4 15 23.9 73 7 9.2 08 59.6 16 3 3 0206 02 7.4 00 2.90 97.2 89.2 158.0 1.36 098.6 97.2 0.26 7 8 88 54 32.372
2
 8.0 09.2 08.0 79.0 66.8 122.3 644 5.04 22.2 970.3 4.55 395.49
50.2 85.5 54.3 122.8 827 5.36 59.2 672.0 8.53 164.43
6 2 3 5 0146 45 13 5 1 13 9 2 0 0 26 7 2 1 8 4 0 987 40 79 9 8 84 52 28 036727 700 8183 718
625 260 5 7 62 8 0 17 89 8 1 86 988 10.4 13 07.4 12 7 0.9 14 77.5 17 3 2 1750 02 9.5 02 2.07 48.2 69.9 640.0 1.35 530.5 76.9 5.21 0 5 12 96 52.820
5
 0.5 89.0 98.4 02.5 23.3 005.7 525 5.04 01.2 377.9 1.50 754.30
99.3 82.5 14.3 525.9 170 5.64 89.8 532.8 1.67 510.90
1 2 3 4 8626 40 15 8 0 15 8 2 7 6 87 9 2 1 4 0 8 917 72 45 9 8 44 97 03 891280 129 4573 654
120 123 0 0 68 0 2 58 89 4 6 48 587 00.9 25 20.7 12 4 9.6 96 72.9 10 3 5 9689 13 0.0 02 5.21 87.2 67.2 106.7 0.67 169.5 85.8 5.20 0 5 12 74 96.072
 0.9 07.9
1 2 3 0 8020 67 18 5 9 63 9 2 3 8 25 9 2 1 5 5 0 962 42 09 9 8 99 10 03 804233 108 4123 056
023 169 6 9 17 0 5 82 81 9 6 89 997 19.7 19 53.0 12 4 9.2 44 12.0 90 3 9 3289 90 4.5 38 8.45 84.0 06.2 165.9 8.09 832.5 57.6 7.31 0 7 48 54 82.442
2
 4.7 88.3 90.2 02.5 50.7 122.5 124 5.98 50.2 832.3 1.56 105.98
98.9 82.5 53.5 162.5 459 5.30 15.2 834.6 9.79 174.29
4 6 3 4 5099 05 19 0 5 62 9 2 8 1 24 9 2 6 8 8 0 978 00 47 9 2 24 02 23 707460 054 9103 050
143 125 4 9 02 8 8 52 82 9 1 70 917 62.4 95 23.0 14 9 9.2 14 12.1 92 7 5 4869 12 0.5 14 4.36 87.9 92.2 523.9 1.35 132.5 22.9 4.20 3 8 72 94 56.389
 0.1 89.8
0 2 3 4 8120 21 62 5 4 22 9 9 8 8 28 9 2 1 4 6 1 912 76 45 9 8 24 19 85 897963 941 6173 596
186 020 0 0 10 8 0 00 79 3 1 39 079 09.4 88 56.8 05 4 9.0 04 72.5 72 2 5 4289 31 3.5 12 2.70 87.5 87.2 000.3 1.39 992.5 87.0 7.50 3 5 02 98 69.965
2
 8.5 89.0 98.2 92.8 54.3 075.5 134 5.04 50.8 038.6 1.53 805.94
95.2 19.0 06.3 524.5 004 5.34 30.2 092.0 9.57 196.98
1 7 8 9 0123 45 87 9 5 32 2 8 7 1 09 8 9 2 4 5 1 912 48 47 9 7 24 82 23 981223 120 6705 008
330 123 4 3 12 8 6 09 79 9 5 82 007 96.4 90 20.4 12 9 6.2 99 11.5 52 9 5 1589 19 8.6 15 2.40 87.2 49.4 123.8 1.85 137.0 58.9 0.69 9 4 03 92 92.922
 5.9 09.2
1 2 3 4 3927 84 12 5 0 12 9 2 7 1 28 6 7 1 4 3 7 213 92 44 0 1 44 16 08 781763 124 8693 548
126 158 8 9 12 2 2 18 89 8 7 70 947 17.4 15 23.4 02 8 2.0 74 82.5 80 1 5 0279 32 4.0 16 9.96 00.2 88.2 926.3 0.54 832.7 77.2 7.39 9 8 10 98 12.722
6
 6.5 59.2 30.2 13.0 64.3 129.2 724 5.86 50.7 862.0 0.38 125.98
15.7 12.6 74.0 120.6 024 5.64 55.4 592.7 8.00 159.83
8 2 6 4 5156 69 52 0 5 17 5 9 0 1 28 9 2 6 4 6 9 914 12 49 9 8 28 18 79 891223 100 8329 556
195 192 0 7 17 4 2 12 09 0 1 80 029 18.0 27 22.5 82 8 9.2 04 02.5 92 3 5 0245 17 3.5 02 2.45 85.8 87.6 129.0 1.25 404.5 88.2 8.21 3 5 12 90 14.032
 0.5 86.0
1 0 5 4 0003 47 96 5 5 40 8 2 8 1 79 3 2 8 4 5 8 612 81 45 9 1 59 69 73 042280 120 3233 572
083 133 5 1 12 8 6 66 58 4 1 42 983 41.4 06 23.4 20 4 1.2 18 12.6 09 3 2 1297 93 7.5 12 5.55 06.0 29.0 123.6 1.75 792.6 87.2 5.20 6 6 12 05 10.049
0
 8.8 09.2 98.6 12.5 54.3 122.9 826 5.00 55.2 534.8 9.53 887.96
99.1 11.1 54.3 622.5 124 9.30 59.2 132.2 1.33 135.98
7 2 7 4 9010 80 12 5 8 53 9 9 7 1 22 5 9 1 9 9 8 070 95 15 9 8 44 82 73 801240 924 5523 551
122 623 3 9 12 8 2 10 50 0 5 75 089 82.8 95 00.8 82 4 7.3 97 82.5 52 3 3 1759 42 4.7 12 4.48 85.5 89.0 003.3 9.86 002.5 87.4 5.61 3 5 12 98 49.890
2
 5.5 39.5 88.1 09.0 50.3 678.1 526 5.98 57.2 592.2 3.54 796.98
99.2 02.5 54.3 878.5 121 5.34 55.3 538.6 1.08 125.96
1 9 3 4 9822 44 10 0 0 71 9 1 2 8 28 0 7 1 0 4 9 901 62 48 4 8 24 10 24 471273 044 8109 885
127 623 5 0 95 8 1 42 89 5 1 52 087 90.4 85 25.5 52 6 9.2 14 02.0 12 3 5 1269 52 4.0 92 2.00 88.5 00.0 020.3 4.35 832.9 97.8 5.22 8 6 12 44 14.020
 8.7 99.7
1 7 5 9 5123 85 12 5 7 16 9 2 3 1 28 9 2 8 4 7 5 952 82 69 7 8 55 16 80 095293 910 8019 959
120 223 8 9 19 8 2 15 23 7 7 37 787 17.4 05 63.4 90 8 0.2 04 92.5 95 4 5 1989 15 4.5 10 8.65 57.3 63.2 780.9 7.95 162.5 76.2 5.21 0 0 99 08 82.009
2
 7.0 09.9 08.2 92.5 56.3 082.0 964 5.34 53.7 730.0 9.53 144.98
86.0 92.2 56.3 927.9 098 1.30 03.1 530.3 5.58 125.98
8 3 3 5 5225 46 42 5 1 12 9 6 2 1 27 7 2 1 5 5 1 918 07 17 9 6 24 89 23 981067 022 8180 650
122 129 6 5 12 7 2 27 99 9 8 80 798 10.4 06 23.4 19 4 3.2 74 12.5 12 9 7 1209 10 6.0 12 1.25 87.4 89.0 123.4 8.71 907.9 08.2 5.27 4 8 97 98 13.222
 0.5 39.2
1 2 3 4 0573 45 42 5 5 93 8 6 4 1 28 9 2 1 4 1 1 812 20 45 6 8 76 02 53 856703 920 6700 051
493 623 1 9 13 8 2 12 96 7 2 82 988 82.4 15 23.7 78 4 9.5 94 15.5 98 9 0 1619 72 4.4 42 9.65 00.3 59.2 921.3 9.83 492.5 87.2 3.21 3 5 17 98 82.970
5
 8.9 89.2 99.3 10.8 96.3 022.5 704 5.44 53.2 230.3 1.53 121.68
78.7 12.8 56.3 102.5 834 5.37 63.6 532.3 1.56 195.48
8 2 0 4 5199 95 10 5 5 48 9 2 0 1 27 9 9 0 7 8 1 992 12 48 8 3 44 52 28 991738 284 5128 559
128 120 0 9 82 0 2 98 69 0 6 92 987 19.0 15 23.3 22 4 6.3 14 55.5 19 0 5 1889 18 4.6 10 2.25 05.1 89.2 529.3 1.89 020.5 58.0 5.75 3 0 92 99 12.438
 8.5 94.2
1 7 8 5 5123 40 18 4 5 17 0 9 7 1 49 0 2 1 4 5 1 958 00 99 9 5 24 92 90 571927 048 9125 598
128 143 5 3 12 1 4 72 68 7 6 80 807 00.4 95 23.9 40 5 4.0 35 16.5 12 8 5 1879 12 8.9 24 3.25 88.9 04.2 553.3 0.30 874.5 17.2 7.20 0 9 68 98 54.020
4
 8.5 09.2 58.2 12.8 84.3 132.6 120 5.70 03.2 032.7 1.79 125.92
98.4 42.5 54.5 682.8 128 6.74 53.2 058.4 7.70 640.97
9 5 9 4 5976 55 11 5 7 92 0 2 6 1 29 9 7 0 4 8 6 013 29 48 9 0 25 10 23 899221 121 8103 758
003 129 8 9 12 9 2 19 99 2 1 42 978 12.4 95 13.8 12 0 8.3 16 19.5 87 0 5 1889 10 4.5 52 7.03 67.9 80.2 920.3 9.38 342.5 74.8 5.27 3 6 40 98 30.712
 8.5 80.2
2 2 6 8 5170 68 82 8 8 54 9 2 7 7 08 9 2 1 4 6 8 612 12 46 0 6 05 12 29 099220 124 8309 866
903 723 5 8 86 8 7 02 99 7 4 82 087 02.4 70 23.8 72 4 9.2 17 12.5 89 9 5 6289 12 8.5 86 2.72 64.2 69.7 819.4 8.35 832.4 87.2 5.70 0 5 49 82 12.322
2
 8.0 89.5 99.2 78.5 54.3 496.5 824 0.64 87.0 024.3 6.09 129.89
88.5 82.5 94.1 122.5 028 9.64 83.8 037.0 0.93 186.98
0 2 0 4 4133 45 68 5 5 11 9 2 0 1 26 9 0 1 4 5 9 988 13 45 9 0 24 79 03 201320 109 8112 773
097 194 5 5 12 8 2 36 09 9 1 26 787 66.4 05 93.4 52 3 9.2 11 16.5 12 5 5 1294 12 0.9 92 7.64 84.4 68.2 200.3 1.39 183.4 67.2 4.21 8 7 72 98 12.926
0
 8.5 89.0 98.2 12.5 53.3 050.5 654 9.34 33.9 532.7 1.59 129.00
90.8 10.4 94.0 302.7 802 8.98 55.2 536.0 3.80 655.98
4 2 3 4 8193 45 02 4 0 12 1 2 4 1 57 9 2 7 4 5 1 982 92 40 9 8 21 72 63 891999 117 4060 536
127 223 5 7 12 0 9 02 69 0 7 92 999 10.4 19 23.1 17 4 9.2 54 70.0 12 8 6 1073 62 4.5 12 2.46 80.8 49.2 025.3 1.77 970.5 27.7 0.21 3 0 19 98 12.674
 8.5 89.2
1 8 3 4 5127 48 10 5 6 04 9 5 2 4 98 9 4 5 4 7 1 616 12 45 7 8 20 52 23 500823 124 3113 200
727 634 5 9 98 4 4 19 89 9 1 80 282 18.0 15 77.7 07 7 9.2 07 92.5 92 9 0 1259 10 4.5 12 0.25 86.8 29.5 402.3 1.97 330.5 75.9 8.21 0 1 12 70 16.122
2
 7.9 89.0 96.2 12.5 54.3 122.5 154 0.34 88.2 232.9 9.89 929.07
64.4 12.5 94.3 820.6 124 0.64 50.2 532.3 7.03 928.99
5 2 1 4 5155 45 72 5 5 29 2 2 6 1 29 9 9 1 4 5 5 219 12 45 8 7 06 12 23 891223 183 8124 559
193 173 5 6 40 0 2 12 29 7 6 82 017 04.4 10 23.3 92 4 0.7 20 19.0 18 4 5 1089 02 4.6 30 6.45 90.0 69.2 133.3 4.30 332.5 80.5 7.27 8 5 10 58 12.702
 9.9 86.2
1 2 3 2 5000 40 94 4 5 01 8 2 8 1 80 9 0 1 4 7 7 514 39 45 0 0 27 12 93 591240 326 8123 556
183 066 7 9 18 7 8 13 69 0 1 08 987 12.4 05 20.2 16 0 5.4 19 92.5 12 3 5 9484 82 7.5 02 0.48 87.2 36.2 197.2 1.35 782.5 05.5 7.71 3 5 17 98 78.427
2
 4.5 89.2 67.1 12.7 65.3 822.5 199 5.34 63.6 572.3 4.53 103.93
08.2 12.8 84.3 198.5 924 0.34 86.2 530.3 1.50 885.96
6 2 7 4 5163 45 42 8 0 98 9 3 1 1 97 9 0 9 0 5 1 812 12 55 9 8 98 92 35 621909 004 9623 876
103 023 9 9 42 8 2 18 05 8 1 02 987 30.4 09 22.4 14 6 7.2 11 42.4 02 3 7 9889 52 4.5 86 2.49 86.2 39.7 153.0 4.35 638.9 87.2 5.23 3 3 12 95 40.921
 8.5 00.2
1 2 3 7 0174 40 34 4 1 12 6 2 7 1 98 4 2 0 2 7 9 910 12 55 0 8 27 12 73 991223 174 8143 543
020 593 9 0 92 8 2 05 49 2 0 02 280 18.0 94 13.8 12 0 0.9 04 72.8 43 3 0 8286 82 7.5 82 2.25 88.4 09.6 423.3 1.96 438.5 87.7 5.91 9 0 12 78 76.028
2
 8.5 89.2 98.2 56.0 46.9 097.8 024 6.32 54.2 462.6 8.03 175.99
98.0 12.7 74.5 078.7 124 9.64 53.8 432.4 7.53 305.98
1 8 7 9 6126 45 12 5 0 02 7 8 4 8 90 0 2 8 9 6 9 612 52 46 0 0 74 92 33 205226 127 8127 556
553 693 5 9 13 8 9 62 89 8 9 92 987 94.4 77 93.4 02 5 9.2 04 12.2 18 3 5 1089 52 8.5 97 8.05 85.0 03.2 723.3 1.95 032.5 87.6 5.24 3 6 12 98 12.249
 4.5 39.2
1 6 8 4 7683 05 12 3 8 12 9 6 7 6 20 0 2 9 4 5 9 910 18 43 6 8 24 16 33 891123 526 8518 050
723 006 8 0 12 1 4 10 99 9 2 10 787 96.4 75 27.4 75 7 0.0 14 12.5 07 3 9 1226 62 4.5 12 2.90 97.2 06.2 127.3 1.95 995.5 97.8 9.21 3 5 92 99 12.072
2
 8.8 87.4 78.7 12.5 54.3 182.5 180 5.59 60.2 632.0 4.56 425.98
98.2 02.8 52.2 834.5 164 2.30 93.2 530.3 1.93 079.98
1 9 3 6 5126 27 12 9 5 19 8 6 2 1 28 9 2 1 2 5 1 901 00 07 9 0 27 12 23 849650 124 8923 058
963 123 3 9 13 8 2 12 99 7 1 07 988 62.0 19 23.3 12 9 7.9 02 12.5 15 3 6 1881 12 4.0 97 7.42 85.9 69.6 123.6 2.38 890.5 00.2 5.21 9 5 18 05 40.662
8
 8.5 85.2 68.0 08.5 54.3 122.1 124 5.97 58.8 438.7 1.53 425.06
94.2 10.5 59.8 638.5 184 7.94 00.8 558.5 1.43 720.78
9 7 7 4 5723 28 17 5 9 22 0 2 7 1 84 5 9 1 0 5 0 928 72 45 9 8 25 12 61 014220 625 8720 556
829 723 5 9 05 8 0 79 94 7 1 02 497 80.9 00 23.4 12 6 9.0 14 62.8 12 5 0 4089 19 2.5 92 5.45 05.2 86.2 173.3 1.35 962.5 87.9 5.00 3 8 75 00 12.825
 8.5 86.7
1 2 3 4 0923 49 12 5 5 16 9 0 0 8 28 0 0 1 0 5 1 514 62 05 8 1 77 12 29 891223 174 0100 252
123 595 5 6 83 6 6 12 80 0 1 22 997 17.4 15 20.3 12 4 4.2 14 12.7 17 3 9 1082 40 9.3 92 2.45 87.2 99.2 123.0 1.00 990.5 86.6 1.21 3 5 62 98 12.722
7
 8.9 84.7 28.2 56.5 45.3 592.5 106 3.68 53.2 538.7 1.43 028.00
86.2 13.5 94.3 821.0 353 5.74 53.6 552.0 1.83 865.95
1 2 4 8 5068 43 59 7 3 62 9 3 8 1 79 9 0 8 5 3 6 912 14 55 9 8 24 62 00 391264 327 8103 849
706 083 5 9 78 2 0 02 49 0 3 87 067 13.2 80 80.3 15 4 8.5 94 17.5 80 9 5 2582 15 9.2 14 9.55 67.8 66.2 183.3 1.95 132.5 87.2 4.21 1 0 12 96 14.972
 8.5 70.2
5 0 0 6 5126 45 14 7 5 19 9 3 7 1 20 9 2 4 4 9 1 912 82 45 0 6 57 12 83 991723 104 2628 459
820 923 5 9 09 0 2 35 84 9 1 80 980 02.0 07 93.7 72 0 0.1 05 12.5 82 3 5 8279 10 1.0 15 6.45 07.8 59.5 390.0 1.75 739.6 07.2 9.08 2 0 28 98 45.302
9
 7.5 87.5 98.0 97.6 53.3 122.0 185 6.84 53.0 880.3 3.52 025.95
98.7 04.4 84.0 162.8 124 8.34 03.7 932.8 1.03 174.48
9 2 5 5 9025 45 68 9 5 42 9 5 4 1 29 9 2 1 4 7 8 910 12 45 3 8 14 12 70 791203 449 6128 156
723 829 7 8 72 8 3 12 48 0 0 02 687 72.4 80 23.2 82 9 9.6 40 22.0 10 3 8 1080 19 0.9 55 6.64 27.0 89.2 135.4 1.05 139.5 00.9 7.28 3 5 13 78 49.622
 7.8 78.2
1 2 3 4 5627 45 19 8 5 64 5 6 3 1 29 4 0 1 4 8 7 972 18 87 9 8 24 40 43 941823 124 7488 566
803 023 4 9 23 7 2 22 80 6 1 82 387 02.5 07 23.4 12 0 9.2 16 98.5 77 8 5 5786 19 6.5 19 2.95 66.1 08.2 058.4 1.33 882.5 49.2 5.42 3 9 17 97 02.844
2
 8.5 85.2 76.6 72.3 84.3 172.7 874 5.64 52.2 330.8 9.63 011.95
99.2 30.5 09.4 122.9 807 5.34 53.6 678.3 4.56 729.98
8 6 8 4 5724 40 18 4 0 02 9 2 7 0 28 9 2 5 4 5 4 935 12 85 9 8 64 46 29 831920 776 0623 566
829 180 8 5 10 8 6 62 49 9 9 87 907 76.4 15 23.4 59 8 8.9 01 07.8 10 9 0 1239 10 4.2 17 2.90 85.2 49.5 105.7 1.85 002.5 80.2 5.59 8 0 12 98 73.428
 0.0 84.4
4 8 9 0 5499 45 17 0 0 19 9 2 0 1 94 9 2 2 4 9 7 942 12 15 9 0 98 52 79 891520 124 8220 786
803 025 8 8 42 7 2 02 85 0 1 76 716 12.8 15 08.4 22 5 9.2 18 65.0 17 0 6 1559 16 4.5 99 7.15 88.5 09.2 123.3 0.85 122.5 04.2 5.90 3 4 18 97 57.088
2
 8.5 09.0 99.4 12.5 50.3 100.5 889 9.83 63.7 232.3 1.83 122.98
76.2 52.5 54.3 624.5 324 5.66 53.0 008.8 7.88 135.48
