8 2 3 4 5379 45 32 8 5 96 9 0 2 9 23 9 0 1 4 8 1 786 16 80 0 5 28 12 23 801920 129 8873 856 
123 228 5 9 12 8 2 19 36 9 1 82 987 0219 35 7055 82 9 915 55 6215 12 9 5 1709 09 755 52 2195 8009 8953
75313 6036 63215 8742 9488 3 9 75 98 04139 716 8935 7819 7045 9913 89955 174 0104 5350 93213 1007 124178
0 4 2 4 5123 65 12 9 5 92 9 2 7 9 28 9 2 8 8 5 2 412 12 85 9 1 42 42 27 091224 128 8080 556
50 570 5 5 55 2 2 15 09 9 7 22 190 9265 15 0362 15 2 992 19 0439 02 3 5 4988 85 420 18 0145 8562 8912
00393 3138 55215 8710 5751 3 5 16 08 12102 845 8913 8778 1218 2433 90247 124 0177 6312 53218 5953 165048
1 2 8 9 0700 88 15 5 8 12 8 5 7 1 83 9 0 7 9 5 6 710 86 75 9 8 04 12 23 890223 737 8126 520
353 883 5 9 16 9 8 12 41 8 7 02 988 1206 15 2303 17 4 972 50 1015 10 0 5 1048 10 415 97 9145 8712 0410
68219 9925 19715 0705 8149 3 6 49 33 08682 615 1910 8715 8216 5719 62795 190 8274 8987 23225 1006 189198
1 2 0 4 5123 67 10 8 9 91 9 6 7 4 78 9 2 3 4 5 4 932 09 45 0 0 34 78 93 801290 192 8170 586
554 863 0 7 02 8 5 12 88 4 0 05 987 9700 15 8730 02 8 912 69 1285 62 9 3 1989 19 498 32 0172 9722 8902
72010 2591 63218 9712 5151 3 5 17 75 15189 892 8917 9987 1013 6014 82277 563 6607 9910 47073 1943 157499
9 0 3 4 5126 40 52 5 6 10 9 2 6 1 08 0 2 1 0 5 9 942 12 45 9 8 24 12 20 866920 124 4127 558
003 983 4 0 68 8 0 10 27 0 1 64 895 1210 15 5319 99 6 768 84 0665 09 3 5 0580 15 415 15 7385 5256 8013
62304 1155 13505 8757 6147 6 0 72 98 12182 879 0939 5412 1515 9013 87815 164 8192 5914 33293 1153 505095
3 2 8 6 5690 75 12 5 0 59 9 0 7 1 29 0 2 8 0 5 1 412 77 45 9 8 20 07 48 091723 524 8193 066
890 663 5 9 19 0 2 12 63 9 0 62 987 1460 05 4014 68 4 972 28 4415 22 2 2 2083 12 495 35 2105 2930 0712
12733 1732 28295 0010 5821 4 5 13 39 12100 919 3752 0812 1202 5438 42810 324 7904 0112 63247 1158 535193
1 7 2 9 6774 01 12 8 2 68 0 0 5 1 04 4 6 9 4 5 7 917 99 46 9 8 94 18 09 801204 285 8163 536
130 197 4 1 73 0 2 00 89 7 8 56 038 7229 05 9014 12 4 912 94 7815 52 3 6 5489 39 415 62 0195 0052 0915
92069 5955 60186 3710 5961 3 5 32 94 50970 887 8947 9818 0245 5573 12466 124 4772 5215 59917 1943 125698
1 4 8 4 5820 65 92 5 7 02 8 2 0 3 29 9 2 1 8 5 0 939 09 75 9 8 24 80 23 891229 490 7139 356
123 068 5 0 62 0 9 80 90 3 0 68 976 1295 15 2810 17 3 992 10 8055 37 9 5 1900 82 405 10 7169 9762 8912
12717 1155 13295 8392 5381 9 5 18 98 16172 886 8586 9812 1205 8443 95210 634 5730 0973 73263 7150 175098
1 0 3 6 2723 45 87 5 7 84 0 3 9 8 28 9 2 1 8 8 1 919 12 75 0 4 24 56 25 844228 520 0920 539
125 208 6 2 12 8 2 22 10 5 0 82 050 1728 05 2814 52 8 008 14 1215 00 2 8 7779 94 418 92 2175 5716 0906
12013 4709 14218 8712 5185 9 8 05 08 19102 824 7919 9892 6290 9413 90200 120 5766 5398 56004 0993 648098
8 0 3 4 9183 45 46 9 8 92 4 9 0 5 99 0 9 1 4 8 8 818 12 65 7 8 24 19 97 899943 922 6920 559
183 463 0 9 32 8 6 64 89 0 9 82 584 1619 96 0310 66 0 022 69 8205 92 3 0 1279 14 405 52 2735 8922 6472
15079 2102 53305 6715 5120 9 5 62 96 15838 241 8912 9302 1267 6417 12215 929 3130 9319 01280 3276 128199
9 2 7 5 5743 49 12 5 5 82 9 2 0 0 20 9 9 1 4 5 6 912 04 40 9 6 74 62 76 001233 850 8550 596
123 750 8 0 42 8 2 12 72 8 1 00 946 0219 10 2376 12 4 302 10 1016 89 5 5 1289 32 405 11 2140 9748 2592
6 0 8 4 5050 05 73 5 7 58 1 2 0 1 20 9 8 3 4 5 5 912 10 48 9 8 40 08 28 891223 190 8120 576
193 123 9 3 50 8 7 30 99 0 7 51 997 1607 05 6374 15 9 814 04 1245 93 6 5 1889 40 410 55 8145 0918 3932
17998 1635 13815 8713 5101 3 6 22 56 52360 115 5717 9011 7215 5413 99215 159 5724 0314 50856 9055 126158
3 2 3 5 0153 30 99 1 5 50 9 2 9 6 00 0 9 9 4 5 4 317 94 49 9 0 24 92 03 891250 154 1123 556
55 583 1 0 17 8 6 10 90 8 3 85 986 8214 18 3318 32 4 447 14 9215 16 3 5 7289 19 007 72 2147 8560 7717
10555 7602 13250 8713 0129 4 5 90 94 13962 455 8805 9819 1415 0010 52015 024 8054 5082 77204 1150 125184
1 6 3 4 8103 99 30 0 5 92 9 8 6 1 08 0 2 1 8 5 3 012 12 75 9 7 26 68 99 690224 104 9502 557
653 820 5 9 82 8 7 12 30 0 1 82 993 8294 05 2370 14 4 912 74 1240 12 3 7 0950 17 901 65 4940 9819 8610
12353 7334 93515 9712 5125 3 9 19 58 19132 818 4912 5815 8217 5560 52615 304 5162 5332 22011 9163 825009
1 2 3 4 4325 45 82 5 8 12 9 5 7 0 22 9 5 6 4 5 1 546 00 65 8 8 44 12 23 890225 164 6183 751
149 436 5 8 12 8 0 11 85 7 1 61 867 6613 80 7019 15 0 412 04 1076 62 3 6 1287 12 497 60 7170 6999 8059
08315 9007 10415 8710 5127 3 8 18 94 96881 875 9987 0219 8738 7413 80810 174 5134 5338 03222 9856 188099
6 2 3 4 0153 43 72 0 5 12 4 2 9 9 70 7 2 6 4 5 1 610 16 45 0 8 64 12 28 069003 924 8954 555
130 157 8 9 02 9 0 72 96 0 1 85 982 0584 15 2319 12 4 092 15 7485 10 3 5 6399 37 418 12 2148 8716 7980
12513 5930 15819 9716 5407 3 4 18 98 77278 783 8549 9809 1282 5914 10315 129 5134 0380 43215 4153 125198
1 0 3 4 4198 45 04 0 5 12 9 8 4 1 20 9 2 9 0 5 1 046 72 80 0 8 68 28 73 801223 926 8753 559
159 120 5 6 12 5 2 12 63 9 1 09 987 0230 89 2314 92 4 530 84 1315 02 3 8 7288 87 495 62 2207 9255 8913
02319 0028 17279 8739 5728 0 5 72 91 50826 014 8910 9898 1475 5795 12215 124 5784 5534 45253 1153 927098
6 2 7 8 8173 09 77 5 5 12 0 6 2 8 08 8 0 8 4 4 8 999 82 05 9 9 00 12 20 890733 104 8123 556
663 324 5 3 40 8 5 12 19 5 1 48 977 1501 10 2314 02 0 782 00 1245 78 3 9 1299 55 018 18 0140 0712 4992
53971 1035 17210 6618 5727 2 0 12 98 92107 210 6809 9812 7615 5413 78605 154 5148 5500 53213 8154 455198
7 2 0 4 9695 48 15 3 5 05 9 2 7 6 58 7 8 4 9 7 1 812 08 45 4 8 24 18 23 828223 023 8078 596
866 926 6 7 52 8 9 02 44 0 8 80 090 6278 85 6099 11 7 270 84 2400 12 0 5 0989 00 700 12 2140 4505 9951
90704 1835 15216 8819 0906 1 5 04 98 02080 085 8916 8212 1015 4519 75215 120 7138 5312 15610 5283 028398
3 4 3 4 4929 40 12 0 3 72 9 2 7 1 27 9 4 1 4 5 1 962 84 45 9 8 54 72 23 090823 624 8525 076
123 154 7 9 12 9 4 92 89 0 1 02 980 8041 00 9384 04 3 614 14 1255 12 3 5 1840 10 019 32 4190 4812 9295
75713 8138 83225 6912 5169 3 6 36 08 83366 785 0916 0865 5214 9510 46255 127 5134 0397 55017 6778 935670
1 7 3 0 6513 95 52 5 8 12 9 2 7 1 28 9 0 1 4 9 8 922 12 98 9 3 24 12 65 897980 624 8023 707
705 420 6 7 16 8 0 92 29 0 5 82 987 9214 15 9475 14 0 998 14 8090 19 5 8 1549 62 834 12 6608 8710 0912
07916 1675 74257 9052 5926 0 4 87 98 22127 479 9962 7832 1858 5013 02975 054 5830 6388 56213 5855 508064
1 2 9 4 0317 99 16 8 5 92 5 4 6 2 25 9 2 1 6 5 1 916 12 45 9 8 27 17 99 041253 998 8129 569
100 022 6 4 62 8 2 19 60 8 1 77 930 1214 10 9744 66 4 915 64 3214 70 7 0 0229 29 070 07 3165 2782 8739
15313 1109 00215 8712 9029 8 0 73 62 67002 858 8942 9880 1990 5884 10277 524 9574 5099 85098 0653 125198
9 8 9 7 0123 47 66 7 5 12 9 6 0 4 98 9 2 1 4 9 3 912 12 75 6 3 24 12 26 997823 084 4103 657
150 143 8 1 10 8 6 19 88 5 1 04 786 4004 78 2083 12 6 892 49 1077 19 3 9 0880 18 098 70 2247 8700 8465
37313 1355 65217 6012 9121 3 5 25 32 34047 815 8838 5960 1200 5413 19915 680 5191 4542 83295 6153 228190
1 2 5 4 5560 56 12 1 5 16 7 9 0 4 28 9 2 1 0 5 3 774 02 45 9 8 04 10 07 890923 098 8123 856
56 728 2 5 19 8 3 12 37 2 7 92 952 1284 34 2864 12 6 942 08 4505 19 3 5 1979 69 475 17 1740 8718 3960
39413 1139 18015 8710 7005 3 5 50 98 12492 485 0175 9002 5215 5613 22293 084 4930 4312 59405 2083 195193
1 2 3 4 5222 04 12 0 5 19 4 0 7 1 28 9 2 0 8 5 1 912 10 95 8 8 43 93 63 787827 004 8183 550
147 213 2 9 72 8 2 52 89 7 4 87 942 5214 15 2396 19 4 011 14 1280 40 3 5 1285 84 865 88 2041 2709 8738
07313 0009 47298 0112 5528 3 5 12 44 18490 815 8917 0802 3910 7413 06956 008 6134 0522 58203 0253 125996
1 2 0 3 8413 91 52 3 5 89 9 2 8 1 28 8 5 8 4 5 9 396 92 45 2 8 77 60 67 871518 694 3123 556
124 120 5 9 12 3 2 45 80 9 9 92 987 6214 95 2374 10 4 002 64 8995 10 3 5 4539 65 615 52 9105 8610 8612
52319 1138 00609 8752 5761 0 8 16 98 63076 004 8910 9806 1215 4810 10339 569 5118 5882 08273 7153 225561
1 7 3 4 0123 95 14 5 5 02 0 7 6 8 26 9 5 1 7 5 8 582 18 08 2 8 54 52 24 891400 924 6023 850
523 123 5 8 02 3 6 13 79 9 4 82 887 5514 19 2315 84 9 978 10 4014 15 5 8 1289 12 405 16 8138 6517 0912
22373 0760 17905 6716 8681 8 6 12 98 19062 005 8912 7050 1315 6413 96225 128 6030 5852 04853 0153 825687
9 2 3 0 7128 45 67 9 5 98 9 2 0 9 10 9 6 9 4 5 9 912 12 48 0 8 74 60 50 006223 124 8820 650
123 173 5 9 12 0 5 52 09 4 8 82 988 1219 85 2895 87 3 902 64 8496 76 0 6 0025 12 008 14 8079 0772 4812
88743 2735 10215 3912 9901 8 8 12 95 86180 015 3912 9754 7294 7473 12265 724 5634 5317 03113 1903 125170
8 7 1 7 9893 40 79 8 0 18 0 2 4 8 28 9 6 1 5 5 9 932 12 47 9 9 74 89 23 897689 054 6007 598
323 193 5 9 10 6 2 05 16 3 1 82 187 8214 92 8214 62 9 990 14 9315 12 3 8 3464 28 404 19 6193 8089 8882
82318 1690 63295 8919 5885 6 5 12 98 00132 911 5619 9865 5299 5493 12093 124 7135 9002 53213 1153 255028
9 8 0 4 5123 48 08 8 5 72 9 2 3 0 76 9 5 1 6 6 1 902 12 45 3 8 57 16 25 660220 404 7406 566
128 159 5 7 00 8 2 52 89 4 1 12 785 4215 05 2003 17 9 916 94 1233 15 3 5 0885 18 010 42 4946 9617 4612
30026 8185 13765 8119 6121 3 5 73 88 12402 008 8812 0818 9241 4903 12225 027 9134 5311 03283 1103 175098
3 3 7 0 2123 45 42 8 5 12 7 0 9 3 06 9 2 2 8 6 1 972 68 46 5 4 22 16 23 892268 328 5423 557
703 153 5 8 27 0 5 82 89 9 5 36 570 1714 15 5559 00 8 922 14 9239 62 4 5 1089 18 816 12 7348 8797 7052
10367 7904 78995 6712 5158 3 5 12 98 85194 815 8012 9032 1315 5444 15205 029 0600 5418 55225 1854 145104
1 8 9 6 5173 47 12 9 5 18 9 2 8 1 28 7 2 6 4 6 5 217 93 95 0 5 24 88 23 996928 138 0125 056
520 127 0 9 98 7 2 99 87 7 9 92 989 1219 15 0814 09 4 990 94 6295 12 9 5 1289 60 015 52 3042 8193 7012
10900 1138 13015 6712 5126 7 8 70 99 92082 810 6912 6872 1317 0363 92762 724 6131 3312 53203 1163 757857
1 7 8 0 5193 75 92 4 0 12 0 8 7 1 24 9 4 1 3 5 1 110 71 75 9 8 27 58 65 881227 320 8523 657
126 723 8 9 12 2 7 22 05 8 7 99 685 1760 10 9974 12 4 916 14 5216 12 3 0 5689 86 715 14 3962 9812 7012
29033 9186 13749 8782 7126 3 5 12 90 12096 430 8678 8072 1285 9413 62212 828 9190 0314 50319 1164 995100
9 2 3 5 0193 95 02 9 5 13 9 2 0 1 40 6 0 6 6 5 6 312 95 15 9 8 04 80 93 896020 114 8123 550
023 573 5 9 12 8 9 42 09 9 1 12 985 9200 15 2314 14 4 612 13 6215 18 3 9 0899 02 495 06 3130 8788 8006
12391 0935 12258 8865 9921 8 5 16 90 63508 875 1778 8897 1915 5615 18260 124 5172 9619 58713 1608 580193
6 6 3 4 5923 47 12 5 5 83 9 4 7 8 29 9 2 0 4 5 1 992 22 49 9 7 24 92 99 891827 759 8263 906
58 123 5 0 32 8 1 12 79 5 1 80 784 1054 10 2314 02 4 977 14 4612 52 3 5 1004 04 019 90 6142 8612 8913
55813 1192 13215 7792 5428 6 9 19 55 82102 015 8910 9682 7257 0003 92015 129 8174 5376 53083 1153 725038
6 8 3 0 5123 25 66 8 0 12 3 2 8 3 58 0 2 9 4 5 7 929 02 45 4 9 74 12 27 201629 174 8029 556
150 324 5 9 02 8 2 42 85 1 6 43 987 2219 10 9918 57 9 910 84 1699 40 3 0 1288 60 950 09 6145 5619 8098
15369 2705 13214 8912 8121 0 0 52 99 12665 475 8910 6912 0095 5710 18909 188 8139 5912 55213 1027 925349
0 2 5 5 7020 80 12 8 0 17 9 9 6 1 98 9 7 6 4 5 1 999 14 45 3 8 70 16 46 751203 149 1193 756
029 323 5 4 12 8 2 99 81 3 6 82 989 1114 15 2904 12 9 968 84 1812 17 3 5 5289 10 417 89 8145 8432 8312
12983 0636 13013 8769 5070 9 5 12 93 05304 615 5970 4517 9595 9910 92234 124 5130 8302 96097 6085 049898
6 2 3 4 0193 45 17 0 5 00 5 5 8 1 90 8 2 5 4 5 1 015 78 40 9 5 24 00 29 531223 720 6188 576
623 123 5 9 91 3 8 82 80 5 1 80 608 0214 45 2380 82 4 922 71 1068 87 7 8 1279 13 435 14 2805 8712 5712
93356 1640 10075 9713 1100 3 4 11 90 52189 880 9510 1862 7418 3213 95219 123 5135 4312 53293 1753 925108
1 7 3 4 9173 45 02 0 5 17 0 1 5 0 24 7 7 8 4 5 1 839 96 55 9 8 04 15 67 890823 824 0143 597
675 161 5 9 01 8 2 10 06 7 1 85 887 1814 15 4234 69 4 913 59 7355 12 4 2 7089 82 819 18 0146 8792 9912
19318 0144 70715 8517 3821 3 6 82 90 00642 075 9652 9432 8219 5013 29215 120 5134 0368 64488 1026 115124
8 2 2 4 5128 05 10 7 8 16 9 0 7 3 83 0 8 9 6 0 1 919 06 43 9 8 94 82 03 091223 120 4523 556
123 123 5 9 18 8 2 12 89 3 1 62 789 1228 13 2010 10 0 018 04 7224 99 3 8 1759 35 915 72 2145 4798 8904
85717 1135 53015 8712 8741 7 5 15 88 30251 113 8612 9879 6200 2483 92715 120 5184 5313 73216 1156 665190
6 2 2 3 5523 40 00 9 8 18 9 2 9 0 28 9 4 9 0 8 8 882 12 49 9 3 84 18 27 091225 024 8123 706
727 723 5 9 18 9 2 89 89 8 0 57 987 1219 05 5014 10 4 612 34 1258 08 5 1 1289 04 015 52 0085 0712 9854
52313 1137 18286 8782 9460 3 5 99 98 12902 890 7592 5810 1215 5413 15965 104 9134 5302 34259 0153 121188
1 8 0 9 5765 95 72 1 5 00 9 0 3 1 76 9 2 1 6 5 1 915 38 46 9 7 08 12 64 091023 829 7813 556
698 123 5 9 72 8 3 28 70 3 1 08 686 1264 65 2322 82 3 912 18 8678 82 3 5 1299 12 435 13 2945 8732 0792
14313 6435 13219 3742 5194 3 5 11 78 76309 714 8918 7818 9215 3413 16218 180 0934 9304 03216 1170 522795
1 2 8 9 5323 41 17 3 5 18 0 2 8 1 28 7 0 1 0 5 1 612 22 50 9 8 24 70 23 891223 628 7448 257
873 622 5 9 12 8 2 12 89 3 2 33 907 1276 15 2326 84 4 912 14 7224 72 3 6 0283 12 419 13 2946 7709 6808
52313 0055 67276 0719 0458 6 5 94 68 12859 956 8912 9092 1517 5460 62219 084 5557 5312 60283 1163 120190
1 3 9 4 7080 98 02 8 6 02 9 7 7 7 28 9 8 1 4 0 1 012 19 95 9 0 04 12 23 891609 129 8723 556
720 163 6 9 89 7 9 72 89 8 8 82 087 3417 89 2314 09 5 912 13 1997 02 5 9 1285 52 416 62 2143 6062 8922
92398 8036 14215 8760 6920 5 5 16 98 72802 915 0078 1616 1066 5413 20060 124 5159 5019 53819 1398 125198
1 2 3 6 7727 49 18 1 5 17 0 4 8 1 28 9 3 1 2 5 2 752 36 95 9 8 95 14 74 897023 124 8925 856
121 199 0 9 14 8 6 12 59 9 2 92 900 1223 10 9318 04 4 912 16 0295 19 7 5 9965 14 473 19 8793 8496 2911
15017 0835 19915 8718 5181 3 5 19 78 92402 817 8902 9214 1011 5915 10844 174 7934 5814 53709 1107 190938
0 7 5 8 9124 45 02 2 4 15 6 0 0 1 25 7 2 0 8 5 1 782 12 95 9 9 84 69 23 960280 174 7243 057
56 149 5 9 02 8 9 32 99 0 1 80 081 8314 65 2010 12 0 970 85 1815 82 3 8 2284 75 419 12 6145 4707 6922
78313 8930 98285 8712 0721 9 5 41 78 55882 810 3912 9801 1203 5433 72248 178 5134 6384 53310 1993 127008
0 3 3 4 5127 75 02 5 7 89 6 2 9 0 78 2 8 1 7 2 9 612 54 99 6 7 21 62 53 956020 024 7613 576
176 143 5 9 22 8 5 96 83 0 2 02 950 1718 15 5996 12 0 290 12 7215 40 8 5 1289 52 785 13 5143 0782 5005
17110 1133 14459 7018 5079 3 5 19 78 12752 855 6932 5807 6832 8970 22295 127 5539 1710 40819 6073 025499
1 2 7 4 5028 45 11 5 5 02 9 2 7 4 22 9 3 0 4 9 1 887 39 45 9 8 24 12 46 291827 174 8103 556
923 623 0 9 18 8 2 19 89 3 1 82 989 0016 75 0869 96 7 910 14 8914 07 5 6 1289 09 410 82 9940 8092 2802
44693 1885 93805 8719 8125 3 5 13 90 10128 643 6704 7819 9905 5003 72730 624 6900 9312 05174 1995 125808
1 8 3 6 9923 45 16 0 5 18 2 4 0 2 48 9 6 7 4 0 5 812 18 80 3 5 00 17 23 890829 176 8163 556
523 125 0 9 12 8 3 10 09 5 1 41 907 7014 22 2971 86 1 092 34 1210 16 0 5 1588 12 615 00 2940 1712 8812
12700 1138 14297 8792 5488 4 5 82 98 12209 885 8812 3952 0519 7616 42460 186 5134 3313 53813 8858 000199
5 5 3 0 7123 75 12 8 9 02 2 2 0 1 97 5 5 0 0 5 1 314 62 95 7 9 35 02 85 891833 924 0723 406
183 564 6 9 62 8 2 12 83 9 1 84 987 3211 13 1504 02 4 990 14 0709 12 3 5 9780 83 473 16 2805 8615 0913
89312 0135 63215 8752 0121 3 8 28 32 53 851223 104 0123 576
104 529 4 7 19 0 8 82 88 0 6 29 976 9514 20 8394 02 4 914 18 9015 85 5 5 1089 56 415 12 9175 1012 8010
29503 4965 10810 8092 5489 0 8 18 38 12132 815 0502 9080 1295 5014 12715 109 4100 5518 57206 9179 085108
3 0 0 4 6728 99 08 5 0 12 5 2 2 5 22 0 2 9 4 9 5 912 82 85 9 7 25 82 23 671225 024 5877 016
023 189 5 9 10 9 1 14 69 5 1 82 630 9214 15 2314 12 4 914 18 8285 72 1 4 1986 92 019 70 2993 9722 5910
88345 9135 90895 9787 5141 9 2 70 08 02199 815 2919 4812 1090 5496 62217 129 4989 0820 59616 3114 105790

22863 6154 03258 8514 5162 3 6 12 79 12434 803 8598 9832 1235 9573 04303 079 5144 0382 80811 1153 105178
0 2 7 4 5023 05 62 5 6 88 6 8 1 2 98 0 1 6 7 5 1 212 19 47 9 8 00 17 08 799729 120 8123 055
704 904 9 0 36 1 2 12 81 4 3 82 967 8834 18 5354 19 3 910 14 1415 10 3 5 0579 82 413 15 1199 8718 4002
02393 5185 13435 8012 6135 8 5 63 08 94677 873 6212 9672 1795 5016 92210 124 5834 3402 93260 6136 125180
3 2 3 4 5128 48 12 5 5 82 9 1 1 1 06 9 2 1 4 0 1 392 12 00 9 8 24 93 29 590283 129 9147 526
77 178 5 9 24 8 7 63 88 0 0 82 987 0047 05 2010 12 8 700 14 1998 12 8 5 0247 92 925 12 9806 8704 8790
15473 1135 13003 7019 5381 4 6 42 98 73042 016 8919 0302 1515 0419 11988 008 0844 0385 53884 3493 136890
0 9 9 9 6923 25 42 5 5 52 6 6 8 7 28 9 6 1 1 5 6 902 12 15 9 8 20 12 43 891229 908 0127 576
123 903 9 3 68 8 2 16 85 9 2 86 719 0800 55 2374 12 4 019 24 6215 10 6 5 0225 10 412 19 0865 5719 8902
18073 1778 13686 8798 0269 9 5 72 78 10159 818 9870 9812 1018 0713 12035 424 7478 0712 53218 1909 983108
7 0 9 7 9103 45 15 6 5 10 0 2 6 9 26 9 2 1 4 5 1 482 10 50 9 8 24 68 23 890020 124 8605 557
799 723 5 9 14 3 2 19 79 8 1 02 987 1214 95 3304 18 0 012 14 1080 12 9 4 1687 80 485 02 8145 9703 6913
02583 9535 88015 8752 5101 4 5 92 98 12189 816 0917 9812 0610 5519 17297 224 5134 5592 53922 0153 125158
1 9 0 0 0372 45 10 7 5 12 9 2 7 1 28 5 8 1 9 7 0 932 92 89 5 2 08 12 93 390223 124 8123 506
159 023 0 7 15 8 6 12 06 5 9 50 987 7234 85 2984 18 4 903 60 9209 12 3 5 1289 36 410 17 2005 8717 7992
12813 1485 17245 6702 7825 3 5 12 98 12892 819 8918 9692 1010 5710 58695 905 5194 5302 23278 1303 025199
1 7 3 9 5189 05 54 5 5 02 9 0 9 3 03 3 8 1 7 5 1 982 92 55 9 8 28 42 38 691229 097 8707 849
146 173 5 6 36 8 2 00 80 9 0 82 079 1819 75 2614 14 4 918 14 1215 12 3 5 9289 92 585 10 2140 8790 6972
17023 1735 03213 0570 8097 3 0 30 98 12082 879 8993 9810 1601 5819 64015 899 5830 5006 93264 1629 980782
9 2 0 4 4796 40 08 2 5 12 9 0 7 1 26 9 2 8 4 5 0 912 12 80 6 7 69 13 55 891903 018 9123 508
953 193 2 9 69 0 6 48 80 5 0 58 587 1024 05 9654 12 0 912 18 1214 22 3 5 0989 42 419 02 2143 8710 8492
19678 7178 13916 8742 9000 3 4 82 68 18962 815 8918 6310 0235 0913 72660 404 5134 9017 03283 1853 205108
3 9 3 4 0183 35 10 5 7 92 7 0 6 1 25 9 9 3 4 2 1 902 42 47 9 5 26 70 23 890973 768 3926 907
193 913 7 9 52 8 2 05 60 3 1 07 580 4210 15 2809 82 4 972 44 9285 14 3 6 1789 07 515 10 2905 8795 6397
73380 0746 10215 7306 4021 0 5 40 95 19192 615 8202 8826 1293 7409 80095 124 5544 5396 59053 1153 125953
1 5 9 0 7193 05 82 8 5 18 9 5 3 0 28 9 9 1 9 7 1 702 02 64 9 8 24 00 03 008093 820 8623 796
123 113 6 0 19 6 7 14 87 9 1 82 487 2214 15 9344 92 0 986 54 7245 14 3 5 1265 62 416 22 6105 5780 8613
00314 1165 88568 9512 4771 3 5 12 28 32121 350 7512 3610 1066 5443 82215 224 0864 0316 97206 0653 525086
3 2 3 4 0423 45 82 5 1 02 4 8 7 6 76 9 2 6 4 5 1 912 09 29 2 8 29 12 23 890853 904 6120 576
199 620 9 9 92 8 2 01 59 4 0 42 083 9904 18 2314 18 4 942 19 1265 12 3 5 8480 17 018 70 6805 7752 8612
17813 4105 47203 7945 3483 3 9 09 96 67125 316 8910 9010 1019 1293 76008 024 5134 5872 83213 8980 025387
9 2 7 8 6102 45 85 0 5 48 9 2 4 1 08 3 2 1 4 5 1 802 10 92 9 1 04 42 23 991222 120 0964 806
123 727 5 8 12 5 9 16 39 0 0 00 987 1416 15 0818 72 4 908 15 0208 45 8 5 1300 16 715 58 2160 4810 9910
3 2 3 4 0149 89 22 4 5 12 9 9 5 7 48 9 5 1 4 5 3 813 00 73 9 8 22 12 98 890223 278 8928 553
620 143 5 9 72 7 2 12 89 5 3 58 004 1918 14 5394 12 4 414 14 8615 52 2 2 9070 96 419 78 2196 8764 8019
12413 4105 06314 5753 5026 3 8 13 92 12199 850 8912 0099 1510 4413 12296 077 5974 3892 53213 1153 524507
1 6 6 4 5523 00 52 5 7 02 9 2 7 0 08 0 6 4 0 0 1 912 12 85 9 8 77 52 23 890623 124 8661 502
56 923 5 0 20 3 2 16 09 4 1 82 987 1914 95 2332 12 4 782 74 9160 12 0 4 1294 12 415 60 2989 9714 9915
55385 1145 12295 5777 6125 8 6 12 08 53282 017 8912 9822 0905 9503 02016 778 7039 6695 53913 0853 120008
1 2 7 8 5886 05 15 9 4 12 9 0 0 1 26 6 8 0 3 5 2 013 79 02 9 8 54 19 25 899227 327 7869 096
123 829 0 4 82 8 6 16 37 9 1 43 687 1206 00 2304 02 5 992 19 4254 72 0 9 1289 49 719 64 7598 8732 3518
02388 3488 15298 8212 3861 6 8 13 95 12730 770 0827 9110 2255 5489 10210 022 6134 5072 07163 5477 177158
1 0 3 4 5124 49 75 3 0 80 9 4 5 1 28 9 2 6 0 5 1 916 92 46 6 8 89 70 64 894327 103 9123 750
716 769 5 9 12 8 9 52 59 5 1 82 967 1024 08 9376 89 4 979 80 6055 89 3 5 9288 18 805 12 0145 2219 7918
10915 1139 00503 0742 5121 8 5 70 67 42000 805 8189 9807 1465 5493 12292 969 0137 0992 59310 1153 165190
8 2 3 4 9023 67 98 5 5 16 0 0 6 1 09 9 9 8 4 5 0 919 62 55 9 0 28 12 27 791334 124 8128 854
128 163 7 9 02 8 2 12 89 8 2 84 987 3209 76 2312 28 0 910 87 1598 14 5 5 1009 82 415 16 9173 8212 1882
10313 1155 13715 4809 5871 8 5 70 97 42874 900 8902 3840 0015 5413 12218 114 0120 5392 07513 1155 125198
9 0 0 7 5113 98 11 0 0 96 4 9 0 9 68 9 2 1 4 5 0 962 62 49 9 8 24 80 00 801023 094 8188 676
195 023 4 9 12 0 2 17 45 9 1 82 884 3864 10 2489 12 3 410 00 1255 17 3 0 1589 12 375 10 2145 5742 8912
12398 7185 53915 0762 0124 3 6 92 68 62152 494 4960 6814 0666 5410 10503 104 9938 3315 53213 7970 195158
1 6 3 5 7123 62 65 5 5 16 9 4 5 9 28 0 7 0 4 8 1 810 10 65 6 6 24 97 28 899293 127 8523 556
118 187 5 9 10 8 2 12 80 5 4 89 487 3914 70 6384 06 0 907 64 8515 82 3 5 4389 10 215 14 1060 8759 8152
13301 0730 13715 8755 5161 3 0 56 95 79199 215 5886 9882 8816 5863 42200 128 9034 8412 52715 0881 125095
4 9 5 4 7053 47 62 0 7 88 9 2 8 2 29 9 7 2 4 5 1 959 16 48 7 8 44 12 43 790073 184 8320 296
123 728 5 0 19 4 8 80 87 6 5 89 906 1079 16 9418 10 4 997 10 3215 51 8 5 0989 12 466 02 2878 8782 9912
82713 1635 63010 8792 5520 9 9 12 25 72412 086 4902 9810 9209 5813 18847 153 5144 8318 53253 1196 626598
0 8 3 1 5008 35 76 5 1 12 9 5 9 8 20 9 7 1 6 2 0 670 02 80 8 8 24 12 99 791423 324 8053 799
193 563 5 4 15 8 7 18 69 0 2 52 967 0284 79 6694 12 0 862 94 6912 62 5 5 1789 17 415 14 2949 7782 9038
12813 9835 14797 0912 5901 0 5 59 38 82962 794 8912 8812 8865 5789 02075 104 5931 5710 63229 8180 186099
1 0 3 2 0193 92 10 3 5 52 9 2 7 2 66 9 2 6 4 0 1 909 78 75 9 8 64 90 23 396424 147 4975 507
733 186 5 0 16 0 9 05 89 0 1 03 886 1239 15 7978 18 4 506 04 9807 82 0 5 4219 62 400 19 6745 8012 9919
12013 1105 15219 4716 5320 3 5 10 98 10127 919 0912 9812 0018 4318 60705 197 1134 5302 03203 1188 155138
1 9 7 9 2223 82 10 2 3 12 0 2 1 8 98 9 2 7 4 5 9 950 12 48 9 7 24 68 98 801823 404 6028 059
100 003 5 8 02 4 4 10 88 9 0 82 939 1654 15 0218 40 4 012 16 1630 12 0 5 6219 19 415 25 7109 8714 8912
19313 7492 13019 8712 5181 4 7 62 97 12137 810 0285 5862 7717 4888 12262 123 5166 4312 00213 1153 135878
0 2 0 4 5125 05 02 5 7 92 4 0 0 0 59 0 2 1 0 0 9 008 92 49 9 8 23 82 23 892263 600 8003 756
322 123 5 9 10 9 1 54 85 7 1 83 987 0074 85 8516 15 0 917 14 1215 90 9 9 1276 19 489 92 8545 9762 8998
02605 1735 94005 8712 5221 0 5 43 96 50292 902 8016 9076 1487 5407 12096 429 7133 5312 83213 2153 120798
4 2 3 5 5180 45 46 0 5 66 9 5 0 1 38 9 2 1 0 3 7 398 12 75 1 9 92 22 23 897023 123 0100 564
40 253 8 3 12 7 2 92 69 6 6 02 987 2715 35 0507 02 1 882 14 2418 12 8 5 0919 28 785 72 8745 8712 8912
14013 5195 10245 8812 5372 0 5 12 96 84192 305 7584 9632 1415 4413 12250 124 0174 1046 10213 7363 125798
9 5 3 4 5923 07 58 8 0 50 9 2 0 1 84 9 0 1 4 5 1 102 99 75 0 8 04 70 23 981268 574 9933 550
103 183 6 7 14 3 0 02 29 4 1 86 807 0210 05 3987 52 2 925 59 1299 17 3 6 5289 52 436 33 2145 5018 8562
52310 1165 57214 3810 4189 8 0 12 79 95464 815 4012 4889 1210 5901 17285 328 5174 0010 55916 1253 045198
1 6 3 2 7193 05 12 5 5 79 9 9 9 3 28 8 2 1 6 0 9 982 18 75 9 9 04 12 23 096429 123 8123 790
127 128 6 6 12 9 2 00 89 0 1 62 880 1714 75 2014 37 0 935 18 4015 52 0 5 6209 67 485 82 2440 8712 8002
67413 1035 13217 8896 5130 7 5 18 53 12529 775 9919 9912 8818 5193 92215 824 4133 5388 53503 0850 675980
4 1 3 0 5920 86 02 5 9 14 4 2 4 5 25 6 2 3 4 9 1 960 02 49 9 7 44 82 63 891383 827 8195 506
108 162 3 5 17 8 5 12 78 9 0 02 169 1652 13 2564 32 3 982 19 1165 19 3 5 7989 52 818 12 2145 8896 8998
26302 1935 15415 9719 5108 0 3 19 98 02022 010 8902 7814 6012 5687 68285 180 6034 0592 53416 1153 149876
7 2 3 0 7123 46 11 6 5 14 3 2 3 5 27 9 3 1 7 5 4 959 38 43 4 1 24 62 23 890293 190 5120 655
120 497 5 9 10 6 4 92 89 4 1 02 087 1990 06 5314 62 6 017 13 1915 12 3 5 9889 50 416 92 0155 0706 2922
19346 1645 18597 8012 5101 4 7 92 79 17682 814 8917 9878 6317 0487 12945 100 5830 5810 53239 2197 915149
3 9 3 0 5126 45 16 5 5 14 9 0 5 1 28 8 9 9 8 6 8 412 12 05 9 0 69 12 83 095720 180 9093 856
403 183 9 9 72 1 2 14 80 4 7 08 794 6946 85 6304 22 8 812 17 8218 90 3 7 1089 12 868 15 2645 8757 8912
12313 4125 46215 8780 5928 1 0 99 97 12865 015 5012 9819 8040 7483 62255 104 2132 8505 53000 8154 108198
1 5 9 9 3973 44 02 6 9 00 9 8 9 7 28 9 0 0 0 0 3 903 80 59 0 7 07 97 09 698642 124 8108 556
008 127 5 9 06 8 0 19 89 9 0 67 982 1254 15 8014 62 3 919 10 1035 89 0 9 1906 04 475 52 0149 8502 8912
79375 8605 03810 8017 8129 3 8 89 98 80162 809 8069 6817 2879 5083 80910 324 2100 5312 96213 8159 790890
2 9 3 6 5823 48 04 5 5 13 8 9 7 8 28 5 0 0 6 5 5 929 17 86 0 8 74 92 07 190905 176 9123 210
180 123 5 9 09 8 2 05 99 5 7 92 370 0704 68 8394 77 0 002 04 0218 32 3 8 5704 82 017 72 0145 8012 6902
12318 1035 53895 8717 5120 7 0 70 88 02175 819 8869 0160 0965 3743 18235 629 3059 8912 53216 6556 329148
5 2 3 8 5006 48 42 5 4 52 8 0 6 6 99 0 0 9 6 7 1 912 90 25 9 4 26 97 20 891383 162 9123 056
003 123 2 5 12 8 4 12 81 0 1 82 407 5794 13 2614 60 4 917 77 0234 17 7 6 1586 02 415 53 2049 0742 0912
15009 4197 23813 8578 5989 3 4 12 08 02995 815 4412 9812 0056 0014 18615 124 5137 5312 53613 4153 924108
4 2 0 2 5187 48 74 2 0 12 9 0 8 8 78 4 5 6 4 5 0 257 19 89 9 3 46 22 02 891849 028 6353 506
123 027 5 9 92 8 7 60 56 7 6 82 352 0018 15 2319 70 0 762 30 8270 16 9 5 1885 02 140 92 2445 6762 0752
88313 1109 37010 0782 9099 6 5 19 96 58178 675 7312 9812 4235 5961 72010 189 5934 5712 50273 7107 728198
0 2 3 4 0060 89 22 5 6 00 9 2 1 9 63 9 5 7 8 9 1 510 16 45 8 8 30 69 96 590723 126 6166 566
120 471 4 9 77 8 3 10 84 5 7 85 697 9286 15 8304 12 0 902 19 1079 98 7 9 7289 82 405 10 8815 0332 4602
12343 1835 13865 6512 8847 3 8 02 72 02159 815 8919 0814 1075 6073 17216 098 9134 6610 80200 7153 925018
4 7 7 9 5128 46 15 5 5 94 3 5 7 1 37 9 4 8 2 5 1 912 15 05 6 7 38 12 92 695023 174 8228 059
50 722 5 6 07 8 9 72 60 2 1 82 987 1214 39 2330 12 0 802 84 1795 79 7 5 1280 58 405 02 2791 0917 8900
22513 1009 12206 2080 5492 7 5 12 98 38322 515 0040 0714 1505 0447 39575 170 5724 4012 56580 1753 585108
1 2 5 0 7140 50 10 5 5 14 8 2 9 7 57 9 2 9 9 8 1 962 12 45 9 9 52 83 03 696078 820 8263 746
103 407 5 6 05 8 0 01 00 0 1 42 900 8224 18 2317 19 7 912 84 8618 97 3 5 6646 12 497 19 7145 0044 4982
46315 6095 53205 9210 0161 8 5 12 98 70970 497 9714 8818 1419 5818 72218 124 5107 0010 53013 1105 550199
1 2 5 9 5188 48 18 6 5 10 4 2 0 1 28 8 8 4 5 5 1 988 02 58 9 8 24 02 09 593225 827 0369 555
423 493 5 3 12 8 2 84 89 3 1 05 677 9064 10 2354 64 5 911 64 1210 10 3 6 1407 18 040 62 2345 8712 6912
12611 0379 23215 8610 5127 3 5 12 94 12108 489 8912 8912 1019 5403 12090 627 9934 5397 43403 1193 578498
1 2 3 4 3173 46 92 9 8 19 9 2 4 9 28 7 4 8 2 5 9 002 12 48 6 1 84 10 03 791723 804 0523 556
123 503 5 9 60 8 2 12 55 2 9 80 987 1258 68 9284 15 0 582 00 1815 30 8 5 1259 64 080 12 4245 1742 6688
76897 1832 13065 7868 9105 3 9 22 92 12997 815 8912 7804 2215 5413 66116 154 5878 5372 69216 8630 005198
1 8 9 4 5073 80 12 5 8 12 9 2 9 1 38 9 3 7 4 5 1 712 17 45 5 3 74 62 28 817223 889 8923 566
883 177 5 7 99 8 2 82 99 7 1 08 385 7204 17 2994 12 4 216 74 8228 10 9 5 1289 22 839 12 7195 4710 7612
08910 4130 12215 8052 2129 4 5 12 78 92134 900 6992 6710 1500 5763 82216 770 5930 5950 54283 9150 025199
1 0 3 7 5126 45 48 5 4 68 9 7 4 1 68 9 8 9 4 5 6 912 02 49 9 3 64 92 83 390420 024 8740 866
123 123 2 9 80 8 3 90 87 9 0 82 087 8314 68 5314 92 4 972 94 1290 92 3 7 3289 52 414 16 2728 1762 8910
12393 1028 18530 8972 5021 2 5 99 98 16178 836 7817 6512 3726 6410 12276 128 5503 5712 43287 1133 150088
1 2 2 3 4127 10 14 5 0 92 9 8 6 1 25 0 9 1 4 5 1 639 10 45 9 8 26 62 20 898323 104 8023 049
173 168 0 9 18 8 5 22 84 7 1 58 787 1894 45 1310 08 0 062 18 1245 85 4 5 4200 10 805 86 2170 9635 8992
82603 1960 13965 8773 7406 6 3 86 98 08141 805 7582 9254 1945 0276 35210 332 9164 8660 03614 1005 191608
1 7 8 4 9906 67 42 5 5 62 9 8 9 8 29 4 8 1 8 5 1 652 17 47 0 8 25 10 46 077568 458 3523 856
193 029 5 9 10 6 2 08 38 2 5 88 017 1510 10 4013 19 4 612 94 1415 18 0 6 9289 92 474 06 8157 8762 8909
18013 1909 13375 0512 5135 5 5 18 90 12877 812 8914 9006 8535 4003 60208 124 5034 5512 38239 5756 127398
5 9 9 4 8683 49 88 5 5 02 3 8 6 1 49 9 5 1 4 5 1 092 22 15 9 8 98 12 43 801223 947 4529 866
123 121 9 9 38 8 5 60 89 8 9 81 828 1019 55 5994 82 4 010 14 1275 10 3 0 1889 17 915 59 2100 8362 7912
08395 1438 53995 7012 5791 3 8 78 08 32151 855 8612 9005 9805 8463 50755 028 0334 5892 58853 1053 025068
8 8 3 4 5151 85 30 8 5 46 9 6 8 1 28 9 8 1 2 5 1 912 12 42 0 8 24 10 03 497623 124 7124 586
860 181 5 8 12 0 2 82 89 6 1 84 957 1414 15 9358 19 7 918 04 1015 19 6 0 9290 42 037 72 9248 5512 8912
10016 9735 14815 8718 3151 3 0 17 98 14092 057 8932 9282 5866 5993 82205 824 1101 0642 55588 1953 125190
8 8 3 4 3103 35 72 5 5 92 0 9 9 7 29 0 9 9 4 9 8 919 62 45 9 8 64 12 60 051744 124 8123 556
160 723 5 9 19 8 0 82 87 7 0 54 987 6214 66 3415 12 0 914 14 6245 80 3 8 1279 02 412 02 2007 8709 8012
12013 1177 10874 8710 7691 3 7 12 98 02722 515 4812 9400 1292 5416 66710 028 3199 5312 55273 8653 625114
0 6 3 8 6197 75 12 5 5 42 5 2 2 7 20 3 0 1 4 9 0 512 14 97 9 8 72 12 23 098929 925 8923 856
50 105 5 9 16 8 1 12 84 6 0 92 997 1614 25 7367 10 5 042 15 0965 12 8 0 1789 85 915 18 6540 8416 9999
05315 1137 16817 8792 5921 3 5 12 96 15570 888 8719 7812 1979 5013 19270 124 5894 3312 60213 1153 120024
4 7 3 4 5483 45 79 5 5 85 9 7 9 8 27 9 8 0 4 1 1 912 12 85 3 4 29 19 23 067233 794 8628 952
003 123 7 8 74 2 2 12 80 0 1 80 989 1214 05 0327 12 4 632 91 1215 12 0 5 5209 76 499 75 2195 7812 8917
20217 1935 03215 8816 7124 3 9 40 78 12172 855 8959 9066 6745 5613 52219 894 5634 5392 03208 1058 687068
1 2 3 8 3923 65 12 5 5 09 9 2 0 1 00 9 7 0 8 5 0 919 02 88 6 8 24 14 23 761703 120 0133 556
966 333 5 9 42 8 8 12 58 8 1 72 907 1073 85 9966 12 5 612 04 1215 12 3 0 2780 12 855 77 7197 8732 4912
18313 1815 15819 8769 5286 9 7 95 64 92142 711 8911 7863 1090 5013 02255 146 9148 5912 83213 0823 175398
4 2 7 5 0728 45 12 5 0 70 9 4 5 8 98 4 4 2 8 5 1 617 22 08 9 8 61 02 23 663276 624 6126 558
366 805 0 9 12 8 2 12 87 4 1 84 586 3673 15 0257 10 6 483 14 7675 12 3 6 1983 12 478 95 2175 8212 8904
10373 1070 73285 4492 9108 3 4 15 98 72193 845 8986 9842 5205 5413 70200 729 0784 5018 53313 1555 235180
4 2 8 5 9828 44 17 9 5 09 9 2 8 5 26 9 2 8 4 5 1 916 32 77 9 6 00 87 42 890215 102 7124 454
123 803 9 1 10 4 9 15 62 9 1 80 009 1015 40 0358 10 4 682 54 0217 59 8 7 1220 92 415 18 2947 6912 8910
92874 7195 13615 7802 0181 3 5 14 98 19072 915 1903 9813 0265 0590 15222 927 6938 2414 51213 1297 570190
3 7 3 4 8979 85 12 7 8 15 0 2 2 6 27 9 8 0 6 7 8 912 16 35 0 8 59 19 20 691062 024 8123 559
196 227 0 8 72 9 2 12 89 2 1 88 397 1214 39 9314 12 4 916 04 1718 16 8 5 1684 67 975 50 3145 5812 8908
02783 1535 18219 8707 5760 1 1 90 00 12097 305 6902 5216 1755 0716 00275 023 8194 8010 00862 1153 129088
8 2 0 1 5120 45 12 6 8 38 5 1 9 5 28 7 2 8 3 2 2 072 12 40 9 0 14 62 73 085259 184 9180 556
120 750 5 4 92 8 2 12 04 0 0 90 982 1094 10 2314 02 8 911 15 1969 17 3 5 1299 39 819 12 2156 8015 6912
75348 7035 13319 8737 5121 4 3 12 91 10162 813 8949 9867 0217 5490 80009 324 9903 7610 53799 7255 084390
1 2 8 0 9929 45 12 6 0 82 9 2 8 1 98 9 5 0 4 9 4 712 98 45 9 8 24 96 21 381523 794 8193 358
753 943 5 8 19 7 7 12 87 5 0 02 005 3210 35 2007 07 4 122 14 8215 42 3 6 2546 17 415 62 2542 8712 8813
62313 1835 13285 9069 5401 3 5 10 97 14042 915 8912 2060 1217 0453 12215 600 3107 7412 89213 1188 755126
1 2 9 4 5104 06 22 5 0 12 9 2 1 1 20 5 7 5 4 7 2 948 03 93 9 8 94 04 05 691220 164 0027 598
123 123 5 9 12 4 0 77 67 4 9 88 403 9214 80 2314 18 4 981 82 1015 12 8 4 1787 15 465 60 2175 8862 8808
07360 1089 13213 8762 9231 9 4 05 34 11122 462 8002 9010 1205 5043 12235 125 9014 9362 50233 1714 825163
0 6 4 4 5707 45 19 5 5 12 9 2 0 8 18 9 2 6 9 3 1 962 60 99 6 0 44 12 23 691984 194 9128 776
763 196 1 5 12 8 0 89 79 5 0 82 477 1214 00 2714 28 4 911 74 1210 12 2 5 9260 10 415 19 2148 8292 8622
83995 5600 47212 7712 6121 3 5 32 90 22192 619 8902 9400 1319 0119 17915 184 5134 0312 03250 1993 725108
1 2 3 4 3709 93 87 0 6 88 3 7 6 9 28 9 6 1 7 8 3 514 17 00 5 4 24 10 97 807063 104 8923 556
123 800 7 9 19 8 2 52 89 9 1 80 997 7215 19 2307 37 0 670 15 9610 22 8 5 3289 90 319 67 2145 8342 8719
92303 1133 13265 8712 8099 3 8 44 68 82292 308 8915 9032 1215 5140 12619 384 8274 5412 67217 1190 922195
8 7 9 2 5178 45 22 5 5 19 8 5 2 5 23 9 2 0 4 5 0 082 15 45 9 8 24 18 26 891920 190 8121 456
58 113 6 0 17 0 2 58 79 2 1 83 586 4274 06 2314 82 4 995 95 1215 12 3 5 1288 66 410 50 3002 9418 8412
42913 9138 07615 3872 5181 2 8 48 97 02942 601 8741 7228 3203 5428 42465 496 5136 5810 96016 1153 965198
5 2 8 8 7125 27 14 5 9 42 6 3 8 9 08 9 7 1 8 5 0 701 59 94 9 8 87 10 27 891921 100 0123 556
626 663 0 6 67 8 1 02 88 4 9 72 685 1834 00 2324 60 0 912 10 0205 16 8 5 1287 19 423 12 2049 8772 5012
60013 1139 76215 4749 5622 2 5 12 48 52177 015 8012 9862 1295 6413 32559 074 5139 5312 50294 6113 705198
7 2 3 6 5880 05 12 0 5 02 9 0 9 1 77 8 2 0 4 5 8 917 12 85 9 9 20 02 03 297225 650 8923 985
147 863 9 0 02 0 6 12 60 2 2 09 976 4914 15 2019 12 0 959 64 1575 02 6 5 6219 82 415 16 8545 5712 0989
60313 9939 13913 8057 5851 9 6 52 90 72670 610 8012 1013 1808 9483 16012 149 5163 5800 33640 1951 925990
1 0 9 8 0040 05 01 5 6 15 9 9 5 5 76 0 2 1 4 5 1 919 16 65 8 8 06 32 27 508222 996 8123 056
126 107 5 2 02 8 8 10 89 4 9 83 986 1294 05 7377 12 4 712 19 9230 82 5 5 5487 19 405 17 2195 7769 0410
12393 1135 09755 8722 6106 3 7 12 96 12982 676 7577 4816 1410 5413 82809 590 5534 5334 59795 9901 108166
6 2 8 5 0334 45 12 3 2 08 9 2 6 2 18 9 0 1 9 9 1 058 05 75 9 0 72 50 23 871123 944 5888 036
125 423 6 9 16 8 2 10 87 9 5 00 086 6209 10 2316 46 4 918 94 1293 16 3 4 5089 12 485 10 2146 4812 8602
16400 4135 13205 1772 5455 4 7 02 68 02900 265 0912 6315 5210 8416 32218 169 5305 0314 53297 2193 525898
1 0 0 4 5223 45 55 5 0 19 9 2 7 1 76 8 2 1 9 7 3 462 06 93 9 6 04 12 24 880390 123 4996 553
153 193 5 5 60 7 0 92 84 1 1 81 987 1988 40 2909 12 0 912 15 1010 18 6 0 0206 19 118 12 2165 8752 8400
92380 1140 23214 0718 7021 5 1 90 94 58108 313 8802 7512 1215 5413 15510 424 6134 0919 03207 8198 126508
7 3 6 4 3629 05 16 5 5 12 9 2 4 9 48 6 0 1 4 5 1 900 73 48 9 8 94 12 28 361227 909 8123 556
473 193 5 2 62 9 0 92 08 9 1 84 937 1060 04 6314 91 4 940 72 0215 13 8 5 6269 15 895 82 2105 5982 9572
12633 0735 10219 8911 9320 9 7 09 68 16142 415 7910 5002 2260 5813 18215 614 5684 5319 43213 7168 125894
1 0 3 4 5526 46 13 0 8 14 6 2 0 8 08 9 2 1 4 0 1 910 39 48 9 8 24 12 43 091203 126 8123 587
823 723 5 9 70 9 3 58 97 6 1 28 900 1074 15 2344 16 4 986 14 6270 12 0 5 9009 68 419 36 7145 7796 5092
18018 1105 33716 7780 5101 7 4 92 38 12392 877 8790 0817 1215 5413 02915 920 5569 5318 99213 7193 126199
1 5 4 4 5322 45 72 5 5 10 0 0 0 1 28 9 2 1 2 0 7 800 52 40 3 0 94 92 73 871323 136 4398 756
192 803 3 2 42 8 2 16 69 2 9 82 789 6954 10 2327 18 9 966 94 1295 12 3 5 1060 89 414 02 2035 5832 8189
17413 8039 10214 8772 0421 3 4 12 69 98086 075 2912 8862 0965 5414 19932 524 3184 0516 54319 4053 197108
1 9 4 3 8803 05 95 9 5 48 5 2 0 1 22 0 5 1 4 5 1 385 63 05 9 7 44 82 22 045920 755 0703 550
324 195 5 9 10 0 9 66 81 9 7 52 988 1601 10 2104 13 0 412 16 7815 40 9 5 1987 56 515 12 8179 5714 5966
12313 8125 93215 0598 0121 6 5 80 98 12198 315 4912 9812 1505 5407 43647 128 9030 8344 50217 6767 126194
1 8 3 7 5120 29 12 8 5 45 9 0 4 0 04 6 2 7 6 0 0 880 52 05 0 8 39 18 83 599223 894 8123 556
143 623 5 9 96 8 0 02 79 5 1 82 656 8216 20 0374 02 0 439 05 1215 64 7 5 0680 62 995 32 4145 8222 8982
82113 1625 08218 8217 5141 3 9 15 90 62592 800 7973 6882 0214 2407 62295 094 8999 9610 99215 0783 310198
0 2 0 9 8490 47 10 5 2 12 9 2 2 1 25 9 3 7 4 5 5 004 16 15 9 0 24 18 23 370253 462 8130 866
43 229 5 9 14 4 2 80 89 9 1 90 034 1014 10 4014 17 4 812 64 0615 72 3 5 5249 10 814 12 7145 9310 7418
16053 4137 00207 7592 7121 6 6 72 08 02098 815 8864 9812 1615 5455 72710 108 5160 9312 83205 1063 165008
1 2 9 2 9106 95 16 5 0 09 3 2 3 0 28 6 9 0 0 1 1 312 85 05 6 8 23 97 74 591598 194 8123 416
743 427 8 9 02 7 7 63 99 0 0 62 987 6619 16 2368 02 4 997 55 1229 29 3 3 1405 12 916 49 2145 8963 8910
03403 4435 63715 4717 5195 3 5 19 94 50982 514 0913 9612 0015 9403 04297 129 5089 4312 37263 1054 955328
1 0 3 4 5007 95 00 3 9 70 9 6 0 1 28 9 0 1 4 6 6 700 14 85 4 6 20 95 05 091923 120 2109 466
123 979 6 5 12 7 7 10 82 7 8 12 996 8718 15 6714 94 4 999 04 2510 12 6 0 1264 32 454 10 9196 8462 4012
54315 3405 10294 8709 9591 3 5 92 94 16161 815 5912 9808 1275 2414 09077 824 5664 7619 50203 0102 995098
1 0 8 4 0923 05 87 8 6 12 0 4 8 9 90 9 2 4 6 5 5 004 72 40 9 0 57 92 53 599063 190 4135 556
128 128 5 4 12 8 7 94 09 0 0 20 980 7266 15 7858 16 4 952 14 5945 62 3 5 1769 72 400 19 7949 8762 8012
12313 1035 03210 9742 5827 3 0 32 69 12752 810 5919 9860 1275 0003 14915 179 7164 5385 97254 1053 135197
1 2 3 6 5463 45 27 5 5 42 4 0 0 9 97 0 0 1 0 0 1 912 32 41 0 8 22 10 23 801263 620 7123 546
189 113 5 1 12 6 6 74 00 0 1 72 980 1010 00 2360 12 1 082 10 7088 30 7 5 1433 12 619 12 0706 6702 4998
86015 0037 33505 8712 5623 9 5 32 38 16169 818 4912 9812 0215 2493 70210 924 5718 7313 54213 1093 125198
5 2 0 8 5547 90 92 9 3 12 9 0 7 6 26 5 8 1 0 5 0 450 19 48 9 8 94 05 60 891320 020 0125 576
628 118 5 9 82 7 5 12 89 7 0 72 288 7974 25 8344 72 8 906 54 2215 02 0 8 5980 29 005 11 8606 8966 8919
13040 0135 53241 8012 5303 3 0 69 88 12642 815 8912 7815 2828 5411 40216 129 5194 4312 53214 1106 807959
6 5 9 4 6123 95 12 5 4 92 0 0 1 1 26 4 3 1 6 9 6 912 40 99 9 4 74 02 23 884818 194 8193 094
123 163 9 7 12 8 2 32 51 6 9 02 487 9510 15 0314 45 8 915 14 1758 12 3 5 1709 12 415 55 9780 8912 6912
12894 1130 93017 8712 5629 0 0 12 59 12992 844 8712 9802 6705 5483 38555 770 5140 7319 53815 4140 524108
1 3 0 9 5423 45 19 4 0 14 6 2 9 9 80 9 2 1 6 5 1 502 72 45 9 0 36 12 60 694093 722 8423 058
222 173 5 9 82 8 2 12 79 4 3 85 949 1484 19 0319 02 4 012 04 2015 87 7 5 1187 92 477 72 9688 3737 8918
82353 1166 67715 8766 5081 3 8 78 98 13142 715 8012 6882 8526 5718 07249 120 7134 5382 50213 1156 123418
6 5 3 4 0123 46 18 5 5 10 9 9 0 1 20 8 9 0 6 5 1 612 09 49 9 8 05 12 03 252783 104 7203 956
123 028 8 9 22 8 2 82 04 4 5 82 980 9913 19 3380 72 3 830 04 1218 12 4 5 5606 80 480 39 2625 7617 5012
22333 1133 83615 8799 5721 3 8 12 98 16787 810 8916 9892 4885 5013 92615 104 0244 8715 33433 1193 160459
1 4 3 9 2107 45 12 7 5 17 6 8 9 6 25 0 5 1 9 4 1 982 72 87 9 0 25 12 93 868224 126 8793 806
243 123 2 9 10 8 3 70 83 6 4 82 685 7274 05 5374 12 4 969 94 8415 84 3 5 1899 42 490 09 2149 9712 8418
12514 1000 43215 8352 3701 3 5 12 58 12074 048 8732 9097 0214 5403 15204 136 5100 5312 03214 5993 765108
1 5 3 4 5133 12 12 5 5 92 9 2 0 1 58 5 5 1 5 5 9 810 17 00 9 8 83 42 03 891823 124 6170 556
123 000 5 0 75 3 0 19 00 7 2 88 787 1814 15 2614 18 4 448 18 1219 61 3 5 6209 10 845 93 9589 8802 2970
90315 3650 19995 8492 8721 3 5 02 18 79542 815 8492 9494 6213 0513 72217 629 5171 7717 20938 1155 905148
3 0 3 4 6806 49 07 5 5 42 9 2 0 0 23 9 2 1 4 5 7 944 84 07 9 2 49 82 33 891299 104 7773 506
65 920 5 9 12 8 2 01 89 6 8 85 997 8604 18 0304 37 6 017 14 9594 12 3 6 1579 62 415 12 2175 8602 8410
49304 2035 73613 8710 5570 0 0 29 76 12902 415 8802 0812 1215 0413 10210 123 5174 0312 50269 1350 925138
1 0 9 9 5143 45 10 7 6 77 4 2 0 4 28 9 9 1 8 8 1 916 10 75 0 8 27 69 23 891224 106 0423 056
453 823 5 8 00 5 0 49 49 1 4 82 980 0917 15 9353 19 4 512 94 1315 18 1 5 1289 22 402 74 7165 8972 8906
80853 7135 83575 1926 9427 3 8 12 58 70102 685 4012 0872 1205 5417 72215 724 3258 5312 53003 7157 725198
9 4 8 0 5943 47 72 0 5 02 9 1 8 4 28 4 2 1 6 5 1 957 71 75 7 0 04 90 93 771223 174 8179 566
193 120 5 9 58 8 7 62 89 0 1 80 887 6214 13 2894 12 9 296 14 1976 10 3 6 5096 12 405 75 2105 9716 8012
12813 5175 11215 0714 0775 3 5 42 94 62452 805 5900 9816 1215 5416 15275 104 5197 7032 73333 1178 905798
1 6 8 4 5733 85 20 5 5 89 0 0 5 5 54 9 9 1 9 5 0 012 16 05 9 8 04 10 23 821023 126 8009 577
196 123 7 8 57 7 6 02 81 0 0 82 767 1214 10 3357 94 7 715 14 7017 68 3 5 1206 18 485 06 2145 5092 0918
12993 1015 58897 5712 0350 3 0 85 18 80182 916 8112 9802 8215 5825 79219 125 5164 6916 97213 6763 585098
1 2 3 8 0123 45 05 4 1 60 2 2 9 0 77 9 0 0 0 5 1 972 72 20 9 5 24 12 03 090983 174 8999 578
159 428 5 9 10 8 0 12 89 3 8 82 487 1997 15 2309 18 4 972 74 7225 97 0 5 1280 95 007 12 2099 8714 6915
12315 6135 03218 4734 5301 3 8 12 06 72182 518 8719 9082 1809 5493 18975 109 9034 6308 53940 9193 109808
5 8 3 0 5823 43 80 1 9 42 9 2 5 9 08 9 7 1 0 7 6 812 92 46 9 8 24 16 88 889084 604 8023 550
159 123 6 9 77 1 2 12 86 3 3 48 727 4990 05 2219 34 6 479 18 6925 10 3 5 1299 12 315 02 0745 7829 7977
42313 1853 17215 5772 4113 3 5 42 98 78962 975 2500 9817 8058 0413 87410 929 5184 5345 55118 1153 524598
8 7 9 4 7050 05 82 5 7 89 9 2 4 7 68 9 5 1 4 4 2 702 52 42 7 8 25 18 03 898724 094 8112 056
008 729 5 0 52 8 9 12 89 5 8 89 857 1214 16 0314 25 0 988 33 1605 12 9 0 6266 00 455 12 2108 6068 0082
12003 5995 70919 8110 5520 4 8 10 98 70102 875 8904 9947 0266 2808 87775 055 5034 7288 53113 8153 568150
0 2 2 7 5523 05 12 9 5 13 0 4 8 1 58 9 2 1 4 5 1 012 90 09 9 8 30 82 29 091723 823 7420 000
803 123 1 9 82 5 7 19 89 8 1 82 908 1274 05 8014 19 7 810 34 9715 02 8 1 6878 02 415 12 2804 5712 8992
12983 1935 70212 9792 5927 3 0 96 98 12052 615 9700 9212 1895 9465 00215 294 5694 0283 98394 0153 122148
0 2 2 4 5123 75 09 5 5 10 5 2 7 1 88 7 7 1 3 3 5 017 16 40 7 8 24 06 50 839267 020 0023 596
103 143 5 9 82 8 6 69 82 3 1 34 989 7214 14 2376 32 4 012 08 1217 50 0 5 0989 90 545 99 6165 8718 8712
18313 1960 10105 8822 5101 0 5 29 15 18486 815 4642 9502 1205 5413 70216 723 5189 5397 53711 7193 126147
2 9 4 9 0623 69 12 9 0 80 9 0 9 8 58 0 4 1 4 9 1 016 42 38 9 0 34 13 75 397223 397 5703 536
186 607 0 0 04 0 2 06 89 0 7 89 087 1210 55 9315 19 4 922 00 1615 03 0 5 5259 82 219 10 6100 8816 9510
19093 9407 13070 6752 4161 9 0 76 90 82817 310 8811 0892 6906 6493 12218 124 5324 5910 73233 1753 175598
0 9 8 8 6368 05 08 1 5 12 0 2 4 7 28 2 2 9 5 5 7 914 02 97 9 4 27 12 86 852203 136 1120 556
120 000 7 8 02 8 8 95 89 0 1 92 957 1214 15 5314 52 3 268 05 1915 12 6 3 9519 82 415 62 8145 8708 8892
12703 6116 73295 7872 8051 3 8 98 98 12138 867 7992 9562 1568 3463 19154 169 5830 5312 68713 1669 704389
1 6 3 4 4923 05 72 5 0 19 9 7 6 0 29 8 2 1 4 5 5 677 00 80 8 9 24 19 83 821805 679 1606 546
54 157 9 4 12 8 6 13 99 9 1 10 986 6296 18 9016 82 4 957 74 1220 02 3 8 4200 03 410 12 2190 7419 8980
18513 1117 83237 3712 7701 0 9 12 98 02180 915 0082 3700 1815 3418 02682 129 9504 5012 98006 1455 105148
2 7 0 0 5423 77 53 1 9 12 9 2 9 5 58 0 7 6 4 2 1 906 19 40 0 4 24 92 22 896825 822 5823 856
446 453 5 0 12 6 8 89 70 8 0 85 686 8079 05 3319 12 6 919 14 0616 15 3 5 0849 12 585 42 9189 8087 2910
60313 1935 13225 8752 5129 8 4 62 92 02198 819 8937 0817 1215 3694 05276 124 0784 8393 37213 5956 197298
0 2 3 8 0700 65 00 5 3 20 4 2 0 9 28 4 0 5 6 5 8 332 12 75 9 9 20 10 28 892729 127 5096 755
620 423 8 0 42 8 4 12 09 0 1 83 889 0217 15 5315 22 0 772 18 0295 86 3 5 9260 50 415 19 5195 8730 8712
77394 4135 10395 0572 8071 9 5 92 99 52132 870 5992 7062 1293 5413 86880 128 9134 5612 99263 0850 099168
2 9 9 4 8153 45 10 5 5 60 6 2 3 5 78 9 1 1 5 4 4 913 12 46 9 8 61 12 23 490623 920 8193 558
129 153 8 9 12 8 0 02 09 9 3 12 787 1262 68 4014 18 4 912 15 1715 12 3 5 4336 82 415 12 2179 0718 9744
17342 8221 90902 8912 5167 0 5 30 98 00032 870 9912 9682 9018 0603 17205 124 9134 6712 54210 9856 128198
1 7 7 4 5124 00 12 6 5 90 9 2 9 2 54 9 2 5 4 9 0 912 99 05 0 8 28 60 23 894073 128 8142 866
704 594 5 8 32 8 2 82 70 9 1 82 967 3265 16 3310 79 9 972 89 0265 93 3 5 3529 82 414 72 9640 0719 8972
42693 1103 10082 9312 7020 3 3 10 98 12162 908 4392 8500 2215 5010 12845 120 1940 0709 63218 0958 320190
4 2 2 6 5113 40 19 9 5 16 9 2 3 1 98 9 4 1 8 7 4 912 17 99 9 8 24 10 28 899727 604 7009 550
189 123 9 0 85 8 2 17 80 8 1 87 989 2011 15 2067 12 4 975 00 0175 10 9 3 0099 62 580 15 2041 8812 9892
00579 1155 13210 9903 5181 0 0 12 08 17512 475 8712 7812 9378 7417 16813 720 5434 1319 50073 1939 025006
1 2 8 6 0923 65 12 5 7 70 0 2 8 3 91 5 2 5 3 7 6 412 32 45 0 8 29 88 27 301023 125 8123 358
164 517 7 9 17 8 2 87 89 8 5 82 756 1314 10 6359 12 4 912 14 1245 16 0 5 8278 03 015 49 5945 8792 9342
19613 1166 14202 6760 5121 3 9 19 58 52580 830 0412 4812 6305 9276 18218 909 5834 5312 53563 1703 926390
1 2 0 8 6129 05 00 7 3 80 3 2 8 0 24 9 0 5 4 2 1 982 12 41 3 0 64 98 26 890226 120 4021 056
023 157 4 9 12 8 5 32 81 0 7 82 987 1394 26 9914 16 4 910 64 0255 12 9 5 9273 12 413 92 2944 8774 2010
67063 8065 14974 8771 5701 3 5 88 99 12178 710 8913 0650 1250 6086 12090 124 5104 5318 97308 8104 166105
1 2 3 6 6153 85 90 0 2 67 9 8 9 1 78 3 2 1 6 5 2 912 02 70 0 8 29 70 73 891270 123 5023 508
623 424 9 0 16 8 4 15 89 9 8 72 982 3414 85 2570 00 7 912 10 7685 15 0 0 5089 12 577 36 3650 8612 9997
02840 9778 23295 8412 5421 5 0 17 46 12162 670 8212 8818 1615 9069 12842 924 5137 8793 53418 0550 000198
1 2 3 0 5121 45 12 4 0 10 6 0 0 9 99 9 2 1 0 1 0 018 32 40 9 0 76 62 23 691523 928 8923 857
063 823 5 0 12 8 2 12 78 7 1 07 189 5620 16 2384 12 4 908 10 1215 92 3 5 1280 12 415 70 2685 8710 4915
12399 8160 74219 8012 5027 0 5 72 58 94167 015 8718 0846 9865 5517 12245 184 9034 5360 03133 1953 920998

10307 1235 66275 8172 3583 4 5 12 98 10578 774 0016 9618 1515 5403 47378 026 7605 9472 54273 4154 170178
5 6 6 4 2924 88 22 8 0 87 6 9 0 9 28 9 2 1 4 0 0 917 10 90 9 9 98 72 73 891223 199 8923 658
823 727 5 0 52 8 7 20 09 6 1 42 088 4285 89 2314 12 5 998 14 9266 00 0 7 6269 02 498 12 9175 5012 0985
29340 1435 00215 8972 8021 3 0 16 98 02908 619 3913 2857 1619 0014 81215 974 7134 9606 60213 7073 924178
1 8 7 4 5183 67 10 5 5 16 4 8 4 6 95 9 0 2 4 5 6 912 68 95 8 8 24 00 73 331093 824 5023 556
74 120 8 3 12 8 2 12 83 6 1 62 789 1685 85 5374 15 8 310 74 9279 82 3 5 1080 12 419 42 7777 0712 3204
18350 0802 81215 9046 8123 0 5 58 98 17174 010 8912 9669 9895 5407 10910 166 4187 0815 53617 8153 965198
8 8 7 4 6923 45 09 5 8 12 0 5 4 2 78 9 2 1 4 9 4 917 92 45 9 8 04 12 20 891660 629 5120 856
728 168 0 3 17 8 5 12 72 8 1 84 085 1207 05 2994 98 0 692 95 1218 12 3 6 5755 12 436 15 2155 3680 6980
52013 1139 53213 0942 0020 4 2 32 90 02180 875 5912 7912 1065 5040 02009 908 0106 0332 73743 0153 128079
1 0 3 8 5070 65 12 5 8 60 9 0 7 1 18 5 2 5 6 5 1 312 09 05 9 8 60 15 03 671223 194 0053 036
093 923 1 8 82 8 2 12 87 7 8 02 998 1984 50 2619 12 4 918 94 1846 95 8 5 0764 02 615 10 2777 4702 8405
12609 9149 19204 1919 8821 0 4 12 96 02182 819 8714 9002 0217 0713 72210 824 5034 7615 59503 6103 009498
1 5 3 4 4378 25 91 2 5 18 9 2 9 9 20 0 4 7 0 5 4 912 95 47 9 8 40 13 23 070229 868 8004 356
133 623 6 9 95 8 8 98 89 0 5 02 085 9612 19 6316 12 4 612 14 0215 15 6 7 6274 19 535 60 2195 0792 0512
10363 9875 13630 9012 9781 4 5 12 98 95182 085 8493 9118 0030 9419 99215 884 9136 5352 97713 8198 625104
1 2 3 3 5129 64 17 6 5 90 8 2 1 0 68 9 8 1 4 0 1 912 43 43 9 8 33 12 45 885220 124 8123 860
729 179 1 9 62 8 2 07 69 2 1 92 686 8814 21 2214 02 4 913 11 7997 46 0 5 1489 96 415 12 2455 8482 8906
19083205 255198
3 2 8 0 2829 05 44 5 5 95 9 8 9 1 08 9 0 6 4 0 9 914 32 42 9 8 24 82 23 989293 779 6720 546
028 123 5 9 27 9 2 10 82 9 9 82 755 7614 25 2818 56 5 910 19 0265 10 3 5 0288 12 695 19 6145 9312 8712
12377 1177 68210 8780 4838 0 6 12 70 70199 800 8992 0872 1918 5413 12215 144 6734 5315 03205 1850 075100
0 8 3 9 5123 48 00 5 0 12 9 9 6 1 78 7 0 1 6 5 7 688 12 05 5 6 24 19 80 891529 146 5120 556
166 123 9 0 57 3 2 06 86 6 1 62 926 1949 19 0375 11 5 916 04 1817 82 7 0 7280 12 015 97 2852 6002 3942
90349 8185 63295 9718 5161 5 5 02 96 18902 315 8217 9812 1205 5453 08008 024 6134 0317 73213 7108 825758
0 2 0 4 5529 35 18 5 5 02 9 4 4 6 29 5 7 2 6 5 1 072 52 57 8 8 79 12 73 893523 024 8120 786
723 173 4 9 72 8 2 14 89 0 1 80 880 9217 75 8326 12 4 915 85 5297 07 0 7 4982 12 715 72 2145 9802 3982
52912 0135 18015 9616 3310 8 5 80 28 12170 845 8953 9819 0456 1543 12204 147 6137 6712 63253 7185 265398
9 8 9 4 0983 75 12 5 5 42 9 0 5 7 77 9 2 8 9 9 1 712 28 88 7 6 44 19 87 858293 198 6102 056
59 823 0 9 80 8 2 14 07 3 1 84 987 0913 05 0729 10 9 910 09 1215 53 9 5 9185 81 410 18 9093 0018 8992
02368 1135 03285 0795 8121 4 0 94 98 42092 885 8900 9712 4980 5813 99615 824 5138 8992 46014 6056 221168
1 2 5 4 5020 44 38 4 0 17 4 0 0 0 29 7 7 7 8 5 1 012 13 65 9 8 53 62 29 892323 700 8821 595
043 820 7 8 14 8 4 52 79 5 5 80 680 1924 95 7964 82 8 910 16 1215 16 3 8 4289 12 405 17 2146 8717 3919
12483 7004 13010 6785 7126 7 9 12 98 89022 865 8910 9816 1605 5206 16035 139 2934 5388 09683 1103 183107
7 2 0 4 8533 45 12 8 5 69 2 2 9 7 28 8 2 1 0 5 3 816 16 43 7 8 64 32 23 611900 124 0783 506
190 923 5 9 09 8 2 19 39 9 1 80 987 1814 15 1154 19 4 512 94 4405 13 8 4 8252 12 045 62 2045 8712 8502
02914 3158 13418 0915 5101 3 0 80 90 15132 815 8916 9010 7203 5410 64085 944 5139 5346 59036 0103 945198
1 9 3 0 9093 05 12 5 1 10 9 2 9 1 28 6 2 1 8 7 1 182 22 85 6 6 20 12 23 091413 024 8159 956
196 170 7 9 62 8 2 42 46 3 7 52 927 1200 99 2046 72 0 712 64 2905 52 3 5 1180 86 200 12 2145 8702 6971
77407 1133 70865 8017 5151 7 5 12 90 70152 022 8711 1817 1005 8073 12215 124 9168 5317 53519 1153 746198
1 2 3 0 9403 45 77 3 5 62 9 4 8 1 27 9 7 1 4 5 0 092 07 45 9 8 04 62 23 880223 874 8929 456
227 927 5 4 60 6 3 18 89 6 1 88 887 1803 85 8514 69 8 912 10 5205 17 7 8 0289 12 615 52 5078 0702 8618
38010 1386 03299 9797 5621 9 5 82 98 06909 516 8902 9910 1215 5414 12295 423 5334 5782 63630 1063 129578
1 2 6 9 9073 65 00 5 5 62 9 2 3 7 28 9 5 7 7 4 1 912 12 45 0 8 94 58 29 761321 384 8123 456
125 928 5 9 29 8 2 02 80 0 1 89 088 1284 17 0310 95 4 912 14 1245 77 3 4 5285 12 416 18 2855 8798 1912
52812 1935 80209 7712 5149 4 4 12 97 12112 015 7112 9812 4097 9863 17715 139 5804 5315 93289 0150 105013
8 6 7 0 5027 45 12 6 9 07 8 2 3 1 89 9 2 1 5 9 9 615 82 40 7 8 24 63 14 990328 129 8120 536
700 910 6 9 12 8 3 92 39 9 9 80 997 1504 85 5314 82 1 972 07 4910 78 3 9 1289 15 415 49 9150 8717 8019
87513 1037 53910 6740 5121 6 5 72 93 24892 817 9856 9814 9815 5903 10290 106 5008 9309 58173 1150 620998
6 9 0 4 5600 46 10 5 5 02 9 5 9 6 22 0 2 1 4 9 0 512 80 49 7 8 27 12 93 899225 724 1075 354
807 101 2 9 95 5 5 95 89 6 1 95 507 6734 15 2674 92 4 752 14 1299 96 3 5 1276 10 429 10 6445 1702 0612
99313 0130 07265 0598 5561 3 5 90 49 94109 815 8919 9650 1995 0710 92246 680 5734 5313 59213 1183 825106
1 7 4 7 5187 00 15 7 7 12 9 2 7 1 27 9 2 1 0 7 1 000 42 85 8 8 99 10 28 891624 893 7175 546
523 163 5 3 02 8 2 31 46 4 1 06 587 9619 95 8310 57 4 000 14 5014 92 1 5 8879 72 492 82 8165 5812 4912
25210 1884 95215 9780 5931 3 5 12 98 16114 005 9081 9616 1270 0610 12216 124 5154 5380 02089 5063 102178
6 2 3 4 5103 47 78 5 7 10 0 0 0 8 28 1 9 1 4 4 6 016 10 42 2 0 29 08 23 881249 664 9193 576
653 026 5 9 09 8 2 12 87 8 0 89 087 0992 80 2368 12 4 092 10 1413 82 3 5 1289 00 414 07 2105 9480 8962
12869 6139 73058 8917 5741 6 5 09 80 03172 805 9980 1687 9219 2598 38095 826 7197 0009 27298 4153 826889
4 0 3 8 5130 00 82 7 1 12 9 3 9 1 24 9 2 1 4 5 1 913 98 35 9 8 27 19 23 557283 120 8133 566
523 923 5 0 12 8 2 82 80 0 0 52 785 1467 15 2311 10 4 112 94 1517 00 3 5 9062 78 712 77 0175 8819 8912
09604 0105 17203 8714 5161 9 4 84 90 72612 565 8012 9418 9219 4029 00814 124 0034 9308 53269 1143 265993
1 2 3 4 5203 45 18 5 5 12 9 4 3 0 88 9 0 1 4 5 7 902 10 47 3 8 24 52 28 897223 074 8823 558
39 640 5 9 72 8 3 12 49 0 1 82 609 6306 15 7419 88 5 916 14 1289 19 4 4 0080 31 417 14 0145 8842 8212
12314 8005 03670 8262 9111 3 3 36 95 82030 019 8612 9086 9399 3413 57778 179 9704 9324 53288 1153 125095
9 2 5 4 5916 45 17 8 5 12 3 4 8 1 80 7 2 0 4 6 1 712 12 05 9 8 95 10 03 091623 137 8143 809
523 153 9 9 06 8 2 12 89 8 7 72 885 9219 19 2314 02 4 906 13 1815 82 0 5 7987 12 055 62 8245 8074 8912
16303 7439 67200 8406 6325 3 6 11 90 52672 045 8910 9812 5218 7639 22864 734 5124 5912 57283 1150 551898
9 4 4 7 5123 65 00 3 5 95 9 2 9 9 48 0 3 1 4 5 0 818 82 47 9 8 24 68 93 890225 125 8195 758
724 773 5 9 02 4 2 17 09 8 7 84 880 9207 15 0330 02 0 932 84 7925 76 0 5 2289 57 449 82 4095 8862 9912
10313 1135 67265 8722 5389 8 5 05 82 57192 445 4610 9860 6606 2413 12611 948 5133 5040 59600 1753 625378
9 2 8 9 5007 07 04 5 7 12 9 4 9 1 28 3 9 1 4 5 8 962 19 43 5 9 25 18 51 791795 000 8125 513
123 323 0 0 72 8 2 72 00 9 6 78 080 0276 45 5354 12 8 830 18 6296 16 3 5 6786 42 854 83 9145 4717 7810
11913 4001 23215 8616 5121 0 5 65 98 66940 810 2916 0840 1535 5619 02634 422 9862 2007 53387 8053 368118
6 3 3 4 5163 45 16 5 5 02 0 2 0 8 24 2 9 1 6 0 1 912 72 16 9 0 24 19 23 098249 986 8959 506
325 108 5 9 17 8 2 30 79 8 1 85 787 1214 08 6314 10 5 912 10 2240 77 3 5 6260 02 415 10 2847 1812 4957
12873 0198 09287 8371 0800 7 5 74 36 12500 080 9912 9713 1615 5814 12990 824 4134 5912 59219 9153 190678
6 0 0 3 6103 40 17 5 2 92 9 3 6 1 28 9 2 7 0 5 1 910 12 46 7 8 32 12 23 807200 944 7197 556
923 923 5 0 10 5 2 12 89 0 1 82 987 1854 10 2388 12 0 393 94 9665 17 3 7 1829 05 600 99 0550 0012 6956
12417 5100 13915 8715 0129 5 0 86 08 96885 315 8913 9800 6815 5693 11948 030 9033 1360 80024 0556 126698
6 2 6 4 5193 45 12 5 5 06 0 9 7 9 84 0 2 1 1 5 1 928 92 65 6 8 57 02 83 891998 624 8933 758
125 111 2 9 33 8 2 12 88 9 3 69 880 1919 00 2314 10 4 679 04 7270 56 3 7 1279 07 315 19 2168 8712 9512
12916 1857 93015 8762 7988 3 7 88 98 65102 781 8952 5852 1715 5413 24895 107 5004 5310 93214 0146 935098
1 2 0 4 9079 07 82 9 5 18 7 2 0 7 28 9 6 7 4 1 0 319 69 47 8 9 20 63 28 899227 124 0028 556
023 663 5 9 60 4 2 12 47 8 1 02 986 1819 91 2340 92 4 869 13 1715 10 8 0 4269 12 410 12 9175 8752 6913
77368 1634 13905 8612 5551 3 5 02 58 12390 815 8919 8819 1215 6007 82235 097 5536 0315 03213 5003 128878
4 2 2 6 5029 45 82 9 5 12 6 2 0 0 20 9 2 9 4 5 8 912 14 30 9 8 94 13 89 991653 184 9124 509
403 773 6 6 76 6 2 82 84 5 1 70 905 1214 15 2387 16 5 919 14 1205 12 8 5 3210 60 415 02 3182 8706 0072
17783 1335 68213 0702 5156 3 9 10 90 62754 016 3912 9812 1710 3469 16777 006 1994 5810 41019 7953 122092
0 2 7 6 4127 40 32 3 4 12 9 2 1 9 28 9 8 5 9 5 0 999 92 48 8 5 20 04 23 306893 104 8189 596
220 127 3 7 32 8 2 19 79 6 1 81 867 8818 60 8364 18 4 910 04 1205 62 3 5 1881 17 665 19 2925 8759 5048
92716 3787 13012 8517 5521 3 5 00 93 97188 999 7466 9886 8215 5513 42870 177 4104 0022 57277 5883 127598
9 8 9 0 5729 48 12 5 9 62 2 2 1 9 08 9 2 1 8 8 1 018 12 45 8 8 29 14 43 081233 704 8490 550
118 073 5 4 02 8 8 72 54 0 1 82 987 8711 30 9064 16 9 912 14 5256 00 3 9 1089 12 015 97 0045 8015 0712
82319 1835 68215 8732 5161 1 5 92 97 42102 875 8012 9616 6779 6403 14215 103 8984 2702 57513 6086 785398
5 2 3 4 5123 02 12 8 0 12 0 7 7 1 88 9 9 5 4 0 1 853 96 80 9 9 24 12 32 593809 824 0763 406
80 829 5 9 10 8 9 42 89 3 6 44 988 9014 15 0394 15 4 902 04 7565 72 2 5 1288 13 515 32 2055 8774 8082
12398 3035 13206 0780 5820 3 7 12 98 58922 997 8912 9852 3205 8710 12017 126 5172 5312 53213 6151 360999
9 2 0 9 5023 50 70 5 8 10 9 8 8 1 28 0 2 1 4 9 1 601 02 09 6 8 84 73 30 051200 189 6125 058
124 154 5 9 42 0 4 10 99 7 1 60 977 9919 18 6364 02 4 816 04 1299 62 3 6 5589 42 185 13 8402 6980 8002
19317 1305 18400 9795 5101 3 6 12 76 18175 818 8512 5992 8675 0403 16960 024 5735 4312 22543 4168 520858
1 2 3 0 5173 86 10 5 3 92 0 6 8 9 17 9 9 7 4 5 1 007 12 45 8 8 04 19 80 890810 820 8092 327
133 623 0 5 91 9 0 17 39 0 0 84 947 0279 50 2304 12 4 452 88 1255 99 3 7 6269 72 705 92 7169 9719 6902
77316 5877 03035 8889 8121 5 5 92 98 12982 810 8027 2512 1205 5717 02337 154 0037 6395 53206 1683 167757
9 0 3 8 5023 95 12 5 5 19 9 9 4 1 24 9 3 0 4 5 1 439 16 45 9 0 58 92 23 897293 126 9533 559
163 063 3 9 43 8 0 12 88 0 1 09 967 5200 65 2910 13 4 972 89 4298 17 8 5 1389 12 407 92 6155 7012 8972
12303 1733 10275 8380 8121 3 5 80 85 00152 819 6502 2692 1055 7417 99215 523 2187 4316 53219 1183 305198
1 0 7 9 5197 96 32 5 6 12 9 2 7 1 78 5 8 6 5 5 1 930 17 55 9 8 23 52 93 099827 003 7429 086
673 909 5 9 30 6 8 90 80 0 1 82 905 6034 15 0070 64 5 912 22 1708 19 6 8 1247 82 713 12 2135 8958 0012
16316 0105 13200 2212 8551 3 5 45 90 12679 985 8992 9610 2203 5583 14285 924 5804 3102 51718 1789 120141
1 8 5 6 9583 45 12 5 1 07 6 2 7 1 20 9 3 3 8 6 1 517 09 49 9 8 09 12 23 893680 324 7993 546
123 107 5 4 12 0 0 12 29 8 1 02 887 1244 15 3314 09 5 992 33 0245 82 3 0 9889 32 689 15 2737 8715 7714
54016 8105 13962 3877 1161 3 5 06 09 12182 015 0882 9372 1806 5780 12217 188 5005 5318 59613 4750 129090
7 6 9 0 7047 50 07 3 8 32 0 0 7 6 28 3 2 1 4 9 8 992 11 15 9 5 78 92 23 093683 135 8983 586
430 123 5 0 52 8 8 08 80 4 1 82 981 0219 62 4305 70 4 984 14 1215 87 9 4 8884 10 374 92 2595 8019 2912
82012 0937 16269 8591 5108 3 6 89 97 12162 167 8906 7817 8255 5403 62893 194 1130 5707 54243 0049 176608
1 2 7 8 0023 49 12 5 8 12 7 2 6 0 70 0 2 1 7 5 0 792 12 85 9 8 20 16 80 651723 925 8483 456
120 543 4 0 02 8 7 15 89 6 1 82 905 4214 85 6310 12 4 519 51 5278 12 3 0 3889 40 415 12 6105 9238 0998
79713 1687 17615 9712 0091 4 8 50 98 70380 815 8905 8496 7212 1414 78915 944 5134 5716 50616 1053 125148
1 6 2 4 0820 45 12 7 5 72 9 7 0 4 27 0 2 1 4 9 9 713 95 45 9 8 64 72 77 887823 064 0089 156
999 583 7 9 42 8 2 69 39 9 1 35 906 1204 87 4818 82 7 908 15 1219 12 1 1 3859 10 916 15 2140 8982 2022
02313 1135 16215 9752 0771 6 5 98 10 15192 817 8062 7812 3260 2609 12217 124 4198 5319 03093 1853 065193
8 9 1 8 6559 49 19 0 5 02 0 8 3 5 28 8 9 1 7 5 3 953 12 99 9 8 57 07 23 260973 874 8723 506
110 959 0 8 90 8 9 92 88 9 6 90 947 1237 75 0317 00 4 082 94 3297 12 3 7 9282 12 465 32 2948 8210 5014
12869 9175 93218 0752 9128 3 5 12 66 18196 818 0502 9916 3205 5483 69215 790 4134 5972 53044 1033 880193
5 2 3 4 9143 40 16 5 0 12 8 2 4 9 76 9 2 1 4 8 1 817 19 50 9 8 74 12 78 591223 124 2129 552
543 126 5 9 79 0 2 05 82 6 1 82 987 3006 25 2858 18 4 610 14 1200 12 3 5 7990 98 015 12 2198 8009 8012
12610 0155 65214 8702 5271 3 8 72 60 00888 153 8960 6642 1765 0413 12289 128 7185 9707 50003 1150 925190
1 7 3 4 5663 65 52 5 5 12 9 6 0 5 60 7 2 1 4 9 6 515 17 46 9 8 28 82 05 891920 326 3820 579
57 103 0 0 92 8 2 43 88 8 1 18 949 7218 08 2914 17 8 943 80 6915 12 9 3 1286 50 665 12 9145 8708 5912
02603 6135 60390 8322 8920 3 5 72 98 90806 718 8507 7902 1205 0018 59255 125 0132 5792 09393 8653 176198
2 2 3 4 7166 48 70 0 4 72 9 0 0 1 28 9 0 8 4 0 0 012 10 41 4 0 76 13 30 851436 193 8703 906
123 793 9 6 17 8 4 12 87 0 7 92 687 7214 65 2325 72 0 082 14 1614 12 3 5 1209 18 915 90 5640 9710 8012
14323 4136 73215 8712 8326 5 5 63 54 12176 819 8912 4852 1816 7410 64215 540 1634 5215 26713 8154 125098
1 2 9 4 5183 90 07 6 6 92 9 5 3 1 28 5 2 1 4 1 3 592 07 45 0 0 24 12 87 881620 175 8697 956
797 620 5 6 69 8 4 73 69 9 4 59 985 3007 15 2384 10 4 900 34 1085 66 0 5 7947 12 618 12 2285 9416 7918
94083 4585 63265 8912 5045 8 5 14 04 95382 005 5932 9835 6515 3463 12215 027 5064 5307 56913 1853 925998
4 0 0 4 0920 15 02 5 5 84 9 2 8 1 56 5 8 3 0 5 1 812 02 45 9 0 69 92 73 991773 124 6173 006
850 829 0 9 12 6 2 66 59 9 0 89 997 4934 65 2974 12 4 008 99 4019 67 3 7 5384 72 415 15 4012 0312 8044
18393 6595 00310 8505 0023 9 5 08 48 08735 895 8312 0050 9715 8413 64275 123 5534 6012 63219 1453 505196
0 8 6 0 0123 99 88 5 5 02 0 2 0 4 41 9 6 1 9 5 3 919 69 47 6 8 24 10 23 094733 924 7929 557
107 020 5 0 10 4 4 19 39 7 8 82 958 1210 65 2314 10 6 812 06 1095 10 6 1 0276 16 416 10 2548 8889 9818
19173 1165 13465 9392 5921 3 9 14 39 52162 015 8982 3886 4015 5813 10205 124 5117 5312 53218 1053 075198
9 5 0 4 5023 45 12 5 5 19 9 3 0 1 28 2 7 1 9 8 2 412 16 48 7 8 54 72 27 291829 785 0289 660
825 785 5 9 12 3 8 12 89 9 1 80 964 1814 05 0319 02 4 923 84 1205 01 3 0 1089 12 415 12 2848 9712 7999
12713 1589 16285 8753 7721 3 5 17 58 09539 050 0762 9800 1818 5853 18508 524 5134 8331 30218 1945 620130
1 8 4 6 0723 76 62 5 8 07 8 2 9 6 28 7 5 7 5 0 2 912 92 49 5 5 24 70 50 711223 109 8143 957
528 320 8 4 17 9 8 12 89 0 0 52 427 7917 14 0014 82 0 912 12 0918 98 5 7 1205 03 439 63 2749 8717 6202
12350 1192 17285 8710 5092 3 4 42 95 17782 010 6982 2817 1299 5488 12250 924 7139 5842 23313 9758 465168
7 4 0 0 5023 48 78 4 5 12 9 2 8 0 18 0 0 4 9 5 0 858 62 40 9 9 44 92 20 690224 104 8104 556
120 328 5 7 92 7 8 42 89 8 1 89 988 1084 16 9814 16 6 712 19 4815 69 0 5 1278 17 476 11 2845 8102 8014
62913 1119 74515 8714 5123 3 8 12 98 62862 818 0912 9752 0265 4510 12215 168 7530 3702 67463 3053 106818
1 2 3 8 8128 84 02 5 0 92 8 7 8 5 79 0 2 5 8 5 1 068 15 40 9 0 24 17 23 891249 194 9580 658
129 173 5 5 08 9 2 12 85 7 0 82 508 1280 15 0516 14 4 987 00 7617 19 9 5 8280 12 405 10 3245 8912 8415
20596 0585 03090 8352 3188 8 5 02 98 12972 015 8992 0610 8245 1413 12085 137 4036 9310 52210 1853 120165
7 2 0 4 0023 88 12 5 5 73 0 2 0 2 08 9 6 1 7 5 9 954 92 96 8 7 26 06 09 880827 149 8353 990
127 482 1 9 12 6 2 87 89 3 2 82 973 5614 15 8314 12 6 582 15 1334 22 3 4 1299 02 615 97 7600 8816 7916
10600 0135 10918 8608 5021 9 7 78 78 84668 805 8972 7810 1210 7453 18805 924 5834 5302 03813 1150 922199
1 5 7 8 5693 95 62 0 9 12 2 2 8 0 68 0 2 1 6 5 7 712 61 46 0 8 28 12 88 596953 134 8127 556
104 456 7 9 02 9 2 12 37 7 1 84 978 1214 15 2810 92 6 919 84 1245 18 3 4 0289 10 117 10 4666 6719 5988
14310 6535 03205 1762 5181 0 7 12 90 12042 187 9709 2018 1230 5416 90239 738 5034 7332 59213 7336 726198
9 2 3 7 5163 06 82 4 9 59 5 8 6 1 78 6 2 1 6 5 9 912 71 45 9 8 85 19 82 894700 180 8520 808
94 966 5 0 92 7 0 22 89 0 2 22 980 6614 17 8054 91 0 265 02 6615 12 5 5 9783 16 415 12 2709 8712 8312
90894 9155 53295 5572 5925 4 8 19 95 18168 016 0979 9602 1756 5403 87215 338 5139 8602 59216 0872 125193
5 3 3 4 5123 70 00 6 5 68 9 9 8 1 06 9 4 0 4 5 0 910 82 45 8 0 24 12 45 791273 330 0129 526
823 923 5 0 19 0 2 52 09 7 3 92 691 5856 15 2311 62 6 796 14 1085 12 3 0 1276 12 499 39 2146 8783 8112
78809 0077 96212 8766 5094 3 0 17 98 10932 805 0917 0819 8975 0406 13275 182 6134 9312 74893 1603 920199
7 0 3 4 5120 47 12 4 0 12 5 2 9 1 79 8 2 1 0 5 1 602 12 83 9 6 04 68 23 067073 504 8048 556
133 023 4 3 16 8 2 12 99 5 1 87 287 1234 15 9380 12 0 999 54 8705 40 3 2 6209 22 885 18 6197 9012 0912
17313 1139 13805 8711 5685 8 5 02 98 80390 890 5779 4812 4215 5400 52205 124 7144 0070 59213 5500 185198
0 2 2 0 0629 65 10 5 4 02 9 8 0 1 77 7 9 4 8 9 7 912 29 28 5 8 29 18 00 862206 139 8123 556
045 100 8 9 62 0 6 12 39 7 9 82 917 1014 89 2317 19 2 613 97 1805 92 7 5 7289 39 390 13 4020 8756 0980
62610 8165 15834 0712 8091 3 2 12 98 04008 865 8012 4612 0210 5454 56490 524 5130 5712 53813 0860 109198
1 7 7 9 2183 72 12 5 5 14 9 9 3 7 28 8 2 1 9 5 9 372 14 55 9 8 74 14 26 899263 120 0723 056
203 173 5 9 52 8 9 58 82 2 1 82 987 1218 10 8514 02 4 912 88 0715 90 3 5 1999 54 450 12 2198 8715 0918
90934 1430 13262 5692 0140 0 5 65 78 12142 875 8917 9619 8715 0348 17605 324 4134 5816 53269 9133 827790
1 0 3 0 7128 43 90 5 8 10 9 2 0 9 77 6 2 3 5 6 0 670 05 03 7 0 60 17 28 820983 820 8222 553
065 120 5 6 95 7 7 12 86 6 1 89 973 0864 15 9618 98 4 913 46 1250 12 3 5 9089 88 415 72 2105 7712 8979
92380 9165 19215 8618 5100 1 5 12 98 52016 815 8912 0889 0715 9488 62755 480 5104 5952 89213 4157 495898
1 0 3 8 5023 02 92 3 5 82 4 5 8 1 09 6 2 7 4 6 0 601 10 35 9 8 94 62 73 891273 104 8520 076
923 130 9 9 12 9 0 54 32 7 1 80 377 1854 16 6074 42 4 812 71 1868 42 5 9 0489 72 719 18 2945 8712 8935
13319 1130 03848 2262 5128 0 5 18 97 12142 813 8802 2856 6205 2019 99118 324 5107 8806 55218 1658 125198
9 7 3 7 5523 65 17 0 7 52 9 2 0 0 29 8 2 1 4 0 1 610 16 74 0 8 54 12 88 821002 867 8177 546
620 103 9 9 11 8 2 88 04 2 7 90 987 1694 16 2314 62 4 910 10 1275 12 5 7 1989 36 414 92 6645 8982 8717
18393 6139 13285 4732 0670 4 5 14 08 92582 907 2990 0852 1283 9013 12516 524 4800 5312 94319 1173 195498
1 2 3 4 5143 84 00 5 5 32 9 7 8 4 28 9 0 6 4 7 1 897 92 08 4 8 26 72 43 290250 027 5796 874
479 473 5 2 32 8 1 12 86 4 0 31 080 1264 59 2316 90 9 441 74 1005 12 5 5 1209 10 485 12 0145 1792 2912
12313 4136 16018 8015 5150 0 0 62 47 32150 815 8902 0981 1515 0069 19255 724 6394 9398 64211 1353 185158
9 8 9 5 5120 45 10 8 0 12 0 2 8 0 65 9 2 7 8 5 1 502 22 40 9 6 94 18 03 821265 734 5325 896
400 623 5 4 82 8 2 12 80 8 0 62 767 1078 05 2317 12 0 912 65 1210 12 0 5 1278 09 735 17 2105 8016 8952
06395 0185 17025 8512 4141 9 5 88 88 82897 819 8990 0613 7215 5953 72295 892 5104 5312 77203 1453 554096

07390 1988 13215 8504 5324 0 0 12 68 39182 810 7852 9967 0815 0800 51223 724 0104 5665 53213 7653 125900
6 0 8 4 5123 65 32 5 6 86 9 2 3 1 28 9 7 8 4 5 9 997 85 05 9 8 74 93 54 899883 134 6998 529
803 156 7 9 10 8 2 30 89 9 1 42 781 9022 15 2574 15 4 956 14 9210 12 3 0 6287 12 715 06 5135 8912 8916
12411 0135 03831 8712 0101 8 9 48 98 10440 805 9018 9812 5245 1447 75218 925 0187 5178 99933 1153 325195
9 2 3 4 3173 98 72 4 6 52 9 2 0 1 38 7 2 8 4 8 1 015 82 41 5 5 24 93 93 899103 024 4053 876
50 583 5 9 12 8 2 42 80 2 1 42 897 4202 64 1614 76 4 919 14 1210 82 5 3 1289 16 485 55 3045 0756 8912
12313 4595 13009 8692 0191 5 5 12 70 02153 876 8086 7912 1270 7463 12205 197 5594 7912 59867 9159 195708
1 0 0 8 5285 35 12 9 5 09 9 6 0 0 27 0 3 1 9 5 9 840 12 45 5 0 24 80 53 798223 184 0143 526
083 683 3 9 14 7 1 80 87 8 1 88 907 1004 17 9914 12 4 519 19 1295 16 3 9 1209 10 405 02 2195 8710 8905
12353 9688 03279 8612 5528 3 5 18 40 12042 024 9912 9012 7813 6449 12018 194 7734 0397 08860 7458 126108
6 2 8 0 5123 90 12 6 8 82 5 2 3 0 46 9 2 1 4 6 1 982 17 95 0 3 21 72 27 807523 127 8324 056
123 983 5 7 10 8 2 62 89 0 7 84 984 1374 15 2314 70 4 772 04 1815 19 0 5 8282 12 410 19 8145 8702 8972
30969 1137 16214 0718 7120 7 4 62 98 02172 995 6979 7712 9805 5903 86974 124 5134 3306 73219 1100 835796
1 9 9 4 0023 92 77 6 2 12 9 2 7 3 20 9 9 8 9 5 1 018 72 97 3 8 34 11 45 997843 624 8387 886
723 323 9 9 02 8 4 22 09 4 1 72 907 1018 50 7335 12 4 082 14 9278 72 3 5 0353 12 805 82 8270 8005 8915
32313 1739 33205 9852 5321 3 4 12 97 66012 517 3982 9852 9410 8433 62217 026 4634 7460 53210 0303 147928
0 2 6 2 5223 40 11 5 9 18 3 9 0 7 30 8 8 1 4 5 6 662 92 75 6 8 47 12 63 898233 724 7809 556
022 823 5 5 78 1 0 19 87 0 0 00 388 0556 15 7316 16 4 912 14 1215 50 3 5 4488 12 015 12 7745 9708 8912
12313 1335 19710 8812 5171 3 0 02 48 12802 810 8984 9812 3255 2419 37219 104 4148 5099 53217 9100 135199
0 9 3 4 9824 40 02 3 9 90 9 2 6 8 08 0 9 1 4 9 4 912 10 45 9 8 20 18 83 875423 588 8193 998
622 127 5 1 66 4 2 13 59 8 1 82 880 5118 06 2808 19 4 912 90 1395 12 3 5 9277 12 716 26 4147 8719 8179
92708 8000 10710 8708 5021 6 4 15 98 92202 815 8912 7512 9895 5463 80955 374 8052 5572 58210 9503 545879
1 7 3 4 4061 47 12 1 3 10 0 2 5 1 28 9 2 8 0 5 6 322 18 45 8 5 29 42 40 841558 108 8123 556
073 103 7 7 60 6 9 62 89 8 9 84 897 1630 15 6214 12 4 912 88 0285 10 3 5 7481 05 210 12 0149 8981 7710
12998 1436 16205 0032 5428 3 0 18 08 15772 507 7912 9012 5713 5019 16885 124 5190 5315 83093 3153 154139
0 5 5 4 5123 36 16 5 9 84 9 2 9 1 26 9 6 6 4 7 9 012 18 08 0 8 07 18 61 899294 449 1423 559
439 901 5 9 84 8 0 12 89 2 5 82 988 1204 15 8580 12 4 908 14 1217 19 5 4 1985 90 695 82 4141 1712 8959
12097 1630 10609 8812 5085 3 5 62 99 12170 610 5957 9612 4075 6042 16215 064 7048 9912 53213 6103 125866
1 2 8 4 5131 15 15 5 5 12 0 8 9 0 23 3 2 0 4 1 1 014 17 40 9 8 97 12 73 791103 120 8100 556
773 175 5 4 02 8 2 98 89 5 1 85 931 4215 05 2414 82 6 012 14 1595 18 3 5 1285 15 418 02 0085 6300 5012
35317 1139 93255 8702 5130 3 9 15 95 97180 817 8919 5917 3605 8803 96815 728 5834 3918 13557 0023 125801
1 8 6 4 3123 90 82 5 7 52 9 2 7 9 23 0 2 1 4 5 9 962 12 46 0 0 74 07 20 891423 129 2621 876
103 120 4 9 81 6 7 59 69 8 7 82 068 2214 85 2754 18 4 590 13 2205 12 3 8 9209 05 915 12 2779 7705 5092
1 0 3 7 0023 49 02 5 5 14 9 2 0 1 42 0 6 0 7 5 1 012 15 40 9 8 71 63 25 203929 130 8723 556
193 193 7 9 00 8 2 12 89 6 0 62 924 1814 59 2312 12 4 719 54 6793 00 3 0 7787 20 068 68 2645 8912 8960
75185 1035 76819 8702 7787 3 5 52 88 72200 885 7382 9812 1210 3213 92015 163 0804 5703 83363 0170 223736
7 9 9 4 5523 01 77 5 5 14 7 3 5 1 48 0 6 3 4 9 9 952 76 45 4 8 07 18 13 821983 124 8597 556
85 423 7 3 84 8 2 18 39 1 6 52 116 4934 40 2310 85 4 919 79 1246 02 9 5 6283 02 446 01 4819 8712 4482
82015 1937 40245 0706 9507 8 5 13 08 12182 425 1657 9912 1218 5413 02015 264 5202 6310 93074 3083 123100
1 5 3 0 5020 45 15 5 8 12 0 9 9 7 28 1 2 1 4 5 0 769 12 45 9 5 02 12 03 850287 923 7523 917
420 196 5 9 10 6 6 69 89 8 1 01 900 7004 95 2863 12 4 946 94 1210 02 5 5 1759 06 499 10 2969 9869 9072
12399 6134 63840 3703 5128 3 6 12 57 17122 815 8510 8816 8215 5913 12948 226 0735 5292 53910 1109 175108
1 2 3 4 5123 97 08 5 7 12 7 2 8 1 48 0 0 2 7 8 1 912 14 05 7 6 24 60 23 861509 134 0103 058
793 903 8 9 46 8 2 86 08 8 1 52 488 5290 05 0384 12 4 910 74 2812 81 6 5 5489 75 470 12 4845 7702 8911
04375 3135 13290 6982 0521 3 5 12 98 85186 825 8875 9932 1255 9413 52280 180 9136 9310 73483 9150 975093
7 2 3 4 0508 45 92 5 5 62 6 2 7 6 26 9 2 1 2 0 1 932 02 47 9 8 28 19 20 907023 124 5100 655
005 029 6 9 02 8 2 10 99 7 3 69 957 9804 86 2314 11 4 912 88 6200 17 7 8 5940 04 413 76 2746 2718 0982
12643 4135 10969 6067 5547 3 5 58 88 71152 470 9909 9810 5295 5177 02087 169 5133 4812 33816 1103 885898
4 0 5 4 5126 42 12 5 5 68 8 3 8 9 03 9 8 9 5 7 1 912 19 49 7 0 24 16 77 001703 124 0022 538
620 718 5 3 12 7 8 89 69 8 1 82 980 8262 85 8919 55 8 912 98 1219 15 1 9 1489 92 018 60 5179 8192 6712
02313 1130 97112 9796 7125 3 5 12 48 62741 817 8057 9812 0456 5896 12115 554 9184 5360 93213 0158 128198
7 2 0 5 5123 09 52 5 7 18 9 7 5 1 28 9 2 1 4 5 1 714 02 45 7 6 54 62 24 701823 824 8598 536
190 163 9 9 12 8 2 83 87 8 3 18 987 7232 14 8514 10 6 219 04 5014 12 3 0 6286 12 690 01 2405 0052 9892
32603 1078 13015 8715 5700 0 0 10 86 19190 816 8919 4650 5015 8963 76415 024 0514 5314 53274 9373 925148
8 2 4 8 5193 55 12 0 5 18 9 7 9 1 68 4 6 5 0 9 1 909 12 45 9 3 74 16 29 699104 684 8123 556
173 098 5 9 16 6 2 12 89 8 8 87 980 1007 16 8317 02 4 014 74 1210 07 9 5 9078 12 416 62 2374 8706 8912
17313 9635 73210 8712 5171 5 7 10 98 72162 565 8900 3892 3218 7419 02585 124 9190 0005 93667 1653 975141
1 2 3 4 5163 05 19 8 0 63 8 2 9 7 98 7 0 0 4 5 1 900 00 41 3 8 69 02 23 867524 929 8191 556
803 160 4 7 06 8 2 12 89 6 1 98 987 1514 69 2717 11 8 900 54 0810 12 3 7 1084 96 577 10 2379 8802 4918
92378 1167 03215 2017 5121 8 8 11 98 92182 810 8916 3012 8215 6966 42275 060 0534 5813 53318 1553 183108
1 4 0 1 5173 75 72 5 7 12 9 3 4 1 27 9 2 1 7 5 1 262 02 62 0 8 47 03 03 400006 126 8233 400
947 923 7 9 12 8 5 10 69 5 2 97 037 8764 95 0368 62 0 812 13 1274 72 7 5 1229 35 527 10 6046 7118 0785
13079 1335 87335 0712 8897 1 8 62 95 07162 809 8978 9921 1298 5913 12266 999 8104 5580 43913 4553 625549
1 6 3 4 5784 45 39 5 5 15 9 2 4 1 07 2 2 5 8 5 1 912 97 45 3 0 94 74 47 890253 126 8163 006
923 163 4 9 10 8 0 62 88 8 1 09 907 1218 84 2814 96 5 811 39 1003 13 3 5 6297 02 485 12 0345 4012 8017
94510 0135 14319 9722 0126 6 5 48 99 32732 880 8900 9858 0215 5408 22318 824 6004 0370 87043 1153 185199
3 2 3 5 5033 45 00 5 8 92 9 2 7 1 04 9 6 1 4 5 1 902 18 45 0 7 24 18 27 893353 154 4810 450
203 020 5 5 12 9 2 62 89 9 1 82 600 1310 95 8314 92 0 968 16 0518 02 3 5 1983 73 935 12 9145 8608 8089
12117 1145 46910 8719 5198 3 6 12 99 02072 805 6808 9918 7757 6310 19215 218 5034 7312 59213 4003 195084
5 2 9 5 7120 48 42 5 5 10 7 9 6 1 28 9 2 6 4 0 0 965 77 05 4 3 34 95 26 891729 034 0226 456
59 604 5 5 09 0 0 73 79 0 3 96 964 9214 76 2314 12 6 633 14 4119 72 3 5 1244 42 516 52 3005 8716 0012
52313 7005 93992 3702 5981 3 0 02 97 12192 815 9017 9012 1510 5923 42210 429 7609 0317 54210 1163 880168
1 3 0 4 5508 44 10 6 4 77 9 3 9 1 28 7 2 1 7 5 0 960 12 60 8 8 89 72 30 793527 185 8673 556
509 128 5 9 13 8 2 92 89 9 5 82 927 1010 35 2304 90 8 918 04 0214 02 5 7 5939 52 613 10 6105 8086 8993
00379 3791 19415 8908 5531 7 7 87 97 28412 870 9581 9899 0085 8416 95815 724 2134 5929 53217 1151 102198
9 2 9 4 3143 38 89 5 5 12 9 8 0 3 28 7 2 9 6 0 1 582 17 35 0 8 94 92 23 891728 155 8093 803
667 977 7 9 99 8 8 82 09 6 1 38 629 1214 50 1804 17 8 910 96 1285 10 3 3 1289 96 045 62 2125 8349 8017
15394 1735 17215 0099 6101 7 3 95 99 18684 802 3912 0852 9615 0408 70215 124 8034 5680 73013 5950 135108
1 7 3 4 7173 40 12 5 5 99 8 7 6 1 28 9 0 6 4 6 1 402 00 15 9 8 54 72 09 891281 124 8723 254
866 163 5 9 14 8 2 22 54 7 8 33 968 1204 59 2810 39 4 910 19 0713 12 9 6 1689 39 419 12 8145 6812 8555
14853 1136 77618 8919 5096 8 0 52 98 92692 915 0900 5812 1734 1905 12715 404 5124 5387 50973 4355 109195
0 2 3 5 5103 45 17 5 5 53 9 0 0 3 29 8 2 6 9 8 1 012 13 67 9 8 04 52 50 881042 614 6526 850
426 120 9 5 16 8 7 12 29 5 6 42 830 1204 45 2394 02 9 022 10 3975 15 3 5 5284 12 780 15 2847 6812 5718
88715 7165 19210 4786 0061 3 7 37 68 42172 817 2982 0741 2615 7667 17054 134 5133 0316 53813 1053 315188
1 4 8 4 4103 45 02 5 9 82 5 2 8 1 48 4 5 3 4 5 0 949 12 79 9 3 19 92 20 961223 024 8527 506
154 469 5 9 19 8 2 14 84 0 2 82 987 1613 95 8314 14 5 952 16 3210 72 3 7 1086 92 915 16 8145 0712 8992
10313 1133 60263 2912 5021 3 5 62 94 92399 918 8964 9816 1415 5413 62200 093 5954 0562 50209 0683 125438
7 2 6 4 2199 20 18 5 5 68 9 2 5 1 88 5 0 1 4 2 8 502 12 87 8 4 79 17 21 061058 194 8993 558
700 053 5 8 19 0 8 12 89 6 7 42 788 1688 94 2878 16 0 618 09 1715 02 3 1 0599 57 412 14 6145 8712 8972
12509 1029 53219 8717 5120 3 5 12 94 19767 713 8962 0819 1215 5413 08297 129 7184 5952 58213 1053 120968
1 4 3 9 5696 65 02 7 5 19 9 1 4 0 88 6 7 8 4 5 1 982 80 96 6 0 29 12 23 791023 125 8324 596
983 124 2 0 17 8 4 10 89 7 7 83 900 1217 78 2365 12 4 515 16 6960 04 8 5 1589 02 404 19 3940 9010 8476
52703 1039 83365 6710 5121 3 5 32 98 95142 465 8814 2812 1115 9898 12215 120 0638 8330 03713 5053 125118
7 2 5 7 5120 35 22 0 5 68 9 0 8 1 57 3 2 1 4 0 1 808 82 44 6 6 24 23 23 078223 928 8126 956
173 023 5 2 00 8 2 63 89 7 1 82 987 1266 99 2319 22 0 582 67 1280 12 0 5 5288 34 485 59 6157 8782 3712
12310 9535 73218 6912 5991 0 0 40 98 02146 728 6993 0759 9275 5200 10715 105 4135 5068 93513 1373 625143
1 2 8 9 5955 44 12 5 7 18 9 2 4 8 08 5 2 4 8 3 1 966 19 45 1 8 93 92 03 861544 124 0157 576
027 883 5 9 12 8 5 19 89 9 1 66 046 1220 15 9314 12 5 910 94 0279 10 3 3 4688 10 085 79 8199 0716 9992
32513 1503 93945 8712 5161 3 5 78 08 12506 864 7312 3868 9262 6413 17965 204 5104 6395 53523 8059 794828
1 0 9 8 5623 47 16 5 2 52 9 2 3 2 28 9 9 3 8 0 7 862 72 57 9 9 24 02 20 091529 194 8159 535
193 173 9 9 12 8 2 46 89 8 8 82 987 4324 05 8694 12 8 997 08 0268 52 3 5 1389 52 517 65 0942 9212 1307
10209 4870 33015 8562 5507 3 0 12 08 16159 805 8910 8889 0274 6617 64270 095 5034 9379 00273 7400 906198
5 2 3 4 0123 96 12 9 0 12 9 2 7 4 28 0 4 1 4 5 1 972 16 86 0 8 37 19 03 898223 178 0680 446
58 193 5 9 16 8 2 02 86 6 7 84 937 1388 15 2884 62 4 918 08 7215 12 4 5 0287 19 632 15 2145 8719 8916
83853 9875 13715 0712 5171 0 7 11 88 10102 865 8919 8712 1055 5010 12215 125 5538 5317 06083 1053 175947
8 2 5 6 6123 46 12 7 6 62 9 2 0 3 27 8 9 8 4 8 3 912 00 06 9 0 29 12 61 890223 994 8106 536
163 926 9 7 82 8 8 10 70 0 1 85 987 4644 17 6368 16 4 911 57 0295 06 3 0 8289 42 417 62 2198 7712 8015
77013 5175 72245 7749 0107 8 5 12 98 03602 918 9803 9812 1615 9756 05215 120 9946 5095 53211 2009 825098
1 9 6 4 5863 05 62 5 0 12 6 2 9 8 79 0 2 0 4 9 6 912 32 46 9 8 24 12 28 835860 124 5123 550
533 183 6 5 12 8 2 14 83 7 9 88 987 6764 08 2560 15 4 912 10 4835 19 0 2 1087 12 405 12 2160 9816 8872
19317 0976 73513 8059 5101 3 5 10 04 15472 819 9910 5819 1615 7405 12055 124 2094 1616 50583 0753 025198
6 0 3 0 0110 65 02 5 9 12 9 2 7 9 93 9 2 1 4 1 6 812 12 90 9 0 20 82 29 990029 125 0002 766
729 123 0 9 52 8 7 62 86 6 6 92 807 1414 72 3364 28 4 968 00 6806 12 3 6 1289 10 465 89 5185 8016 8909
82913 5745 16458 8792 9999 6 5 89 58 12112 088 8912 9800 1415 5470 59596 164 6634 5370 53016 0650 137090
9 2 6 0 9128 45 82 6 0 60 9 2 6 1 90 4 2 1 0 7 4 902 36 48 6 8 28 06 23 093202 194 8720 559
123 963 5 3 12 1 0 12 09 8 1 82 786 6894 85 9060 19 4 995 89 2235 78 6 5 3087 18 057 82 2105 8862 0912
12312 1198 63232 8010 6840 0 5 12 98 57182 570 4714 9816 1415 6404 82215 564 8514 7396 53876 5775 178779
5 2 3 9 5226 55 19 7 9 10 0 0 9 1 28 9 6 8 2 5 9 858 52 85 0 8 26 12 03 691683 121 8123 556
186 515 3 9 12 8 9 12 80 7 9 17 887 6884 15 0304 18 5 003 08 9215 17 3 5 1284 86 417 12 8145 4217 8912
15319 3088 08215 0758 5821 7 4 32 78 82065 815 6912 4810 0412 5417 12245 108 5334 0306 53163 6453 127198
1 9 9 0 1103 05 82 6 5 47 5 8 4 1 08 0 0 1 4 5 7 492 85 95 5 8 99 12 20 561366 300 8724 466
820 123 5 9 78 8 2 97 89 5 1 80 087 8216 65 2314 17 2 912 18 0979 42 7 0 1889 99 419 12 2115 4010 8460
12316 6037 40415 8719 5162 3 9 12 76 12802 861 1692 0812 1586 6518 12965 185 7940 5338 23600 9118 135197
0 3 3 3 5923 45 01 5 9 10 9 7 8 0 08 0 8 7 4 4 8 953 12 45 9 3 00 16 23 818333 808 8122 083
013 453 5 9 12 8 1 02 54 8 0 89 088 1338 15 2099 92 6 902 97 1609 10 9 4 1281 97 485 08 3045 5788 5311
35392 7035 33898 8712 5121 3 9 02 98 76092 365 4393 3190 6786 5493 20915 044 6996 5369 98213 1133 935099
1 8 9 4 0629 49 52 8 0 52 9 3 4 1 28 7 8 0 4 5 1 012 39 46 9 0 24 18 73 801223 828 0687 589
420 043 5 8 62 7 2 10 87 3 1 02 987 1424 85 2330 18 9 692 60 1215 12 3 8 1089 71 465 98 3149 8792 8085
06843 4880 73451 1702 5021 8 7 19 95 14187 210 4052 8872 0560 7453 12866 124 5630 5909 56213 7143 885098
1 2 3 4 9120 77 12 7 5 20 9 9 2 7 48 5 6 8 4 9 2 616 32 45 8 8 44 02 83 991029 124 8803 756
629 523 5 5 02 5 4 19 89 8 2 82 057 7084 04 2614 15 7 403 04 1281 02 3 7 1209 12 495 62 9745 3312 8514
69313 1130 84010 0718 8937 3 5 32 98 80989 815 8942 8006 1215 5817 18205 479 5494 0112 59217 1150 795067
0 6 3 0 5083 25 16 5 5 73 2 8 9 1 28 9 0 7 6 5 4 786 42 48 9 6 24 12 28 901223 774 8173 556
123 455 0 5 16 6 0 92 09 9 1 92 047 2315 29 1874 07 4 722 84 1993 10 3 5 0280 16 485 12 7345 8728 1982
12303 5072 13045 8739 5190 3 6 12 94 52187 715 8962 9812 1885 5480 12281 629 0055 3070 83416 2199 025198
1 5 8 4 5523 05 12 3 8 60 9 8 2 7 29 7 2 1 4 5 1 012 18 45 8 8 24 06 20 801223 104 8359 856
58 123 5 9 02 8 2 52 99 7 1 82 782 4214 15 4399 08 9 986 44 1297 82 3 7 1509 16 495 13 2545 8702 8912
17317 5105 03219 8719 2161 3 6 12 53 14522 895 9012 9029 4210 5480 02618 145 5130 5312 65273 0050 120194
8 0 8 4 5903 05 92 0 9 80 9 8 6 6 28 9 1 1 9 7 1 939 18 30 1 9 20 52 23 887223 426 8093 157
023 083 9 9 72 8 2 80 89 9 1 83 981 0576 76 2710 98 2 992 14 1696 12 8 5 1909 12 410 14 2775 0312 8412
75383 5838 99515 8917 4126 5 5 16 68 15122 899 0915 4702 1109 4013 16218 165 8554 5314 00213 1686 859178
1 2 5 4 9120 75 92 8 8 12 3 2 5 1 29 9 9 1 0 2 3 842 12 75 6 8 98 16 29 893298 924 7103 870
873 180 5 9 88 8 9 80 32 9 1 56 787 1602 16 2384 75 4 088 31 1900 02 3 5 5496 12 460 12 0445 1012 8014
17515 1630 11898 8772 6127 4 0 19 08 10100 895 5912 7088 9945 9413 62975 228 5488 2314 59211 1153 065198
1 2 1 0 0420 04 06 5 5 82 3 8 9 0 28 8 2 8 4 5 3 910 16 95 7 8 04 02 53 146723 384 8481 076
183 183 5 9 19 4 2 88 80 1 0 86 987 7204 18 2788 12 4 805 74 1615 12 9 1 1084 12 346 31 2195 8792 9012
12353 6435 82684 8982 4190 9 9 17 08 19106 815 8912 9810 0215 8413 31215 150 5134 8312 50610 1363 105199
1 2 3 4 0125 45 97 1 5 12 5 0 1 1 28 9 6 1 0 8 8 384 05 48 5 8 34 62 33 981248 124 8106 556
243 099 9 9 16 8 3 12 87 8 1 89 987 0218 75 9314 32 4 912 13 4210 17 7 5 1719 92 716 17 6184 4715 8912
92313 9077 16265 8755 5821 3 5 12 88 68179 689 6572 9010 1015 2443 65209 528 5964 4862 93213 4153 120928
0 6 3 4 5105 05 12 5 5 52 6 2 8 1 88 9 2 1 0 5 9 918 62 40 9 8 24 18 63 794243 124 5956 557
723 928 6 2 12 0 2 19 85 6 1 82 787 9684 16 2307 12 4 902 14 7266 19 0 2 1228 65 450 02 2161 8722 8910
53860 9335 14915 6773 6106 3 7 09 98 69173 815 8912 9872 1019 5715 10235 124 5534 5016 57209 5957 125469
1 2 3 4 4783 41 86 5 2 20 3 6 0 1 08 9 4 1 5 0 1 899 19 40 6 8 44 11 35 491833 110 8955 506
173 623 3 9 15 8 2 02 89 9 6 49 947 1297 15 5310 12 4 819 94 1098 64 6 6 1209 12 655 02 2347 6612 0982
51013 1140 18215 9712 8121 0 5 12 98 82102 885 8894 9913 1215 5483 12805 646 5839 0872 53618 6158 125198
0 2 3 4 5103 95 88 0 5 12 7 3 9 9 29 9 2 9 0 5 1 912 12 45 3 8 80 12 23 800528 124 8128 656
113 123 4 9 86 8 0 05 69 8 1 62 717 1204 15 3318 42 9 917 94 8296 12 0 5 1489 12 915 14 2745 8510 7912
16310 1168 16917 7512 2171 3 7 10 98 70162 866 0312 9812 1286 5410 92516 984 5233 5112 53213 1050 390048
9 0 9 4 5029 45 15 0 5 68 9 2 9 4 84 9 7 0 3 4 1 958 12 59 9 7 34 17 13 885223 936 8650 856
080 790 1 9 04 0 5 07 89 0 1 82 987 1224 88 0394 62 0 952 04 1910 19 7 5 0069 02 388 50 9345 8712 8914
02300 9678 63815 0017 0128 4 9 97 90 12042 516 8936 6512 6014 5413 90213 864 8104 8357 83083 3169 130555
6 2 3 4 5009 05 72 5 0 24 9 2 6 7 98 6 2 1 8 9 1 992 70 49 9 8 97 30 23 898923 524 8121 956
983 593 5 9 22 8 4 32 82 0 9 97 865 1214 10 2316 12 9 418 14 9013 45 3 5 1290 70 468 12 2145 0018 8982
08313 4169 19285 2798 5127 3 9 13 98 16155 746 4918 5817 7609 5443 13815 632 5134 5582 54847 0981 128180
8 2 8 8 0423 06 09 5 5 08 7 2 7 1 63 9 8 6 5 5 5 610 62 99 9 5 54 12 22 858220 125 3123 856
107 127 0 9 02 8 9 12 89 0 1 82 599 1244 93 7919 02 4 712 14 7615 18 3 5 9289 12 914 42 8125 8769 1638
19439 1747 16206 2012 6081 0 5 12 79 92852 953 8332 7202 0615 4718 82419 994 4184 5032 59213 0467 105793
1 9 3 6 0923 75 62 5 5 10 9 2 5 8 65 2 2 8 4 5 7 942 42 40 9 8 29 19 01 691273 294 0115 566
56 824 4 0 02 5 9 02 88 0 1 82 957 1014 15 8630 32 4 914 18 1417 12 8 7 1244 80 418 10 0046 8910 8198
12313 7375 83285 7710 5121 0 7 62 78 82142 888 8912 0812 3215 5410 32699 656 5734 5312 53299 7123 105698
0 2 4 2 5143 83 12 0 5 12 9 6 9 1 28 9 2 6 4 5 1 612 00 42 9 8 74 10 83 582299 925 0163 553
123 628 8 7 02 4 2 88 75 1 5 92 982 3217 55 2074 90 4 075 84 7555 12 3 5 6208 12 415 12 5705 8909 0652
46913 1431 13214 9482 5103 4 5 82 98 72102 815 9962 9718 3879 7419 49710 164 7170 0912 88413 6197 920190
1 2 3 6 9928 47 96 7 6 22 8 2 7 1 20 9 4 1 0 7 1 052 14 40 8 6 24 00 20 799829 125 0193 506
044 723 4 9 10 8 9 02 95 8 1 89 987 1784 87 8804 12 4 219 49 7715 09 6 5 6645 19 087 88 2108 7012 8412
74323 1025 48516 8516 7126 4 5 98 51 02401 615 8918 9882 5217 5083 26709 142 9198 5312 76203 9103 105188
4 2 3 5 5620 49 02 7 5 12 9 2 0 0 25 9 3 5 4 5 9 977 14 66 5 1 94 05 23 891295 424 7179 586
723 029 0 9 18 8 5 12 88 6 1 02 983 1044 50 0000 72 4 822 17 1214 60 9 7 3279 12 415 12 9015 8740 8210
10060 8015 23217 9370 5199 6 5 32 60 19826 815 0962 9819 7800 5413 03275 113 5434 5382 63113 0683 029898
6 2 3 8 5123 45 12 5 9 22 9 2 7 1 28 3 2 0 6 9 1 909 14 05 6 0 24 12 93 661281 220 9798 056
333 128 0 3 12 7 6 72 98 4 4 82 907 1544 00 2310 14 4 919 18 0314 12 7 0 8588 32 491 82 2548 8712 8142
15457 1135 19093 9742 5111 3 8 92 99 12105 805 8912 0400 1995 0707 16215 007 5944 6318 59993 8056 147570
9 6 7 7 6193 45 12 5 5 30 8 2 0 0 08 9 0 1 4 9 1 912 14 55 5 0 04 19 33 893886 194 8933 653
923 123 7 9 14 8 6 89 80 5 7 88 957 9704 14 4019 41 6 716 64 1615 62 5 8 3009 18 410 02 8748 8912 8992
93114 1235 73215 8800 9121 3 4 13 98 82282 815 8972 4118 1705 0476 72310 128 8554 6369 56503 1744 395187
1 2 3 9 5123 95 72 6 5 13 2 6 9 3 95 0 9 0 8 5 1 912 92 83 7 0 31 13 23 697959 124 8123 590
043 191 9 0 70 8 3 17 89 3 8 12 587 1814 15 8376 12 4 907 34 1215 50 9 4 8659 82 805 18 0942 8712 0439
12713 1495 76110 8712 9135 3 0 87 88 12105 276 8011 9824 1365 9413 02370 034 7150 0310 97269 1159 145508
8 6 5 3 5122 46 76 5 0 02 9 2 0 1 28 9 0 1 4 9 0 902 92 46 7 7 24 16 73 891627 124 8628 556
187 273 5 9 12 9 2 12 89 3 1 80 680 3006 02 6354 42 4 619 19 0913 72 7 5 0286 80 201 06 0045 8730 8918
19813 1130 77315 8792 5121 6 4 40 78 72198 803 9972 0982 1917 5423 95205 154 5284 0379 53913 4129 805198
1 7 6 4 5100 45 12 5 0 12 9 2 3 1 68 9 7 5 4 5 1 910 12 03 4 8 44 02 98 811223 127 8023 559
103 843 6 9 12 2 1 92 79 8 1 96 986 1274 68 9684 08 4 902 84 1265 12 3 5 9006 52 415 17 6747 5705 0913
02683 9105 03215 0717 4134 3 5 82 94 12002 715 8112 0892 1485 5993 18289 745 8136 7097 50847 1853 145991
1 6 7 6 0903 45 60 5 5 07 9 0 8 5 53 9 9 5 4 3 1 015 02 48 2 7 28 82 23 847521 127 8492 556
725 191 5 9 57 8 8 16 79 7 1 80 988 1614 15 3339 17 4 012 24 1305 12 8 0 9593 12 415 12 8135 0714 7797
12861 1138 05275 8512 9127 8 5 12 98 12198 860 8414 6812 2205 5480 50477 124 8420 9312 89019 1930 829808
1 0 3 7 5686 35 17 5 9 02 7 2 3 1 23 9 2 1 0 5 1 318 92 47 7 8 04 96 96 891843 904 8123 521
823 123 7 3 10 8 2 60 89 6 1 87 987 6276 98 5910 18 4 982 14 1516 19 8 8 1220 61 415 12 2149 8990 8442
14313 0335 13018 0712 0484 0 3 12 09 82608 817 8910 4018 8825 0813 81219 109 4902 7302 05043 6927 025188
4 2 3 4 8173 85 92 5 7 42 7 2 0 1 24 9 9 1 4 7 1 912 12 45 9 8 44 12 73 895277 670 6625 357
14 193 8 9 84 8 7 04 08 5 0 00 973 4214 86 5284 82 0 315 08 7205 50 4 9 7450 50 415 12 2595 8097 0906
12115 7195 13916 8562 0376 0 0 12 97 88562 755 8992 9812 1218 8483 92015 048 0849 5372 50505 6153 120790
0 6 7 4 0160 45 98 0 9 19 0 0 5 5 25 9 2 1 5 5 4 912 52 00 8 8 24 12 73 891227 824 0828 557
523 887 9 9 10 0 7 10 89 0 7 62 987 6289 97 2319 17 8 078 74 1875 12 7 5 4279 98 465 12 8695 3515 8965
42113 0735 15615 6791 6191 0 0 10 54 17065 915 8965 6802 1088 9413 92215 784 5144 9782 53210 7407 145196
1 9 0 4 0423 20 78 0 5 52 8 2 0 1 27 9 9 9 3 7 1 008 42 40 7 8 24 12 28 898886 004 8175 506
523 706 5 9 18 8 2 18 87 8 1 08 489 7416 45 0314 12 2 950 14 1270 12 8 5 1389 77 475 12 6595 8016 1612
89113 1745 33265 8619 6125 3 5 62 92 19044 877 9762 9812 7288 5513 18955 124 7534 0612 83213 1653 575898
1 8 5 4 6120 45 00 5 0 17 6 2 0 6 26 9 8 5 0 5 1 772 12 92 9 5 90 18 23 331653 724 0123 246
123 422 5 0 82 8 2 88 49 9 6 82 182 1200 95 0314 12 4 912 44 1215 12 8 5 1289 88 015 08 4910 8720 8986
18253 1174 73515 9612 5176 0 8 92 98 92490 845 8907 9092 1215 2434 12285 028 5134 5782 35817 9130 165198
1 2 3 4 9723 10 66 8 5 12 9 3 0 1 68 6 4 9 7 7 8 074 82 45 9 9 25 10 28 809008 929 8113 579
023 723 7 9 10 2 8 14 59 0 0 40 924 1119 05 2004 12 8 912 09 0610 12 4 5 1289 12 415 02 0168 8318 7912
28915 1180 19245 7540 8521 3 8 02 98 32105 945 8970 0319 7285 5413 02516 124 5184 9340 74217 1196 068195
9 2 8 4 0009 35 62 8 5 18 9 2 8 1 20 9 8 6 4 5 1 710 12 46 5 5 24 19 74 897227 824 8143 756
426 105 8 8 01 0 8 92 77 2 6 24 987 3364 68 2395 14 8 412 00 1615 82 0 5 0969 19 400 80 2837 8782 8617
58319 8965 83215 7799 7129 0 5 82 67 10109 815 8272 9803 1195 0100 04995 629 5150 5382 51218 1108 423197
8 2 0 4 9120 46 12 6 5 32 8 7 9 1 20 9 9 1 9 5 4 988 28 45 4 8 24 12 23 685623 124 8823 750
023 823 5 9 72 8 2 12 89 3 1 19 977 5204 74 2090 17 0 392 44 0295 90 3 0 7080 92 215 12 7245 3312 7917
92313 7735 17815 6702 5022 3 5 10 08 15193 875 4572 9812 1090 5903 45515 164 6764 5369 59453 1093 126193
8 2 8 0 5163 15 12 5 5 12 2 7 5 0 67 9 2 1 4 5 1 972 12 47 9 8 34 18 99 795620 127 5174 290
927 123 0 9 62 8 7 12 89 0 1 02 987 1914 72 8354 17 8 033 80 1200 70 0 5 1979 19 055 01 8173 7052 8910
18384 1195 19245 7718 5927 3 9 42 98 51709 959 8212 9012 1215 5416 17236 194 5132 8300 50513 1102 125608
2 8 0 7 5122 45 42 0 5 12 9 2 5 0 29 9 9 0 0 5 5 532 12 95 7 9 27 12 23 701408 428 2559 656
085 079 8 9 99 9 5 12 09 6 2 52 886 1218 14 2404 90 4 202 10 9915 19 8 6 0253 12 408 12 2045 6049 2960
12393 1638 03315 8936 1131 3 4 62 93 12899 826 8585 9862 1459 9995 12585 824 4137 5502 53771 7862 125999
7 2 4 4 8103 20 00 5 5 12 9 9 2 1 18 7 2 4 9 5 1 972 10 07 3 8 24 57 24 790907 924 9124 309
090 175 5 6 89 5 9 13 89 0 9 06 585 1208 05 0292 80 0 302 14 1217 10 6 7 1243 12 435 62 0985 8715 8912
22913 7736 70651 8092 5124 3 5 12 90 84022 881 8972 9452 5277 6470 12205 105 0182 0812 73273 9165 025195
1 2 3 9 9120 41 05 6 6 15 6 2 7 4 03 9 0 0 8 5 1 902 72 85 0 7 78 19 03 861853 404 8129 069
903 323 6 8 02 8 9 92 89 6 8 42 987 1064 95 6084 10 0 112 13 0825 72 9 5 8282 10 885 12 2640 8519 8912
12513 1195 70611 2625 8021 2 6 18 98 10196 855 7912 0492 1285 8410 05285 424 5034 5320 55210 1015 168738
1 9 9 4 6123 40 19 5 8 12 2 2 6 0 20 9 7 1 8 8 9 718 98 51 7 0 29 12 26 790820 197 8128 556
08 121 9 0 92 8 4 12 45 8 7 82 187 9816 10 6314 12 0 910 14 5915 40 3 9 3300 02 419 62 8135 4862 7752
02399 1475 03219 8742 8161 7 5 27 28 27716 705 8617 9880 1463 5508 12215 100 5676 5970 53293 8193 180188
8 2 5 1 0920 90 12 5 3 15 9 6 8 5 29 9 2 1 1 0 4 422 35 48 9 6 28 52 23 891623 127 8923 307
826 803 9 0 18 7 2 57 89 2 1 32 980 3846 85 3314 07 4 916 43 4552 87 7 5 4289 14 415 73 5402 8712 8914
12816 1135 88295 8062 1021 9 5 78 98 19189 018 8012 9892 7615 5414 17255 125 2834 0842 93513 0063 845668
1 2 4 4 0023 40 72 5 5 52 0 4 0 6 28 9 2 1 4 8 7 797 32 60 4 7 29 02 75 504223 169 8526 036
246 177 8 6 12 8 2 12 89 2 0 60 980 7204 19 9909 72 4 612 18 9735 89 3 4 1199 10 415 61 3049 0913 8910
02033 0808 73717 7782 7108 6 1 62 27 05076 988 4972 9042 1208 5717 16016 125 5154 0814 73217 0156 557094
1 2 7 4 5683 45 97 0 5 14 9 2 6 1 28 9 2 1 4 6 9 962 82 45 7 8 20 02 27 001220 084 8122 517
183 123 9 3 72 8 2 00 87 2 1 84 787 5249 15 2204 12 4 992 16 1298 06 0 5 1969 16 474 82 2845 8713 5910
12096 1130 73615 8712 5121 5 8 18 48 17102 870 8012 9315 8288 0817 11240 154 0144 5322 53978 1659 725308
0 0 3 7 5825 45 10 5 5 19 0 7 6 0 20 0 2 9 6 6 1 987 11 49 9 8 25 42 20 094620 127 9129 556
189 683 5 0 12 2 2 10 48 9 9 82 967 1264 90 2314 60 1 912 78 9245 15 9 5 1089 17 698 92 2145 5406 3015
12328 1335 47715 8712 5431 3 1 12 08 54599 065 9570 4639 1210 5410 12205 929 8130 8982 13513 1093 196186
6 8 0 0 5140 00 39 5 4 12 9 2 7 6 68 9 3 1 6 8 1 632 19 55 0 8 99 11 29 121223 104 9195 506
930 623 5 9 72 9 2 71 99 5 6 82 397 1080 08 8589 17 4 913 74 9957 12 0 5 8788 42 355 40 2195 0072 8913
68393 1635 78595 8808 5042 8 5 62 48 00197 810 8907 9812 6265 5366 80215 123 5134 8302 53611 4750 185190
0 0 2 6 8808 43 17 5 5 32 9 6 9 9 05 3 2 1 4 5 1 952 10 47 9 8 29 17 23 891280 865 8620 558
700 123 5 9 11 8 7 82 78 9 1 72 087 0288 00 2314 17 6 915 74 1919 00 3 5 8889 02 448 15 8145 8779 8978
12810 1173 10515 0802 7101 9 8 93 48 16148 885 8875 9433 1215 5719 17285 120 0084 9067 24213 1003 937598
9 2 6 5 8103 48 12 8 0 10 7 2 8 1 20 6 2 1 4 3 8 912 28 48 9 8 25 99 28 886288 104 8830 559
723 083 0 9 12 8 6 12 82 0 7 62 907 2135 18 2024 35 5 573 19 1201 10 3 2 1488 18 308 19 2945 5706 8412
02303 0730 43020 8733 5625 5 5 16 08 02187 970 8613 9872 1215 6813 67688 198 0434 5382 07713 2173 425108
7 2 3 9 4723 47 78 0 0 05 9 2 4 4 68 9 2 1 4 5 1 967 17 49 9 6 54 82 80 491273 124 8187 559
573 823 5 9 10 8 6 12 87 3 6 82 987 0614 15 2616 19 0 907 18 1096 12 3 8 1286 12 019 42 3170 6392 8455
82363 0530 13209 4712 5421 3 9 62 08 92102 817 8942 9512 7275 5413 09510 624 5064 6502 53889 1899 140158
1 2 5 4 5123 07 02 0 5 11 0 2 7 1 29 7 2 1 3 4 4 956 13 00 6 8 68 12 29 890023 324 6523 502
023 980 6 0 19 8 2 92 80 0 1 42 582 9711 11 8914 12 7 472 10 1015 95 6 7 8007 18 493 10 1148 8715 8110
18813 7735 13289 8092 5260 3 5 62 98 93150 810 6551 9810 0276 0413 06776 120 9255 0332 07211 7003 927198
4 2 9 4 0111 45 62 9 5 11 5 4 6 1 09 8 2 1 4 3 0 012 52 40 9 8 34 17 58 891263 164 4193 056
140 123 4 9 85 0 2 53 00 9 1 82 977 1234 70 6744 52 5 912 37 5709 02 3 9 1983 99 085 82 9745 8012 0919
15392 1177 13200 8457 7119 9 5 10 98 10183 859 8903 9527 1016 5418 12008 224 5974 5316 83390 0144 735899
1 2 9 4 5063 45 82 5 7 02 0 2 9 1 17 6 0 1 6 1 1 005 12 90 9 5 20 12 13 401523 124 8623 650
57 123 3 9 14 8 0 68 79 7 1 82 980 1934 15 8864 98 8 909 19 7095 18 3 8 1639 12 418 18 7145 8782 0910
18315 8035 15260 8718 0176 0 6 75 98 30952 895 2910 9960 3217 9493 62715 134 5177 6362 60213 1443 029258
1 0 3 6 8424 88 10 0 7 72 9 9 2 1 28 5 2 1 7 5 1 955 10 75 9 0 74 90 97 991623 406 8120 356
126 075 5 9 01 3 0 11 10 7 0 92 587 1606 17 2364 02 4 982 15 1817 18 3 5 1973 10 715 12 2998 8672 8787
82483 1631 16015 8762 8700 6 5 16 99 72880 715 6902 6732 4215 5473 35217 104 5914 5319 79610 6157 775448
8 2 3 9 9223 45 13 9 5 62 9 2 8 7 08 7 6 3 4 5 8 910 92 75 4 8 20 12 93 886023 954 8173 508
193 026 5 0 65 8 2 05 24 9 0 62 056 9014 89 2381 80 4 632 54 1205 45 0 2 1060 87 419 96 2545 8772 8062
10033 0935 92844 4119 5821 0 5 17 97 18692 005 4892 9573 1815 5412 97657 004 5934 5002 53227 0100 880793
1 5 3 4 5873 20 19 6 5 11 9 0 8 0 28 9 2 3 0 8 4 804 02 45 5 8 34 12 22 394223 357 8127 150
926 520 2 7 16 0 2 10 76 7 1 84 887 1264 30 7314 79 5 802 85 7295 32 4 6 1200 09 375 10 2075 8712 8102
10305 9435 13815 8782 8921 9 5 16 98 12795 084 5611 0102 1815 2443 02905 924 9134 5350 59603 1126 623198
0 2 7 4 5013 45 09 4 8 82 6 9 5 1 26 7 2 3 6 5 1 082 12 40 6 9 89 32 20 203723 020 8023 555
160 329 5 1 32 8 2 10 50 5 1 72 987 7694 15 8324 00 0 912 14 1809 82 9 5 0289 12 897 62 4345 8754 8510
19313 4194 13289 9763 5121 0 5 22 98 72102 817 4902 9802 1015 5413 73209 123 0134 3313 64013 1557 199108
7 5 5 1 7127 44 12 5 0 76 9 9 3 6 79 9 2 8 8 5 5 710 12 09 8 8 29 10 20 897823 948 8643 756
427 153 4 8 12 0 8 15 79 0 8 86 977 7294 16 2698 02 4 912 94 1019 12 3 2 0289 62 080 32 2975 8712 0912
15073 7135 19218 8713 5180 4 5 70 56 12180 465 0888 9002 1504 5493 48260 110 6133 3312 02013 1153 025192
9 2 0 4 5103 46 72 5 5 00 0 2 2 2 38 9 6 1 5 5 0 519 62 40 5 8 89 14 03 874250 534 4323 516
603 197 9 8 72 6 2 10 88 7 0 88 583 6577 15 2378 12 4 907 34 1218 12 7 0 0889 52 250 12 0145 8812 3917
12535 1135 63895 2892 5001 3 5 12 98 52990 897 8912 9824 7215 5370 67417 024 5674 8079 54653 3353 845199
5 0 3 8 5073 00 42 5 2 74 9 0 0 1 40 9 4 1 4 7 7 912 02 95 5 9 24 16 23 870283 720 3620 516
189 983 5 9 79 8 2 32 86 0 1 55 690 7094 50 9340 48 3 992 01 6564 32 3 5 1089 16 415 32 2175 8250 1997
30319 6102 13027 8742 5128 5 8 12 98 12107 813 4917 9202 1210 8743 02215 824 5934 9310 00213 9140 923197
1 0 4 4 5070 65 18 8 8 02 5 2 4 6 28 9 2 1 7 5 1 762 12 55 9 8 20 19 13 801213 124 9867 046
023 173 8 9 94 0 5 12 59 6 7 89 985 1214 16 2317 15 4 090 98 0275 02 9 5 4649 36 610 92 3043 0709 8610
02093 0138 93615 7714 0827 3 6 10 88 70012 010 0919 9817 8005 5019 10015 028 5617 5912 80813 1353 169670
1 8 3 4 5118 45 15 5 5 82 0 2 0 1 38 6 5 1 4 5 9 708 12 45 5 2 72 15 71 868225 526 8363 305
178 124 5 9 12 0 5 10 85 9 1 68 987 7570 15 6380 02 4 942 53 1235 31 3 5 1205 12 415 10 6745 8708 5952
12093 8137 13215 8716 5125 7 5 38 93 19176 015 8808 8372 4215 5410 12290 809 5504 9312 09315 2012 788100
12013 0735 76206 0780 5324 3 2 18 56 75182 805 8992 9995 1762 5033 17216 529 3150 9352 95213 8853 120698
