8 2 3 4 5379 45 02 0 5 96 9 0 0 9 23 9 9 1 4 8 1 088 16 00 0 0 28 02 23 011924 129 8803 856 
123 228 5 9 12 8 2 19 36 9 1 82 987 0219 35 7065 82 0 915 55 7215 12 9 5 1459 09 795 02 2195 8775 8970
70313 0036 63215 8742 9458 3 9 30 98 05139 017 8995 7819 4845 9013 05055 174 3194 5353 03213 1907 120172
0 4 0 4 5123 05 12 0 5 92 9 2 7 9 28 9 2 8 8 5 8 512 12 35 9 1 40 42 20 791224 128 8084 556
52 009 5 5 55 2 2 15 09 9 7 72 198 0249 15 0342 15 2 992 19 8539 02 3 5 4988 87 440 18 6145 8562 8912
60393 3138 05215 8710 5051 3 5 16 88 18102 845 8913 8278 1218 2433 90249 124 0177 6312 53210 5953 465945
1 2 9 0 1709 98 10 5 8 12 0 6 7 1 83 9 0 7 9 5 6 810 86 05 9 8 04 12 23 890023 737 8129 500
903 803 5 9 16 7 8 12 97 0 7 02 980 1266 15 2303 17 4 972 50 1915 13 6 5 1048 10 415 07 5145 8612 3410
68219 9985 19715 9700 8149 3 5 49 03 08482 615 1910 8710 8216 5718 62795 190 8244 8980 23226 1606 109190
1 2 0 4 5123 00 18 8 5 91 9 6 7 0 78 9 2 3 4 5 4 932 09 45 9 0 34 78 93 881296 192 8175 586
554 803 0 7 82 8 5 12 88 4 0 07 987 9775 15 8730 02 8 912 69 1245 62 9 8 1989 19 407 32 4170 9722 8902
92710 2591 43010 0712 5151 3 5 17 77 15168 892 8910 9987 1013 6010 82205 163 6048 9910 49703 1003 157590
9 0 3 4 5126 40 52 5 6 13 9 2 6 1 98 2 2 1 0 5 5 942 12 45 9 8 24 12 28 806725 124 0127 558
653 907 2 8 98 8 3 19 20 6 1 68 895 1210 15 5309 96 6 762 84 6645 78 3 5 0580 15 415 15 7389 9259 8913
62304 1155 13535 8707 6147 8 3 72 98 12132 800 2939 5412 1515 9013 16815 104 8192 3914 33203 1153 585399
0 2 9 6 5690 75 12 5 0 09 9 0 7 1 24 6 2 4 8 5 1 412 70 45 9 8 28 00 08 791023 524 0193 066
809 663 5 9 14 1 2 12 60 9 0 02 987 1460 05 4014 66 4 972 28 0415 90 2 2 2083 12 495 95 2125 0690 7712
12703 1937 98295 8010 5821 4 5 13 39 12190 919 3852 1812 1202 5438 42815 324 7904 0112 03247 1150 535193
1 7 2 9 6979 51 12 8 0 70 8 3 5 1 84 4 6 9 4 5 8 910 49 46 9 8 04 18 09 851294 220 8163 536
130 197 0 1 73 0 2 96 89 7 0 56 107 7229 05 9014 12 4 912 64 7815 52 3 6 5489 99 415 72 7195 1802 9915
92069 5925 69136 3718 5961 3 5 32 94 57973 887 8947 9818 0255 5573 18466 126 4770 5216 59916 1843 125698
1 4 8 4 5520 75 82 5 7 82 8 2 2 3 29 9 2 1 8 5 0 939 09 75 9 8 24 09 23 891220 007 7139 356
123 868 5 0 22 6 9 82 90 3 8 68 970 1295 15 2819 07 7 992 16 8755 37 9 5 1900 82 485 17 9163 7762 8912
12717 1105 13295 8302 5301 3 5 18 08 19172 886 8580 9812 1205 8443 50217 634 5730 5173 73268 0150 175698
1 9 3 6 0623 45 88 5 7 84 0 9 8 7 28 9 2 1 8 4 3 918 12 75 0 0 24 56 25 804228 526 0925 579
125 898 6 6 12 8 2 22 08 0 0 82 550 1728 15 2814 52 0 998 14 1215 04 2 8 7079 94 418 92 7105 5716 0996
12413 4009 14718 8712 5188 2 8 05 28 19102 824 7919 9802 0296 0413 90273 120 5965 5398 50404 0993 740698
8 9 3 4 9183 45 46 9 8 92 4 9 4 5 99 9 9 1 4 8 8 817 12 65 5 8 24 10 97 899943 822 6929 559
183 463 8 9 32 8 6 50 89 0 0 82 580 1019 96 0310 66 0 022 69 6205 92 3 9 1279 14 405 52 2735 8922 6472
15579 0132 03305 6715 5129 9 5 62 96 15538 200 8912 9302 1267 6410 12215 421 3138 9310 01209 3276 128199
0 2 0 5 5720 49 12 5 5 82 9 2 0 0 20 9 9 1 4 5 6 912 04 44 9 6 74 82 70 041233 890 8070 596
123 859 8 9 02 8 2 12 72 8 1 00 926 0219 19 2380 12 4 082 10 1710 80 5 5 1289 32 475 11 2142 9748 2092
6 8 8 4 5057 05 95 5 7 08 1 2 0 1 20 9 1 3 4 5 5 212 10 40 9 8 47 89 20 891223 139 8120 576
193 123 0 3 50 8 7 30 90 0 7 61 997 1687 05 6374 15 9 810 04 1245 03 6 5 1689 40 417 75 8145 9018 6992
16998 1635 13815 8713 5151 3 6 02 56 52360 415 5117 9815 7215 5413 05215 169 5724 0318 59050 9050 129158
6 2 3 0 0103 35 69 1 5 58 0 2 9 0 30 0 9 9 4 5 4 310 94 40 9 9 24 92 93 891250 134 1123 556
59 583 1 7 10 8 6 17 00 8 3 85 986 8214 18 3318 52 4 447 14 9275 46 3 5 8289 19 037 02 2147 8460 8710
16538 7602 13297 8713 6129 4 5 00 94 18942 465 8356 7810 1415 0015 52015 924 9754 5582 05204 1150 125180
1 0 3 4 8103 99 36 4 5 92 9 0 7 1 08 9 2 1 0 5 3 012 12 65 0 7 26 68 59 697224 134 9502 557
077 029 5 9 82 8 7 12 37 9 1 82 999 8294 05 2393 14 4 912 04 1240 10 3 4 6958 10 681 65 0940 9714 8619
12353 0334 93515 9712 5128 3 9 10 58 19100 016 4912 5815 8210 5567 52615 304 5162 5332 02511 6163 825159
1 2 3 4 4325 45 82 5 7 12 9 5 7 0 22 9 7 0 4 9 1 567 03 65 8 8 44 12 23 890225 164 6183 851
140 036 5 8 12 8 9 10 80 0 1 01 867 6610 84 0418 15 8 412 04 1876 62 3 6 1287 18 490 60 6178 0909 8852
07315 9707 10415 8713 5127 3 8 18 94 96881 875 9907 0019 0738 0413 87710 174 5134 5338 83272 7056 188099
6 2 3 4 0153 48 72 0 5 12 4 2 1 0 79 7 2 9 4 5 1 610 16 45 7 8 64 12 28 060013 924 8004 555
130 158 8 9 62 9 7 72 96 7 1 85 982 0084 15 2319 12 4 492 15 4485 19 3 5 6399 37 418 12 2148 8716 7980
12013 4038 15019 2716 5407 3 4 18 98 87268 783 8549 9879 1282 5814 19315 129 5134 0385 43210 4153 125198
1 0 3 4 4198 45 94 8 7 12 9 2 0 1 25 0 2 9 7 0 1 046 72 83 0 8 08 28 83 861223 926 8753 559
159 120 5 6 12 5 2 12 63 9 1 09 980 0230 80 2314 92 4 530 84 1315 92 3 4 0286 87 405 62 2267 4250 8913
02310 5786 17279 8739 5925 9 5 72 90 52626 515 8919 9893 1475 5795 12215 124 5784 5534 25293 1153 927098
6 2 0 8 8143 99 77 5 5 12 3 0 2 0 58 8 0 8 4 5 0 099 82 55 9 9 08 12 20 897733 174 8123 556
663 324 5 3 46 8 3 12 69 5 1 68 977 1541 10 2314 02 2 782 50 1245 70 3 9 1291 05 010 10 4140 0712 4992
03971 1035 13218 3018 5727 2 6 12 98 32107 216 1800 9817 7615 5413 78605 174 5128 5595 53213 0154 455198
7 2 9 4 9695 40 15 3 5 05 9 2 7 6 58 7 8 0 9 7 1 012 00 45 4 8 24 18 23 828223 023 8356 506
466 926 6 0 52 8 0 92 94 0 8 80 480 6288 85 6970 11 7 274 84 9409 12 8 5 8449 09 050 12 2148 4909 9951
58784 1835 15216 8816 8996 1 5 94 98 42000 085 8906 8212 1015 4519 00215 123 7138 5312 05610 5203 020098
3 4 3 4 4924 49 12 7 3 06 9 2 7 1 20 9 4 1 4 5 1 992 84 45 9 0 54 02 23 498823 324 8525 076
123 154 7 9 12 9 4 92 89 0 1 12 980 3961 47 9384 00 3 614 14 1205 12 3 5 1049 10 719 32 4192 4812 0395
75013 0138 83225 6912 5169 3 6 32 08 83366 785 0916 3860 5219 9010 46295 120 5134 0380 55017 1770 905600
1 7 3 7 1563 95 52 5 8 12 9 2 7 1 28 9 8 1 4 9 3 962 12 90 9 7 24 12 65 890980 524 8023 797
755 420 3 6 16 8 6 92 29 0 5 82 987 5214 15 9488 14 0 998 14 5600 19 5 8 1549 02 704 12 9008 8710 7912
07916 1600 74257 9952 5026 7 4 87 98 22107 479 9962 7802 1858 5513 72775 394 5830 6388 50213 5055 568464
1 2 9 4 0317 99 16 8 5 92 8 4 6 2 25 9 2 1 6 5 1 916 16 45 9 8 27 17 99 041203 997 8129 560
195 022 6 1 52 8 2 19 50 8 1 77 930 1214 10 0744 60 4 715 64 2314 70 7 0 0209 59 078 07 3165 0782 8739
15313 1199 00215 8712 5029 8 0 07 62 67892 658 8942 0887 1992 5884 19277 524 9574 5095 85099 9653 125198
9 8 8 7 0123 47 66 7 5 12 9 6 0 4 38 9 2 1 4 9 3 912 12 75 6 3 24 12 20 999023 884 4183 557
158 163 8 1 10 2 6 19 88 5 1 73 706 4634 68 2000 10 6 892 49 1097 19 3 9 0080 10 038 48 2047 8703 8465
30313 1405 65216 6012 9121 3 5 25 32 04247 815 8838 4960 1240 5413 19915 683 5101 8792 83295 6153 128190
1 2 5 4 5060 56 12 1 5 16 7 0 0 4 28 9 2 1 6 5 3 773 82 45 7 8 84 17 59 890723 090 8123 856
59 725 0 6 19 8 1 12 07 2 5 02 950 1284 34 2864 12 0 942 68 4505 19 3 5 1979 69 495 12 1549 8718 0967
39413 1137 18315 8715 4500 3 5 50 68 12492 495 6170 9042 5215 5013 22240 684 4930 4312 59075 2783 195193
1 2 3 4 5222 54 12 8 5 10 9 6 0 1 28 9 2 0 8 5 1 912 10 95 6 8 53 93 33 785826 084 8183 556
147 213 0 9 02 8 2 52 89 0 1 87 942 5214 15 2308 19 4 011 14 1280 49 3 0 1285 04 865 98 0942 2709 8708
67313 0702 07278 7112 5520 3 5 12 44 10096 815 8917 9842 3918 7413 46956 008 6134 6722 58283 0053 025996
1 2 6 0 4413 91 32 3 5 59 9 2 8 1 28 8 8 8 4 5 9 376 92 45 2 8 77 60 67 871529 694 0123 556
124 120 5 9 12 3 2 45 80 9 0 92 987 6214 05 2374 11 0 202 64 8905 10 3 5 0539 65 615 02 9185 8017 8012
52319 1131 00509 8752 5761 0 8 18 98 62276 904 8910 9806 1215 4010 13309 969 5158 5702 00203 0153 225560
1 7 3 4 8123 95 14 5 5 72 4 7 6 8 20 9 5 1 7 5 8 582 18 08 2 8 54 52 24 891400 924 7023 058
523 123 5 8 02 8 6 13 79 9 7 82 887 5214 19 2315 84 9 978 18 8014 10 0 8 1289 12 465 19 0137 6517 5912
22383 2769 17005 6716 8681 9 1 12 98 19362 505 8912 7000 1315 6413 06225 128 6830 5052 94853 0153 925600
9 2 3 9 7128 45 07 0 5 98 9 2 0 9 15 9 6 0 4 5 9 912 12 48 9 8 74 68 50 506223 125 8020 650
123 173 5 9 12 5 5 52 09 4 8 82 988 1210 85 2895 47 3 952 64 8490 76 1 6 7585 12 008 10 8039 0772 9812
88743 8735 14215 3912 9901 8 4 12 92 06188 615 4912 9754 0298 8473 12265 024 5634 5317 23113 1953 125100
0 7 1 8 9093 43 79 0 0 18 4 2 4 8 28 9 0 1 5 5 9 910 12 47 9 9 04 89 23 897689 554 6907 598
323 193 5 9 11 6 2 85 06 3 1 82 187 8214 90 8014 62 9 900 10 9015 12 3 8 3464 28 404 19 7133 0609 8882
82318 1394 93295 8019 5882 6 5 12 98 95132 911 0619 0855 5299 5493 12393 124 7135 0562 53213 1153 065728
9 8 9 4 5123 48 48 0 5 02 9 2 0 0 78 9 5 1 6 6 1 982 12 45 3 8 57 16 20 869220 484 7086 506
127 159 5 7 00 8 2 52 88 4 0 12 985 4215 05 2028 10 9 918 94 1200 15 3 5 0805 18 010 42 4946 9612 7612
00626 8185 13705 8710 6121 3 5 29 88 12402 098 8012 9818 9241 4203 12225 027 8134 9310 00280 1193 175698
3 3 0 0 2123 45 22 8 5 12 7 2 9 6 06 9 2 2 8 6 1 672 68 46 5 0 22 16 23 890218 328 0423 557
703 153 5 8 27 0 5 82 89 9 5 36 570 1714 15 5039 87 0 922 14 9209 62 4 5 1089 17 016 12 7040 8797 7452
10307 5984 08905 6712 5159 3 5 12 98 85194 815 8612 9032 1215 5444 19220 729 5096 5018 55205 1855 105174
1 8 9 6 5103 47 12 9 5 18 9 2 8 1 28 6 2 0 4 6 0 217 90 95 0 5 24 88 23 906429 138 9125 256
523 120 0 9 68 8 2 09 87 7 9 92 982 1219 15 6814 09 4 990 94 6295 12 9 5 0289 05 015 52 3942 8183 7612
13900 1138 13715 6712 5124 7 8 70 99 92582 810 6912 6852 1317 0363 92060 324 6131 3312 53283 1103 058807
1 7 8 0 5193 75 92 4 0 12 0 8 7 1 24 9 4 1 0 5 1 116 71 75 9 8 26 58 69 881227 321 8523 657
126 723 8 9 12 2 7 22 60 8 0 99 685 1060 16 9974 12 4 910 14 5219 12 3 7 5689 86 715 10 8960 0812 0712
29633 9186 13799 8682 0126 3 5 12 98 12098 430 8678 8672 1285 9413 72212 727 9199 0314 55312 1164 965190
9 2 3 5 0193 95 82 0 5 13 9 2 8 1 40 0 8 0 6 5 6 312 70 15 9 8 04 80 93 896025 114 8123 559
423 803 5 9 12 8 9 02 99 9 1 22 985 0201 15 2314 14 4 012 13 6215 18 3 9 0899 32 495 06 6138 8788 8807
12390 9935 11209 8660 9921 0 5 16 90 69508 805 1078 8877 1015 5615 18277 124 5172 9619 58913 1608 540193
6 6 3 4 5923 47 12 5 5 80 9 8 7 8 29 9 2 0 4 5 1 992 22 49 9 7 24 42 99 891827 654 8263 306
58 123 5 0 02 8 1 12 79 0 1 80 784 1054 10 2314 02 4 957 04 4614 52 3 5 1004 00 419 98 6142 8612 8913
50013 1102 13215 7712 5428 0 9 19 55 82172 715 0919 9682 7207 8643 92015 129 8174 5370 53983 1153 025338
6 0 3 8 5123 05 60 8 6 12 3 2 8 3 78 0 2 0 4 5 7 999 32 45 4 9 74 12 27 201629 174 9026 556
100 328 5 9 92 8 2 42 85 1 6 53 987 2212 11 4818 50 9 910 94 1679 40 3 0 1288 60 956 08 6145 5619 8999
15369 2765 13214 8912 2121 6 9 52 99 12665 475 8910 6912 8095 5710 18979 188 4139 5912 95213 1029 925349
9 2 4 5 7220 84 12 7 0 17 9 3 6 1 98 9 7 6 4 5 1 990 14 45 0 8 00 16 46 701293 149 8193 756
629 323 5 4 12 8 2 00 81 0 6 82 089 1114 15 2034 12 9 960 04 1819 17 3 5 5076 18 417 09 8145 8032 8312
12983 7036 13813 8769 5070 9 5 12 93 25309 615 5977 4619 0595 9015 92234 124 5138 9372 96097 6085 009898
6 2 3 4 0193 45 17 8 5 09 5 5 8 1 90 8 2 7 4 5 1 015 78 45 9 5 24 40 29 001223 720 6188 536
023 123 5 9 91 3 8 22 80 5 1 88 608 0214 45 2387 82 4 902 71 1908 60 7 8 1209 13 430 14 2855 8012 5012
03356 1645 10085 9713 1100 3 4 11 90 52180 085 1518 0862 7418 3213 95219 123 5135 4302 53293 1753 925108
1 7 3 4 9173 45 72 7 5 10 8 1 8 7 24 7 0 8 4 5 1 529 96 55 9 8 64 10 67 892823 024 5143 597
475 161 5 9 05 8 2 10 06 0 1 85 887 1814 15 0204 61 4 913 50 7055 12 4 2 7089 82 813 18 0146 8792 9912
18318 7144 73715 8017 3021 3 6 82 94 00742 085 0652 9902 8219 5013 29215 120 5134 0318 64480 1026 115124
9 2 0 4 5128 55 15 5 8 14 9 9 7 0 03 7 0 9 6 7 1 910 76 43 9 8 94 92 03 391223 129 4523 556
123 123 5 9 18 8 2 12 89 3 1 22 580 1228 13 2018 19 0 918 04 8224 99 3 8 1759 30 915 72 2145 0308 8904
80717 1135 53015 8712 8701 7 5 14 88 85001 113 8612 9876 6270 2403 92715 120 5104 5313 03216 1153 605795
6 2 2 3 5523 48 95 9 5 18 9 2 9 2 28 9 6 9 7 8 8 882 12 49 9 3 04 18 05 091225 024 8120 666
027 723 5 9 18 9 2 53 89 8 7 57 987 1219 35 8614 10 4 112 34 1258 05 5 5 1289 44 815 52 0005 9712 0854
02313 1137 18286 8782 0867 3 5 99 98 12912 890 7592 6814 1215 5413 10905 124 9134 5342 34279 9153 129188
1 8 0 9 5760 95 72 1 5 07 9 9 0 1 76 9 2 1 7 5 1 910 30 46 9 7 18 12 64 691323 920 6823 556
698 123 5 9 72 8 3 28 70 3 0 00 686 1264 05 2322 82 3 912 18 0678 82 3 5 1299 12 475 19 2945 8732 2392
14313 9435 13219 3742 5104 3 5 16 68 76169 714 8918 7818 8215 3413 10218 188 0034 9354 03216 1175 522790
1 2 8 9 5323 45 17 3 0 19 0 2 8 1 28 7 8 1 0 5 1 612 02 50 0 8 24 08 23 891223 727 7402 250
073 622 5 9 12 8 2 12 89 0 9 30 977 1276 15 2306 85 4 912 14 7204 72 3 6 9289 12 419 13 2040 5700 6806
52313 0675 67276 0710 3458 7 5 94 98 12859 956 8912 9082 1617 5460 62219 084 5057 5312 60283 1163 129199
1 3 7 4 7088 98 02 8 9 02 9 7 0 7 28 9 8 1 4 9 1 912 14 65 9 9 94 12 23 891609 129 8723 556
024 103 0 9 89 7 5 72 89 8 8 82 787 3017 89 5314 50 5 912 13 1090 42 5 9 1285 52 416 62 2143 0012 8922
92398 8036 14215 8760 6928 5 5 16 98 79802 715 6378 8610 1266 5413 03201 124 5159 5018 53819 1398 125198
1 2 3 0 0727 46 10 0 5 17 9 4 8 1 28 9 3 1 6 5 2 032 36 05 9 8 95 14 74 897023 124 8825 456
120 190 3 9 14 4 6 12 59 0 7 02 999 1223 10 9358 24 4 912 16 0295 19 0 5 0966 14 473 10 8793 8496 2911
10017 6835 10315 8718 5181 3 5 19 08 92402 818 8912 9314 1011 5010 10844 174 7934 5014 53702 1127 160938
8 7 4 4 9129 45 72 2 4 10 6 4 5 1 25 0 2 6 8 5 1 052 12 05 9 9 04 69 23 069289 174 0203 657
56 109 5 9 02 8 9 62 99 9 1 80 089 8314 65 2613 62 9 900 25 1815 62 3 8 2284 05 419 12 6145 4707 6922
77313 8039 90285 8712 0791 8 5 01 48 05862 818 3912 9801 1271 5433 72248 178 5134 2384 53310 1993 129948
7 3 3 4 5127 75 02 5 7 09 6 2 0 1 78 2 1 1 7 2 9 612 74 99 6 0 21 62 53 756920 124 7113 576
170 143 5 9 22 8 1 96 83 9 2 02 957 1718 15 0796 12 0 270 12 0215 07 6 5 1289 52 785 13 5143 0781 5605
10110 1133 14659 7610 5079 3 5 15 74 12752 855 0982 5807 6832 3850 22295 120 5839 1017 48819 6973 325499
1 2 7 9 5028 45 18 5 5 82 9 2 0 4 22 9 3 0 4 9 1 089 09 45 9 8 24 12 46 891827 170 8163 556
023 623 0 9 18 8 2 19 89 3 1 82 989 0316 75 0269 66 0 910 14 8914 97 5 6 1289 09 410 82 9946 8392 2402
44683 1885 33805 8719 8025 3 5 03 99 10129 603 6700 7819 9905 5999 02730 624 0903 5312 95105 1995 125508
1 8 3 6 9923 45 16 0 5 18 7 8 8 2 48 7 6 7 4 7 0 812 10 80 3 5 00 19 23 890829 106 8163 056
523 125 8 9 12 8 3 10 39 0 1 81 907 7814 22 2975 86 1 097 34 1210 16 5 5 1087 12 615 79 2940 1712 8812
12650 1138 14270 8792 5780 5 5 52 98 12279 885 8312 3952 9510 5616 22468 166 5134 3313 53813 8558 009199
5 5 3 4 7123 85 12 6 9 02 0 2 8 1 07 5 5 6 0 5 1 019 82 95 7 9 35 92 81 821833 924 0723 486
143 564 6 9 62 8 2 12 83 9 1 89 987 0211 13 1574 02 4 990 14 3709 12 3 5 9780 88 496 16 2885 8615 0910
09310 0135 63215 8752 4121 3 8 28 92 53 851223 124 5123 576
194 529 4 7 19 9 8 82 83 9 6 29 976 9514 20 8394 02 4 914 18 9015 80 5 5 1089 06 415 12 9105 6012 8010
29562 4955 10810 8092 5001 0 8 18 30 12132 815 0002 9088 1205 5044 12715 189 4169 0518 59204 8179 985198
0 0 9 4 6728 99 08 5 9 12 0 2 2 5 22 9 2 9 4 9 5 912 02 85 9 0 25 82 23 281225 924 5997 916
023 189 5 9 19 9 6 19 69 5 1 82 630 9214 15 2314 12 4 914 18 8285 72 1 4 1786 92 210 70 2980 6722 5917
08340 9135 90895 6787 5141 9 2 70 88 02199 815 5919 8812 1803 5499 62215 129 4539 0819 59816 6114 165794

22863 6154 03256 8513 5152 3 6 12 79 12434 893 8068 9962 1235 9573 04350 000 5144 1382 80810 1153 195178
2 2 9 4 5823 05 02 5 6 88 5 0 1 8 98 5 1 6 7 5 1 212 19 48 9 8 06 10 08 099029 120 8823 059
704 904 9 0 36 1 2 12 80 4 1 82 967 8834 18 8354 10 3 915 14 1415 10 3 5 0079 32 419 15 1199 8710 4402
72393 5185 13425 8012 6135 8 5 63 08 94677 079 5212 9672 1705 5916 92210 124 5834 3402 93268 6186 125180
3 2 3 4 5128 48 12 5 5 82 9 1 1 1 46 9 2 1 4 0 1 302 12 38 9 8 24 09 29 590283 129 9147 596
70 159 5 0 24 8 7 60 88 0 0 82 987 8647 75 2810 12 0 700 14 1998 12 8 5 9237 92 885 12 9006 8764 8796
15793 1135 13603 7619 5981 4 8 42 98 78842 016 8919 8302 1015 4410 11688 767 0844 0385 53894 3423 136897
0 0 9 0 5923 25 02 5 5 52 0 6 0 7 28 9 6 1 1 5 6 072 12 15 9 8 24 12 03 891220 998 0126 576
123 900 9 3 68 8 2 16 85 9 2 86 700 4800 95 2374 12 4 919 24 6215 11 7 5 0225 16 412 19 0865 5719 8992
10803 1778 13680 8798 4269 9 5 72 78 18159 818 9870 9812 1618 0713 12835 424 7870 0712 53218 1979 083168
7 5 0 5 9103 45 15 0 5 10 8 2 9 9 29 9 2 1 4 5 1 082 14 00 5 8 44 08 23 090426 124 8625 557
704 723 5 9 14 3 2 11 09 0 1 62 987 1214 95 3304 18 0 610 14 1080 12 9 4 1687 86 495 42 8145 9703 0913
02983 9535 80815 8702 5101 4 5 92 98 12189 816 0917 9812 7618 5913 17297 224 5134 5592 53000 7153 125158
1 9 0 9 0372 45 19 7 5 12 9 2 7 1 28 5 8 1 9 7 7 932 92 08 5 0 38 12 03 390223 124 8123 506
159 423 6 7 15 8 6 12 60 5 9 51 987 7214 85 2924 18 4 903 60 9249 12 3 5 1289 36 418 18 2075 8717 7942
12813 1485 10245 6702 0725 3 5 12 08 12892 816 8918 9602 1010 5610 58095 955 5194 9302 23208 1343 025100
1 7 3 4 5189 95 04 5 5 72 9 0 9 3 43 0 8 1 7 5 1 902 92 95 9 8 28 72 08 091229 097 8707 349
176 173 5 6 36 8 2 00 50 9 9 82 278 1819 05 2014 14 4 918 14 1215 12 3 5 9289 92 525 10 2140 8796 6972
17803 1035 03218 0530 8807 3 9 05 98 12082 805 8993 9819 1601 5019 69315 809 5830 5705 93260 1029 900782
6 2 0 4 4796 40 78 2 5 12 9 9 7 1 26 9 2 8 4 5 9 912 12 90 6 3 09 13 80 891123 018 9123 598
653 193 2 9 59 4 0 48 86 5 7 57 587 1064 65 9594 12 5 912 18 1214 22 3 5 0989 22 419 02 2143 8718 8432
19678 0170 13918 8742 9067 3 7 82 68 18992 815 8919 6310 5205 7913 72800 404 5034 9016 03283 1853 705128
0 7 3 4 0183 35 18 5 7 02 7 8 0 1 25 9 9 3 4 9 1 982 42 47 9 5 26 70 23 996673 868 3926 907
193 903 3 9 92 8 2 05 69 3 1 07 589 4210 15 2809 02 4 972 44 9285 14 3 6 1989 87 515 10 2095 8790 8388
73380 8046 10215 7307 0021 4 5 12 95 19192 715 8202 2825 1293 0409 80095 124 5554 5397 50053 1153 125893
1 9 9 0 7193 95 62 9 5 17 9 5 3 0 28 9 9 1 9 0 1 022 02 00 9 8 24 04 73 608113 820 8223 796
123 113 6 9 18 6 3 10 87 9 1 82 087 2214 15 9304 92 0 986 04 7205 14 3 5 0265 02 416 22 6165 5780 8613
00314 1165 80568 9512 0781 3 5 12 28 32121 657 9512 0610 1066 5443 02215 024 8864 8316 97267 4653 525580
3 2 3 4 9423 45 82 5 8 92 4 8 7 6 76 9 2 6 4 5 1 912 40 29 2 8 29 12 23 890053 944 6125 566
199 620 4 9 72 8 2 21 59 7 9 02 483 9004 10 2314 18 4 942 19 1265 12 3 5 8088 17 018 79 0845 7752 8612
17813 4105 47203 0935 3985 3 7 99 96 67121 314 8915 9911 1516 5203 76308 024 5134 5872 83213 8080 725377
9 2 7 0 6102 45 88 3 5 48 9 2 4 1 88 3 2 1 4 5 1 872 10 00 9 1 04 42 23 691220 120 4264 806
123 027 5 8 12 5 9 16 39 0 0 76 987 0013 10 3810 02 4 903 15 0276 46 8 5 1368 16 315 08 2109 4817 0915
3 2 3 4 0149 09 22 4 5 12 9 9 5 7 08 9 5 1 4 5 3 513 86 79 9 8 20 12 98 899223 278 8928 553
820 183 5 9 72 7 2 12 89 0 3 58 194 1918 14 5394 12 4 910 14 8615 52 2 2 9770 96 419 68 2106 8799 8619
12213 4195 00314 5700 5526 3 3 13 92 12190 850 8912 0599 1510 5413 12290 970 5974 6682 53213 1153 527587
1 6 0 4 5523 22 02 5 2 02 9 2 7 0 88 0 6 0 0 4 1 912 12 85 9 8 77 02 23 807023 124 8600 508
56 923 5 4 10 3 2 16 09 6 1 82 987 1914 95 2306 12 9 782 74 9069 12 0 0 1264 12 485 67 2083 0710 9915
25385 1145 14295 5777 6125 8 6 12 78 73282 017 8912 9822 0945 5303 62416 700 7739 6695 53613 8553 120808
1 2 7 8 5086 25 15 9 4 12 9 0 4 1 20 6 7 4 3 5 5 813 90 06 9 8 74 19 25 899227 329 0059 496
123 828 0 5 02 8 6 16 07 9 1 40 687 1206 70 2374 82 5 992 19 9254 72 9 9 1289 49 719 64 7078 8732 3018
32389 3480 15298 8212 3801 6 8 13 99 12780 777 7827 9110 2255 5479 13217 822 6134 5402 57063 5478 107108
1 0 3 4 5124 49 70 0 0 88 9 4 5 1 28 9 2 0 0 5 1 916 92 46 6 8 89 75 26 894327 103 0123 750
016 769 5 9 12 8 6 52 59 5 1 82 967 1024 58 9380 09 4 909 80 6005 89 3 5 9288 18 815 12 0145 2219 0918
15515 1539 00513 8792 5121 8 5 79 67 02900 805 8009 9806 1465 5493 12292 069 0137 6882 08010 1153 165199
8 2 3 4 9423 67 95 5 5 19 0 0 6 1 09 9 9 8 4 5 7 919 62 45 9 0 28 12 27 091030 824 8120 854
126 103 7 9 02 8 2 12 85 8 2 80 987 9289 76 2312 08 0 910 87 1598 15 5 5 1829 82 415 16 9173 8212 1882
18313 1155 13015 4809 5801 0 5 70 90 42774 976 8902 8840 0015 5413 12218 114 2120 5392 87813 1150 125198
0 9 0 7 5113 80 11 0 0 10 4 9 0 9 68 9 2 1 4 5 0 962 72 40 9 8 24 70 07 801923 094 8138 406
195 023 4 9 12 0 2 17 47 9 1 82 880 0864 14 2409 12 3 412 00 1255 17 3 9 1589 12 375 10 2145 5742 0912
12398 7185 53915 2762 0120 3 6 92 68 02102 495 4964 0814 8666 5411 19293 104 9938 3015 53213 7974 195158
1 2 3 5 7123 72 00 5 5 16 9 4 5 9 28 0 7 0 4 8 1 817 19 61 7 6 24 97 08 890203 127 8523 556
118 189 5 9 18 8 2 12 83 5 2 89 987 3914 78 6084 56 0 977 94 8515 22 3 5 4389 10 015 10 1764 8709 8152
13361 0739 13715 8755 5161 3 0 56 90 71109 215 0886 9882 4816 5893 42205 128 0034 7712 59715 0881 125075
4 9 5 4 3803 47 02 0 7 08 9 2 8 2 29 9 7 7 4 5 1 909 56 48 7 8 74 12 43 790073 184 8325 996
123 727 5 0 19 4 8 86 87 6 5 89 900 1989 13 7018 10 4 997 10 6215 51 8 5 0989 12 466 42 2868 8752 9912
82713 9635 63810 8792 5820 9 0 12 25 02412 886 5982 9010 9208 5043 18847 153 5104 0318 53253 1106 622598
0 8 3 9 5085 95 46 5 1 12 9 5 9 0 28 9 0 1 6 9 0 578 92 19 8 8 24 12 69 991423 324 8953 742
103 963 5 4 15 8 7 18 09 0 2 02 960 0284 76 6694 12 0 462 24 6710 82 9 5 1789 14 415 10 2943 0782 9138
12913 0435 14797 8912 5901 5 5 09 38 82962 794 8912 7812 8865 5709 82905 124 5931 5010 63900 8107 186799
1 0 3 2 8193 70 17 3 5 52 9 2 7 2 66 9 2 6 4 9 1 959 70 75 9 8 64 00 23 896424 147 4973 557
633 186 5 0 17 0 9 60 89 1 1 43 886 1230 15 7678 19 4 538 94 0907 82 7 5 4219 62 404 10 3745 8912 9919
12713 1185 10219 4716 5326 3 5 10 98 18107 919 0412 9812 3910 0318 60795 197 0134 5392 93203 1180 155138
1 9 7 9 2223 00 19 2 6 12 0 2 6 8 08 9 2 7 4 5 9 980 12 45 9 7 24 68 98 801023 484 6028 059
100 003 5 8 02 4 0 15 80 0 0 82 239 1624 15 9218 00 4 012 16 1037 12 8 5 6219 10 415 55 7109 8714 8912
19313 7482 13210 8712 5101 8 7 22 97 12197 817 6285 0862 7713 4808 12262 123 5166 4312 10213 1153 135878
0 2 9 4 9125 55 02 5 9 92 5 7 0 4 96 0 2 1 0 0 0 708 92 49 9 6 20 82 23 690263 108 8093 756
022 123 5 9 19 9 8 74 89 0 1 83 987 0174 85 8510 15 4 916 04 1215 95 9 9 1276 19 489 02 8515 9762 8998
72605 1735 64005 8712 5221 8 5 43 96 59262 955 8016 9076 1980 5497 12796 425 7130 5312 93213 2153 120798
0 2 3 5 5106 45 49 0 5 68 9 5 0 1 38 9 2 1 0 3 7 398 12 75 1 6 80 02 23 897123 123 8190 565
40 053 8 7 12 7 2 62 60 6 6 82 987 2010 65 8527 02 8 082 14 2418 12 8 5 9869 20 065 72 8845 8712 8912
14913 5165 10245 8412 5372 0 5 12 96 84192 305 7584 9632 1415 8413 12288 124 0174 0946 10213 7243 125798
9 5 3 4 5923 00 58 8 8 54 9 2 0 1 04 9 5 1 4 5 1 182 09 55 5 8 44 78 23 901268 504 9033 559
103 103 6 3 14 3 0 52 09 4 1 88 807 9210 25 3987 52 2 920 00 1299 10 3 6 5289 82 436 33 2145 0018 8562
82315 1165 57210 0010 4189 8 0 12 89 65464 815 1912 4889 1219 5006 17285 320 5174 4819 55915 1053 945198
1 6 3 6 7193 05 12 5 5 79 9 8 9 0 28 0 2 1 6 8 9 952 18 75 9 9 64 12 23 993429 123 8123 791
127 128 6 6 12 9 2 06 89 5 1 62 880 1714 75 2014 07 0 930 18 4215 02 0 5 6299 67 485 02 2440 8712 8982
67413 1035 13217 8896 5130 7 5 10 03 12009 775 7919 9912 3818 5093 92215 024 4133 5380 53503 6856 685985
0 0 3 7 5920 86 02 5 9 14 4 2 4 5 25 6 2 3 4 9 1 908 02 49 9 7 44 82 63 891383 820 8125 506
108 162 9 5 17 8 5 12 70 9 0 02 189 1650 16 2064 32 3 982 19 1165 19 3 5 7989 22 718 12 2145 8800 8998
06302 1635 15810 9719 5190 0 3 19 98 62522 010 8922 5814 0012 5039 65285 181 6534 1592 59010 1053 109820
7 2 3 8 7123 46 10 6 5 14 3 2 3 0 28 9 3 1 7 5 4 959 38 44 4 1 24 62 23 899253 190 5129 655
120 967 5 9 12 6 4 92 89 0 1 82 087 1790 06 5314 62 6 017 13 1915 12 3 5 0889 50 416 82 0105 7067 8902
14346 1645 18500 8012 5141 4 7 02 79 10682 814 8910 9878 6317 4407 12945 187 5036 5910 53239 2197 015149
3 0 3 7 5126 45 16 5 5 15 9 8 0 1 28 8 6 3 5 6 8 012 12 45 9 0 69 12 83 800720 157 9673 856
403 183 9 9 72 1 2 14 80 4 7 88 794 6946 85 6304 22 8 812 17 8210 97 3 7 1889 12 568 15 2045 8758 7912
12313 4155 46215 8787 5928 0 0 99 97 12508 365 9012 9819 0040 6483 62245 194 2132 5585 53803 8104 102198
1 5 9 9 8973 44 02 1 9 01 9 8 9 7 28 9 0 4 7 0 9 903 87 59 0 7 07 99 09 691242 124 8108 556
008 107 5 9 06 8 0 19 89 9 8 67 182 1254 15 6914 62 3 915 10 1035 89 5 9 1906 74 465 52 0140 8502 8912
79373 8595 03018 8017 0129 3 8 89 98 88162 809 8766 6816 9054 5583 88319 324 2147 5312 96213 8150 790860
2 9 0 6 5823 48 52 5 5 13 8 0 7 8 28 5 9 0 6 5 5 929 12 86 0 2 04 02 00 196905 176 0123 280
183 123 5 9 00 8 2 98 99 3 7 92 304 0704 68 3394 07 0 002 04 6214 32 3 0 4984 02 417 72 0145 8912 6972
12318 1935 53895 8717 7120 7 6 87 68 42170 810 8803 0100 0965 6643 10205 629 3009 8912 53216 8050 029140
5 2 3 8 5576 48 42 0 0 02 4 5 0 0 99 6 9 9 6 7 1 912 97 25 9 4 20 97 20 891363 162 9123 656
583 123 2 9 12 8 4 12 88 0 1 82 407 0794 16 2814 10 4 917 77 0230 17 7 3 1586 22 415 53 2049 6742 6912
15688 4197 23714 7578 5999 3 0 12 98 72095 815 4412 9812 8018 8014 15615 124 5137 5312 53613 4153 924100
4 2 8 2 5187 48 04 0 4 12 9 0 6 8 78 4 5 6 4 5 0 251 19 82 7 8 48 22 52 891849 928 8353 586
123 527 5 9 92 8 0 37 76 8 5 82 352 0418 15 2318 70 0 702 09 0273 10 8 5 1885 02 140 92 2045 6762 0752
08313 1109 34015 8702 9099 7 5 19 90 58178 675 3312 9812 4235 5961 72416 180 5034 5712 56213 0107 728198
0 2 3 4 9460 81 22 5 0 74 9 2 1 9 63 9 2 9 8 9 1 511 16 45 8 8 30 99 99 595923 126 6168 566
129 371 0 9 67 8 3 12 84 5 7 86 697 9286 15 8384 12 9 992 10 1809 90 0 9 7289 82 405 16 0815 0732 4442
12343 1835 13465 6012 8840 3 8 42 72 02156 815 8919 0814 1375 6093 17216 393 9134 8612 88269 7153 925718
0 7 0 0 5128 46 15 5 5 90 3 5 7 1 38 9 4 3 2 5 1 912 15 05 6 7 38 12 92 095723 174 8228 059
58 722 5 6 00 8 9 72 60 2 1 82 987 1214 89 2330 12 0 802 84 1705 79 7 5 1283 50 485 02 2791 0910 8900
22513 1089 17206 2080 5452 0 5 12 98 38322 515 8875 0714 1505 6477 39575 180 5024 4012 56489 1753 585108
1 2 0 8 4140 50 19 5 5 18 8 2 0 7 57 9 2 9 9 8 1 962 12 45 9 9 52 83 03 696608 920 8263 746
143 007 5 7 36 8 0 31 62 0 1 42 900 6224 18 2317 10 7 912 84 8617 93 3 5 6446 12 497 10 7145 4044 0982
26315 6995 53225 9010 0161 0 5 12 98 70900 497 9714 8818 1019 5015 72217 124 5190 0012 53013 1105 555199
1 2 5 0 5100 48 18 5 5 10 4 2 0 1 28 8 8 4 4 5 1 988 92 38 9 8 20 02 00 590225 027 0369 555
923 793 5 3 12 8 2 84 89 3 1 05 667 8064 10 2304 64 5 911 64 6217 10 3 6 1047 18 740 62 2345 8712 0902
12611 0370 23015 8618 5127 3 5 12 94 12198 480 8912 0912 1516 5473 12090 027 0934 5397 43523 1193 588498
1 2 3 4 3173 40 92 9 8 19 9 2 4 8 28 7 0 8 2 5 9 002 12 48 0 1 84 10 03 791523 074 0523 556
123 503 5 9 63 8 2 12 55 2 5 80 987 1238 68 6204 18 7 572 70 1015 30 8 5 1259 64 088 12 4245 0042 6680
76897 1832 13810 7898 0100 3 9 22 92 12080 815 8912 7829 2215 5413 67116 124 5878 5372 69216 8609 465198
1 0 9 0 5073 80 12 5 8 12 9 2 9 5 68 9 9 7 4 5 1 712 19 45 5 3 74 62 28 810223 809 8923 506
883 177 5 7 99 8 2 82 96 7 1 08 385 7204 17 2904 12 4 216 74 8228 10 9 5 1289 29 839 12 7195 6718 7012
08910 4130 12215 8292 2120 4 5 12 48 92134 960 9902 6014 1683 5763 82219 770 5930 3950 51283 9159 025199
1 0 3 7 5120 45 48 5 4 68 9 7 4 1 68 9 9 9 4 5 6 912 02 40 9 2 84 92 03 390429 024 8009 866
123 123 9 9 80 8 3 96 87 9 0 82 087 8314 68 5314 52 4 972 94 1290 92 7 7 6289 02 414 16 2709 1762 8910
12393 1825 19530 8072 5721 0 5 09 98 10170 830 8817 6912 3006 6410 12270 120 5563 5712 43287 1133 109168
1 2 2 3 4127 18 14 5 0 92 9 8 6 1 25 0 9 1 4 5 1 639 10 45 9 8 20 67 20 890323 104 8623 309
173 158 4 9 17 8 5 02 84 7 1 44 787 1864 45 1319 00 0 782 18 1285 07 4 5 4288 10 085 00 2170 5675 8992
72693 1960 13965 8773 0346 4 7 86 98 86141 835 7582 9254 1945 0276 35217 332 9164 8667 03618 1378 191668
1 7 8 4 9756 67 42 5 5 62 9 8 9 8 29 4 8 1 8 5 1 952 17 40 0 8 25 18 46 077860 008 3523 056
193 329 5 9 10 6 2 69 78 7 0 86 497 1510 15 0013 19 4 612 44 1015 10 8 6 0289 92 470 46 8157 8732 8908
18013 1909 13975 0512 5135 0 5 18 90 12070 812 8914 9986 8535 4003 60208 124 5334 5412 38235 5750 127398
5 9 9 4 8623 49 86 5 5 02 0 8 6 1 49 9 6 1 4 5 1 072 22 15 9 8 28 12 93 821223 847 0828 876
123 121 9 9 33 8 5 63 89 0 9 81 020 1919 55 0924 02 4 616 14 1275 19 3 0 1889 17 015 78 2120 8362 7912
98305 1436 53995 7912 5051 3 8 88 08 02151 855 0612 9060 9855 0463 05755 328 8334 5592 58853 1703 025008
8 8 3 4 5151 85 99 4 5 40 9 6 8 1 28 9 8 1 2 5 1 912 12 42 0 8 24 19 93 497623 124 4124 586
868 181 5 8 12 5 2 42 99 0 1 84 957 1404 15 7308 16 7 914 24 1015 19 6 9 0290 42 037 02 9248 5612 8912
10016 9735 14615 8718 3151 3 6 17 98 14892 050 8932 9102 5866 5993 82215 824 1101 0642 55588 1453 125193
8 1 3 4 0193 05 72 5 5 92 0 9 8 0 29 6 9 9 4 9 8 919 62 45 9 8 64 12 00 551744 124 8123 556
160 723 5 9 19 8 0 82 80 4 0 54 987 6214 66 3410 12 9 914 14 5245 81 3 8 1299 62 412 02 2097 8780 8012
12013 1177 18874 8710 0301 3 7 12 98 02722 515 0912 9700 1292 5416 66719 628 1199 5312 55273 8653 625114
0 6 3 0 6197 75 12 5 5 42 5 2 2 4 20 0 0 1 4 9 0 512 14 90 9 8 32 92 23 798920 025 8923 856
90 105 5 9 16 8 1 12 84 6 0 92 997 1614 25 7367 10 7 542 10 0965 12 8 3 1689 00 015 18 6048 8413 9990
05315 1130 16816 8792 5021 3 5 12 90 15868 800 8019 7812 1909 5913 16270 124 5894 3312 61213 1153 127404
0 7 3 4 5483 45 75 5 5 85 9 7 9 8 27 9 8 0 4 1 1 912 12 05 3 4 29 19 23 307233 794 8628 952
623 123 0 6 74 7 2 12 82 7 1 89 986 1214 75 8327 12 4 432 01 1215 12 0 5 0289 76 499 70 2175 7812 8919
98217 1935 03210 8416 7124 3 6 45 78 12102 855 8959 9066 6005 5613 52219 894 5034 5302 73208 1058 686668
1 2 3 0 6920 45 12 5 5 50 9 2 0 1 47 9 0 7 4 5 9 010 02 98 0 8 24 14 23 701773 128 8133 556
909 003 5 9 42 8 8 12 58 0 1 02 937 1073 80 9966 12 5 612 04 1215 12 3 0 9780 12 855 77 7157 8762 0912
18313 1805 15810 8769 5686 9 0 95 04 02102 711 8911 7860 1090 5113 02255 146 9108 5912 83213 0823 175398
3 2 7 5 0728 45 12 5 0 74 9 4 5 8 98 3 4 2 8 5 1 610 22 08 9 8 08 92 23 763206 624 6126 558
366 485 5 9 12 8 2 12 87 0 1 84 586 3673 15 0057 10 6 483 14 4695 12 3 2 1983 12 404 95 2175 8212 8955
12373 1577 33205 4992 9108 3 4 15 98 02190 805 6906 9842 5285 5413 70200 720 1584 5018 53313 1555 235125
4 2 8 5 0228 57 19 9 5 09 9 2 8 0 26 9 2 5 4 5 1 916 32 77 9 6 00 87 42 890215 142 7124 454
123 803 6 1 10 4 9 15 62 9 1 80 009 1015 46 0350 14 4 682 04 0217 59 0 7 1227 92 415 18 2640 6912 8914
02874 7195 13615 7802 7181 3 5 44 94 19302 915 1800 9813 7205 0590 15220 927 6938 2414 51213 1297 063190
3 7 3 4 8903 05 72 7 8 15 7 2 2 6 27 9 8 0 6 7 8 912 47 35 8 8 59 14 28 491062 024 8123 559
196 229 8 0 92 9 2 12 89 2 1 87 377 1214 39 9314 12 4 913 04 1718 17 8 5 1084 77 975 50 3145 5812 8908
02083 1535 18219 8707 5468 1 1 90 08 12300 355 6002 2710 1705 7816 79275 023 8194 0019 84062 1153 129688
8 2 9 1 5121 45 12 6 8 37 5 6 9 5 20 0 2 6 3 8 0 072 12 46 9 8 84 62 73 095209 184 9100 556
020 756 5 5 92 8 2 12 96 0 0 99 982 1094 13 2319 92 8 911 15 1906 17 3 5 1299 39 910 12 6156 8015 7912
75348 0535 13310 8731 5121 4 3 12 91 10162 813 8900 9800 0217 5407 80907 324 0003 7610 53739 7754 084397
1 2 8 0 9920 45 12 6 9 82 9 2 8 1 58 9 0 9 4 5 0 712 98 45 9 8 24 96 21 971323 904 8193 358
753 903 5 7 19 5 7 12 87 5 4 32 195 3210 35 2003 57 4 002 14 0215 72 3 6 2540 17 415 62 2542 8712 8813
22313 1835 13285 9009 5761 3 5 14 99 14342 915 9912 0860 1217 0953 12215 600 3107 7412 89213 1180 755126
1 2 9 4 5140 68 22 5 0 12 9 2 0 1 20 5 7 0 4 7 4 948 93 00 9 8 94 84 85 991220 194 0027 590
123 123 5 9 12 4 0 07 67 0 9 88 470 9214 01 2314 18 4 900 82 1915 12 0 0 1780 15 465 67 2175 8862 8808
57364 1469 13210 8762 9031 9 4 05 34 10182 462 8052 9918 1205 5943 12205 125 9014 9362 50203 1714 025160
8 6 4 4 5797 45 19 5 5 12 9 2 0 0 78 9 2 0 0 3 1 962 90 79 6 4 44 12 23 691984 194 9128 706
563 146 1 5 12 8 0 89 79 8 0 82 477 1214 08 2714 28 4 911 74 1210 12 2 5 9260 18 415 19 2148 8292 8022
03995 5600 47212 7812 6121 3 5 32 90 22192 619 8902 9499 1319 6119 17915 184 5134 2312 23200 1993 725108
1 2 3 4 3779 73 87 4 6 88 3 7 6 9 28 9 6 1 7 8 0 514 10 09 5 4 24 17 57 807013 184 8923 556
123 880 7 9 19 8 2 52 89 9 1 82 992 7815 19 2307 27 0 070 15 0619 22 6 5 3289 05 399 60 2645 8342 8719
92393 1139 13265 8712 8898 3 8 44 68 42292 380 8910 9902 1215 5185 12610 304 8074 5412 67217 1109 728195
8 7 9 7 5178 45 22 5 5 11 8 8 2 5 20 9 2 9 4 5 7 682 13 45 9 8 24 18 26 891920 190 8121 456
50 113 6 6 10 5 2 58 49 9 1 83 086 3274 06 2014 82 4 995 95 1215 12 3 5 1288 66 417 56 3002 9418 8412
42713 0130 07615 3872 5181 2 8 40 90 02942 651 8793 7229 3203 5426 42765 490 5130 5010 93016 1153 065198
5 2 8 0 7120 27 18 5 9 42 6 3 8 7 08 9 7 1 6 5 7 761 56 94 9 8 80 15 20 891024 080 0123 552
626 693 0 6 10 8 1 02 88 6 9 72 088 1934 56 2394 61 0 912 10 8255 18 5 5 1287 19 423 12 2849 8772 5012
67013 1139 76215 0740 5622 5 5 12 08 52177 015 8512 9862 1295 6413 32575 674 5139 5312 52294 6193 705198
9 2 3 6 5880 45 12 0 5 02 9 9 9 1 77 8 2 9 4 5 8 917 12 85 9 9 28 62 63 797225 657 8923 906
140 893 9 2 02 0 6 12 80 2 2 09 970 4014 15 2019 12 6 959 64 1475 62 6 5 6219 42 415 16 0545 0712 0989
89319 9539 13913 8957 5801 8 6 52 99 02670 010 8712 0613 1048 9483 16012 140 5160 5600 33676 1059 925990
1 0 9 0 9009 55 61 5 6 15 9 0 5 8 76 8 2 1 4 5 1 918 16 65 3 8 36 32 27 581222 996 8123 056
126 107 5 2 02 8 8 07 59 4 9 83 986 1294 05 7370 12 4 012 10 9233 02 5 5 5487 10 405 05 2195 7769 1418
12303 1135 09555 8722 6196 3 7 12 96 12912 676 7577 4810 1410 5413 82869 590 5534 5334 50705 9951 108176
6 2 8 5 0330 05 12 3 0 98 9 2 6 2 18 9 5 1 9 9 1 058 26 95 9 0 72 50 23 801123 944 5880 006
125 423 6 9 16 8 2 10 87 9 5 90 686 6219 14 2310 40 4 918 94 1293 15 2 7 5689 12 405 13 2140 4812 8682
16400 8135 13295 0772 5455 4 0 02 08 02900 205 7912 6315 5211 3416 52218 109 5355 0314 53297 2103 025098
1 0 0 4 5223 48 55 5 2 19 9 2 7 1 76 8 2 1 9 7 3 262 56 93 9 6 04 12 26 889399 129 3996 557
103 193 5 2 64 7 0 92 84 1 1 81 987 1088 46 2980 12 0 912 15 1301 18 6 5 0216 19 118 12 2105 8752 8400
42347 1140 23217 7718 7021 5 1 00 94 58108 313 8892 7512 1215 5413 15017 424 6134 0819 43237 0198 120508
7 6 6 4 8624 85 16 5 5 12 9 2 4 0 08 6 3 1 4 5 1 924 73 48 9 8 94 12 28 361227 909 8123 556
403 153 5 2 62 9 0 62 90 9 1 84 907 1260 04 0314 91 4 940 92 0215 13 8 5 6269 15 095 82 2105 0902 9072
12533 2035 10210 8911 9020 2 7 99 68 10192 415 7915 5002 2260 5213 18015 604 5684 5319 43213 0168 125894
1 8 3 4 5526 46 13 0 8 18 8 2 0 8 68 9 2 1 9 6 1 918 39 48 9 8 24 12 43 691273 121 8123 507
823 023 5 9 79 9 3 58 97 6 1 08 977 1004 15 2344 16 4 906 14 6206 12 7 5 9749 68 018 76 7145 7796 9090
18418 1105 33710 7786 5171 0 4 92 68 12392 877 8795 0817 1215 5413 62915 928 5569 5310 99213 7193 123139
1 5 4 0 5322 45 02 5 5 13 0 9 0 1 28 9 2 1 4 9 7 800 52 46 3 6 94 92 73 871023 136 6098 756
192 003 3 2 42 8 2 16 69 2 0 82 789 6984 10 2347 18 9 966 94 1295 12 3 5 1069 09 415 82 2735 5802 8189
15413 8039 19213 8772 4421 3 0 12 69 95006 475 0912 8862 0965 5414 10932 024 3184 0810 54319 4053 197198
1 0 4 8 6003 05 95 9 5 48 6 2 3 1 20 8 0 1 4 5 1 389 03 05 9 7 44 82 22 047020 705 9773 559
724 195 5 9 17 0 9 66 89 9 0 02 988 1030 19 2804 13 6 012 16 7815 49 9 5 1087 50 515 12 8100 5714 5968
12313 3125 03215 9598 6121 6 5 80 98 12108 315 4012 9812 1575 5467 43687 128 9930 8304 50217 0769 126194
1 8 3 0 5127 21 12 8 5 02 9 3 4 8 54 0 2 7 9 0 0 830 52 05 8 8 00 18 83 599223 894 8123 557
143 023 5 9 70 8 6 02 79 5 1 82 658 8210 66 4304 02 0 030 36 1215 54 0 5 5680 62 995 32 4145 6232 8982
82113 1025 38210 8017 5141 3 9 15 90 62552 800 7970 6864 7214 2467 62295 074 8999 9611 90215 0783 810198
7 2 9 9 8490 46 10 5 2 12 9 2 2 1 20 9 3 7 4 5 5 004 16 05 0 0 24 18 23 370253 462 8180 866
43 029 5 9 14 4 2 84 79 0 1 93 938 1214 14 4914 17 0 812 24 6615 72 3 0 5249 18 814 12 7645 1316 6418
16953 4137 68227 0502 7121 7 6 72 18 02698 815 8734 0812 1015 5450 72710 108 5192 6312 83205 1783 165098
1 2 9 2 9106 90 16 5 0 70 9 2 3 6 28 6 0 8 9 1 1 312 05 85 6 8 29 97 75 591990 194 8123 416
743 427 8 9 02 8 0 60 09 9 0 62 987 6619 16 2366 02 4 997 95 1229 29 3 2 1405 12 913 09 2145 8903 8916
93493 4435 63715 0719 5195 3 5 19 92 54982 914 0913 9612 6015 9403 84299 129 5089 0312 37263 1854 925828
1 0 3 4 5897 90 00 3 9 93 9 6 7 1 28 9 0 1 4 6 6 708 14 85 4 6 20 94 95 991423 128 2100 066
123 970 6 5 12 7 0 10 82 7 8 02 990 8010 15 6714 94 4 999 04 2515 12 6 0 1264 32 404 15 9196 8362 4712
81315 9405 18224 8709 0704 3 5 02 94 12161 815 5912 9608 1255 2414 73657 824 5064 7619 58203 8102 995898
1 2 0 4 0123 05 85 8 6 12 5 4 8 6 95 9 2 4 6 5 2 084 02 48 9 0 09 92 53 090763 197 4135 556
128 128 5 4 12 8 7 94 89 6 6 27 980 7236 15 3858 16 4 902 14 5947 60 3 5 1769 52 407 10 7549 8762 8412
12513 1930 03202 9742 5820 4 0 62 69 12752 818 0919 9869 1275 6093 14215 109 7164 5388 97254 1053 135197
1 2 3 9 5463 45 77 5 5 42 4 0 0 9 98 5 0 1 3 0 1 912 32 41 0 8 22 10 23 851263 620 4123 506
189 113 5 0 12 7 6 74 09 9 1 02 980 1010 20 2367 12 1 382 10 5888 30 7 5 1033 12 619 12 9700 6702 4998
86015 3737 33505 8712 5623 9 5 32 38 16169 818 4912 9812 1215 2493 75210 924 5719 0313 54213 1693 125198
5 2 6 8 5547 90 92 9 3 12 9 9 0 0 26 5 8 1 0 5 7 457 19 44 9 8 04 45 80 891327 820 8128 576
028 118 5 9 82 7 0 12 89 7 9 72 088 0904 25 0344 72 0 906 54 2215 72 0 8 5987 29 395 11 8606 8966 8910
13840 0135 53241 8712 5303 3 4 09 80 12242 815 8912 7015 8828 5410 44216 129 5164 4312 53214 1102 807959
6 0 9 4 6123 95 12 5 6 62 9 9 1 1 29 4 3 1 6 9 6 912 60 97 9 9 94 02 23 804013 104 8193 494
123 163 3 7 12 8 2 32 50 6 6 92 487 9519 15 0314 00 8 912 14 1058 12 3 5 1799 12 415 55 9770 8012 6912
12990 1130 93017 8712 5629 0 7 12 59 12692 844 8012 9822 6765 5483 38585 700 5170 7319 53819 4143 524158
1 6 0 9 5423 45 13 4 0 10 0 2 9 0 76 9 2 1 0 5 1 692 32 45 9 0 46 12 62 694093 722 8423 851
222 173 5 9 82 8 2 12 89 4 3 85 949 1484 19 8319 02 4 012 24 2715 87 7 5 1087 92 477 72 9698 3739 8918
82393 1166 67915 8766 5081 3 8 98 98 10145 715 8012 6812 6526 5718 37249 125 7134 5322 58213 1156 123308
3 5 3 4 7123 40 18 5 5 19 9 9 6 1 28 0 9 9 6 5 1 912 50 49 9 8 65 12 43 252983 604 7203 956
123 028 8 9 22 8 2 62 50 3 5 82 989 9903 19 0380 02 8 806 94 1218 12 4 5 5308 80 480 30 2625 1617 5812
22393 1133 83515 8790 5721 3 8 12 98 16787 810 0912 9890 4885 5013 02015 104 0744 0710 33003 1103 100450
1 4 3 6 2197 65 18 5 5 14 6 8 9 6 25 3 8 1 9 4 1 982 72 87 9 0 20 12 93 800224 124 8793 866
283 123 2 9 10 8 3 70 83 6 4 82 685 5244 05 5354 12 4 909 74 0415 80 3 5 1099 42 400 00 2149 9712 8418
02514 1104 43211 8392 3501 3 5 12 58 12074 008 8732 9097 6210 5443 10204 136 5100 5312 03216 5973 065118
1 5 3 4 5133 10 12 5 5 92 9 2 0 1 58 5 0 1 5 5 9 813 10 06 9 8 83 42 23 891823 120 8175 550
123 060 5 3 75 0 0 19 30 6 2 88 987 1814 15 2614 10 0 408 10 1210 60 3 5 6289 15 845 93 9082 8852 6970
92315 3658 13095 8492 8721 3 5 62 18 79542 815 8492 9454 6214 1513 72217 629 5171 7717 27908 1150 905144
3 0 3 4 0806 49 00 5 5 42 9 2 8 4 23 0 2 1 4 5 7 940 85 87 9 3 49 82 33 891299 104 0073 506
65 720 5 9 12 8 2 01 89 6 0 85 987 3664 18 0314 75 6 417 14 9594 12 3 8 1579 62 415 12 2105 9602 8410
40300 2935 73810 8713 5577 4 0 57 06 12902 415 8052 6812 1215 9413 17210 123 5174 8312 54269 1356 925158
1 6 9 0 5143 45 17 7 8 70 4 2 6 4 28 9 9 1 8 8 1 916 10 05 0 8 27 69 23 891224 106 4123 056
353 823 5 8 25 4 8 49 99 1 0 82 880 8910 15 7383 19 4 512 94 1375 18 3 5 1289 22 406 80 6165 9372 8956
80853 7135 83575 1907 9427 3 8 12 58 78172 695 0912 0872 1275 5417 72215 124 3258 5312 53703 7157 725198
9 4 8 0 5943 40 09 0 5 02 9 1 0 4 28 4 2 1 6 5 1 950 40 75 5 0 74 02 93 771223 174 8179 566
103 120 5 9 58 0 7 66 89 2 1 83 887 4214 13 2804 12 0 286 14 1976 15 3 6 5097 12 455 75 2105 9717 8012
12913 0185 18215 0714 4775 3 5 92 94 62452 805 5900 9816 1215 5416 10275 104 5197 6762 73303 1108 935798
1 6 6 4 5733 85 20 5 5 09 0 0 5 5 54 9 9 1 6 5 9 212 10 05 9 8 04 13 23 821923 126 8779 567
196 123 7 3 57 7 2 02 81 8 0 82 767 1214 19 3357 90 7 015 14 7617 68 5 5 1286 18 405 90 2145 5092 8918
12993 1015 58897 9712 3359 3 0 80 18 80182 910 8112 4802 0215 5825 69219 125 5164 6916 97213 6763 585998
1 2 3 8 0123 45 95 4 1 66 0 2 9 0 77 9 7 4 0 5 1 972 72 29 9 0 24 12 23 090983 194 8919 578
159 928 5 9 10 8 8 12 89 3 8 82 487 1097 15 2309 18 4 972 04 7225 97 0 5 1284 95 704 12 2790 8714 6915
12315 9130 73218 4034 5301 3 8 12 76 72132 518 8709 9902 1850 5493 18075 209 9734 6357 53949 9193 149818
5 8 3 9 5823 43 02 1 9 82 9 2 5 9 08 9 0 1 2 5 6 012 92 46 9 8 24 10 88 880084 004 8023 558
159 123 6 9 72 1 2 12 03 3 0 48 727 0097 05 2219 30 6 499 18 6925 10 3 5 1299 12 315 62 8745 7029 7977
42313 1850 17215 0772 0110 3 5 42 98 78662 955 2500 9817 0858 8413 89410 929 5185 5345 50116 1153 027598
5 7 9 4 7867 05 82 5 7 86 9 2 4 7 67 9 5 1 4 0 0 702 52 44 3 8 25 18 03 898024 794 8118 056
058 729 5 0 02 8 9 12 89 5 8 87 057 4214 16 0314 25 0 988 33 1055 12 9 0 6266 05 453 12 2165 6268 0082
12003 5995 77916 8110 5720 4 0 10 98 76182 875 8927 9327 9206 0820 87775 905 5034 0288 53113 0173 560105
0 2 2 7 5523 35 12 9 9 13 0 4 8 1 58 9 2 1 4 5 1 012 40 09 9 8 39 82 20 091723 823 0420 305
803 123 1 9 82 9 7 19 89 8 1 82 900 1204 05 2914 19 7 817 14 2715 02 8 9 6878 02 415 12 2894 5712 8992
16983 7935 79214 9703 1927 3 7 92 98 12652 715 0702 9212 1895 9465 01215 294 5674 0090 98395 6153 122148
9 2 2 4 5123 75 09 5 5 14 5 2 7 1 88 7 7 1 3 3 0 812 18 49 7 9 24 06 56 839267 025 0920 596
193 143 5 9 82 8 5 69 80 3 1 34 989 0214 14 2376 32 4 012 70 1210 57 4 5 9989 00 585 49 7165 8710 8712
18313 1733 16105 8022 5101 0 5 29 05 15446 815 7642 7502 1235 5413 70216 723 5189 5307 53011 9103 126100
2 9 4 5 7623 69 12 9 0 80 9 5 9 8 48 0 4 1 4 0 1 916 02 38 9 0 04 13 75 397223 394 0703 056
120 007 0 0 67 0 2 09 89 5 7 89 687 1219 55 9315 19 4 972 43 1615 93 0 5 5259 82 015 19 6190 8816 9516
19993 8457 13080 6752 4151 5 0 76 90 82807 316 8810 5892 6900 6493 12214 124 5404 5617 73273 1753 185598
9 9 8 8 0368 75 08 1 5 12 0 2 4 7 28 0 2 9 0 5 7 914 02 93 9 0 28 12 86 857243 106 1125 556
120 900 7 8 02 8 8 95 89 7 1 92 957 1214 16 5314 52 3 268 07 1915 12 6 3 9529 82 415 02 8145 8788 8892
12763 6116 73295 7872 8001 3 8 48 98 12138 867 7992 9662 1568 3463 10157 169 5833 5312 08713 1609 744389
1 6 3 4 0023 75 72 5 6 19 9 0 0 5 29 8 2 1 4 5 6 977 80 80 8 0 24 18 83 831860 679 1606 546
54 187 9 7 12 8 6 13 99 9 1 00 986 6296 18 9016 82 4 938 74 1220 02 3 2 4286 43 417 12 2195 7619 8983
18513 1117 83237 3712 7001 0 9 12 98 02188 915 2682 3758 1815 3418 02787 129 9504 5712 08573 1450 105140
0 9 0 3 5423 77 53 1 9 12 9 2 9 5 58 2 0 6 4 2 1 969 19 45 9 0 24 92 22 896825 822 5823 956
480 453 5 0 12 6 8 89 60 8 5 80 680 8070 65 3313 12 6 919 14 3016 15 3 5 0849 12 585 92 8189 8087 2910
00313 1935 13265 8750 5129 8 9 72 42 22198 819 8937 6815 1215 3674 75278 124 8784 8393 00213 0057 190298
9 2 3 8 9098 55 50 5 3 70 4 2 0 9 28 4 8 5 0 5 0 332 12 75 9 9 20 17 28 892729 127 5096 655
027 623 8 9 02 8 0 12 89 6 1 83 889 8210 15 0315 92 0 770 18 0295 86 3 5 9267 50 415 16 5195 8730 8712
77390 4135 12805 9572 8071 9 5 92 90 52132 887 0992 0652 1293 5413 86883 128 9134 5612 90273 9850 499168
6 0 9 4 5153 45 10 5 5 61 0 2 3 5 78 9 1 1 5 8 0 910 12 46 0 8 61 12 23 490623 920 9193 558
129 103 0 9 12 8 0 32 99 9 3 12 787 1200 48 0614 18 4 912 15 1715 12 3 5 4384 92 415 12 2179 0718 9034
10340 8221 08372 8912 5167 2 5 36 98 53702 870 9912 9602 0210 6653 10205 124 0134 6012 54200 9856 128198
1 9 7 4 5124 06 12 4 5 90 9 2 9 0 44 9 2 5 4 9 0 912 90 95 8 8 28 80 23 894673 128 8102 856
094 594 5 8 32 8 2 89 70 0 1 82 967 8265 16 0315 79 9 972 69 4265 90 3 5 3509 92 414 72 9640 7719 8972
42693 1183 10202 9912 7020 3 8 16 98 12162 988 4002 4000 8215 5818 12845 120 1940 6769 83217 5958 326190
4 2 2 6 5103 09 10 0 5 16 9 2 0 1 98 9 2 1 8 7 4 912 17 99 9 8 24 15 28 890727 604 7909 557
186 123 9 7 85 8 2 17 80 8 1 87 989 0011 15 2047 12 4 975 68 8175 10 9 3 9099 92 500 15 2341 8812 9892
50589 1155 13210 9903 5181 4 4 12 08 10512 405 8712 7812 5398 7417 16813 020 5434 1310 50503 1689 025576
1 2 8 6 6923 65 12 5 7 05 3 2 8 0 80 5 2 5 3 7 9 412 32 45 0 8 21 08 21 031423 125 8123 458
164 533 9 9 17 8 2 87 89 8 5 82 702 1314 10 0359 12 4 912 14 1245 16 0 5 8278 53 015 49 5545 8772 9342
19613 1166 10202 6767 0121 3 9 19 58 52080 835 0412 4812 6705 9270 18218 969 5834 5312 53563 1363 926395
6 2 4 0 6129 65 10 2 9 87 3 2 0 0 24 9 0 5 4 2 1 982 12 41 0 6 94 98 26 895228 120 4021 056
023 157 0 9 72 8 5 32 80 6 7 82 987 1394 26 4914 16 4 916 04 5255 12 9 5 9273 16 413 82 2645 8774 6019
67163 8565 14074 8791 5761 3 5 88 94 12178 710 8918 0679 1259 6776 12090 124 5104 5318 07398 6184 166195
1 2 3 0 6158 85 90 9 2 07 9 8 9 1 78 3 2 1 6 5 2 912 02 70 8 8 27 00 73 891279 120 9423 558
623 224 9 0 10 8 4 15 89 9 8 72 080 6014 85 2272 47 7 912 10 0685 15 0 0 5099 12 777 36 3650 8012 9978
42040 9778 73295 8012 5420 4 0 17 06 12162 677 8212 4818 1615 0429 12842 924 5131 8793 53410 0058 000198
1 2 3 6 5121 45 12 4 0 17 6 9 0 9 97 9 2 1 8 5 5 018 32 41 9 0 26 02 23 601023 928 8323 854
703 823 5 0 13 8 2 12 08 7 1 49 189 5630 16 5304 12 4 928 18 1205 92 3 5 1280 12 415 77 2605 8711 4915
12399 0100 70219 8012 5827 5 5 72 58 94168 015 8718 9842 0865 5517 12205 184 9034 5350 93133 1953 927998

13303 1035 08275 8972 3583 4 5 12 98 11578 974 9516 9619 1515 5453 07368 026 0695 9472 50273 4154 107178
5 6 6 4 2024 88 22 6 6 60 6 9 9 9 28 9 2 1 4 4 0 917 10 92 9 0 98 72 63 891223 110 0423 658
323 727 5 0 52 8 7 66 09 6 1 42 088 7285 09 2314 12 5 998 14 9266 70 7 0 0269 72 498 12 8175 5712 0975
09340 1435 49215 8972 3021 3 4 16 95 42000 611 3913 2807 1619 0814 81215 974 7134 9626 63213 7003 024178
1 0 7 4 5180 60 10 5 5 16 4 0 4 6 65 9 4 2 4 5 6 912 60 95 8 8 24 38 73 331293 024 5323 556
74 126 8 9 12 8 2 12 83 6 1 62 789 1680 85 5374 15 8 811 74 9259 82 3 5 1580 22 419 72 7077 0712 8244
19350 7822 85215 9040 8123 0 5 58 78 10170 410 8012 9669 9895 5477 19916 166 4180 0810 53617 8153 925198
4 8 0 4 8223 45 09 5 8 12 7 5 0 2 78 9 2 1 4 5 4 917 92 45 9 8 04 12 28 891600 629 0120 656
728 163 6 0 17 8 5 12 72 8 1 84 089 1207 05 2904 90 9 092 90 1212 12 3 0 0750 12 499 15 2165 3608 7989
52093 1139 53213 8962 0029 4 2 32 96 62158 875 8912 7712 1065 5407 82309 908 8186 0332 73843 9153 128079
1 0 3 8 5600 65 12 5 8 04 9 0 2 1 18 5 2 5 6 5 1 612 00 05 9 8 65 19 93 071223 194 0053 004
093 923 0 8 82 8 2 12 87 7 8 02 998 1984 50 2011 12 4 010 94 1806 15 8 5 6804 02 315 10 2700 8002 8095
12709 9149 10204 5919 8821 3 4 12 96 02182 010 8714 9502 0217 8713 72210 824 5034 0610 59583 6183 377598
1 5 3 4 4342 55 01 2 5 10 9 2 5 9 27 2 5 7 0 5 4 012 95 46 9 8 02 13 23 004229 809 8764 356
133 023 6 9 90 8 8 98 89 0 5 52 585 8612 19 6316 12 4 612 14 8215 13 2 7 6274 19 535 68 2195 0792 9512
10303 9805 13633 9712 9731 4 5 12 98 95182 085 8493 9410 4840 9419 99215 034 8136 5352 97713 2192 625104
1 2 3 0 5129 64 10 6 5 90 8 2 6 0 08 9 8 1 4 0 1 912 43 43 9 8 30 12 45 885220 124 8123 006
729 149 1 9 02 8 2 07 69 2 1 92 686 5014 28 2214 02 4 913 11 7997 46 0 5 1080 96 415 12 2060 8482 8926
19883207 205198
3 2 8 0 2829 85 40 5 5 95 9 8 9 1 88 9 7 6 4 6 9 914 32 42 9 8 24 72 23 949233 709 0020 546
628 123 5 9 20 9 2 10 82 9 9 82 758 7614 05 2718 59 5 910 19 8265 15 3 5 0288 12 695 19 0145 9312 8712
12307 1170 78219 8789 4430 0 6 12 70 00199 440 8952 3872 1918 0413 12215 144 6734 5315 23205 1856 075195
0 0 3 9 5123 40 05 5 0 16 9 0 0 1 78 0 3 1 6 5 0 085 12 55 5 0 24 19 09 091529 187 5126 556
126 123 2 0 57 3 2 56 86 0 1 02 926 1979 19 0375 15 5 818 04 1812 72 7 0 0289 12 315 97 2052 6072 3942
99349 8185 63295 9718 5161 5 5 72 96 18962 315 8210 9812 1225 5403 08008 824 0134 0317 73213 7100 825758
6 2 6 4 5529 35 18 5 5 02 9 4 5 0 29 5 7 2 5 5 1 292 52 05 8 8 79 12 73 893523 024 8120 786
723 173 4 9 72 8 2 15 89 0 1 89 880 9217 75 0324 12 4 915 85 0297 97 9 7 0989 12 715 72 2145 9712 3982
52818 8135 18015 9816 5310 8 5 88 28 12173 845 8957 9810 6036 0443 12242 147 4130 6012 63253 7186 205398
9 8 9 4 3953 15 12 5 5 02 9 0 5 8 77 9 2 8 9 9 1 712 00 88 7 6 44 19 87 858293 188 6162 056
59 823 0 9 89 8 2 14 77 3 1 88 987 4913 05 6709 10 9 918 89 1215 59 5 5 9782 58 410 18 9003 7018 8962
72368 1135 63285 0790 5121 4 9 04 98 02092 875 8900 9612 4990 5013 99615 324 5138 1992 46810 6450 821168
1 2 6 4 5020 44 37 4 8 17 4 0 0 7 29 0 7 7 8 5 1 212 13 55 9 5 53 62 29 892323 787 7821 595
003 028 7 8 14 8 4 52 79 5 5 80 689 1924 75 7964 82 8 918 15 1215 13 3 7 0289 12 405 17 2146 8717 3919
12493 2004 13810 6785 7126 7 2 12 98 86722 805 8910 9816 1665 5946 16535 109 2974 5308 79603 1123 183107
7 2 4 4 7533 45 12 0 5 69 0 2 9 8 28 8 2 1 3 5 9 010 16 43 0 8 64 32 23 611949 124 3983 506
190 923 5 9 29 8 2 19 39 9 1 80 987 1814 15 1174 16 4 512 94 4485 10 8 9 7202 12 045 32 2745 8712 8072
02914 4108 13417 9918 5101 3 9 80 90 15132 815 8919 9019 7290 5418 60085 903 5139 5346 59536 0193 965198
1 9 3 0 4893 05 12 5 1 17 9 2 9 1 28 6 2 1 8 8 1 182 02 45 6 6 22 12 23 991413 724 8969 956
196 170 7 9 62 0 2 42 06 6 7 02 907 1260 90 2046 72 0 012 74 2905 72 3 5 1184 86 201 12 7145 8762 4974
07407 1133 70865 8817 5101 7 5 12 96 77102 620 8019 0017 1705 8373 12215 124 9168 5317 53519 1153 746198
1 2 3 9 9403 45 78 3 5 62 9 4 7 1 27 9 7 1 4 5 6 092 08 45 9 8 04 62 23 880223 864 8020 456
722 927 5 4 90 3 3 10 88 6 1 80 687 1099 85 8014 06 9 912 10 5255 10 7 0 6289 12 815 52 5608 2722 8618
38818 1083 03299 9799 5621 0 5 82 98 06989 518 8962 9010 0215 5419 12205 423 5834 5762 03630 1863 129078
1 2 0 3 0873 95 93 5 5 62 9 2 0 7 08 9 5 7 3 4 1 912 12 45 0 0 94 08 29 761321 384 8123 456
125 928 5 9 29 8 2 02 89 0 1 89 080 1284 18 8319 95 4 912 14 1249 70 6 8 5285 12 416 12 2005 8790 7912
02812 1935 93299 7712 5140 4 6 12 97 12172 015 7112 9812 4797 0863 17715 139 5884 5316 93289 9159 195073
8 6 7 0 5827 45 12 6 9 00 8 2 3 1 09 9 2 1 0 9 9 015 82 42 9 8 24 63 04 990328 129 8125 556
700 016 6 9 12 8 3 92 09 9 5 88 997 1504 85 5304 82 1 972 00 4010 78 3 9 1289 16 415 46 9152 8710 8016
87013 1035 03917 6746 5121 6 5 72 93 84892 816 6650 9810 9511 5903 10290 100 5456 9390 58173 1156 620898
6 0 0 4 5667 46 18 5 5 72 9 5 9 6 22 7 2 1 4 9 0 512 80 49 7 8 27 12 93 899225 724 1805 350
890 171 2 9 40 0 6 95 89 6 1 95 597 6704 15 2154 92 4 752 14 1259 90 3 5 1230 13 429 10 6045 1792 0612
99313 7130 58265 0098 5561 3 5 07 49 94109 815 8919 9853 1995 8719 92240 680 5734 5313 59213 1103 825100
1 7 9 7 5187 69 12 7 7 12 9 2 7 1 27 9 2 1 0 7 1 340 42 05 8 8 99 15 28 091620 893 7177 545
523 193 5 0 92 8 2 01 46 4 1 80 587 7619 95 0310 59 4 800 14 5010 92 1 5 8879 72 496 82 8125 5812 0912
26210 1884 98215 9780 5991 3 5 12 98 16114 705 9080 9016 1270 6617 12216 124 5154 5380 42589 5073 102137
6 2 3 4 5193 47 08 9 2 10 0 1 2 8 28 1 0 1 0 4 0 712 19 42 2 0 29 08 23 881249 664 9193 576
653 326 5 9 99 8 2 12 87 8 9 86 887 0997 43 2306 12 4 002 18 1013 82 3 5 1289 00 412 07 2105 6080 8962
12868 6139 73008 8915 5641 6 5 59 83 03172 895 9981 1687 0214 2798 38095 826 7194 0979 27298 4153 826852
4 7 4 8 5136 06 02 2 1 12 9 3 9 1 24 9 2 1 4 5 1 913 98 05 9 8 27 19 23 607283 123 8133 566
323 023 5 0 12 8 2 82 80 6 7 52 785 1467 15 2311 10 4 012 94 1419 47 3 0 9394 77 002 77 0195 8319 8912
09624 9185 17200 8710 5161 9 4 04 98 92682 565 8312 9410 9214 5029 30814 124 9034 9378 53269 1183 265193
1 2 3 4 5243 45 18 5 5 12 0 4 3 4 88 8 7 1 4 5 7 902 17 47 3 3 24 82 28 800223 074 8323 556
30 640 5 9 72 8 3 12 49 0 1 82 509 6186 15 7410 88 5 910 14 1289 19 0 4 7088 65 417 10 9145 8842 8212
12314 8005 63078 8562 9111 3 9 36 95 82069 619 8612 9086 0394 3413 57898 179 9804 9324 53288 1153 125095
9 2 5 4 5916 45 16 8 5 12 9 4 8 1 85 7 2 8 4 8 1 712 12 05 9 8 95 14 93 691623 137 8133 909
523 103 0 9 56 8 2 12 89 8 7 02 885 9219 19 2314 92 4 900 13 1915 82 1 5 7988 12 505 62 7245 8374 8912
10323 7539 07209 8490 4328 3 6 11 90 02002 045 8910 8812 5218 7639 22774 234 5154 5912 57280 1150 551898
9 4 4 0 5123 25 09 8 5 35 9 2 9 0 48 0 3 1 4 4 9 818 82 49 9 8 24 68 93 895225 125 8195 954
724 773 5 9 52 4 2 17 09 0 7 87 580 2207 15 5300 72 8 032 84 8925 86 3 5 2289 57 448 82 4895 8862 9912
10313 1135 67265 8702 5909 8 5 95 02 57102 445 4617 9860 6690 0413 12611 048 5132 5277 59670 1753 625308
0 2 0 9 5507 07 94 5 7 12 9 4 9 1 28 3 9 1 4 5 8 902 19 43 5 0 25 18 01 091799 096 8125 512
120 323 7 8 72 8 2 72 90 9 6 55 289 2276 45 5354 12 8 300 18 7286 19 3 5 6786 42 804 83 4145 1710 0912
16013 4961 03215 8616 5121 8 5 85 98 66943 818 2916 0847 1535 5619 42634 229 9862 0090 53387 0053 068188
0 3 3 4 0163 45 16 5 5 02 0 2 0 8 24 2 9 1 6 0 1 912 82 00 9 0 24 19 23 990249 903 8909 596
326 130 5 9 10 8 2 37 79 9 1 85 787 1214 68 6314 10 5 912 10 7240 70 3 5 0200 02 415 10 2847 0812 4904
12963 0108 17280 8301 2747 0 5 74 43 12550 080 9912 9710 1615 5810 12067 824 4134 5912 59212 8153 190678
0 0 0 3 6123 49 17 5 1 92 9 3 7 6 28 9 2 0 0 5 1 910 12 46 7 8 32 12 23 600205 944 2190 556
023 923 5 2 19 5 2 12 89 0 1 82 987 1854 18 2388 12 0 893 94 9665 17 3 3 1009 95 407 99 4650 0112 9906
12817 2101 13515 8710 4120 5 3 86 68 96885 015 8913 9800 0815 5693 16008 631 0033 1385 87084 7550 127698
5 2 0 4 5093 45 12 5 5 56 0 9 7 0 04 7 2 1 1 5 1 956 72 65 6 8 07 52 03 891868 624 8003 750
125 119 2 9 43 8 2 12 88 9 9 69 880 1019 00 2314 12 4 009 94 7277 50 3 7 1279 30 015 19 2160 8712 9112
12519 1957 93715 8722 7950 3 7 88 98 65182 071 8952 6852 1715 5413 00805 100 5804 5310 03210 8146 935098
1 2 4 4 7079 07 82 0 5 10 5 2 0 7 28 0 6 7 4 8 6 316 69 40 8 3 20 63 28 899227 124 0728 556
423 663 5 9 98 2 2 12 40 8 1 82 986 1500 96 2340 92 4 069 13 1715 10 8 0 1269 12 419 12 9105 8752 4910
77368 1636 13895 8612 5591 3 5 00 48 12390 815 8919 0819 1215 0007 02235 097 5536 0315 03213 5503 128608
8 2 6 6 5520 45 82 9 5 12 6 2 0 6 20 9 2 9 4 0 5 912 13 30 9 8 94 13 89 291603 104 9124 589
403 773 6 6 36 6 2 82 84 5 1 77 930 1214 15 2387 16 5 919 14 1255 12 8 5 3217 66 415 02 3152 8766 7902
17703 1335 60210 0792 5150 3 3 17 90 62054 512 3912 9812 1715 7469 16777 000 0694 5818 41019 7053 122092
0 2 7 6 8127 40 32 3 4 12 9 2 1 0 28 9 8 5 9 5 9 905 92 48 8 5 22 00 23 306803 174 8189 596
620 128 6 7 32 8 2 15 79 6 1 80 807 8418 60 5364 18 4 910 04 1205 62 3 5 1685 17 665 19 2985 8759 5048
02716 0787 13012 8517 5521 3 5 60 93 95185 998 7460 9886 8215 5513 42877 107 4104 0822 08277 5883 127598
9 8 9 9 5429 43 12 5 9 62 0 2 0 9 08 9 2 1 1 0 1 316 12 45 8 8 20 14 03 891233 794 8093 559
118 673 5 4 62 8 8 72 54 0 1 82 987 8711 32 9004 16 9 912 14 5256 08 3 9 1089 12 015 97 7945 8915 0712
02310 1835 08215 9702 5161 3 5 02 00 42162 875 8712 9610 6779 6403 14215 173 8984 2022 57913 6606 785398
5 2 3 4 5123 00 12 8 3 12 5 0 9 1 08 9 9 5 4 0 1 843 16 90 9 0 24 12 30 593809 824 0793 456
84 824 5 9 10 8 0 42 89 0 9 44 958 9717 15 0304 17 4 982 04 7005 72 2 5 1288 13 515 32 2075 8774 8082
12308 3435 13206 3759 5020 3 9 12 98 69922 957 8912 9852 3225 8010 12010 126 5172 5312 53213 7151 360999
9 2 7 9 5003 50 76 5 8 10 9 9 8 1 28 2 5 1 4 9 1 001 82 09 6 8 84 73 30 451293 109 2125 958
128 150 5 9 52 9 8 11 99 7 1 60 977 9919 18 6304 52 4 816 94 1299 60 3 6 0589 82 105 16 8402 3980 8002
19317 1345 18043 9795 5131 3 0 12 60 18175 818 8012 5992 6615 0403 10900 024 5935 0312 02500 6159 524078
1 2 3 8 5153 86 10 5 3 02 4 6 0 7 17 9 9 7 4 5 1 146 12 45 1 8 44 10 84 890819 820 8042 927
163 623 0 5 91 0 3 17 39 0 7 87 967 0279 78 2324 12 4 452 78 1255 87 3 7 6269 02 065 92 7166 7719 6702
07310 0877 03035 8580 7121 5 5 92 98 12982 310 8497 2512 1205 5717 02337 154 5030 0395 23266 1683 147757
4 0 3 8 5823 95 12 5 5 19 9 9 8 1 25 0 3 8 4 5 1 409 16 45 9 0 58 02 23 897293 122 9723 550
163 563 3 9 40 8 5 12 80 0 1 89 967 5200 65 2916 10 4 972 80 4267 14 8 5 1089 12 403 82 0155 7012 8972
12373 1730 19255 8388 8021 3 5 80 85 65152 819 6512 9592 1575 7417 74215 520 0787 4310 53213 1183 305198
1 4 7 9 5100 00 32 5 6 12 9 2 7 1 78 5 8 6 5 5 1 934 17 55 9 8 23 52 93 099827 003 7424 006
073 999 5 8 34 0 8 97 84 7 1 82 985 6504 15 6078 64 5 912 82 1708 19 6 8 1247 02 713 12 2105 8900 3012
16316 4155 13200 2212 8551 3 5 05 90 12679 985 8992 9617 2253 5003 14205 924 5004 0192 50711 1789 128147
1 8 5 6 9583 45 12 5 1 67 5 2 7 1 27 9 3 3 8 6 1 517 09 49 9 8 99 12 23 893690 324 7903 506
123 180 5 4 12 0 7 12 89 8 1 82 887 1204 15 0314 00 5 942 30 7245 02 3 0 9389 32 089 15 2730 8718 7714
54016 8135 13968 5877 1161 3 5 74 09 12182 715 4072 9372 1802 5784 12217 188 5005 5318 59013 4751 129099
7 6 0 6 7047 06 77 0 8 02 0 0 7 9 28 3 2 1 4 6 8 992 11 05 9 0 08 42 23 993983 104 8903 586
030 126 5 5 52 8 8 76 88 4 1 82 901 0219 02 8305 90 4 984 14 1215 83 9 4 8884 10 974 92 2595 8919 2912
02017 0937 16269 8291 5108 3 6 86 97 12182 107 8930 7819 8255 5403 62893 184 1130 5700 09243 6040 176607
1 2 7 8 8023 48 12 5 8 12 0 2 6 0 80 0 2 1 7 5 0 792 10 85 0 8 20 19 07 691023 825 8483 456
120 503 6 5 02 8 5 10 89 0 1 82 904 4214 85 6310 12 4 510 51 5278 12 3 7 3880 00 415 12 6105 9238 0998
99713 1687 17715 9712 5081 4 5 52 98 70588 815 8900 8090 7212 0414 78905 944 5134 5716 57610 1053 125148
1 6 2 4 3827 45 12 7 5 72 9 7 0 4 27 3 2 1 4 5 9 713 00 45 9 8 64 72 70 886823 074 8809 156
999 583 9 9 42 8 2 69 39 9 1 45 926 1254 07 4818 82 7 908 19 1219 12 0 0 6859 10 910 15 2140 8982 8002
02313 1135 16215 0752 0071 6 5 90 90 15192 817 8002 7812 3269 2600 12217 124 4190 5319 13003 1753 765193
8 0 0 0 0050 49 19 0 5 52 0 8 3 5 28 8 7 1 7 5 3 953 12 99 9 8 06 00 23 226973 904 8723 596
110 950 2 0 90 8 9 02 88 9 0 90 967 1297 75 5317 98 4 042 94 3297 12 3 7 0280 12 455 32 2946 8214 0014
12260 0175 93216 8752 0128 3 5 72 66 18197 818 7502 9910 3205 5483 69215 790 8134 5002 53044 1003 885198
5 2 3 4 8143 40 16 5 0 10 9 2 6 9 06 9 2 1 4 8 1 817 19 50 9 8 74 12 78 591223 124 2129 552
543 126 0 9 79 8 2 25 82 6 1 82 987 3086 25 2858 16 4 918 14 1209 12 3 5 4999 90 015 12 2198 8005 8012
12610 5155 35010 8752 5271 3 8 72 60 00883 155 8960 6642 1705 0413 12288 128 7185 0709 50023 1150 925190
1 7 3 4 5463 65 52 0 5 12 9 2 0 5 00 7 2 1 4 0 2 515 17 40 9 8 28 82 05 891927 326 3820 079
55 103 9 8 52 9 2 44 80 0 1 18 999 9218 08 2014 17 0 908 80 6915 12 0 0 1283 50 665 12 9145 8778 5912
02303 6535 81896 8322 8920 3 5 72 98 97876 618 8576 7972 1205 4510 50255 126 0138 5792 09393 8653 174198
2 2 3 4 9166 48 28 9 0 72 9 0 0 1 28 9 0 8 4 0 4 012 16 41 4 2 76 13 63 751408 133 8703 956
123 693 9 6 12 8 4 12 80 5 0 92 687 7214 65 2395 72 0 782 14 1014 12 3 5 1299 18 915 00 5640 9710 8012
14303 4130 73215 8712 8026 5 5 63 50 12176 819 8912 4802 1015 3410 64215 540 1634 5215 26013 8150 125498
1 2 9 4 5183 67 06 6 6 92 9 5 0 1 08 0 2 1 4 0 3 592 00 45 5 0 24 12 87 851620 172 8671 956
790 620 5 6 69 8 4 05 09 9 1 59 988 3060 15 2384 10 4 900 34 1985 66 4 5 7907 12 619 12 2255 9416 7910
94083 4095 63265 8912 5245 8 5 14 04 90782 005 0932 9835 7815 0403 12215 027 5164 5387 50913 1853 925998
0 0 6 4 9420 15 52 5 5 24 9 2 8 1 46 5 8 3 9 5 1 812 02 45 9 6 60 92 73 991773 124 6173 006
854 927 0 9 12 6 2 06 59 9 0 89 997 4984 65 2994 12 4 118 99 8019 67 3 5 0384 02 415 15 4812 0312 8005
10393 1575 50313 8545 9923 9 5 08 48 30735 895 8012 5650 9715 8413 04275 123 5534 6012 63219 1453 575196
0 8 6 0 6123 99 88 5 5 02 3 2 4 0 41 9 6 1 6 5 3 919 60 47 0 8 24 10 23 090733 924 0928 557
107 029 5 7 10 4 5 19 39 7 8 82 978 1210 05 2314 10 6 812 06 1095 10 8 1 0200 16 416 10 2540 8880 9818
19173 1105 13405 0392 5521 3 0 14 30 52192 015 8982 3876 4610 5013 10205 124 5150 5312 03218 1053 475158
9 5 0 4 5423 45 12 5 5 19 9 3 2 1 28 4 8 1 6 8 2 012 16 48 7 0 50 62 27 401829 705 9789 660
825 705 5 9 12 8 8 12 89 0 1 89 984 1514 05 0319 72 4 923 04 1275 01 3 9 1089 12 415 12 2648 9712 7909
12813 1589 16285 8753 7821 3 5 18 58 08539 057 0762 9800 1815 5853 18508 524 5134 8331 86218 1945 625132
1 0 4 6 8023 00 62 5 8 09 8 2 9 6 28 7 7 7 5 0 2 912 92 49 5 5 04 70 50 711223 109 8143 957
029 320 8 4 10 9 8 12 88 3 8 52 927 7917 14 0514 82 0 912 12 9910 99 5 7 1280 06 460 63 2749 8710 6892
12358 1192 19205 8715 5092 3 9 42 90 16780 519 6902 2817 1299 5488 12253 924 3134 5842 03513 9058 065168
7 4 0 5 5023 48 04 4 5 17 9 2 9 6 08 8 2 0 6 5 0 058 62 45 9 1 44 02 20 690224 104 8104 556
120 328 5 4 92 5 0 62 89 8 1 74 988 1084 10 5814 16 0 812 19 4515 69 0 5 1278 17 480 11 2845 8102 8914
62913 1109 74515 8714 5120 3 8 12 98 62802 810 0912 9852 4265 8510 02215 268 7530 3602 07543 3053 196008
1 2 3 8 8128 84 02 5 0 92 8 7 5 5 89 9 8 5 8 5 1 761 15 46 9 9 24 10 23 891249 194 4580 658
129 173 5 5 40 9 2 12 85 7 7 82 508 1270 15 2516 14 4 980 09 7717 19 9 5 0288 12 445 10 0245 8912 8019
00596 0585 03060 8352 3108 0 5 62 98 62972 915 8992 0410 0245 1413 12085 137 8036 9318 50218 1853 123168
8 2 9 4 0623 88 12 5 0 70 0 2 8 2 18 9 0 1 7 5 9 904 92 96 8 7 20 09 09 888827 169 8353 097
127 662 1 9 12 6 2 80 89 3 2 82 983 0614 15 0314 12 6 082 15 1034 22 3 0 1399 92 015 67 7605 8816 7911
10698 7135 18911 8608 5621 9 0 78 08 90660 885 8972 7818 1210 7453 18805 924 5834 5372 03613 1159 922109
1 5 7 8 5603 95 62 0 7 12 2 2 8 0 78 0 2 1 6 5 7 712 00 46 9 8 28 12 88 596983 174 8127 556
124 456 5 9 92 9 2 12 47 7 1 84 902 1294 15 2817 92 8 919 84 1245 18 3 4 4289 17 110 12 4600 6719 0988
14310 0535 03255 1702 5181 2 7 12 94 12542 767 6709 2418 1230 5416 90239 078 5034 7332 59213 7336 720198
9 2 3 7 5163 30 82 4 0 59 5 8 6 1 78 5 2 1 6 5 0 912 71 45 9 8 85 19 92 893700 100 8020 844
94 965 5 9 42 0 7 22 89 2 2 22 780 6614 17 0454 91 0 205 50 6615 12 5 5 9783 10 415 12 2919 8712 8310
50884 9155 53275 5072 5025 0 8 19 92 18108 816 7979 9042 1756 5493 87215 338 5139 9602 59216 2870 125193
5 3 3 4 5123 70 00 6 5 68 9 3 8 1 09 9 4 9 4 5 8 915 82 45 8 7 24 12 00 791203 337 0129 526
823 923 5 9 15 0 2 02 69 7 3 92 890 0866 15 2319 62 6 796 14 1485 12 3 1 1276 12 499 87 2146 8786 8112
78809 9977 96212 8766 5660 3 5 17 98 16932 805 8910 9819 8975 0406 10275 187 6134 0312 74793 1973 921190
7 4 3 4 5120 49 12 9 0 12 5 2 9 1 06 8 0 1 9 5 1 402 12 83 9 5 84 60 23 400803 534 8740 556
133 923 5 3 10 8 2 12 99 5 1 87 287 1204 15 9383 12 9 999 54 0095 48 3 2 0289 22 885 16 6187 9112 9912
17313 1130 13065 8718 5685 8 5 02 98 00300 833 5778 4812 4215 5400 52245 124 5104 0470 59213 5506 105198
0 2 2 0 0829 65 17 5 4 02 9 8 0 1 77 7 9 6 0 9 0 912 29 08 0 8 29 19 92 807206 135 8123 556
945 109 0 9 62 7 3 12 39 7 9 82 910 1014 79 2315 19 2 613 97 1885 92 5 5 7289 39 390 10 0420 8756 0960
62610 8165 15835 3712 8681 3 0 12 98 90008 865 8012 8612 0213 5456 56497 524 5130 5612 53813 8860 160198
1 0 7 9 2103 72 12 5 5 14 9 9 8 0 28 6 2 1 9 5 6 002 14 55 9 8 64 10 26 899263 120 3723 150
203 173 5 9 82 8 9 58 82 2 1 82 987 1218 10 8514 02 4 912 08 8715 21 3 5 1999 54 458 12 2198 8715 0918
86934 1430 13262 5692 0100 6 5 63 08 12142 878 8917 9619 8715 6308 17605 324 9134 5810 53269 9103 827790
1 8 3 0 7128 43 00 5 8 19 9 2 0 9 77 6 2 3 5 6 6 674 75 93 7 0 79 10 28 800913 020 8228 553
565 120 5 6 95 0 7 12 86 0 1 80 977 0824 15 5613 98 4 910 70 1255 12 3 5 0089 08 415 72 2105 0712 8079
92360 9165 19215 8618 5100 0 5 12 98 52816 815 8912 8884 9715 9448 02055 473 5100 5952 09213 4157 495898
1 0 3 8 0023 02 92 3 5 82 4 5 8 1 09 6 2 7 4 6 0 601 19 35 9 8 94 62 73 891273 164 8520 676
923 171 9 9 12 9 5 50 32 7 1 80 397 1854 16 6874 42 4 512 71 1868 69 5 0 1689 72 719 19 2945 8712 8900
13312 1130 63848 7902 5128 8 5 18 97 12192 813 8802 2856 4205 2019 99119 324 5127 8056 55218 1650 125198
9 7 3 7 5523 65 13 6 7 02 9 2 3 0 29 0 2 1 9 6 1 610 16 74 0 8 54 12 08 821000 867 8177 506
600 173 9 9 11 8 2 88 74 2 7 05 987 1694 16 2314 62 4 917 17 1275 12 5 7 1189 06 414 92 8045 8982 8717
13373 6139 13285 4732 1680 4 5 10 08 82882 907 2996 6852 1203 7513 12516 024 4880 5312 04017 1173 195498
1 2 3 4 5103 84 80 5 5 32 9 7 8 4 28 9 0 6 4 7 1 057 92 08 4 0 26 72 73 090208 726 5794 844
475 473 5 9 30 8 1 12 87 4 6 39 981 1264 59 2316 70 3 401 04 1905 12 5 5 1209 17 485 12 0145 1702 8912
12313 4130 16018 8717 5120 0 0 62 57 02157 815 8902 0976 1515 5469 18205 724 6394 9398 64211 1353 189158
9 8 9 5 5120 45 10 8 0 12 6 2 8 1 05 9 2 7 0 5 1 502 22 40 9 6 04 18 03 801266 734 5025 896
700 623 5 6 02 8 2 12 83 4 0 62 767 1808 05 2319 12 8 912 65 1210 12 4 5 1278 40 739 17 2185 8010 0952
06393 8180 12005 8512 4181 6 5 03 68 82807 810 8997 9613 0215 5953 52290 080 5194 5312 07203 1453 504996

37397 1088 13215 8504 5024 8 0 12 68 00182 817 7152 9960 0815 6008 51228 724 7124 5275 53213 1653 125978
9 0 8 4 5123 35 32 5 6 86 9 2 3 1 28 9 7 8 4 5 9 987 05 95 9 8 74 93 54 899880 134 6988 529
393 159 7 9 16 8 2 30 89 9 1 42 781 9028 15 2574 15 4 906 14 9215 12 3 0 6287 12 715 86 5135 8912 8916
12011 6135 00831 8712 9101 8 9 48 08 10440 805 9010 9812 0205 0447 74218 925 0107 5670 99033 1153 625195
9 2 3 4 3173 88 02 4 6 52 9 2 6 1 38 0 2 8 4 8 1 018 82 40 0 5 24 94 53 899100 924 4753 876
56 583 5 9 12 8 2 62 82 0 1 42 897 4243 60 0614 56 4 919 14 1210 82 6 3 1289 19 485 55 3045 1756 8912
12313 4505 13058 8617 0191 0 5 12 96 72153 876 8086 7012 1289 7463 12205 197 5994 7912 50807 7159 195898
1 6 6 7 5285 35 12 7 5 96 9 0 0 7 27 0 3 1 0 5 9 747 12 45 5 6 24 00 53 798223 164 0143 520
083 683 0 9 10 7 4 00 88 8 1 88 957 1404 10 7514 12 4 519 19 1285 16 3 9 1289 19 465 02 2195 8716 8995
12353 9008 43270 8612 5529 3 5 10 40 12042 624 9912 9612 7817 0440 10015 194 7734 9397 37860 7458 126188
7 2 0 0 5123 90 12 9 6 82 5 2 3 0 46 9 2 1 4 6 6 982 17 95 0 3 27 02 27 706027 127 8024 456
123 993 5 3 10 8 2 62 89 3 7 84 884 1394 15 2314 70 4 072 74 1815 18 6 5 8282 12 410 19 0145 8762 8972
00960 1137 16214 9710 7120 0 0 62 98 02172 995 0979 8712 9805 5003 36972 124 5134 3306 73219 1100 835790
1 9 0 4 7723 92 77 6 2 12 9 2 0 3 20 9 5 8 0 5 1 518 72 07 9 8 34 11 43 997073 024 8384 896
023 023 9 9 02 8 6 22 79 4 1 76 997 1018 50 7335 12 0 082 14 9272 22 3 5 7353 12 800 82 8270 8795 8915
32313 1736 33205 9952 5321 3 4 12 90 06612 517 3982 9856 9410 8433 62217 426 4634 7868 53219 0073 187028
0 2 6 2 5223 44 19 5 9 10 3 9 0 0 90 8 8 1 4 5 6 062 92 45 6 8 47 12 63 895233 724 7000 556
022 893 5 5 98 4 0 19 87 7 9 07 380 9526 15 7316 16 4 912 14 1215 50 3 5 2086 12 615 12 7445 6798 8512
12313 1330 19714 8012 5171 3 7 02 08 12802 810 8984 9812 3255 2419 37219 184 4148 5099 53210 0104 135199
8 9 3 4 0824 40 02 6 9 99 0 2 0 7 08 0 9 1 4 9 4 412 13 45 9 8 21 18 04 005727 580 8193 956
622 127 5 1 66 7 2 13 59 0 1 82 880 5118 08 2860 10 4 912 90 1395 12 3 5 9277 12 716 26 4147 8719 8149
92600 0048 19710 8708 5021 6 9 14 98 92262 815 8912 7012 9895 5460 80955 004 8052 5672 59210 9713 545879
1 7 3 4 4399 47 12 1 3 16 4 2 5 1 28 9 2 8 0 5 6 322 18 45 8 5 29 42 05 801558 108 8123 556
773 163 8 7 70 9 9 02 89 7 9 84 897 1647 15 6414 12 4 912 98 0285 11 3 5 8081 85 210 12 9140 8981 7918
12698 1236 16215 0502 5428 3 0 18 88 15722 877 0912 9012 5713 5219 13985 124 5129 5315 83893 0153 150139
9 5 6 4 5103 35 16 5 9 84 9 2 6 1 20 9 0 6 4 0 0 512 14 48 6 8 97 18 61 898293 449 1623 559
439 901 5 9 80 8 0 42 89 2 5 82 988 1254 15 8539 12 4 968 14 1217 19 5 4 1985 90 605 82 4840 1712 3904
12097 1530 16759 8812 5080 3 5 12 99 12174 910 5950 9012 4075 0049 16215 664 7948 9912 53213 6183 125866
1 2 5 4 5103 15 15 5 5 12 9 8 6 1 93 3 2 1 4 1 1 014 10 49 9 8 90 12 73 791043 125 8107 556
973 135 5 4 02 8 2 98 09 2 1 80 900 9215 05 2914 82 6 012 14 1595 19 3 5 1285 05 418 92 1085 6085 0712
30397 1139 93255 8702 5130 3 7 15 95 97180 817 8917 5817 3655 8883 97815 028 5834 3010 13957 8803 125201
1 8 6 4 0123 95 82 5 7 52 9 2 7 9 20 0 2 1 4 5 9 962 12 48 9 2 04 67 20 891423 129 8823 876
103 126 0 9 41 6 7 05 69 8 5 82 068 0214 85 2754 17 4 880 10 2205 12 3 8 9239 40 015 12 2209 7793 5592
1 5 3 7 0623 49 72 5 9 19 9 2 0 1 42 0 5 6 7 5 1 112 15 49 9 8 71 05 21 203323 130 8323 556
103 193 7 9 64 8 2 12 89 6 6 62 992 1414 59 2312 12 4 719 44 6793 00 3 8 7986 20 360 33 2545 8910 8900
78685 1035 78819 8702 0788 3 5 52 08 72202 009 7362 9812 1210 3213 92015 163 0804 5753 03363 0176 023735
7 0 9 4 5523 01 57 5 5 16 7 3 9 1 48 0 5 3 4 1 9 952 79 45 4 8 07 18 13 841983 124 8597 556
85 423 0 3 24 8 2 18 09 0 6 52 110 4934 07 2318 80 4 919 70 1246 52 0 5 6283 72 440 81 3709 8712 4482
82618 1937 44245 7706 9507 9 5 15 08 12182 125 0650 9612 1210 5413 02615 244 5202 9319 93020 3583 123108
1 5 3 0 5024 45 15 5 0 12 0 9 9 0 28 1 2 1 4 5 0 769 12 45 9 0 75 12 03 850287 920 7523 217
426 196 5 9 14 6 6 69 88 8 1 21 930 7064 95 2960 12 4 946 74 1216 32 0 5 1759 06 490 10 2969 9809 9472
12390 6134 63645 3763 5128 3 6 12 77 17192 815 8010 8816 8215 5913 12940 220 0735 0292 53918 1154 195190
1 3 3 4 5123 97 60 5 7 12 3 2 8 1 48 0 0 2 7 0 1 912 19 65 7 5 24 66 23 801570 134 0143 851
593 943 8 9 46 8 2 83 98 8 1 52 388 5290 05 0384 12 4 910 74 2819 81 6 5 5489 95 477 12 0045 0702 8911
08375 3135 13299 6982 0521 3 5 12 98 05196 805 8875 9932 1255 3413 52289 105 9136 9312 03473 8186 075993
7 2 3 4 0508 45 92 6 5 22 6 2 9 6 26 9 2 1 2 7 1 932 02 47 9 8 20 10 23 987023 125 5108 655
705 925 6 9 92 8 2 10 99 7 3 09 907 9804 99 2314 11 4 912 88 6200 17 7 8 5979 34 410 06 2746 2708 0882
12643 4135 10969 5660 5547 3 5 58 88 06152 477 9989 9818 0295 5876 22380 769 5133 4012 33819 1183 005898
0 2 8 4 5126 42 12 5 9 68 8 3 8 0 13 9 8 0 5 7 1 912 16 49 7 0 24 16 79 071703 124 5822 538
626 718 5 3 12 7 8 89 60 8 1 82 086 8262 85 0719 65 0 912 08 1219 15 1 3 1489 02 010 61 5170 8192 6712
02313 1132 97118 9796 7120 3 5 12 48 02741 817 8437 9812 0418 5846 12115 994 3184 5360 93213 0158 128198
7 2 0 5 5129 39 52 5 7 18 9 0 0 1 28 9 2 1 4 5 1 718 02 45 7 6 54 62 24 401823 024 8564 586
115 163 7 9 12 8 2 81 80 8 3 10 987 7232 10 8010 13 6 219 04 5014 12 3 7 6226 12 695 01 2195 8000 9892
32653 1078 13015 8710 5700 0 0 18 60 19190 819 8919 9654 5015 8963 70015 024 0514 0314 53274 9073 625148
8 2 4 8 5193 55 12 6 5 18 9 7 9 1 68 8 6 5 0 0 1 669 12 45 9 0 04 10 29 699804 604 8123 556
173 098 5 9 16 4 2 12 89 8 8 57 987 1077 16 8317 02 4 914 74 1210 07 0 5 4070 12 510 62 2374 8716 8912
10313 9635 73210 8612 5171 0 7 10 98 72162 565 8900 3892 3218 5419 62685 124 7190 0265 03047 1653 755148
1 2 3 4 5163 05 19 8 9 99 8 2 9 8 98 7 7 5 4 5 1 958 00 47 4 8 69 02 23 867524 925 8191 556
803 100 4 7 63 8 2 12 89 7 1 98 987 1514 99 2717 11 8 008 54 0810 12 3 7 1380 60 507 11 2309 8852 4918
02358 1167 03215 7017 5121 0 8 10 98 92172 819 8816 3012 8915 6008 42275 565 8534 5013 53318 1553 183108
1 0 2 6 5103 75 72 5 7 12 9 3 0 1 28 9 2 1 7 5 1 702 42 64 5 8 47 83 03 403086 126 8933 402
957 923 7 9 12 8 5 14 69 5 0 97 037 8704 95 0365 82 9 512 13 1274 72 7 5 1229 30 027 10 0046 7118 9785
13609 1335 07335 5712 8807 1 0 62 90 77102 829 8974 8921 1294 5713 12266 990 8184 5583 43013 4053 625549
1 6 3 4 5054 45 35 5 5 05 9 2 4 1 47 0 2 5 8 5 1 912 97 45 0 2 94 74 97 890256 126 8163 476
923 163 4 9 10 8 5 62 85 8 1 99 977 1218 50 2814 96 6 810 39 1903 13 3 5 6296 32 485 12 2345 8012 8817
04010 7135 14316 4792 1120 0 5 48 99 32932 888 8978 9858 9215 9440 22318 824 6004 0375 87003 1153 185199
5 2 3 5 5803 45 97 5 8 92 9 2 0 1 84 9 0 1 4 5 1 902 18 95 0 7 24 18 27 893053 154 0880 758
003 020 5 5 10 0 2 52 89 9 1 82 630 1310 95 8314 92 0 968 16 2318 72 3 5 1983 03 935 12 9145 8640 8089
12117 1145 09910 8719 5198 3 6 12 99 72972 805 6808 9918 0757 6315 10215 218 5834 7312 50213 4943 195984
5 2 9 5 0120 48 92 5 5 19 7 7 9 1 28 9 2 6 4 2 0 985 77 05 0 3 04 90 26 891729 534 5220 606
59 604 5 5 99 9 5 74 79 3 3 99 964 2214 76 2314 12 8 433 14 0719 02 3 5 1244 42 515 02 3055 8719 0912
52313 7805 93992 3772 5981 3 0 82 97 12192 815 0017 9912 1510 5963 02211 424 7379 0317 54214 1143 889168
1 3 8 4 5048 44 10 2 4 00 9 3 0 1 28 9 2 1 7 5 8 900 12 02 8 8 39 72 60 798527 185 8673 556
599 128 5 9 13 8 2 92 89 9 7 82 927 1010 35 2304 99 8 918 04 0214 82 7 7 5739 42 314 10 6135 8786 8951
97319 3791 19915 8908 5231 9 7 84 97 36402 879 0580 9899 9985 8416 95815 024 7134 5929 53217 1151 192198
9 2 9 4 4143 08 88 5 5 12 9 8 8 3 28 0 2 5 6 0 1 582 17 35 0 8 94 92 23 891728 145 9703 823
667 977 0 9 69 8 8 02 89 6 1 38 629 1214 56 1894 10 3 917 96 1259 10 3 4 1289 96 745 62 2125 8349 8017
15394 1735 07215 8980 6101 7 0 95 90 18384 802 2912 3852 9815 2440 00215 124 4634 5680 43013 5750 135100
1 7 3 4 4173 49 12 5 5 98 8 7 6 1 28 9 0 6 4 6 1 402 70 05 9 8 54 72 70 891284 124 8723 253
006 143 0 9 14 8 2 22 50 7 8 30 967 1264 60 2010 39 4 910 19 0713 12 9 6 1689 30 419 12 8145 6812 8590
14753 1136 77618 8019 5096 8 0 52 98 92592 915 0970 5812 1734 1905 12715 404 5124 5380 59663 4355 189195
0 2 3 0 5183 45 17 5 5 93 9 7 0 8 29 8 2 7 9 8 1 012 13 67 9 8 04 52 50 881748 714 6526 853
027 120 3 0 16 8 7 12 29 0 6 42 871 1204 45 2394 52 9 922 10 3975 13 3 5 5284 12 480 15 2647 6812 5910
83014 0165 19210 4787 0061 3 7 77 68 22182 810 2982 0740 8515 7068 17804 134 5133 7316 53813 1053 365188
1 4 8 4 4133 65 02 5 8 02 7 2 8 1 48 9 5 0 4 5 0 909 12 79 9 3 19 92 27 961273 729 8527 506
154 069 5 9 19 8 2 17 84 9 2 82 987 1610 90 8314 14 5 952 16 0210 72 3 7 1086 92 915 16 8145 0712 8992
13313 1133 63283 2912 5021 3 5 62 94 92399 910 8934 9819 1415 5413 62208 093 5954 0562 59249 7803 125438
7 2 6 4 5199 57 18 5 5 68 9 2 9 1 08 0 5 1 4 2 6 902 12 87 8 4 71 17 21 371310 194 8953 558
706 553 5 8 19 0 8 12 89 6 0 42 080 1387 94 2678 16 7 618 39 1715 62 3 1 0509 58 412 14 6145 8712 8972
12549 1909 53219 8717 5120 3 5 12 95 19067 713 7992 0819 1215 5413 00290 120 7144 5062 58213 1053 129968
1 4 3 9 5606 95 02 7 5 19 9 0 4 5 88 0 7 8 4 5 1 942 80 96 6 9 29 12 23 791123 125 8024 096
980 124 2 0 19 8 4 15 89 7 7 86 900 1217 28 2365 12 4 910 16 6560 04 8 5 1589 62 404 19 3940 0016 8420
52703 0739 83305 6719 5121 3 5 32 98 95142 465 8518 0812 1015 8805 12215 129 0638 8306 03713 5053 125108
6 2 5 0 0120 35 22 7 5 68 9 0 8 1 57 3 2 1 4 0 1 800 82 44 0 0 24 23 23 778223 928 7129 056
173 823 5 9 90 8 2 33 79 7 1 82 957 1260 99 2319 22 5 582 07 1280 12 3 5 5288 84 405 99 6157 8782 8212
12313 9075 73218 6012 5801 0 7 48 98 02146 328 9993 0709 9205 5802 13715 195 6135 5068 03513 1773 625143
1 2 8 8 5857 44 12 5 6 17 9 2 0 0 08 5 2 4 7 3 1 966 19 49 0 0 03 32 43 861554 124 2155 576
528 883 5 9 12 8 5 19 89 0 1 06 006 1223 15 9314 12 8 919 94 3279 10 3 3 4082 10 085 70 8199 2716 9992
52513 1083 93745 8712 5161 3 5 77 68 12086 104 7312 3800 9263 6413 17905 204 5104 6345 53923 8057 094728
1 0 8 8 5623 47 16 5 2 52 9 2 0 5 28 9 9 3 5 5 7 902 72 57 9 9 24 12 27 791829 194 8150 515
193 103 7 9 12 8 2 46 89 8 8 92 987 9324 00 8404 12 8 997 00 1269 02 3 5 1389 52 518 35 2942 9212 1787
16229 4874 33015 8062 5587 3 9 12 28 10159 855 8967 0832 0244 6417 64275 095 5834 0379 90273 7401 007198
5 2 3 4 6123 96 12 8 8 12 9 2 7 3 28 6 0 1 4 5 1 972 16 96 0 8 67 19 93 898223 178 8984 446
55 103 5 9 16 8 2 02 86 6 7 84 937 1388 15 2084 72 4 910 28 6215 12 7 5 0287 19 602 15 2145 8710 8916
73853 9875 13715 7712 5171 0 7 10 88 12182 865 8919 8712 1655 5715 12215 120 5538 5317 06043 1953 175947
8 2 5 6 6123 40 12 7 7 02 9 2 0 3 27 8 9 8 4 3 3 912 37 08 9 0 29 12 61 897223 984 8106 536
163 926 8 7 82 8 8 10 79 0 2 85 987 4644 15 6368 16 4 519 57 0295 28 3 0 4289 42 417 62 2198 7712 8915
87013 5175 72265 0749 0107 8 5 12 98 93602 910 9800 9812 1615 7706 85215 120 6946 5995 53010 2009 825698
1 9 6 4 5863 05 62 5 0 12 6 2 8 8 79 1 2 5 4 9 6 912 32 40 9 8 24 12 27 835869 124 7123 551
503 173 6 0 12 8 2 14 83 0 9 88 987 6704 68 2865 18 4 912 17 0335 19 8 0 1907 12 405 12 2160 9816 8072
19317 6976 73519 8059 5111 3 5 10 04 10402 819 0916 0819 1615 8485 12355 124 2894 1016 55583 0053 025198
6 4 3 1 0190 65 92 5 0 12 0 2 7 9 93 9 2 1 4 1 7 812 12 95 9 0 20 82 29 590629 125 0938 766
729 123 9 9 52 8 7 02 86 6 6 92 897 1914 02 3364 28 4 968 00 6086 12 3 6 1289 14 445 09 5185 8016 8990
02113 5745 14858 8792 9999 6 5 69 08 12110 088 8912 9870 1415 5477 00896 174 0634 5370 53018 2650 137090
0 2 6 0 6128 45 92 9 8 60 9 2 6 1 90 4 0 1 0 7 6 902 39 48 6 8 28 46 23 093272 104 8720 555
123 903 5 3 12 1 0 12 09 8 1 82 781 6894 85 9560 19 4 915 89 7205 74 6 5 9087 10 657 82 2165 8062 7912
12312 1108 63232 8010 7800 6 5 12 90 57182 570 8714 0816 1415 3414 92215 564 8014 7306 53806 0265 178770
5 2 3 8 5226 25 19 0 0 10 9 7 9 1 28 9 6 8 5 5 8 758 52 35 9 8 26 12 03 691683 120 8123 556
186 015 3 5 12 8 9 12 80 7 0 17 480 6804 15 0304 18 9 863 98 9215 17 3 5 1284 81 415 12 8145 4017 8912
15319 3180 98210 9720 5821 7 4 02 58 82065 815 2812 4817 5412 5417 12205 104 5330 6306 53163 6453 123108
1 9 0 0 1163 05 92 6 5 79 5 7 4 1 08 9 9 1 4 5 7 472 85 95 5 8 99 12 22 561368 340 8724 466
826 023 5 9 01 8 2 97 89 5 1 80 787 4216 65 2314 17 2 912 10 0979 02 7 2 1809 09 419 12 2115 4014 8467
12316 6030 49416 8719 5162 3 3 12 06 12802 861 1632 0812 1586 6518 12965 105 9945 5338 03609 9118 135199
0 3 3 3 5923 45 00 5 9 13 9 7 8 0 68 7 8 7 4 0 8 953 12 43 9 3 50 10 23 818533 878 8120 503
113 403 5 9 12 8 1 02 55 8 0 89 088 1037 15 2098 92 0 972 97 1600 97 0 6 1280 97 475 60 3335 5788 0311
37382 7735 33898 8712 5121 3 8 02 98 76882 305 4373 0990 6786 5493 27010 804 6096 5365 98273 1133 735499
1 0 9 4 2627 49 52 5 7 52 9 0 4 1 28 7 8 0 4 5 1 412 39 46 9 7 24 18 63 801223 828 0687 589
420 043 5 8 62 7 2 10 87 0 1 92 987 1024 85 2302 10 7 692 61 1215 12 3 8 1069 70 405 98 3149 8792 8865
06843 4880 03401 1792 0821 9 7 14 90 14187 210 4052 8872 0560 7453 12666 124 5230 5091 56213 7103 885098
1 2 3 4 9120 77 12 7 5 20 9 6 2 7 48 5 6 8 4 9 6 610 62 45 8 8 04 02 03 991023 124 8803 756
629 023 5 5 62 5 4 19 89 8 4 82 007 7084 04 2614 15 7 403 04 1281 72 3 7 1209 12 495 62 0445 3312 8014
97313 1130 04210 0718 0907 3 5 32 98 80946 815 8942 8006 1215 5017 18275 979 5494 0112 59217 1150 765067
2 6 3 5 5783 25 18 5 5 73 2 0 9 1 28 9 4 7 6 5 0 686 42 47 9 6 24 12 28 991220 774 8173 556
123 455 0 8 18 9 3 92 19 9 1 92 047 2015 20 1084 07 4 222 04 1993 19 3 5 0285 10 485 12 7045 8728 1992
12373 5372 13945 8739 5170 3 6 12 90 02187 015 8862 9812 1985 5480 12281 020 9505 3979 53716 0103 925198
1 5 8 4 5523 55 12 3 8 66 0 0 8 7 29 7 5 1 4 5 1 002 18 45 8 8 24 96 20 801223 173 8359 856
58 123 5 9 62 8 2 52 39 7 1 82 782 2214 15 4379 08 9 906 44 1297 80 3 0 1509 16 495 10 2545 8702 8012
17317 7105 33210 8719 2101 3 6 12 52 10522 885 9212 9000 4218 5473 62618 145 5139 5312 55273 4355 120199
1 5 9 4 5903 05 92 0 0 79 9 0 6 0 28 9 0 1 8 7 3 939 18 36 1 9 20 62 23 887223 026 8093 157
023 483 9 0 02 0 2 47 89 5 1 08 981 8876 76 2710 98 2 032 10 1606 12 8 5 1919 12 417 14 2075 2912 8812
70483 8830 99515 8917 4126 4 5 16 08 15102 898 7915 4782 1009 4013 10210 165 8554 5314 05213 1686 059178
1 2 5 4 0120 75 92 8 8 12 3 2 5 2 29 9 9 1 0 2 0 842 12 75 0 8 88 46 20 890290 924 0183 876
973 180 5 9 80 8 9 86 32 9 1 56 787 1932 18 2384 70 4 008 30 1951 02 3 5 9790 12 460 12 5945 0612 8714
10515 1635 11098 8772 6120 4 0 14 08 10100 895 5912 7788 9345 0413 52975 228 5488 2314 59211 1153 065198
1 0 5 0 7326 50 06 5 5 82 3 8 9 0 28 8 2 8 4 5 3 917 16 05 7 8 04 02 53 146723 684 8481 656
183 103 5 9 10 0 2 88 87 1 2 86 987 7204 18 2700 12 4 805 74 1615 12 9 1 1084 12 307 51 2195 8762 5012
12393 6435 80684 8082 4101 6 9 17 18 16186 815 8912 9817 3215 8413 31215 150 5130 0312 53610 1303 105590
1 2 3 4 0125 45 97 9 5 12 5 0 1 1 28 9 0 1 0 2 8 304 05 40 5 8 37 62 93 901240 124 8106 556
243 069 9 9 10 8 3 12 87 8 1 89 987 0218 75 9314 32 9 912 13 4210 17 7 5 1779 02 716 17 6184 5715 8912
92313 9977 10265 8705 5821 3 5 12 88 69172 689 0572 9010 1815 2443 05290 520 5904 4862 93213 4153 121928
8 6 3 4 5135 55 12 5 9 62 6 2 8 1 88 9 2 1 6 5 9 918 62 40 9 6 24 18 63 094273 124 0950 557
723 928 4 2 12 0 2 10 81 0 1 82 787 0984 16 2377 12 4 950 14 7266 10 0 2 1220 65 450 02 2160 8722 8018
33869 9535 14915 6773 6106 3 7 79 98 69174 815 8912 9802 1016 5615 10205 124 5534 5016 57299 5055 125468
1 2 3 4 4703 40 86 5 0 20 3 6 8 1 08 9 0 1 5 8 1 899 10 43 6 8 44 10 70 491533 110 8955 576
133 623 3 9 10 8 2 02 89 9 6 40 947 1295 85 0317 12 4 817 94 1298 50 7 6 1209 12 655 82 2340 6812 8972
50813 1158 18215 9712 5121 0 5 12 98 82132 885 8900 9910 1215 5483 12805 660 5839 0872 53618 6158 125198
2 2 9 4 5103 95 08 0 5 12 7 3 9 9 20 9 2 9 7 5 1 912 12 45 0 8 80 12 23 800528 124 8128 056
113 123 4 9 96 8 4 79 59 8 1 62 017 1294 15 3318 42 9 917 94 8296 12 9 5 1489 12 915 14 2745 8010 7012
16310 1103 16917 0512 2171 3 7 10 98 00162 866 0012 9812 0286 5417 92516 084 5233 5112 53213 1950 396848
9 0 9 4 5729 45 10 0 5 68 9 2 9 4 88 9 7 3 3 4 1 958 12 50 9 7 34 17 73 995223 900 8632 856
700 795 1 9 84 0 5 81 89 3 1 82 987 1224 88 8384 62 0 950 14 1910 10 9 5 4469 62 388 80 9345 8712 9918
92370 9878 63819 0017 0128 4 0 97 90 12042 516 8986 6012 6019 5413 90213 864 8104 8357 83403 3169 134555
6 2 3 4 5619 05 78 5 6 24 9 2 6 7 98 6 2 1 8 9 1 992 70 49 3 8 37 30 23 897023 524 8121 956
983 593 5 9 02 8 4 30 89 9 9 07 860 1214 10 2316 12 9 418 14 2716 06 3 5 1209 20 468 12 2145 9018 8982
88313 4149 09285 8728 5126 3 0 15 98 15155 046 4918 0817 8700 5443 10815 638 5134 5582 52847 0971 128185
7 2 9 8 0023 00 09 5 5 80 7 2 7 1 60 9 8 0 8 5 5 626 52 99 9 5 54 12 22 857220 125 3123 856
107 127 0 9 22 8 9 12 89 8 1 82 569 1244 93 7919 92 4 712 14 3815 18 3 5 9289 12 914 42 8145 8739 1638
10430 1747 17200 2012 7971 0 5 12 79 92852 950 8682 7272 0615 4718 82416 994 4184 5032 59213 0475 105793
1 9 3 6 0023 75 62 5 5 10 9 2 5 8 65 2 2 0 4 5 6 952 42 48 9 8 27 19 61 091273 244 7115 566
56 824 4 4 82 0 9 72 88 6 1 82 907 1014 15 8640 82 4 914 18 1417 12 8 0 1244 80 418 10 0846 8912 8498
12313 7345 03265 7718 5121 3 7 62 78 82142 888 8912 0812 7215 5418 32909 456 5734 5312 53209 7193 105698
0 2 6 2 5103 03 12 3 5 12 9 0 0 1 28 9 2 6 4 5 1 612 02 49 9 8 74 16 83 592299 505 0103 550
123 629 8 9 72 0 2 80 75 1 0 92 887 3210 55 2044 95 4 675 84 7525 12 3 5 6238 12 415 12 5785 8909 9652
46413 1431 13210 8002 5103 4 5 42 98 72102 815 4962 9713 0879 0479 08717 164 7104 0912 88413 6107 520107
1 2 3 6 1928 47 56 7 6 22 8 2 7 1 27 9 4 1 0 7 1 652 14 40 3 6 24 00 20 795020 125 0193 506
704 723 4 9 12 8 9 82 95 8 1 89 987 1784 87 9704 12 4 219 49 7715 99 8 5 0645 19 786 08 2110 7612 8412
74303 1005 68010 8519 7120 4 5 98 50 82060 515 8914 9882 8217 5083 06709 142 9108 5312 06223 9103 105188
4 2 3 5 5620 49 92 0 5 12 9 2 0 4 25 9 3 0 4 5 0 977 14 66 6 1 94 71 23 891205 424 7179 586
723 029 5 9 18 8 0 12 86 3 1 02 980 1044 58 0796 72 4 022 17 1218 60 3 7 3279 12 415 12 9215 8749 8210
10900 8715 23217 8379 5199 6 5 32 06 19826 815 0962 9819 7800 5413 01275 113 5434 5382 63113 0663 029898
6 2 3 4 5123 45 12 5 0 32 4 2 0 1 28 3 2 0 6 9 1 909 14 95 6 7 24 12 93 801281 220 9798 050
033 128 0 3 12 7 4 72 98 0 4 82 967 1504 00 2315 10 4 819 18 9014 12 7 4 8088 02 491 02 2548 8712 8182
10457 1135 19603 9742 5111 3 8 72 90 12175 835 8912 7409 1095 6700 16215 700 5944 6318 59993 8656 147554
9 6 7 7 6193 45 12 5 4 55 8 2 0 0 08 9 1 1 4 9 1 912 14 55 5 0 04 19 33 891886 194 8933 653
423 123 7 9 14 8 6 09 89 0 7 88 907 5304 14 4519 81 6 716 64 1615 02 5 0 5009 10 418 02 0748 8912 8992
03114 1235 73215 8400 0121 3 4 13 98 82242 815 8972 6110 1845 0476 82910 128 8574 6399 56503 1744 304187
1 2 3 9 5123 95 72 6 5 13 2 6 9 3 95 9 0 0 5 5 1 912 92 40 0 8 31 13 23 695959 124 0123 592
473 491 9 0 00 8 3 17 89 3 8 12 587 1814 15 3376 12 4 907 31 1215 53 9 4 8659 82 095 18 0942 8712 0639
12313 1495 76010 8712 9135 3 0 77 88 12125 276 8611 9824 1365 9413 82408 034 7154 0319 77269 1159 145808
8 6 5 3 5129 40 70 5 0 02 9 2 7 1 23 9 2 1 4 9 9 902 72 46 7 7 24 10 73 691027 124 8628 556
187 273 5 9 02 9 2 12 89 0 1 87 684 3906 02 6354 92 4 119 19 3717 72 7 5 0282 00 800 86 5445 8730 8918
13813 1137 77315 8792 5121 6 4 52 08 72108 873 9972 0982 1417 5423 95205 194 5284 7378 53913 0129 855198
1 7 6 4 5100 45 10 5 4 12 9 2 3 1 68 9 7 5 4 5 1 917 12 83 4 8 44 02 98 811223 120 8823 559
153 843 0 7 12 2 1 92 89 8 1 96 930 1204 00 9684 40 4 982 84 1235 12 3 5 6006 52 415 16 6747 5700 9913
02683 9165 93215 0717 4134 3 5 82 97 12952 715 8112 0892 1485 5793 16280 649 8136 7200 56745 1853 105091
1 6 7 6 0313 45 60 5 5 07 9 4 9 5 43 9 9 8 4 8 1 015 92 48 2 7 28 82 23 847024 127 8892 556
025 191 5 9 57 8 8 16 79 7 1 87 984 1014 10 3339 17 4 712 24 1305 12 8 0 9593 12 415 12 8135 0714 0997
12861 1130 07275 8512 9127 8 5 12 98 12155 860 8010 6812 2225 5480 59477 124 7420 9312 70819 1930 827008
1 9 3 7 5756 95 17 5 9 02 7 2 3 1 23 9 2 1 5 5 1 410 92 47 7 8 04 86 90 891843 904 8123 521
823 123 7 3 10 8 2 60 80 6 1 87 987 0251 98 4810 18 4 982 14 1516 19 8 8 1298 61 415 12 2049 8908 8542
14313 8335 13018 0712 7474 0 3 12 04 82608 816 8918 4410 5705 7813 80219 100 0992 0352 05043 6027 925188
4 2 3 4 8173 85 92 5 7 42 0 2 5 1 24 9 0 1 4 8 1 912 12 45 9 8 44 12 73 895270 670 0625 357
99 193 8 9 04 0 7 94 18 6 0 06 976 0214 86 0284 82 5 715 08 7205 56 4 9 7456 50 415 12 2595 8000 6990
12015 0195 13916 8362 1876 8 0 12 97 08562 795 8992 9812 1218 5483 92015 848 0349 5372 58505 7170 123796
0 6 7 4 0167 45 99 2 0 17 1 0 5 0 25 9 2 1 5 5 4 912 02 58 8 8 24 12 73 891226 824 3428 557
523 883 9 9 16 6 0 14 89 0 7 62 987 6289 97 2310 17 5 078 74 1555 12 7 5 4279 94 465 12 8695 3519 8500
42113 0935 15615 6791 6141 0 9 19 54 15460 915 8966 3872 1098 9413 92215 084 5144 9982 53210 7907 145106
1 9 8 4 4923 00 70 9 5 02 8 2 0 1 27 9 9 9 3 0 1 788 42 40 7 8 24 12 28 898806 354 8175 506
523 700 5 9 18 8 2 18 87 8 1 08 489 4416 45 9314 12 0 900 14 1277 12 8 5 1389 77 475 12 6595 8816 1612
89113 1745 33265 8619 8125 3 5 02 90 17044 877 9762 9812 7278 5513 18055 124 0534 0612 83213 1653 575898
1 8 8 4 0120 45 07 5 0 10 5 2 0 6 26 9 8 0 0 5 1 772 12 02 9 5 90 18 23 331653 724 2123 246
123 820 5 5 82 8 2 88 49 9 6 82 182 1205 95 8314 12 4 982 44 1215 12 8 5 1289 80 015 08 4014 8760 8956
18253 1170 03015 9010 5176 2 8 92 98 02490 845 8937 9302 1215 2437 12285 028 5134 5782 06817 9139 165198
1 2 3 4 0023 16 20 3 5 12 9 3 8 1 88 6 0 9 7 7 8 271 92 45 9 6 25 18 28 059808 929 8113 579
523 423 7 9 14 6 8 14 59 0 7 40 910 1119 45 2004 12 8 912 09 6013 12 4 5 1289 12 415 72 0160 8319 0012
28615 1183 19245 0540 0821 3 8 02 98 32104 745 8977 9319 7285 5013 42512 124 5174 5340 24210 1196 668192
0 2 8 4 6609 05 62 8 5 18 9 2 8 1 24 9 8 9 4 5 1 710 12 46 0 0 24 19 88 897220 824 8163 056
425 175 8 8 51 8 8 92 77 2 6 24 987 3364 08 2395 17 8 012 00 1615 82 6 5 0969 19 409 87 2837 8782 8610
59312 0905 83215 7709 7127 5 5 12 08 10111 815 8272 9873 1995 8079 04995 429 5127 5382 51218 1129 523197
8 2 0 4 9120 49 12 6 5 12 0 7 9 1 23 8 9 1 6 9 4 988 28 45 6 8 24 10 23 685623 124 8823 450
523 823 5 9 62 8 2 12 89 3 1 19 977 9214 94 2094 10 0 092 04 0260 96 3 0 4080 92 215 12 0245 0312 0917
92313 7035 17015 6722 5027 3 5 15 88 15193 875 7092 9812 1090 5983 05515 144 6764 5309 59053 1093 126198
0 2 8 8 5103 15 12 5 5 12 2 7 0 0 67 9 2 1 4 5 1 972 12 46 9 8 34 10 69 096820 127 5104 091
926 123 0 9 62 8 9 12 89 9 1 02 987 1914 72 8354 17 8 901 00 1203 00 0 5 1949 19 955 11 8108 7952 8910
18384 1195 19245 7710 5027 3 0 02 98 51909 959 8712 9012 1215 5415 17230 194 5132 8330 52513 1100 125508
2 0 0 7 5122 45 42 7 5 12 9 2 0 6 29 9 9 9 9 5 5 032 12 05 7 0 27 12 23 791458 428 2009 656
005 689 9 9 99 9 0 12 09 6 6 02 586 1218 04 2054 60 4 002 14 5915 19 8 0 0254 12 498 12 2045 1309 0900
12363 1638 63315 8936 1131 3 4 62 98 12890 806 8585 9860 1260 0960 12585 824 4137 5002 53771 0062 125999
7 2 6 4 8133 26 00 5 5 12 9 9 2 1 18 0 2 4 6 5 1 902 10 07 0 8 24 57 24 790605 924 9124 153
001 175 5 0 99 8 9 11 89 8 9 86 580 1000 95 3292 05 0 302 14 1217 17 6 7 1243 12 405 62 6980 8710 8912
02613 7735 71657 8092 5126 3 5 12 96 84522 883 8972 9452 5206 6470 12205 105 0189 6012 73293 9100 025155
1 2 3 0 9120 41 05 6 5 15 6 2 7 4 88 9 0 0 8 5 1 972 72 85 5 0 78 10 03 851853 474 8129 499
993 323 7 8 82 8 9 92 89 6 8 02 987 1064 75 6004 10 5 112 10 1805 72 0 5 0282 18 885 12 2640 8519 8912
12513 1165 70611 8025 8921 0 6 18 98 10196 855 7912 4492 1205 8419 85285 024 5034 5326 50210 1405 167708
1 0 9 4 6123 44 19 5 8 12 2 2 7 0 28 9 7 1 0 0 8 718 58 56 7 9 26 12 26 090827 150 8124 056
38 121 9 3 92 8 8 12 45 8 7 82 187 8816 19 6314 12 9 917 14 5915 40 3 9 0300 32 419 62 8115 4802 7052
92309 1405 03219 8742 6161 0 5 27 08 27719 705 8617 9880 1403 5508 12215 102 5506 5900 53293 8103 166108
8 2 5 6 7925 90 12 5 3 15 9 5 8 5 29 9 2 1 1 0 4 402 00 48 9 0 28 52 23 891723 127 8923 305
826 673 9 0 18 2 2 58 89 2 1 02 986 0546 85 0314 97 4 916 63 4052 00 7 5 4289 14 415 03 5002 8712 8914
12816 1135 80295 8362 1021 2 5 78 98 10189 518 8012 9882 7715 5410 17205 120 0834 0842 93513 4063 005308
1 2 4 4 6923 49 02 5 5 52 7 4 7 0 28 9 2 1 4 8 7 797 30 60 4 7 20 92 79 504223 169 8526 336
203 177 8 6 12 8 2 12 89 0 9 58 988 5204 19 9909 02 4 612 18 9735 09 3 4 1099 18 415 69 3549 6913 8917
62033 0000 73717 7702 7198 6 1 32 07 75076 980 0972 9342 1230 5717 16017 125 5154 5814 43217 1156 557295
1 2 0 4 5683 45 97 0 5 10 9 2 6 1 28 9 2 1 4 6 9 962 82 45 7 8 20 62 20 001220 084 8122 517
183 123 8 5 72 8 2 48 87 2 1 88 780 0299 15 2004 12 4 992 16 1208 76 5 5 1069 16 474 02 2845 8710 5910
12999 1130 03615 8712 5121 5 8 10 08 17102 805 8812 9515 8289 6817 11245 154 9144 1312 53000 1650 725378
0 6 3 0 0726 45 15 5 5 18 0 7 6 7 20 0 2 9 6 3 1 989 11 40 9 8 25 02 29 094025 827 9120 556
189 683 5 0 12 2 2 18 47 9 9 82 987 1204 90 2314 60 1 912 78 0245 15 6 5 1289 10 698 92 2145 5446 3015
12368 1335 07715 0712 5451 3 1 12 78 54599 065 0676 0039 1210 5410 12275 923 8132 8092 13514 1093 197106
5 8 4 6 5147 49 39 5 4 12 9 2 7 6 08 9 3 1 6 8 1 632 19 55 5 8 99 11 29 071223 184 5190 586
974 023 5 9 72 0 2 76 99 5 8 02 397 1980 54 7582 16 4 910 74 9950 12 9 5 1788 42 355 43 2195 1072 8913
68393 1635 78535 8058 5943 8 5 62 68 06190 810 8987 9812 6265 5566 00215 129 5134 7302 53611 4950 185190
0 1 0 5 8888 43 10 5 5 32 9 9 9 9 05 3 2 1 4 5 1 952 10 47 9 8 29 19 23 891286 765 8020 558
709 123 0 9 11 8 7 82 08 9 1 02 587 6208 06 2314 17 0 918 74 1919 00 3 5 8049 02 038 10 8145 8779 8978
12819 1103 14615 0802 7191 9 8 00 48 16148 885 8875 9430 1215 5719 17205 120 0084 9967 24213 1713 973078
0 2 6 0 8133 08 12 8 0 18 7 2 8 1 20 6 2 1 4 7 0 912 20 48 9 8 29 49 28 880208 104 8830 558
723 083 5 9 12 8 0 12 82 7 7 82 907 2030 14 2928 35 7 573 19 1200 80 3 2 1088 18 398 19 2945 5670 8412
32003 0730 43440 8730 5620 5 5 17 08 02185 970 8013 9872 1215 6813 67688 198 2434 5382 07013 0173 725108
7 2 3 0 4823 07 70 0 8 85 9 2 4 8 98 9 2 1 4 5 1 967 17 49 9 6 54 82 09 491273 124 8117 559
573 823 5 9 19 8 6 12 07 3 6 82 987 3214 15 2610 19 9 903 18 1899 12 3 8 1286 12 419 42 3104 6672 8855
82303 0530 13202 4712 5421 3 9 02 58 02192 817 8942 9512 7295 5413 09510 624 5804 6062 53809 1899 148158
1 2 5 4 5123 00 02 0 5 10 9 2 7 1 29 3 2 1 7 4 4 956 13 00 6 8 03 12 29 891023 324 6523 502
033 599 6 0 19 0 2 02 80 5 1 52 580 9010 11 7914 12 7 472 19 1015 95 6 7 8017 18 496 10 1148 8710 8110
10813 7735 13289 8092 5260 3 5 62 98 93156 810 6501 9815 2276 8413 06706 120 7035 4392 60211 7053 227098
4 2 9 4 0111 45 42 9 5 11 5 4 6 1 92 8 2 1 4 3 0 714 52 47 9 8 34 17 56 891273 104 9193 056
100 123 4 9 85 5 2 73 00 9 1 82 907 1234 70 6744 52 9 912 37 5790 52 3 9 1083 99 285 82 9745 8012 9919
10392 1177 13200 8457 7109 9 5 15 98 18183 859 8983 9020 1016 5418 12708 624 5904 5316 33090 0140 735899
1 2 9 4 5063 65 02 5 7 82 0 2 9 1 17 6 0 1 6 1 1 595 12 69 9 5 20 12 13 481523 124 8623 650
57 123 3 9 19 8 6 60 79 7 1 82 980 1934 15 8874 98 0 909 10 7695 18 3 0 1939 12 418 18 7145 8782 6016
10315 0735 18065 8714 8178 9 4 75 98 30992 895 2912 9960 6210 9493 52715 104 5107 9362 60213 1543 029258
1 0 3 6 8424 89 10 0 7 72 9 9 2 1 28 5 2 1 7 5 1 955 13 75 9 0 74 69 97 091623 496 8126 856
126 099 5 9 51 3 8 11 00 6 0 92 087 1180 17 2304 42 4 982 10 1010 18 3 5 1963 16 215 12 2900 8675 8784
52483 1630 16815 8752 8738 8 5 16 90 02880 715 0992 6002 4215 5463 35217 104 5814 5319 70610 0155 775448
8 2 3 0 9723 45 13 9 5 62 9 2 8 7 18 7 6 3 4 5 0 910 62 75 4 8 24 12 93 896023 304 8193 508
193 726 5 0 69 8 2 05 54 7 0 02 058 9014 89 2301 80 4 032 54 1205 85 1 5 1069 07 419 76 2545 8772 8062
10333 0030 97040 4117 5821 0 5 17 97 18002 705 0892 9503 1815 5412 90697 064 5934 5062 53227 0129 389823
1 0 3 4 5873 28 14 6 5 11 9 8 8 0 28 9 2 3 0 8 0 800 82 45 8 8 04 12 22 294223 308 8127 154
026 529 0 1 10 9 2 10 46 0 1 84 087 1224 34 0314 79 5 872 85 7285 82 0 6 1200 89 375 13 2075 8712 7102
10305 9435 13815 8082 8921 0 5 16 98 12805 484 5711 0122 1815 2443 62905 924 0137 5330 56603 1126 623198
1 2 7 4 5913 45 39 4 9 02 6 9 0 1 26 7 2 3 6 5 1 082 12 47 6 0 89 02 25 300023 026 8723 501
179 320 5 1 52 8 2 10 53 5 1 82 987 7604 15 5324 60 0 912 14 1809 82 9 5 0289 12 897 62 6045 8700 8518
19313 4194 13209 9463 5121 0 5 22 98 52112 814 4902 9832 1915 5413 70209 123 0134 0310 64013 1557 199108
7 0 5 1 0127 44 12 5 4 06 9 0 3 6 09 9 2 0 8 5 7 710 12 80 8 8 29 14 29 890823 948 8608 756
427 193 4 6 12 4 0 15 79 9 8 86 903 7204 16 2098 42 4 912 34 1019 12 3 2 8289 62 987 32 2975 0712 0312
15873 7135 19217 8713 5160 4 5 10 56 12100 465 0468 9002 1584 5453 00222 114 6133 3312 02913 1153 025192
0 2 5 4 5133 40 52 5 5 40 8 2 7 2 00 9 6 1 5 5 0 519 72 40 5 8 89 14 03 874258 534 7300 516
603 107 9 6 02 6 2 10 80 7 0 88 083 8577 15 2378 12 4 967 34 1218 12 0 0 9509 82 250 12 0145 8812 3919
12535 1135 63895 6892 5001 3 5 12 98 52998 897 8912 0844 7215 5470 97417 024 0674 8088 54653 3353 045195
0 9 3 8 5173 07 42 5 2 74 9 0 0 1 09 9 4 1 4 7 7 912 02 95 5 9 04 16 23 872283 928 7620 586
189 903 5 9 79 8 2 32 86 0 1 75 660 7094 50 9349 48 3 992 05 6500 32 3 5 1089 16 415 32 2175 8200 1997
57319 6102 13027 8742 5125 4 8 12 98 12147 813 4917 9252 1210 0043 82215 824 5434 9319 09213 9140 923197
1 3 4 4 5044 75 14 8 8 32 5 2 4 0 28 9 2 1 5 5 1 762 12 55 9 8 20 19 19 831203 124 9960 546
023 103 8 9 99 0 0 12 89 5 7 89 900 1214 16 2317 15 4 090 08 4275 92 9 5 8649 36 614 92 7043 9749 8610
92093 0138 93015 7714 0827 3 6 10 38 70512 114 9919 9817 8605 5819 18015 808 5614 5912 00813 1353 109676
1 8 3 4 5100 45 15 5 5 82 0 2 0 1 30 6 5 1 4 5 9 768 12 45 5 0 72 15 71 860220 526 8003 300
178 104 5 9 12 0 5 10 85 0 1 48 984 0571 15 6380 82 4 942 53 1235 31 3 5 1205 12 415 11 6745 8798 5702
12693 8138 13215 8716 5120 7 6 38 98 19196 815 8008 5372 5215 5417 12299 809 5064 9312 69315 0982 748966
12013 9035 79276 7700 5324 3 2 10 06 75182 855 8992 9995 1962 5033 17211 529 0150 9352 95213 8853 120098
