8 2 3 4 5309 45 62 0 5 96 9 9 0 9 23 9 7 1 4 8 1 586 16 06 0 0 20 72 23 001927 129 8803 856 
123 228 5 9 12 8 2 19 36 9 1 82 987 0219 35 7025 82 0 914 55 0215 12 9 5 1809 41 705 42 2195 8808 8506
70313 9236 63215 8742 9438 3 9 00 98 08139 314 8905 7819 0045 9013 00055 174 0104 5358 73213 1067 120175
0 4 0 4 5123 05 12 0 5 92 9 2 7 0 28 9 2 8 8 5 0 012 12 05 9 1 40 42 28 091224 128 8080 556
57 080 5 5 55 2 2 15 89 9 7 02 198 8249 15 4392 15 2 992 19 3939 92 3 5 4988 87 400 18 0145 8562 8912
80393 3138 05215 8710 5051 3 5 16 48 10102 845 8913 8008 1218 2433 96248 124 9177 6312 53210 5953 065940
1 2 0 0 9700 40 19 5 8 12 0 7 7 1 83 9 0 7 9 5 6 410 86 85 9 8 04 12 23 890023 737 8120 500
093 853 5 9 16 0 7 12 00 0 7 02 980 1206 15 2323 17 4 972 50 1015 10 5 5 1648 13 415 67 0145 8412 0210
68219 9905 19715 6700 8149 3 0 49 03 08082 615 1914 8716 8216 5710 62795 193 8254 8980 23220 1056 199196
1 2 7 4 5123 19 18 8 5 91 9 6 7 7 78 9 2 3 4 5 4 922 09 45 0 0 34 78 93 891290 192 8177 586
554 803 6 7 72 8 5 12 88 4 4 50 987 9777 15 8730 82 8 912 69 1285 62 9 0 1989 19 436 32 0170 9722 8902
02010 2591 43518 0712 5151 3 5 17 76 15109 892 8915 9987 1013 6017 02209 763 6004 9911 40703 1603 157096
9 3 3 4 5126 46 52 5 6 10 9 2 6 1 08 0 2 1 0 5 0 942 12 45 9 8 24 12 20 806728 124 0127 558
803 430 0 6 78 8 2 10 26 8 1 60 895 1210 15 5309 92 6 760 84 9635 04 3 5 8587 15 415 15 7387 0252 8213
62384 1155 13505 8707 6147 7 9 72 98 12102 890 0939 5412 1515 9213 38815 104 8192 0914 33203 1153 595190
0 2 0 6 5690 75 12 5 5 99 9 0 7 1 20 4 2 5 0 5 1 412 79 45 9 8 25 00 58 091523 524 9193 066
899 663 5 9 19 3 2 12 60 9 7 72 987 1469 85 4714 65 4 972 28 0415 80 2 2 2083 12 495 65 2105 0686 4712
12703 1930 68295 0019 5821 4 5 13 39 12136 919 3652 8812 1262 5438 42818 324 7984 0112 03247 1150 535193
1 7 2 0 6070 01 12 8 9 62 7 0 5 1 34 4 6 9 4 5 2 917 89 46 9 8 64 18 09 801274 270 8163 536
135 197 6 1 73 8 2 53 89 7 0 56 000 7229 35 9014 12 4 912 04 7815 52 3 6 5489 09 415 92 0195 4352 5915
92069 5905 60106 3710 5961 3 5 32 94 56970 887 8947 9818 9205 5573 10466 128 4774 5210 58910 1043 125698
1 4 8 4 5528 95 22 5 7 82 8 2 7 3 29 9 2 1 8 5 8 939 89 75 9 8 24 90 23 891223 020 7137 356
123 468 5 0 72 0 9 41 99 3 9 68 974 1295 15 2017 67 8 992 16 8555 37 9 5 1928 82 405 10 6169 3762 8912
12717 1105 13295 8392 5351 7 5 18 08 17172 886 8586 9812 1235 8443 90212 634 5730 0173 73260 3152 175098
1 6 3 6 0023 45 89 5 7 84 9 8 0 9 28 9 2 1 8 0 5 919 12 75 6 0 24 56 25 854228 523 7928 509
125 708 6 5 12 8 2 22 90 0 0 82 050 1728 05 2814 52 0 678 14 1215 70 2 0 7079 94 418 92 0195 5716 6966
12713 4769 14018 8712 5185 9 8 75 78 19102 824 7919 9802 0290 5413 98200 127 5060 5308 50404 9993 048398
8 3 3 4 9183 45 46 9 8 92 4 9 3 5 99 0 9 1 4 8 8 810 12 65 0 8 24 16 97 899943 922 6922 559
183 403 0 9 32 8 6 06 89 8 0 72 588 1019 96 4310 66 0 022 69 9255 92 3 8 1279 14 495 52 2735 8922 6472
15679 5132 53395 6715 5122 9 5 62 96 15438 259 8912 9302 1267 6410 12215 823 3137 9310 31206 3276 128199
4 2 6 5 5708 49 12 5 5 82 9 2 0 3 20 9 9 1 4 5 6 912 04 49 9 6 74 02 79 991233 834 8806 596
123 654 8 0 22 8 2 12 72 8 1 08 916 1219 19 2320 12 4 092 18 1010 00 5 5 1289 32 445 11 2140 9748 2092
6 0 8 4 5650 05 86 5 7 88 1 2 0 1 23 9 6 3 4 5 5 012 18 44 9 8 40 97 27 891223 170 8129 576
193 123 0 3 57 8 7 30 90 0 7 51 997 1607 05 6374 15 9 816 94 1245 03 6 5 1089 40 410 05 8145 8018 8942
18998 1635 13815 8713 5131 3 6 52 56 52369 015 5817 9410 7215 5413 05215 109 5824 5319 59753 9056 120158
9 2 3 0 0103 30 09 1 5 50 2 2 9 0 89 0 9 9 4 5 4 310 94 40 9 3 24 92 03 891250 104 1123 556
55 583 1 8 10 8 6 10 84 8 3 85 986 8214 10 3318 92 4 447 14 9205 06 3 5 0289 19 007 02 2147 8860 6718
17528 7652 13200 8713 0129 4 5 00 94 18992 405 8970 5813 1415 0010 52015 724 8954 5782 00284 1150 125180
1 5 3 4 8193 90 30 0 5 92 9 7 0 1 68 0 2 1 9 5 3 612 12 05 2 7 26 68 09 690224 174 9502 557
805 620 5 9 82 8 7 12 38 2 1 82 991 8294 05 2300 14 4 912 14 1248 10 3 9 7950 10 791 65 9947 9010 8618
12353 0334 93515 9712 5120 3 9 10 58 19190 018 4912 5815 8218 5565 52615 304 5162 5332 02411 6163 825009
1 2 3 4 4325 45 82 5 5 12 9 5 7 9 22 9 0 0 4 6 1 500 50 65 8 8 44 12 23 890225 164 6183 851
149 036 5 0 12 8 8 18 89 0 1 81 867 6618 80 3017 10 9 412 04 1076 62 3 6 1287 15 494 69 9171 9909 8959
90314 9087 10415 8716 5127 3 8 18 94 96881 875 9907 7719 2738 9413 84019 174 5134 5338 03202 8056 108399
6 2 3 4 9153 40 72 4 5 12 4 2 0 9 70 7 2 8 4 5 1 010 16 45 0 8 64 12 28 564003 924 8504 555
130 150 8 9 82 9 0 72 96 0 1 85 982 7584 15 2319 12 4 092 15 7485 19 3 5 6399 35 418 12 2148 8716 7980
12013 7530 19919 9716 5407 3 4 15 98 97208 783 8549 9809 1282 5114 10315 129 5134 6380 43213 4153 125198
1 0 3 4 4198 45 54 0 6 12 9 7 0 1 23 9 2 9 0 4 1 046 72 86 6 8 58 28 03 861223 926 8753 559
159 120 5 0 12 5 2 12 63 9 1 99 985 4236 80 2314 92 4 538 84 1815 92 3 5 8280 87 405 62 2297 0251 8913
02319 7909 17279 8739 5820 6 5 72 90 50926 015 8910 9898 1475 5895 12215 124 5784 5534 05203 1153 927098
6 2 8 8 8103 09 77 5 5 12 5 9 2 0 68 8 3 8 4 0 9 099 82 75 9 9 05 12 20 890733 194 8123 556
663 324 5 3 45 8 2 12 89 5 1 38 977 1531 10 2314 02 9 782 80 1245 74 3 9 1200 80 710 17 2146 0712 4992
03971 1035 15210 0318 5827 2 0 12 98 42187 217 0809 9810 7615 5413 78675 144 5108 5571 53213 0154 455198
7 2 4 4 9695 49 15 3 5 05 9 2 7 6 58 7 8 0 9 7 1 012 50 45 4 8 24 18 23 828223 323 8000 506
566 926 6 0 52 8 4 52 64 0 8 80 808 6208 85 0079 11 7 270 84 5380 12 0 5 0409 05 180 12 2144 4780 9951
40794 1835 15216 8815 9918 1 5 04 98 62560 085 8976 8212 1115 4519 80215 125 7138 5312 45616 5233 520198
3 4 3 4 4928 40 12 9 3 87 9 2 7 1 20 9 4 1 4 5 1 992 84 45 9 0 54 52 23 397823 824 8525 076
123 154 7 9 12 9 4 92 89 0 1 92 989 7801 46 9384 07 3 614 14 1295 12 3 5 1047 17 019 32 4199 4812 8095
75113 2138 83225 6912 5169 3 6 39 88 83366 785 0916 0860 5215 9018 46295 127 5134 0308 55017 0796 905648
1 7 3 0 0523 95 52 5 8 12 9 2 7 1 28 9 0 1 4 9 0 962 12 90 9 6 24 12 65 895980 824 8023 737
725 424 0 1 16 8 0 92 29 5 5 82 987 8214 15 9499 14 0 998 14 0907 19 5 8 1549 52 744 12 3958 8716 0912
97916 1625 74277 9052 5026 4 4 87 98 22117 479 9962 7802 1858 5013 02375 004 5830 6388 52213 5055 548064
1 2 9 4 6317 99 16 8 5 92 9 4 6 2 25 9 2 1 6 5 1 916 19 45 9 8 27 17 99 441293 993 8129 568
160 322 6 0 02 8 2 19 67 8 1 77 630 1214 10 5744 60 4 015 64 6014 76 7 2 0209 89 572 07 3165 0782 8739
15313 1179 09215 8712 9029 8 7 07 62 67602 358 8942 0888 1993 5884 16277 524 9574 5093 85998 7653 125198
9 8 6 7 8123 47 66 7 5 12 9 6 9 4 08 9 2 1 4 9 0 912 12 75 6 3 24 12 20 990623 484 4133 057
157 103 8 1 14 7 6 15 88 5 1 81 706 4734 88 2898 15 6 892 49 1057 19 3 9 0683 14 008 20 2447 8749 8465
30313 1845 65218 6612 9121 3 5 25 32 04047 815 8830 0967 1299 5413 19915 686 5151 5602 83295 6153 028198
1 2 5 4 5069 56 12 1 6 16 7 0 4 4 28 9 2 1 3 5 3 770 02 45 0 8 44 11 95 894623 890 8123 856
50 720 0 9 19 8 9 12 07 2 0 02 950 1284 34 2864 12 8 942 08 4505 19 3 5 1979 69 495 10 1947 8718 0961
39113 1137 18015 8714 8000 3 5 50 98 12492 485 0170 9002 5215 5713 22295 784 4939 4312 59075 2083 195193
1 2 3 4 5222 04 12 8 5 19 9 7 7 1 28 9 2 2 8 5 1 912 10 95 0 8 83 93 03 785820 574 8183 553
147 213 4 9 82 8 2 52 89 9 0 87 944 5214 15 2304 19 4 811 14 1289 40 3 0 1285 04 865 38 0040 2769 8708
07313 0205 87208 9112 5528 3 5 12 44 17096 815 8917 5892 3918 7413 06956 009 6134 4522 58203 3653 725996
1 2 7 5 4413 91 02 3 5 09 9 2 8 1 28 0 0 8 4 5 9 306 92 45 2 8 77 60 67 871597 694 9123 556
124 124 5 9 12 3 2 45 81 9 6 92 987 6214 65 2374 13 2 562 64 8905 10 3 5 4539 65 615 02 9105 8015 0712
52319 1130 00069 8752 5761 6 8 18 98 60076 504 8910 9806 1215 4919 10309 069 5198 5802 80293 5153 225560
1 7 3 4 0123 95 14 5 5 42 0 7 6 8 23 9 5 1 7 5 8 582 18 08 2 8 54 52 24 891408 924 0923 059
523 123 5 8 02 4 6 13 79 9 3 82 887 5814 19 2315 84 9 978 10 0014 10 8 8 1289 12 405 15 0132 6517 8912
22303 0768 17605 6716 8681 6 5 12 98 19062 905 8912 7530 1315 6413 06225 128 6630 5952 04853 0153 025640
9 2 3 0 7128 45 07 0 5 98 9 2 0 9 19 9 6 0 4 5 9 912 12 48 7 8 74 60 50 406223 120 8920 657
123 173 5 9 12 6 5 52 89 4 8 82 988 1219 85 2895 07 3 992 64 8498 76 5 6 0505 12 008 10 8009 6772 0812
88743 0735 14215 3312 9971 8 8 12 94 46187 915 7912 9754 9294 6473 12265 724 5634 5317 63113 1903 125100
0 7 1 2 9093 40 79 9 9 18 0 2 4 8 28 9 6 1 5 5 9 920 12 47 9 9 84 89 23 897689 054 6847 598
323 193 5 9 10 6 2 75 66 3 1 82 187 8214 90 8714 62 9 903 10 9015 12 3 8 3464 28 444 19 2133 6909 8882
82318 1790 03295 8819 5880 6 5 12 98 76132 911 0619 0875 5299 5493 12193 124 7135 8002 53213 1153 005028
9 8 6 4 5123 48 58 0 5 22 9 2 5 3 70 9 5 1 6 6 1 992 12 45 3 8 57 16 20 860227 484 7096 506
120 159 5 7 40 8 2 52 80 4 9 12 885 4215 45 2909 10 9 910 94 1291 15 3 5 9885 18 813 42 4946 9610 0612
00126 8185 13705 8015 6121 3 5 08 88 12402 588 8012 7818 9241 4973 12225 027 0134 0317 00286 1163 175998
3 3 0 9 2123 45 22 8 5 12 7 2 9 0 06 9 2 2 8 6 1 572 68 46 5 0 22 16 23 899208 328 6423 557
783 153 5 8 27 9 5 82 89 9 5 36 578 1714 15 5909 72 9 922 14 9209 62 4 5 1989 17 016 12 7549 8797 0252
10357 0904 28905 6712 5150 3 5 12 98 85194 815 8012 9332 1515 5444 19282 829 7090 5018 55205 1850 105154
1 8 9 6 5173 47 12 9 5 18 9 2 8 1 28 6 2 0 4 6 3 217 99 95 5 5 24 88 23 906324 138 0125 056
520 122 8 9 98 0 2 59 87 7 9 92 982 1219 15 8814 69 4 990 94 6295 12 9 5 0289 89 715 52 3042 8103 7012
17986 1138 13615 6712 5129 7 8 70 99 92582 819 6912 6852 1317 6363 92068 324 6131 3312 53273 1183 051807
1 7 8 7 5193 75 92 4 0 12 9 8 7 1 24 9 4 1 8 5 1 110 71 75 9 8 25 58 60 881227 320 8523 657
126 723 8 9 12 2 0 22 06 8 0 99 685 1069 16 9974 12 4 916 14 5215 12 3 0 5689 86 715 12 0963 7812 6012
29033 9186 13709 8042 0126 3 5 12 98 12790 434 8078 8172 1285 9413 82212 720 9190 6314 53310 1164 965188
9 2 3 5 6193 95 02 9 5 13 9 2 0 1 46 7 0 3 6 5 6 312 08 15 9 8 14 83 93 896029 114 8123 559
023 563 5 9 12 8 9 92 09 9 1 42 985 6294 15 2314 14 4 012 13 6215 18 3 9 0899 72 465 96 0135 8788 8708
12394 0935 10229 8565 9921 5 5 16 99 60508 805 1778 8807 1115 5615 18200 124 5172 0619 58913 1688 561193
6 6 3 4 5923 47 12 5 5 88 9 0 7 8 29 9 2 0 4 5 1 992 22 49 9 7 24 82 99 891827 058 8263 606
58 123 5 0 52 8 1 12 79 8 1 80 784 1854 18 2314 72 4 997 04 4610 52 3 5 1464 52 619 90 6142 8612 8913
50013 1182 13215 7702 5428 0 9 19 55 82172 015 2910 9682 7297 0023 92215 129 8174 5378 53003 1153 125838
6 0 3 0 5123 05 66 8 1 12 3 2 8 3 48 0 2 0 4 5 7 989 42 45 4 9 74 12 27 261629 174 7720 556
109 328 5 9 12 8 2 42 85 1 6 83 987 2218 10 5018 52 9 910 34 1619 49 3 1 1288 69 950 78 6145 5619 8090
15369 2795 13214 8912 7121 0 5 52 99 12665 475 8910 6912 0995 5718 18909 188 0139 5912 55213 1629 925349
4 2 5 5 7927 81 12 7 0 17 9 6 6 1 98 9 7 6 4 5 1 990 14 45 8 8 70 16 46 731203 149 7193 756
529 323 5 4 12 8 2 19 81 7 6 82 989 1114 15 2894 12 9 967 84 1810 17 3 5 5200 10 417 59 8145 8332 8312
12943 5736 13013 8769 5576 9 5 12 93 05300 615 5978 4310 8595 9810 92234 124 5138 0302 96097 6785 939898
6 2 3 4 0193 45 17 0 5 97 5 5 8 1 90 8 2 1 4 5 1 015 78 46 9 5 24 03 29 001223 720 6188 536
023 123 5 9 91 3 8 02 87 5 1 88 608 0214 45 2380 82 4 992 71 1008 00 7 8 1209 13 430 14 2895 8912 5712
02356 1640 10805 9713 1197 3 4 11 96 52182 080 4516 6862 0418 3213 95219 123 5135 4302 53293 1753 925178
1 7 3 4 9173 45 02 8 5 10 5 1 5 7 24 7 0 8 4 5 1 069 96 55 9 8 54 17 67 899823 924 0143 597
775 161 5 9 59 8 2 16 66 6 1 85 887 1814 15 5244 60 4 913 52 7055 12 4 2 7489 82 813 16 6146 8792 9912
14318 0144 70715 8717 3021 3 6 82 90 64042 005 6652 9202 8219 5013 29215 120 5134 0308 64480 1026 115124
0 2 9 4 5128 05 10 0 8 14 9 5 7 0 03 8 0 9 6 0 1 913 46 43 9 8 94 02 03 091223 126 3023 556
123 123 5 9 18 8 2 12 89 3 1 72 080 1228 13 2014 19 0 518 54 0224 99 3 8 1759 38 415 72 2145 6048 8964
85717 1135 53015 8712 8791 7 5 17 88 70901 113 8612 9870 6200 2443 92715 120 5104 5313 93216 1159 605491
6 2 2 3 5523 45 90 9 1 18 9 2 9 0 28 9 9 9 6 8 8 882 12 49 9 3 64 18 87 091225 224 8120 066
727 023 5 9 18 9 2 47 89 8 6 57 987 1219 05 1014 12 4 012 34 1258 07 5 0 1289 04 015 52 0905 4712 2854
02313 1137 18286 8782 8864 3 5 99 98 12952 890 7592 1816 1215 5413 19905 104 9134 5362 34209 9153 129188
1 8 9 9 5760 95 72 1 5 00 9 0 0 1 76 9 2 1 0 5 1 917 30 46 9 7 08 12 64 091023 927 0803 556
698 123 5 9 72 8 3 28 70 3 4 87 686 1264 05 2322 82 3 912 18 8678 82 3 5 1299 12 405 14 2945 8732 0892
14313 0435 13219 3742 5164 3 5 18 08 76109 714 8918 7818 8215 3413 10218 180 9034 9304 63216 1170 522790
1 2 8 9 5323 49 17 3 0 12 0 2 7 1 28 7 9 1 0 5 1 612 52 50 9 8 24 47 23 891223 925 7460 254
073 622 5 9 12 8 2 12 89 0 7 30 907 1206 15 2396 87 4 912 14 7244 72 3 6 4286 12 419 13 2648 0704 6800
42313 0955 67276 6712 9458 0 5 94 58 12850 956 8912 9502 1817 5460 62219 784 5557 5312 69283 1163 120190
1 3 0 4 7085 98 02 8 0 02 9 7 0 7 28 9 8 1 4 0 1 512 10 85 9 0 54 12 23 891609 129 8723 556
320 173 2 9 89 7 0 72 89 8 8 82 387 3717 89 5314 77 5 912 13 1690 72 5 9 1285 52 416 62 2143 0002 8922
92398 8936 14215 8760 6926 5 5 16 98 70802 015 0078 3610 1066 5413 60060 124 5159 5312 53819 1398 125198
1 2 3 4 9727 48 16 0 5 17 0 4 8 1 28 9 3 1 7 5 2 872 36 05 9 8 95 14 74 897623 124 8225 356
120 195 8 9 14 0 6 12 59 9 0 02 947 1223 10 9368 04 4 912 16 0295 19 0 5 0960 14 473 10 8093 8496 2911
10017 0735 12615 8718 5181 3 5 19 08 92452 810 8902 9014 1611 5717 10844 174 7934 5014 53790 1107 109938
8 7 0 0 9120 45 02 2 4 10 6 6 9 1 25 8 2 2 8 5 1 602 12 05 9 9 04 69 23 760289 174 4203 757
56 179 5 9 82 8 9 92 99 5 1 80 089 8314 65 2614 92 6 909 05 1015 62 3 8 2284 05 419 12 6145 4797 6922
77313 8738 99285 8712 0701 7 5 71 08 05842 810 3912 9851 1290 5433 72248 178 5134 7384 53310 1993 720618
8 3 3 4 5127 75 72 5 7 09 6 2 7 9 78 2 6 1 7 2 9 612 94 99 0 5 21 62 53 856629 924 7013 576
170 143 5 9 22 8 7 96 83 0 2 02 950 1718 15 0296 12 0 280 12 3215 66 6 5 1289 52 785 13 5143 8780 5105
10110 1133 14959 7710 5779 3 5 13 70 12752 855 2902 5897 6832 0008 22295 120 5739 1018 43819 6403 025499
1 2 7 8 5028 45 14 5 5 62 9 2 0 4 22 9 3 8 4 9 1 080 79 45 9 8 24 12 46 091827 179 8103 556
023 623 6 9 18 8 2 19 89 3 1 82 989 7016 75 6569 86 0 914 14 8914 07 5 6 1289 09 410 82 9945 8792 2002
44683 1085 63805 8719 8025 3 5 73 90 10120 663 6700 7819 9995 5008 52730 624 0980 6312 95167 1995 125338
1 8 3 6 9923 45 16 0 5 18 0 0 6 2 48 5 6 7 4 0 0 812 15 80 3 5 27 10 23 890829 176 8163 056
523 125 5 9 12 8 3 15 09 0 1 91 907 7014 22 2070 86 1 790 34 1210 10 0 5 1580 12 615 07 2947 1712 8812
12960 1138 14228 8792 5086 0 5 52 98 12209 885 8012 3952 0510 4616 82460 136 5134 3313 53813 8358 050199
5 5 3 6 7123 05 12 0 9 52 0 2 0 1 57 5 5 7 5 5 1 717 22 95 7 9 35 02 89 861833 924 8723 506
183 564 6 9 62 8 2 12 83 9 1 89 987 9211 13 1504 82 4 999 14 9709 12 3 5 9780 80 450 16 2875 8615 6919
59310 0135 63215 8742 3121 3 8 28 02 53 851223 114 3123 576
104 529 4 7 19 9 8 82 87 9 6 29 976 9514 20 8394 02 4 914 18 9015 80 5 5 1089 40 415 12 9105 0012 8018
29508 4905 10817 8592 5280 4 8 18 30 12132 815 9702 9781 1235 5024 12015 179 4105 0518 57244 4179 685108
4 0 8 4 6728 99 78 5 5 12 0 2 2 5 22 9 2 9 4 9 5 912 02 85 9 0 25 82 23 741225 624 5647 016
923 189 5 9 10 9 7 10 69 5 1 82 630 9214 15 2314 12 4 910 18 8285 72 1 4 1486 92 910 70 2900 0722 5910
08346 9135 93895 2767 5141 9 2 79 68 82199 815 9919 9812 1081 5498 92216 129 4409 8809 59716 7114 175790

22863 6154 83250 8511 5102 3 6 12 79 12434 863 8968 9902 1235 9573 04037 003 5144 9382 81812 1153 125178
5 2 5 4 5923 05 82 5 6 88 6 0 1 7 98 0 0 6 7 5 1 212 19 40 9 8 09 17 08 599227 120 8923 053
719 978 9 2 36 1 2 12 89 4 0 82 967 8834 18 7354 17 3 915 14 1415 17 3 5 0079 72 414 15 1199 8710 4062
02393 5165 13405 8012 6105 8 5 63 08 94677 076 0212 9672 1795 5016 92212 124 5834 3402 93269 6196 125185
3 2 3 4 5128 42 12 5 5 82 0 1 1 1 06 9 2 1 4 9 1 382 12 00 9 8 24 08 29 590203 129 9147 506
76 189 5 8 24 8 7 60 88 0 9 82 987 0847 35 2017 12 0 706 14 1928 12 8 5 6287 92 005 12 9706 8704 8799
15003 1135 13293 7019 5081 4 6 42 98 70642 016 8919 7362 1015 4415 11888 705 0844 8385 53864 3403 136890
0 0 9 0 5923 25 82 5 5 52 7 6 6 7 28 9 6 1 1 5 6 082 12 15 9 8 20 12 03 891224 888 0124 576
123 970 9 3 68 8 2 16 85 9 2 86 780 7838 95 2374 12 4 612 24 6215 10 0 5 0225 10 412 19 0865 5719 8902
10003 1778 13680 8798 6269 9 5 72 78 15159 818 9870 9812 1418 0713 12035 424 7770 0712 53218 1909 083108
7 0 5 0 9143 45 15 6 5 11 9 2 3 9 25 9 2 1 4 5 1 082 10 04 0 8 94 98 23 090023 124 8605 557
720 023 5 9 14 3 2 10 09 0 1 02 987 1214 95 3304 18 0 019 14 1088 12 9 4 1687 86 405 92 8145 9723 0913
02380 9535 88015 8732 5151 4 5 92 98 12189 816 9917 9812 0611 5010 17297 224 5134 5592 53709 7153 125158
1 9 3 0 9372 45 10 7 5 12 9 2 7 1 28 5 8 1 9 7 0 932 82 09 5 4 58 12 93 398223 124 8123 596
159 023 0 7 15 8 6 12 00 5 9 54 987 7204 85 2944 18 4 973 65 9209 12 3 5 1289 36 410 17 2005 8717 5902
12813 1465 10245 6702 0625 3 5 12 98 12892 818 8918 9672 1010 5918 58995 905 5194 0302 23208 1373 025100
1 7 3 0 5189 65 04 5 5 02 9 5 9 3 43 5 8 1 7 5 1 992 92 75 9 8 28 32 08 091229 097 8767 949
106 173 5 6 36 8 2 00 80 9 8 82 979 1819 05 2014 14 4 918 14 1215 12 3 5 9289 92 585 10 2140 8796 6972
17033 1935 93218 7504 8007 3 0 79 98 12082 800 8993 9817 1691 5019 68815 809 5830 5000 93262 1029 900782
3 2 8 4 4796 40 08 2 5 12 9 9 7 1 26 9 2 8 4 5 9 912 12 60 6 9 20 13 95 891003 518 9123 538
053 193 2 9 09 6 0 48 80 5 9 59 587 1704 65 9904 12 7 912 18 1214 22 3 5 7989 02 419 82 2143 8710 8402
19678 0176 13910 8742 9460 3 3 82 68 18992 815 8910 6314 5205 6913 72008 404 5934 9410 03283 1853 985158
4 5 3 4 4183 35 11 5 7 02 7 9 0 1 25 9 9 3 4 0 1 962 42 47 9 5 26 76 23 092373 068 1926 977
193 903 9 9 92 8 2 05 61 3 1 07 589 4217 15 2869 72 4 972 44 9285 14 3 6 1089 07 515 10 2005 8799 0308
73387 0046 10215 7305 0021 6 5 47 95 19192 015 8202 6828 1293 0499 80095 124 5504 5390 54753 1153 125613
1 0 9 7 7193 05 92 0 5 10 9 5 3 7 28 9 9 1 9 0 1 002 02 06 9 8 24 60 03 868003 820 8023 796
123 113 6 0 10 6 9 18 87 9 1 82 087 2214 15 9324 92 0 986 64 7295 14 3 5 9265 02 416 22 6105 5780 8613
40310 1165 84568 9612 4701 3 5 12 28 32121 058 7512 0614 1066 5443 02215 624 8864 8316 97276 0653 525984
3 2 3 4 8423 45 82 5 0 62 4 8 7 6 76 9 2 6 4 5 1 912 42 28 2 8 29 12 23 898553 934 6127 546
199 620 0 9 52 8 2 31 59 4 8 02 683 9094 10 2314 18 4 942 19 1265 12 3 5 6084 17 018 79 2895 7752 8612
17813 4135 47203 6995 3984 3 5 29 96 67120 310 8919 9219 1415 0203 76608 124 5134 5872 83213 8083 025307
9 2 7 0 6152 45 89 7 5 48 9 2 4 1 58 3 2 1 4 5 1 852 18 90 9 1 94 42 23 591223 129 4264 896
123 927 5 8 12 5 9 16 39 6 6 17 987 0911 10 0816 02 4 909 15 0265 47 8 5 1356 16 015 08 2149 4818 6918
3 2 3 4 1149 39 22 4 5 12 9 9 5 7 08 9 5 1 4 5 3 013 90 70 9 8 20 12 98 890223 278 8928 553
027 103 5 9 72 7 2 12 89 9 3 58 054 1918 14 5394 12 4 018 14 8615 52 2 2 9050 96 419 08 2106 8700 8019
12213 4105 70314 5797 5020 3 0 13 92 12190 856 8212 0809 1510 9413 12290 770 5974 0002 53213 1153 520567
1 6 0 4 5523 79 02 5 4 82 9 2 7 9 48 8 6 5 4 7 1 912 12 85 9 8 77 82 23 847723 124 8609 569
56 923 5 0 00 3 2 16 49 0 1 82 987 1914 05 2306 12 1 782 74 9566 12 0 0 1274 12 495 60 2880 8710 9915
45385 1145 17295 5777 0125 8 6 12 08 03282 517 8912 9822 0905 2393 82016 780 7439 6695 53013 0853 128008
1 2 7 8 5086 05 15 9 4 12 9 5 7 1 20 6 3 5 3 5 6 313 97 80 9 8 04 19 25 899227 320 0909 996
123 820 9 0 02 8 6 16 07 9 1 44 087 1206 87 2384 82 5 992 19 0254 72 0 9 1289 49 719 64 7008 8732 5018
72380 3486 15298 8212 3801 6 8 13 90 12770 770 0827 9114 2255 5469 11210 022 6134 5072 07063 5476 157128
1 7 3 4 5124 49 77 3 0 84 9 4 5 1 28 9 2 0 0 5 1 916 92 46 6 8 89 70 04 894327 193 5123 754
616 709 5 9 12 8 4 52 59 5 1 82 967 1424 08 9357 39 4 909 80 6005 89 3 5 9288 18 885 12 6145 2219 4918
15315 1039 60503 9702 5121 8 5 76 67 82880 805 8379 9830 1465 5493 12292 069 3137 6052 29015 1153 165190
8 2 3 4 9023 67 90 5 5 10 9 6 6 1 99 9 9 8 4 5 0 919 62 25 9 6 28 12 27 091435 524 8125 854
128 183 7 9 72 8 2 12 80 8 2 86 987 0259 76 2312 08 8 910 87 1598 14 5 5 1059 82 415 16 9173 8212 1882
13313 1155 13815 4809 5871 0 5 75 94 42074 920 8982 8840 4515 5413 12218 114 4128 5392 07313 1150 125198
8 0 0 7 5113 50 11 7 0 85 4 9 2 9 68 9 2 1 4 5 0 962 42 49 9 8 24 30 20 851623 094 8108 096
195 023 4 9 12 0 2 17 47 9 1 82 889 7864 10 2439 12 3 410 33 1255 17 3 0 1589 12 375 10 2145 5702 0912
12398 7185 53915 0762 8129 3 6 92 68 02192 490 4967 2814 0666 5410 10773 104 9938 3615 53213 7970 105158
1 4 3 5 7123 02 96 5 5 16 9 4 5 9 28 0 7 0 4 8 1 810 14 60 0 6 24 97 98 890283 127 8523 556
118 180 5 9 18 8 2 12 80 5 7 89 087 3914 78 6284 60 0 907 04 8515 42 3 5 4389 10 515 10 1965 8749 8152
13301 0730 13715 8755 5161 3 9 56 92 77169 215 0886 9882 0816 5803 42250 128 6834 5612 50715 0881 125005
4 9 5 4 2503 47 82 4 7 68 9 2 8 2 29 9 7 7 4 5 1 909 06 48 7 8 04 12 43 790073 164 8320 896
123 724 5 7 19 4 8 80 87 6 5 89 988 1059 17 4018 15 4 997 12 0215 51 8 5 7989 12 466 52 2808 8772 9912
82713 0635 63810 8792 5420 9 3 12 25 02412 686 5902 9010 9209 5603 18847 153 5104 0318 53253 1106 629598
9 8 3 6 5982 05 06 5 1 12 9 5 9 0 20 9 0 1 6 6 4 079 72 06 8 8 24 12 09 991423 324 8353 750
173 063 5 4 15 8 7 18 19 0 2 82 960 2284 76 6694 12 0 062 04 6010 82 3 5 1789 11 415 10 2940 0782 9033
12013 7835 14798 6912 5901 7 5 09 38 82962 794 8912 0812 8065 5799 02005 104 5931 5710 63690 8176 186999
1 0 3 2 9193 78 10 3 5 52 9 2 7 2 66 9 2 6 4 0 1 949 70 75 9 8 64 79 23 996424 147 4979 507
933 186 5 5 16 8 9 08 89 6 1 93 886 1239 15 7078 10 4 570 04 0007 82 0 5 4219 62 407 10 4745 8812 9919
12913 1185 19219 4716 5320 3 5 10 98 19107 919 0012 9812 7710 0318 63705 197 5134 5302 53203 1180 155138
1 9 7 9 2223 50 10 2 7 12 0 2 0 8 78 9 2 7 4 5 9 996 12 40 9 7 24 68 98 871023 474 6128 559
169 903 5 8 02 4 3 13 89 9 9 82 030 1604 15 0218 96 4 812 16 1030 12 8 5 6219 10 415 05 7179 8714 8912
19313 7492 13814 8712 5171 7 7 52 97 12149 810 8285 0862 7710 4808 12262 123 5166 4312 14213 1153 135878
3 2 6 4 4125 55 62 5 8 92 5 7 4 5 80 0 2 1 6 0 0 098 92 49 9 9 20 82 23 090263 000 8873 756
022 123 5 9 10 6 0 04 80 0 1 83 987 0774 85 8519 15 0 919 14 1215 94 9 9 1276 19 489 42 8505 9762 8998
82605 1735 74025 8712 5221 7 5 43 96 50182 900 8616 9376 1087 5407 12896 420 7139 5312 53213 2153 129798
7 2 3 5 5100 45 40 2 5 65 9 5 0 1 38 9 2 1 0 3 7 398 12 75 1 8 17 52 23 897923 123 0190 564
40 053 8 0 12 7 2 02 60 6 9 02 087 8012 35 7547 02 0 882 14 2418 12 8 5 7809 27 385 72 8045 8712 8912
14713 5155 11245 8612 5372 6 5 12 96 84192 305 7584 9632 1415 0413 12260 124 0174 0446 19213 7073 125798
9 5 3 4 5923 87 58 8 0 55 9 2 2 1 74 9 0 1 4 5 1 102 39 05 3 8 04 76 23 901268 504 9933 550
103 183 6 8 14 3 0 62 09 4 1 83 807 0210 65 3987 52 2 920 57 1299 19 3 6 5289 02 436 33 2145 7818 8562
62310 1165 57216 4019 4189 8 5 12 39 05464 815 0212 4889 1218 5700 17285 320 5174 6217 54915 1553 845198
1 6 3 4 7193 05 12 5 5 79 9 5 9 0 28 0 2 1 6 9 9 902 18 75 9 9 04 12 23 794429 129 8123 799
127 128 6 6 12 9 2 40 89 7 1 62 887 1714 75 2614 07 8 938 18 4015 92 6 5 6259 67 485 72 2440 8712 8002
67413 1035 13217 8899 5139 7 5 10 03 12119 375 9919 9912 0818 5093 92215 324 4133 5380 53503 7857 685980
0 7 3 3 5929 86 02 5 9 14 4 2 4 5 25 6 2 3 4 9 1 908 02 49 9 7 44 82 63 891383 827 8105 546
188 162 0 5 17 8 5 12 70 9 0 92 189 1550 19 2164 32 3 982 19 1165 19 3 5 7989 42 618 12 2145 8869 8998
36372 1735 15919 9719 5133 0 3 19 98 42822 010 8932 4814 4012 5800 69275 185 6034 2592 58610 1053 109801
7 2 3 0 7123 46 12 6 5 14 3 2 7 0 29 9 3 1 7 5 4 959 38 40 4 1 24 62 23 890203 190 5120 655
126 157 5 9 18 6 4 92 89 4 1 02 087 1890 96 5314 62 6 717 13 1915 12 3 5 0889 50 416 02 0105 9800 9932
18346 1645 18537 8712 5101 4 7 92 79 10682 814 8910 9878 6317 0407 12945 153 5539 5410 53239 2197 815149
3 6 3 8 5126 45 16 5 5 10 9 3 0 1 28 8 5 8 9 6 8 012 12 05 9 9 69 12 83 000720 100 9003 856
403 183 9 9 72 1 2 14 86 4 7 98 794 6946 85 6304 22 8 812 17 8210 90 3 7 1089 12 068 15 2245 8756 0912
12313 4105 46215 8786 5928 8 9 99 97 12000 605 0712 9819 5847 1483 62205 104 2132 0505 53649 8104 105198
1 5 9 9 9973 44 02 8 9 00 9 8 9 7 28 9 9 0 8 5 0 983 80 59 0 7 07 95 09 697042 124 8108 556
158 107 5 9 06 8 0 19 89 9 0 67 882 1254 15 7014 62 3 917 17 1035 89 0 9 1936 04 405 52 0148 8502 8912
79370 8585 03818 8017 0129 3 7 89 98 45162 809 8962 6810 0600 5683 80911 324 2100 5312 96213 8150 790897
2 9 0 6 5823 48 27 5 5 13 8 9 7 8 28 5 0 0 6 5 5 929 10 86 0 6 04 42 05 190905 176 0123 267
180 123 5 9 61 8 2 09 99 5 7 92 009 7794 65 0394 97 0 072 44 2210 32 3 8 9004 52 017 72 2145 8912 6972
12318 1035 53895 8717 0120 7 0 00 88 02176 518 8847 0120 9965 0543 10295 629 3099 8912 53216 8050 828144
5 2 3 8 5006 48 42 4 2 92 6 7 7 9 99 8 4 9 6 7 1 912 90 25 9 4 27 97 20 891303 162 9123 856
643 123 2 0 12 8 4 12 85 6 1 82 477 0794 10 2014 90 4 917 77 4239 17 7 0 1586 72 415 53 2649 0742 7912
15000 4197 23015 9578 5929 3 5 12 68 72995 815 4412 9812 0403 0014 10615 124 5137 5312 53613 4153 924108
4 2 0 2 5187 48 94 9 0 12 9 7 0 8 78 4 5 0 4 5 0 250 19 80 7 4 49 22 02 891849 028 8353 506
123 027 5 9 92 8 7 98 56 4 0 82 352 1018 15 2317 70 2 762 04 7274 10 0 5 1885 02 149 92 2045 6762 0752
98313 1109 30519 5792 9699 8 5 19 90 58178 675 0312 9812 4235 5961 72810 180 5834 5712 50203 5167 728198
9 2 3 4 0068 80 22 5 7 50 9 2 1 9 63 9 6 6 8 9 1 516 16 45 8 8 37 09 10 590323 126 6164 566
126 271 0 9 67 8 3 10 84 5 7 84 697 9286 14 8384 12 7 902 17 1519 94 2 9 7289 82 485 10 0815 0732 4442
12343 1835 13465 6012 8847 3 8 02 72 02156 815 8919 4814 1075 6003 17216 798 9134 0618 89290 7153 925018
8 7 2 0 5128 46 15 5 5 96 3 5 7 1 30 9 4 0 2 5 1 912 15 05 6 7 38 12 92 095823 174 8228 859
50 722 5 6 91 8 9 72 65 2 1 82 987 1214 09 2337 12 0 802 04 1715 79 7 5 1286 57 415 42 2791 4914 8900
22513 1709 15296 2586 5402 8 5 12 98 38322 515 0098 0714 1595 9407 39575 106 5024 4612 56070 1753 585108
1 2 0 0 4149 58 13 5 5 17 8 2 8 7 57 9 2 9 9 8 1 962 12 45 9 9 52 83 03 696748 029 8263 746
193 007 5 7 00 8 9 01 80 0 1 42 962 9204 18 2317 10 7 912 84 8612 90 3 5 6846 12 497 11 7145 4044 0982
06315 6095 53205 9010 9161 3 5 12 98 75907 497 0714 8818 1019 5810 72215 124 5106 0010 53013 1105 551199
1 2 5 0 5100 48 18 0 5 16 4 2 9 1 28 8 8 4 0 5 1 988 02 68 9 8 28 92 90 595225 027 7369 555
023 093 5 3 12 8 2 84 89 3 1 85 607 8464 19 2374 64 5 911 64 0218 10 3 6 1457 18 949 62 2345 8712 7902
12611 0370 23415 8610 5127 3 5 12 94 12138 481 8912 9912 1010 5403 12898 927 0934 5397 43003 1193 508998
1 2 3 4 3173 40 92 9 8 19 9 2 4 4 28 7 7 8 2 5 9 092 12 48 0 1 84 17 63 791923 404 8523 556
123 543 5 9 05 8 2 12 05 2 0 80 987 1288 68 0284 10 9 502 00 1015 30 8 5 1259 64 084 12 4245 0942 6682
76898 1832 13903 7848 0140 3 9 22 92 12980 815 8912 7805 2215 5413 67116 104 5878 5372 69216 8660 075198
1 9 9 8 5873 84 12 5 8 12 9 2 9 0 08 9 0 0 4 5 1 712 12 45 5 3 74 62 28 818223 869 8023 506
883 177 5 7 99 8 2 82 90 7 1 08 385 7204 17 2904 12 4 216 74 8228 10 9 5 1289 24 839 12 7195 0718 7012
08913 4139 12215 8002 2123 4 5 12 08 92134 900 0982 6610 1909 5763 82215 770 5930 5950 57283 9156 025199
1 2 3 7 5125 45 48 5 4 68 9 7 4 1 68 9 0 9 4 5 6 912 72 40 9 5 44 92 03 398428 024 8007 866
123 123 0 9 86 8 3 93 87 9 7 82 787 8314 68 5314 92 4 972 94 1294 92 0 7 8289 92 414 10 2790 1762 8914
12393 1122 12536 8072 5021 1 5 09 98 16170 838 7817 6012 3006 6410 12277 129 5503 5712 43287 1133 160508
1 2 2 3 4127 10 14 5 0 62 9 8 6 1 25 0 9 1 4 5 1 639 10 45 9 8 20 60 20 893323 124 8023 109
173 108 0 9 18 8 5 02 84 7 1 99 787 1804 45 1310 03 0 002 18 1285 06 4 5 8208 10 405 90 2170 0605 8992
02653 1960 13965 8773 0286 9 5 86 98 97141 885 7582 9254 1945 2276 35210 332 9164 8669 33615 1750 191598
1 7 8 4 9036 67 42 5 5 62 9 8 9 8 29 4 8 1 8 5 1 352 17 40 0 8 25 10 46 077068 688 3523 756
193 829 5 9 10 6 2 78 38 0 5 80 507 1510 11 0513 19 4 612 54 1515 15 0 6 0289 92 470 58 8157 8702 8942
18013 1969 13875 0512 5135 0 5 18 90 12076 812 8914 9376 8535 4003 60208 124 5034 5312 38239 5750 127398
5 9 9 4 8683 49 80 5 5 02 0 8 6 1 49 9 8 1 4 5 1 302 22 15 9 8 58 12 33 801223 947 9327 806
123 121 9 9 30 8 5 60 89 0 9 81 527 1319 55 8904 82 4 315 14 1275 10 3 9 1889 17 915 92 2199 8362 7912
08375 1430 53995 7012 5001 3 8 78 08 42151 855 0612 9098 9855 0463 03755 028 0334 5692 58853 1903 025098
8 8 3 4 5151 85 79 0 5 40 9 6 8 1 28 9 8 1 2 5 1 912 12 42 9 8 24 17 73 497623 124 2124 586
860 181 5 8 12 9 2 02 09 8 1 84 957 1434 15 0378 16 7 910 54 1015 19 6 9 8296 42 837 02 9248 5012 8912
18016 9735 14015 8718 3151 3 0 17 98 14092 055 8932 9302 5866 5993 82295 824 1141 3642 55588 1353 125197
8 0 3 4 0163 95 72 5 5 02 0 9 6 0 29 0 9 9 4 0 8 919 62 45 9 8 64 12 03 031744 124 8123 556
162 723 5 9 19 8 8 82 89 0 6 54 987 6214 66 3410 12 5 914 14 0245 87 3 6 1209 02 412 92 2067 8700 8012
12013 1177 15874 8710 4021 3 7 12 98 12722 515 4012 9004 1292 5416 66710 128 0199 5312 55263 8653 625114
6 6 3 9 6197 75 12 5 5 42 5 2 2 0 20 0 9 1 4 9 8 512 14 90 9 8 02 92 23 398920 725 8923 856
60 105 5 9 16 8 1 12 84 6 0 92 997 1614 25 7367 10 0 042 10 0965 12 8 7 1189 61 015 18 8040 8410 9996
05310 1130 10810 8792 5021 3 5 12 94 15085 809 8919 7812 1949 5913 10270 124 5894 3312 67213 1153 121764
2 7 3 4 5483 45 77 5 5 05 9 7 9 8 27 9 8 1 4 1 1 912 12 95 3 4 29 19 23 597273 794 8628 952
073 123 0 7 74 0 2 12 85 4 1 80 980 1214 55 7327 12 4 032 01 1215 12 0 5 0249 76 499 76 2145 0812 8917
00217 1935 03218 8016 7124 3 9 40 78 12172 855 8959 9066 6695 5613 52219 894 5034 5372 93208 1058 086068
1 2 3 8 8920 55 12 5 5 40 9 2 0 1 70 9 9 0 0 5 8 019 02 92 0 8 24 14 23 701703 120 5133 556
989 713 5 9 42 8 8 12 58 9 1 42 967 1773 80 9966 12 5 612 04 1215 12 3 9 8789 12 855 77 7177 8702 2912
18313 1875 15810 8769 5786 9 7 95 44 32192 711 8911 7860 1090 5313 02255 146 9128 5912 83213 5823 175398
0 2 7 5 8728 45 12 5 4 71 9 4 5 8 98 0 4 2 8 5 1 618 22 08 9 8 30 62 23 163266 624 6126 558
366 605 0 9 12 8 2 12 87 0 1 84 586 3673 15 9457 16 6 483 14 7005 12 3 0 1983 12 498 95 2175 8212 8929
10373 1075 03215 4892 9178 3 4 15 98 02193 805 8906 9842 5205 5413 78204 724 3784 5018 53313 1555 235100
4 2 8 5 2028 06 10 9 5 34 9 2 8 6 26 9 2 2 4 5 1 916 32 77 9 6 86 87 42 890215 102 7124 454
123 833 1 1 10 4 9 15 62 9 1 80 009 1015 40 1350 19 4 682 04 0217 59 4 7 1220 92 415 18 2240 6912 8915
02874 7195 13615 7822 6181 3 5 24 90 19452 915 1810 9813 4275 0596 15225 927 6938 2414 51213 1297 503195
3 7 3 4 8000 15 42 0 8 15 0 2 2 6 27 9 8 4 6 7 8 912 00 35 8 8 59 10 28 591962 024 8123 559
196 220 0 0 72 9 2 12 89 2 1 87 367 1214 39 9314 12 4 918 24 1718 19 8 5 1884 07 975 53 3145 5812 8998
02083 1535 18219 8707 5061 1 1 98 59 12967 385 6402 4110 1705 1016 33275 823 8194 0910 75062 1153 129088
8 2 0 1 5120 45 12 6 8 33 5 0 9 5 25 9 2 5 3 0 6 072 12 46 9 5 74 62 73 105209 184 9130 556
723 757 5 4 92 8 2 12 69 1 9 98 982 1594 18 2318 42 8 911 15 1970 17 3 5 1299 39 410 12 7156 8115 7912
75348 0035 13310 8736 5121 4 3 12 91 16162 813 8900 9870 5217 5400 88000 324 8003 7619 53709 7550 384390
1 2 8 0 9929 45 12 0 6 02 9 2 8 1 08 9 6 3 4 0 9 712 98 45 9 8 24 96 21 701023 064 8193 358
753 943 5 5 19 0 7 12 87 5 2 62 065 3218 35 2290 77 4 122 14 0215 02 3 6 2507 17 415 62 2542 8712 8813
02313 1835 13285 9069 5801 3 5 16 99 14042 915 0912 0860 1217 3053 12215 670 3197 7412 89213 1188 755126
1 2 9 4 5100 00 22 5 5 12 9 2 2 1 20 5 7 7 4 7 8 948 03 90 9 8 94 74 05 491225 104 0927 590
123 123 5 9 12 9 7 07 67 2 9 88 450 9214 00 2314 18 4 900 82 1315 12 0 0 1780 15 465 66 2175 8862 8808
07368 1309 13217 8762 9031 9 4 05 34 15102 462 8002 9519 1255 5943 12295 125 9014 9362 50233 1714 425168
0 6 4 4 5797 45 19 5 5 12 9 2 6 5 08 9 2 3 9 3 1 962 08 09 6 4 44 12 23 091984 194 9128 766
663 156 1 5 12 8 0 69 79 5 8 82 477 1214 89 2714 28 4 911 74 1218 12 2 5 9260 17 415 19 2148 8292 8022
53995 5600 47212 7812 6121 3 5 32 90 22192 619 8902 9430 1319 9119 17915 184 5134 2312 73204 1933 725138
1 2 3 4 3089 03 87 6 6 88 3 7 6 9 28 9 6 1 7 8 4 514 13 60 5 4 24 14 87 887803 104 8923 556
123 890 7 9 19 8 2 52 89 9 1 89 990 7015 19 2397 07 9 075 15 4615 22 7 5 3289 98 319 67 2045 8342 8719
92373 1130 13265 8712 8097 3 8 44 68 02292 339 8910 9602 1215 5166 12610 364 8174 5412 67217 1106 827195
5 7 9 5 5178 45 22 5 5 10 8 0 2 5 21 9 2 2 4 5 4 482 17 45 9 8 24 18 26 891928 197 8121 456
56 113 6 0 10 0 2 58 99 0 1 83 586 0274 56 2014 82 4 995 95 1215 12 3 5 1288 66 419 58 3802 9410 8412
42013 0132 77615 3872 5181 2 8 40 94 52942 601 8704 7220 3203 5429 42965 491 5134 5017 96016 1153 065198
5 2 8 2 7120 27 10 5 9 42 6 3 8 6 78 9 7 1 0 5 4 701 50 94 9 8 87 17 20 291020 690 3123 555
626 603 0 6 04 8 1 12 88 1 9 72 087 1634 90 2304 67 3 912 10 7205 17 7 5 1287 19 423 12 2649 8772 5012
67913 1139 76215 5740 5622 8 5 12 08 52177 015 8012 9862 1295 6413 32570 074 5139 5312 50294 6143 795198
3 2 3 6 5889 25 12 0 5 02 9 5 9 1 77 8 2 8 4 5 8 917 12 85 9 9 29 52 43 097225 652 8923 980
148 853 9 0 02 6 6 12 00 2 2 19 977 4014 15 2019 12 7 959 64 1575 82 6 5 6219 72 415 16 0545 0712 0989
05315 9939 13913 8957 5891 5 6 52 90 02670 016 8012 6013 1038 9483 16912 142 5166 5009 33600 1050 925990
1 0 9 5 2800 95 01 5 6 15 9 0 5 4 76 8 2 1 4 5 1 915 16 65 0 8 06 32 27 598222 996 8123 856
126 167 5 2 72 8 8 90 09 4 9 83 986 1294 05 7378 12 4 512 15 9236 62 5 5 5487 10 415 00 2195 7766 0410
12363 1135 88655 8722 6106 3 7 12 96 12982 676 7577 4817 1410 5413 82879 594 5534 5334 55725 9901 188146
6 2 8 5 1335 05 12 3 9 28 9 2 0 2 18 9 0 1 9 9 1 058 04 95 9 7 72 54 23 801123 944 5880 486
125 423 6 9 16 8 2 10 87 9 5 05 986 6239 10 2314 46 4 910 94 1293 10 0 0 5089 12 405 10 2140 4812 8602
16400 6135 13265 0772 5455 4 0 02 88 02900 205 8912 6315 5210 2416 82218 100 5345 0314 53297 2143 025098
1 0 0 4 5223 46 55 5 7 19 9 2 7 1 76 8 2 1 9 7 3 062 76 90 9 6 74 12 29 886399 120 0996 550
103 193 5 6 67 7 7 92 84 1 1 81 987 1888 44 2907 12 0 912 15 1356 13 6 7 3206 19 118 12 2135 8752 8437
02370 1140 23210 6718 7921 5 1 09 94 58198 313 8802 7512 1015 5413 15010 424 6134 5719 03237 0198 120508
7 0 6 4 0624 35 16 5 5 12 9 2 4 7 08 6 8 1 4 5 1 966 73 48 9 8 94 12 28 361227 949 8123 556
473 173 5 2 62 9 9 92 09 9 1 84 947 1060 37 0314 91 4 940 82 4215 13 8 5 6269 15 695 82 2105 3992 9372
12033 7735 15211 8911 9020 5 7 89 68 16102 415 7915 5062 2263 5413 18615 604 5684 5319 43213 0168 125894
1 0 3 4 5526 46 13 0 8 18 9 2 0 8 18 9 2 1 0 0 1 910 39 48 9 8 24 12 43 791223 129 8123 567
823 223 5 9 70 9 3 58 90 6 1 08 970 1604 15 2344 16 4 906 14 6206 12 9 5 9709 68 910 46 7145 7796 6097
18018 1105 33710 7787 5181 5 4 92 08 12392 877 8790 0817 1215 5413 02915 920 5569 5310 99213 7193 129139
1 5 4 0 5322 45 62 5 5 10 0 6 0 1 28 9 2 1 0 0 7 856 52 40 3 0 94 92 73 871023 136 7098 756
192 083 3 2 42 8 2 14 69 2 3 82 789 6904 19 2367 18 9 986 94 1295 12 3 5 1066 49 410 22 2035 5802 8189
18413 8039 17219 8772 5421 3 8 12 69 70866 775 7912 8862 8965 5414 10932 024 3184 0810 54319 4853 197178
1 0 4 1 1103 75 95 9 5 48 7 2 0 1 20 7 9 1 4 5 1 389 53 45 9 7 44 82 22 240820 745 0783 550
924 195 5 9 10 0 9 63 80 9 0 52 988 1047 10 2694 13 0 012 16 7815 45 9 5 1587 50 515 12 8100 5714 5960
12313 0125 03215 6558 1121 6 5 80 98 12148 015 4012 9912 1585 5407 43607 128 9036 8384 51217 6767 126194
1 8 3 0 5120 25 12 8 5 06 9 0 4 0 04 0 2 7 3 9 0 800 52 95 6 8 53 18 83 599223 894 8123 550
143 923 5 9 07 8 0 02 79 5 1 82 658 8210 89 0374 82 9 837 06 1215 74 0 5 7680 62 995 32 4145 0252 8982
82113 1025 98210 8017 5141 3 9 15 93 62502 889 5976 6800 0214 2407 62295 604 8996 9619 08215 0783 910198
8 2 6 9 8497 42 17 5 2 12 9 2 2 1 29 9 3 7 4 5 5 054 16 65 7 7 24 18 23 370253 462 8124 866
43 829 5 9 14 4 2 80 09 0 1 97 830 1814 10 4914 17 9 812 04 0615 72 3 0 5249 18 814 12 7045 0310 0418
16453 4137 36207 0502 7121 0 6 72 08 12098 815 8944 8812 1415 5450 72712 108 5109 0312 83255 1053 165008
1 2 9 2 9106 90 16 5 0 63 0 2 3 5 28 1 0 0 0 1 1 312 15 05 6 8 20 97 75 571090 194 8123 416
743 427 8 9 02 5 0 68 19 7 0 62 987 6619 16 2366 92 4 997 65 1229 29 3 7 1405 12 913 69 2145 8903 8910
83483 4435 63715 0710 5195 3 5 19 99 50982 014 9913 9612 7015 9463 94290 129 5389 6312 37263 1054 905028
1 5 3 4 5007 90 06 3 9 07 9 6 0 1 28 9 0 1 4 6 6 700 14 85 4 6 29 90 95 691523 120 2188 066
123 970 6 5 12 7 7 10 82 7 8 52 999 8510 15 6714 94 4 990 44 2517 12 6 0 1264 32 404 13 9196 8062 4412
32315 7435 10274 8709 0009 3 5 92 94 18161 815 3912 9048 1205 2414 60547 824 5064 7619 50273 0102 995098
1 0 6 4 0023 05 80 8 6 12 0 4 8 0 95 9 2 4 6 5 0 604 02 40 9 4 80 92 53 590063 190 4135 556
128 128 5 4 12 8 7 94 09 7 0 20 989 7286 15 2858 16 4 902 14 5949 69 3 5 1769 02 400 17 7749 8762 8912
12013 1030 03266 9742 5823 5 9 02 69 12752 810 2919 9865 1275 0503 14215 109 7164 5389 97254 1853 130197
1 2 3 7 5463 45 67 5 5 42 4 8 0 9 90 5 4 1 0 7 1 912 32 41 0 8 22 10 23 801263 623 3123 596
189 113 5 0 12 0 6 74 20 9 1 82 980 1010 09 2364 12 1 882 13 0088 30 7 5 1033 12 619 12 7702 6752 4998
86515 0037 33505 8712 5023 9 5 32 38 16169 816 6912 9812 8215 2493 76213 924 5710 8313 54213 1693 125198
5 2 0 8 5547 90 92 9 3 12 9 3 0 8 26 5 8 1 7 5 8 450 19 46 9 8 84 05 47 891329 028 6128 576
528 118 5 9 82 7 0 12 89 7 7 72 088 0934 25 6344 72 5 996 54 2215 02 2 8 5980 29 975 11 8696 8966 8919
13240 4135 53241 8012 5323 3 8 39 80 12542 815 8912 7015 6828 5419 40216 129 5154 4312 53214 1108 897959
6 0 9 4 6123 95 12 5 0 02 0 0 1 1 28 4 3 1 6 9 6 912 00 99 9 0 94 92 23 804718 184 8193 494
123 163 9 7 12 8 2 32 52 6 0 62 487 9510 15 0314 56 8 910 14 1458 12 3 5 1709 12 415 55 9727 8812 6919
12991 1131 93417 8712 5629 0 6 12 59 12092 844 8012 9812 6705 5483 38505 707 5105 7319 53810 4147 524108
1 7 0 9 5423 45 10 4 9 10 5 2 9 0 05 9 2 1 8 5 1 302 02 45 9 8 06 12 60 394093 722 8423 050
222 173 5 9 82 8 2 12 19 4 3 85 949 1484 19 0319 02 4 012 94 2015 87 7 5 1987 92 477 72 9608 3730 8918
82393 1166 67015 8766 5081 3 8 08 98 17144 715 8012 6872 0526 5719 77249 127 7134 5302 53213 1156 123008
8 5 3 4 8123 47 18 5 5 19 9 9 0 1 20 0 9 9 6 5 1 012 99 49 9 8 05 12 73 252983 084 7203 956
123 028 8 9 22 8 2 92 08 1 5 82 982 9963 19 0380 42 9 890 34 1218 12 4 5 5394 80 480 30 2625 9617 5012
22373 1133 83015 8795 5721 3 8 12 98 16787 810 4917 9898 4885 5713 02015 164 6044 0710 33003 1103 100458
1 4 3 0 2157 35 10 0 5 10 6 8 9 6 25 0 0 1 9 4 1 982 72 87 9 0 20 12 93 801224 120 8793 006
203 123 2 9 10 8 3 70 83 6 4 82 685 8204 55 5364 12 4 989 94 0415 83 3 5 1099 42 401 79 2149 9712 8418
62514 1077 43219 8302 6081 3 5 12 58 12474 098 8732 9697 5217 5453 10274 136 5170 5312 03218 5993 065168
1 5 3 4 5133 10 12 5 5 92 9 2 2 1 58 5 9 1 5 5 9 810 15 58 9 8 83 42 93 891823 120 0177 550
123 409 5 3 70 7 5 10 64 5 2 88 087 1814 15 2614 10 5 408 19 1217 60 3 5 6249 10 845 93 9680 8462 0970
98315 3656 15795 8492 8721 3 5 92 18 79542 815 8490 9494 6217 0513 72217 629 5171 7717 20948 1150 905140
3 0 3 4 7886 49 04 5 5 42 9 2 0 0 23 3 2 1 4 5 7 949 89 57 9 9 49 82 33 891299 194 0073 546
65 126 5 9 12 8 2 61 89 6 7 85 957 7624 18 5304 40 6 317 14 9594 12 3 7 1579 62 415 12 2185 0652 8416
44355 2435 73010 8719 5577 0 0 90 36 12902 415 8042 4812 1215 0413 10210 123 5174 0312 50269 1357 925148
1 0 9 9 5143 45 16 7 2 76 4 2 0 4 28 9 9 1 0 8 1 916 10 05 8 8 27 69 23 891224 186 0123 656
453 823 5 8 00 0 4 49 99 1 9 82 689 0910 15 9383 19 4 512 94 1305 18 9 5 1289 22 400 46 0165 1472 8956
88853 7135 83575 1975 9427 3 8 12 58 78102 605 9212 5872 1255 5417 72215 724 3258 5312 53753 7157 725198
9 4 8 0 5943 40 44 5 5 02 9 1 0 4 28 4 2 1 6 5 1 950 00 75 0 1 04 00 93 771223 174 8179 566
193 120 5 9 58 8 7 60 89 1 1 85 887 6214 13 2844 12 0 276 14 1976 10 3 6 5697 12 455 75 2165 9710 8512
12013 0195 17215 0714 0775 3 5 92 94 62452 865 5952 9816 1215 5416 18275 104 5197 0002 73303 1108 905798
1 6 3 4 5733 85 20 5 5 79 0 1 5 5 54 9 9 1 0 5 0 012 17 85 9 8 04 18 23 821923 126 8009 597
196 123 7 5 57 7 0 62 81 0 9 82 767 1214 17 3307 96 7 015 14 7217 68 4 5 1266 18 405 90 2145 5102 0918
12993 1015 58897 0712 0350 3 0 80 18 80182 914 8112 1802 0215 5825 69219 120 5164 6916 97213 6763 585898
1 2 3 8 0123 45 75 4 1 69 5 2 9 4 77 9 7 2 0 5 1 972 72 20 9 0 24 12 03 595983 194 8909 578
159 028 5 9 14 8 0 12 89 3 8 82 487 1897 15 2309 18 4 972 64 7225 97 1 5 1285 95 700 12 2090 8714 9915
12315 0130 03218 4034 5361 3 8 12 76 72172 518 8709 9602 1880 5493 18075 009 9934 6348 53949 9193 109808
5 8 3 9 5823 43 00 1 9 92 9 2 5 9 08 9 6 1 8 0 6 612 92 46 9 8 24 10 88 880084 904 8023 550
159 123 6 9 70 1 2 12 05 3 7 48 727 0496 25 2219 39 6 409 18 6925 16 3 5 1299 12 315 92 6745 7029 7977
42313 1850 17215 1772 4115 3 5 42 98 78562 905 2500 9817 5858 2413 80412 929 5180 5345 55119 1153 920598
8 7 9 4 7605 95 82 5 7 80 9 2 4 7 60 9 5 1 4 0 5 562 52 41 1 8 25 18 03 898524 694 8110 956
045 729 5 3 92 8 9 12 89 5 8 87 357 0214 16 0314 25 0 988 33 1895 12 8 9 6266 00 456 12 2100 6368 4982
12083 5395 75915 8118 5026 4 7 10 98 72102 875 8980 9307 8276 3869 87775 645 5834 4288 53113 9133 566108
9 2 2 7 5523 05 12 9 0 10 0 4 8 1 58 9 2 1 4 5 1 012 40 93 9 8 34 82 22 091723 823 3426 054
803 123 1 9 82 9 7 19 89 8 1 82 900 1244 85 4814 19 7 818 04 0715 82 8 9 6870 92 415 12 2894 0712 8992
18983 8935 78210 9790 3927 3 0 96 98 12052 715 2700 9212 1895 9465 49215 294 5604 8097 98390 5153 122148
8 2 2 4 5123 75 09 5 5 10 5 2 7 1 88 7 7 1 3 3 4 016 15 40 7 7 24 66 59 839267 222 0026 596
103 143 5 9 82 8 0 69 80 3 1 34 989 9214 14 2376 32 4 012 30 1210 50 0 5 8989 69 595 00 8165 8710 8712
18313 1700 18145 8022 5181 0 5 29 55 10306 815 9642 0512 1285 5413 75216 723 5189 5307 53611 9113 126110
2 9 4 9 0623 69 12 9 4 80 9 9 9 8 48 5 4 1 4 4 1 016 02 38 9 7 94 13 35 397223 390 3703 986
170 108 0 5 20 0 2 62 89 6 7 89 087 1219 55 9315 19 4 902 97 1615 03 1 5 5259 82 615 16 6100 8816 9517
19093 0467 13000 6752 4181 9 5 76 93 82887 315 8811 5892 6875 6493 12218 124 5094 5017 73203 1753 105598
0 9 8 8 0368 05 78 1 5 12 9 2 4 7 28 8 2 9 8 5 7 914 02 79 9 0 20 12 86 850203 196 1126 556
129 470 7 8 62 8 8 95 89 0 1 92 957 1214 10 5314 52 3 268 00 1915 02 6 3 9509 82 415 02 8145 8738 8892
12793 6116 73295 7872 8981 3 8 88 98 12138 860 7992 9062 1568 3463 10155 169 5830 5312 08713 1699 764389
1 6 3 4 0023 95 72 5 9 19 9 2 7 0 29 8 2 1 4 5 0 377 78 80 8 2 24 17 83 851800 679 1606 546
54 177 9 6 12 8 6 13 99 9 1 60 986 6296 18 9916 82 4 963 74 1220 72 3 0 4260 83 410 12 2190 7019 8980
18513 1117 83237 3712 7001 9 9 12 98 82187 915 0882 3749 1815 3418 72088 129 9544 5012 08080 1459 105146
7 6 9 0 5423 77 53 1 9 12 9 2 9 5 58 0 8 6 4 2 1 995 19 48 4 7 24 92 22 896825 822 5823 056
402 453 5 0 12 6 8 89 80 8 0 80 680 8070 75 3310 12 6 919 14 6016 15 3 5 8849 12 585 42 0189 8487 2916
01313 1935 13295 8759 5129 8 0 92 02 02198 819 8937 9813 1215 3664 95275 124 0784 8393 05213 0350 190298
0 2 3 8 9012 15 06 5 3 00 4 2 0 9 28 4 5 5 0 5 9 332 12 75 9 9 20 12 28 892729 127 5096 155
020 523 8 0 02 6 5 12 59 3 1 83 889 8210 15 0315 02 1 770 18 0295 86 3 5 9260 00 415 18 5195 8730 8712
77390 4135 10005 7572 8371 9 5 92 94 52132 890 0992 7992 1293 5413 86885 128 9134 5612 90273 4859 799108
7 7 9 4 8183 45 10 5 5 60 0 2 3 5 78 9 1 1 5 9 0 915 12 46 0 8 61 12 23 494623 924 9193 557
129 103 8 9 12 8 9 02 99 9 9 12 787 1250 98 0014 18 4 912 15 1715 12 3 5 4300 22 415 12 2170 0718 9804
10340 8221 05002 8912 5167 0 5 30 98 92002 875 9912 9692 7017 0693 13205 124 8134 6012 54200 8856 128198
1 2 7 4 5124 56 12 5 5 92 9 2 9 0 04 9 2 5 4 9 9 912 90 65 0 8 28 50 23 894973 128 8102 886
904 594 5 8 32 8 2 80 08 3 1 82 967 4265 16 0310 79 9 972 79 4265 93 3 5 3909 42 414 72 9640 5719 8972
42693 1103 10102 9212 0027 3 3 17 98 12102 908 4802 0000 0215 5016 12875 126 1940 8789 43218 8358 327190
4 2 2 6 5103 00 15 4 5 16 9 2 8 1 98 9 0 1 8 7 4 912 17 99 9 8 24 11 28 890727 644 7259 550
180 123 9 5 85 8 2 17 86 8 1 87 989 0011 15 2087 12 4 975 06 0175 19 9 3 0099 62 563 15 2241 8812 3852
00509 1155 13210 9983 5181 4 9 12 98 17512 405 8712 7812 6338 7410 16813 020 5434 1310 50703 1689 925576
1 2 8 6 0923 65 12 5 0 51 0 2 8 6 00 5 2 5 3 7 0 412 32 45 7 8 20 98 20 691623 125 8123 058
164 503 8 9 17 8 2 87 89 8 5 82 766 1314 10 0359 12 4 912 14 1245 16 0 5 8271 03 915 49 5945 8792 9342
16613 1166 10242 6760 0121 3 9 15 38 02288 838 5412 4812 6095 9270 18218 939 5834 5312 53563 1013 026390
5 2 0 9 6129 85 06 0 6 88 3 2 5 7 24 9 0 5 4 2 1 982 12 41 3 7 84 98 26 095227 124 4321 856
023 157 9 9 02 8 5 32 87 5 7 82 987 1394 26 0914 16 4 910 24 9255 12 9 5 9273 16 413 82 2040 8774 0010
67563 8765 14474 8761 5701 3 5 88 99 12178 710 8914 5600 1250 6086 12790 124 5184 5318 07308 6104 166185
1 2 3 0 6159 85 96 3 2 97 9 8 9 1 78 3 2 1 6 5 2 912 02 76 0 8 25 93 73 891280 120 0723 588
623 020 9 8 15 8 4 15 89 9 8 72 280 0014 85 2077 50 7 912 10 4685 15 0 8 5039 12 977 36 3655 8012 9996
02740 9778 43295 8012 5429 0 0 17 06 12162 670 8212 0818 1615 8609 12842 924 5130 8793 53419 0050 006198
1 2 3 4 5121 45 12 4 0 16 6 9 0 9 60 9 2 1 9 0 6 918 32 43 9 9 06 02 23 601023 928 8723 850
053 823 5 0 17 8 2 12 08 7 1 04 189 5600 16 0344 12 4 908 18 1255 92 3 5 1280 12 415 73 2685 8710 4915
12399 8100 70219 8012 5527 0 5 72 58 94160 915 8718 0846 4865 5517 12205 184 9634 5380 33133 1953 920998

18305 1035 90275 8772 3583 4 5 12 98 16578 074 9016 9614 1515 5403 87308 926 0695 9472 56293 4154 134178
9 6 6 4 2624 80 22 0 0 00 6 0 0 9 28 9 2 1 4 7 0 917 12 90 9 8 98 62 83 891223 189 0023 658
023 724 5 8 52 8 7 05 49 6 1 42 088 0285 09 2314 12 5 998 14 9266 00 0 6 0269 32 498 12 4175 5012 4945
09340 1435 06215 8972 0721 3 5 16 92 02807 615 3913 2807 1619 8014 81215 994 7134 9636 62213 7603 024178
1 0 7 4 5180 60 17 5 5 16 4 9 4 6 05 9 0 2 4 5 6 912 68 95 8 8 24 09 73 331093 024 5623 556
74 129 8 7 12 8 2 12 83 6 1 02 789 1689 85 5374 15 8 015 74 9209 82 3 5 1080 62 419 02 7077 0712 4244
16359 8802 80215 9543 8123 0 5 59 08 18176 010 8012 9669 9895 5400 13919 166 4100 9810 53617 8153 915198
7 8 9 4 6923 45 19 5 8 12 0 5 8 2 78 9 2 1 4 4 4 917 92 45 9 8 04 12 20 891601 629 5120 056
728 169 0 9 17 8 5 12 72 8 1 84 080 1200 05 2914 98 6 392 93 1215 12 3 8 9755 12 490 15 2155 3609 8980
52773 1139 53213 9962 2620 4 2 32 90 92150 895 9912 7012 1865 5903 02809 908 0180 6332 73043 9153 128979
1 0 3 8 5866 65 12 5 8 60 9 0 9 1 18 5 2 5 6 5 1 612 50 05 9 8 60 10 53 871223 194 0053 006
093 923 0 8 82 8 2 12 87 7 8 02 998 1984 50 2316 12 4 610 90 1806 95 8 5 3004 02 915 15 2700 5902 8735
12909 9149 18244 0919 8821 8 4 12 96 02182 410 8714 9002 7217 0713 72211 824 5034 5610 59503 6103 602098
1 5 3 4 4346 65 01 2 5 10 9 2 0 9 20 8 7 7 0 5 4 712 95 46 9 8 09 13 23 046220 809 8504 356
133 023 6 9 90 8 8 98 89 0 5 82 485 8612 19 6316 12 4 612 14 0215 10 2 7 6274 19 535 60 2195 0792 0512
13303 9885 13630 9012 9771 4 5 12 98 95182 785 8493 9710 9700 9419 99215 974 7136 5352 97713 0190 625104
1 2 3 4 5129 64 14 6 5 95 8 2 7 4 08 9 8 1 4 8 1 912 43 43 9 8 30 12 45 885220 124 8123 674
729 169 1 9 02 8 2 07 29 2 1 92 686 0514 20 2214 02 4 913 11 7997 46 6 5 1087 96 415 12 2000 8482 8906
19983200 205198
3 2 8 0 2829 05 40 5 5 95 9 8 9 1 08 9 0 6 4 0 9 914 32 42 9 8 24 02 23 909263 780 6926 546
628 123 5 9 20 9 2 17 82 9 9 82 755 7614 05 2518 58 5 910 19 0265 12 3 5 2288 12 695 19 0145 9312 8712
12387 1170 68218 8780 4130 2 6 12 70 00199 200 8992 0872 1918 7413 12215 144 6734 5315 93205 1557 675181
2 9 3 9 5123 44 40 5 0 15 9 0 0 1 78 9 8 1 6 5 9 080 12 15 5 0 24 19 30 091529 106 5122 556
186 123 0 0 57 3 2 06 86 0 1 42 926 1999 19 0375 18 5 815 04 1810 02 7 9 0280 12 915 97 2052 6862 3942
99349 8185 63295 9718 5161 5 5 12 96 18902 315 8210 9812 1205 5443 78078 324 9134 8317 73213 7170 825758
7 2 0 4 5529 35 18 5 5 92 9 4 9 0 29 5 2 2 0 5 1 702 52 98 8 8 79 12 73 893523 424 8120 786
723 173 4 9 72 8 2 10 89 6 1 88 886 9217 75 0329 12 4 915 95 1287 97 5 7 0987 12 715 72 2145 9172 3982
52710 3135 18015 9016 7310 8 5 80 28 12179 845 8959 9818 0306 0043 12268 147 6139 6012 63253 7186 205398
9 8 9 4 7003 75 12 5 5 62 9 0 5 9 77 9 2 8 9 9 1 712 02 88 7 6 44 19 87 858263 108 6162 056
59 823 1 9 89 8 2 14 07 3 1 89 987 0913 05 0709 10 6 910 09 1215 50 1 5 9087 00 417 18 9943 0018 8902
62368 1135 03205 0790 7121 4 0 84 98 52092 825 8900 9012 4908 5213 99615 824 5138 7992 46413 6050 021168
1 2 4 4 5924 40 38 4 9 17 4 0 0 0 29 0 7 7 8 5 1 012 13 05 9 0 53 62 29 892323 707 7821 595
003 028 7 8 14 8 4 52 79 5 5 80 680 1924 95 7964 82 8 914 18 1215 12 3 0 0289 12 405 17 2140 8717 3919
12433 5014 13410 6785 7126 7 3 12 98 80022 805 8910 9816 1605 5006 16035 109 2204 5388 79693 1103 183127
9 2 0 4 0533 45 12 0 5 69 5 2 9 0 28 8 2 1 0 5 0 910 16 43 0 8 64 32 23 611920 124 0983 506
190 923 5 9 09 8 2 19 39 9 1 88 987 1814 15 1174 10 4 512 94 4405 10 8 5 8202 12 945 62 2945 8712 8872
92914 5188 13416 0910 5141 3 9 80 99 15132 815 0910 9019 7269 5410 66085 934 5139 5346 59736 0113 975198
1 9 3 0 2893 95 12 5 1 10 9 2 9 1 28 6 2 1 8 0 1 182 32 75 6 6 28 12 23 991413 724 8669 956
196 170 7 9 62 0 2 42 06 9 7 72 907 1206 97 2646 72 4 812 74 2985 02 3 5 1180 86 260 12 4145 8742 0979
07407 1133 78805 8117 5191 7 5 12 97 70102 420 8010 0017 1095 8073 12215 124 9168 5317 53519 1153 746198
1 2 3 3 9403 45 76 3 5 62 9 4 9 1 27 9 7 1 4 5 0 092 09 45 9 8 04 62 23 880223 864 8028 456
028 927 5 4 80 0 3 17 82 6 1 80 887 1009 85 8914 03 0 912 11 5295 13 0 9 9289 12 015 52 5208 2782 8618
38019 1687 53299 7790 5621 6 5 82 98 06999 510 8902 9916 9215 5418 12205 423 5034 5742 73630 1063 129978
1 2 5 4 0073 25 15 5 5 62 9 2 5 7 08 9 5 7 0 4 1 912 12 45 9 0 94 18 29 761321 384 8123 456
125 928 5 9 29 8 2 02 89 6 1 89 780 1284 10 0313 95 4 912 14 1244 73 0 0 5285 12 416 15 2795 8793 9912
92812 1935 07209 7712 5144 4 0 12 97 12172 015 7112 9812 4797 8863 17715 139 5084 5317 93289 1150 155803
8 6 7 4 5027 45 12 0 9 90 8 2 3 1 70 9 2 1 0 9 9 015 82 42 0 8 24 63 04 998328 129 8129 576
765 014 6 9 12 8 3 92 09 9 0 89 997 1584 85 5304 82 1 972 06 4013 78 3 9 1289 14 415 40 9150 8716 8310
87013 1238 03910 6742 5121 6 5 72 93 04892 818 4050 9810 9210 5903 10290 100 5506 9385 58173 1150 622098
6 0 1 4 5698 40 10 5 5 02 9 5 9 6 22 0 2 1 4 9 0 512 80 49 7 8 27 12 93 899225 724 1005 358
855 101 2 9 96 0 0 95 89 6 1 95 537 6764 15 2004 92 4 752 14 1279 94 3 5 1290 15 424 10 6945 1702 0612
99313 0130 00265 0998 5501 3 5 10 49 94109 815 8919 9050 1995 0710 02245 689 5734 5313 59213 1193 825140
1 7 4 7 5107 07 10 7 0 12 9 2 7 1 27 9 2 1 4 7 1 009 42 05 8 8 99 10 28 691625 873 7171 549
523 183 5 6 02 8 2 01 46 4 1 98 587 1619 95 0310 57 4 977 14 5910 92 1 5 8879 72 490 82 8105 5812 0912
20212 1884 92215 9788 5901 3 5 12 98 16114 705 9880 9016 1272 0619 12216 124 5154 5380 42089 5063 182112
6 2 3 4 5103 47 78 2 0 10 6 6 6 8 28 1 5 1 0 4 5 810 18 42 2 9 29 08 23 881249 664 9193 576
653 026 5 9 09 8 2 12 87 8 3 89 087 8990 27 2348 12 4 702 13 1013 82 3 5 1289 03 410 07 2145 5989 8902
12867 6139 73008 8917 5941 6 5 99 80 03172 805 9980 1687 0213 2098 38695 826 7190 0099 27298 4153 826800
4 0 0 8 5136 18 12 8 1 12 9 3 9 1 24 9 2 1 4 5 1 913 98 25 9 8 27 19 23 877283 124 8133 566
623 023 5 8 12 8 2 82 80 2 0 52 785 1467 15 2311 15 4 912 94 1316 87 3 0 9875 70 402 77 0185 8519 8912
09694 0135 17280 8717 5161 9 7 84 90 72632 565 8012 9410 9210 0529 90814 124 7034 9308 53269 1103 365093
1 2 3 4 5203 45 18 5 5 12 0 4 3 3 88 5 3 1 4 5 7 902 12 47 3 2 24 82 28 880223 674 8023 550
30 644 5 9 72 8 3 12 49 7 1 82 299 6706 15 7414 88 5 910 14 1289 19 0 4 0080 08 417 17 9145 8842 8212
12314 8095 03075 8462 9111 3 2 36 95 82960 019 8612 9886 0390 3413 57008 179 9094 9324 53288 1153 125095
9 2 5 4 5916 45 10 8 5 12 9 4 8 1 89 7 2 9 4 0 1 712 12 05 9 8 95 17 03 091623 137 8163 039
523 173 0 9 06 8 2 12 89 8 7 02 085 9219 19 2314 12 4 907 13 1715 82 9 5 7980 12 975 62 0245 8874 8912
10363 7039 47250 8460 0321 3 6 11 90 72662 045 8916 5812 5218 7639 22004 034 5104 5912 57280 1150 551898
9 4 4 6 5123 05 65 3 5 05 9 2 9 0 48 6 3 1 4 0 0 818 82 40 9 8 24 68 93 899225 125 8195 250
024 773 5 9 92 4 2 17 09 0 0 80 088 6207 15 0308 92 6 432 84 9925 36 5 5 2289 57 440 82 4595 8802 9912
18313 1135 67265 8702 5009 8 5 95 02 57192 445 4610 9860 6690 9413 12611 848 5137 5600 59690 1753 625348
9 2 2 9 5887 07 04 5 7 12 9 4 9 1 28 3 9 1 4 5 8 912 19 43 5 0 25 18 01 091790 370 8125 510
120 323 0 0 72 8 2 72 20 9 6 95 780 6276 45 5354 12 8 980 10 6286 13 3 5 6786 42 894 83 0145 7710 0818
19813 4001 03215 8616 5121 2 5 05 98 66944 815 2916 0840 1535 5619 02634 020 9862 9920 53387 8753 868168
5 3 3 4 3163 45 16 5 5 02 0 2 0 8 24 2 9 1 6 9 1 912 02 04 9 9 24 15 23 890249 900 8979 596
320 167 5 9 14 8 2 30 79 3 1 85 787 1214 08 6314 19 5 912 10 5247 79 3 5 4260 72 415 17 2847 5812 4920
12003 0138 88280 8371 9608 0 5 77 00 12560 080 9912 9718 1615 5810 12805 824 4134 5912 59210 8153 191678
0 5 0 3 6103 40 17 5 0 92 9 3 0 0 28 9 2 0 0 5 1 919 12 46 7 8 32 12 23 057206 944 9190 556
323 923 5 0 10 5 2 12 89 0 1 82 987 1854 17 2388 12 0 093 94 9665 17 3 9 1809 05 090 90 9753 3912 6906
12417 0168 13115 8716 0120 5 9 06 08 96885 015 8913 9800 0815 5693 10038 033 6033 1355 80054 9550 120698
0 2 9 4 5093 45 12 5 5 36 9 9 7 7 04 0 2 1 1 5 1 950 92 65 6 8 97 02 03 891058 624 8073 750
125 110 2 9 93 8 2 12 88 9 4 69 889 1019 00 2314 15 4 009 04 7277 53 3 7 1279 70 415 19 2168 8712 9812
12012 1557 93615 8742 7980 3 7 88 98 65102 401 8952 0852 1015 5413 80855 109 5704 5317 83217 0146 935098
1 2 0 4 5079 37 82 7 5 10 5 2 0 7 28 8 6 7 4 0 0 316 69 40 8 5 20 63 28 899227 124 0028 556
023 663 5 9 70 9 2 12 40 8 1 72 986 1045 90 2340 92 4 869 13 1715 10 8 0 0269 12 410 12 9135 8752 0910
77308 1639 13905 8612 5561 3 5 04 48 12397 815 8919 0819 1215 1007 02235 597 5536 0315 63213 5883 128558
2 2 7 6 5523 45 82 9 5 12 6 2 0 0 20 9 2 9 4 9 0 912 13 34 9 8 94 13 89 491603 184 9124 589
403 073 6 6 96 6 2 82 84 5 1 70 970 1214 15 2387 16 8 919 14 1295 12 8 5 3216 68 415 52 3172 8786 0002
17743 1335 69218 7702 5156 3 5 19 98 62054 213 3912 9812 1718 0469 16777 000 7494 5810 41019 7053 122192
9 2 7 6 0127 46 32 3 4 12 9 2 1 0 28 9 8 5 9 5 7 906 92 48 8 5 20 00 23 306833 174 8189 596
923 129 3 7 32 8 2 11 79 6 1 80 807 8618 64 0364 18 4 918 84 1205 62 3 5 1087 17 605 19 2905 8759 5848
12716 6787 13412 8517 5521 3 5 08 93 96185 990 7463 9886 8215 5513 42878 157 4104 7022 02277 5883 127598
9 8 9 0 5729 42 12 5 9 62 3 2 3 9 08 9 2 1 0 0 1 010 12 45 8 8 20 14 03 061233 744 8799 555
118 773 5 4 32 8 8 72 54 0 1 82 987 8011 38 9054 16 9 912 14 5256 82 3 9 1089 12 415 97 0045 8815 5712
42310 1835 48215 8702 5161 6 5 02 00 42102 875 8712 9618 6789 6483 14215 163 8984 2372 57013 6700 785398
5 2 3 4 5123 00 12 8 3 12 8 7 0 1 58 9 9 5 4 9 1 803 76 00 9 0 24 12 37 593869 824 0743 406
87 825 5 9 13 8 0 42 89 3 0 44 928 9919 15 0384 10 4 902 04 7005 72 2 5 1288 13 515 32 2055 8774 8082
12308 3035 13206 9704 5020 3 0 12 98 06922 957 8912 9852 6285 8010 12110 128 5172 5312 53213 8151 365999
9 2 0 9 5903 55 30 5 8 19 9 5 8 1 28 0 4 1 4 9 1 851 02 99 6 8 84 73 34 051206 189 6125 058
120 150 5 9 02 8 0 18 99 7 1 61 977 9919 18 6324 02 4 816 04 1290 64 3 6 0589 02 165 19 8402 5987 8402
19317 1305 18500 9795 5181 3 0 12 98 18175 818 8512 5992 5305 5403 10938 824 5935 8312 82507 0100 527998
1 2 3 4 5193 86 10 5 3 02 4 6 0 0 17 9 9 7 4 5 1 760 12 45 0 8 34 18 80 897810 826 8002 027
163 623 0 5 91 7 0 17 39 5 1 80 907 8279 00 2364 12 4 452 98 1255 10 3 7 6269 02 805 92 7160 9719 6002
17318 4079 93435 8083 7121 5 5 92 98 12982 619 8957 2512 1205 5717 02337 154 0439 5395 03206 1683 187757
6 9 3 8 5023 95 12 5 5 19 9 9 9 1 20 6 3 0 4 5 1 479 16 45 9 0 58 02 23 897293 127 9503 550
163 763 3 9 45 8 9 12 80 7 1 99 967 5200 65 2910 15 4 972 08 4290 10 8 5 1089 12 430 02 2155 7012 8972
12373 1734 10205 8350 8621 3 5 80 85 74152 819 6502 0092 1005 7417 90215 520 5787 4310 53210 1183 305198
1 5 7 9 5120 08 32 5 6 12 9 2 7 1 78 5 8 6 5 5 1 939 17 55 9 8 23 52 83 099827 206 7420 006
573 919 5 4 30 4 8 90 86 7 1 82 905 6064 15 6471 64 5 912 92 1798 19 6 5 1247 02 713 12 2105 8992 0012
16316 0175 13277 2212 8551 3 5 05 98 12679 985 8992 9617 2273 5073 14265 924 5004 9162 58710 1789 129140
1 8 5 6 9583 45 12 5 1 07 4 2 7 1 20 9 3 3 8 6 1 517 99 49 9 8 79 12 23 893670 324 7993 536
123 150 5 4 12 8 9 12 09 8 1 02 887 1294 15 0314 04 5 952 36 8245 72 3 5 9389 32 789 15 2730 8718 7714
54416 8145 13987 8877 1161 3 5 66 89 12182 715 0002 9372 1896 5787 12217 188 5085 5318 59713 4750 129798
7 6 9 0 7047 56 87 0 8 72 0 0 7 0 28 3 2 1 4 0 8 992 11 05 9 4 48 72 23 893083 179 8903 586
037 125 5 0 52 8 8 09 84 4 1 82 901 8219 02 0375 08 4 984 14 1215 86 9 4 0884 10 674 82 2595 8019 2912
62016 9937 16269 8091 5128 3 6 86 97 12192 197 8900 7017 8255 5403 62893 104 1136 5747 64243 0040 176679
1 2 7 8 9723 49 12 5 9 12 5 2 6 0 66 6 2 1 7 5 4 792 10 85 9 8 27 10 03 641023 025 8483 456
129 563 0 8 92 8 0 19 89 0 1 82 900 4214 85 6314 12 4 510 51 5276 12 3 0 3880 95 415 12 6105 9238 9998
59713 1687 17015 9712 0051 4 6 58 98 71088 815 8970 8090 7212 0414 78985 944 5134 5716 54616 1953 125148
1 6 2 4 9820 45 12 7 5 72 9 7 2 4 27 0 2 1 4 4 9 713 00 45 9 8 64 72 70 887823 704 7509 156
999 583 0 9 42 8 2 69 39 9 1 05 906 1234 37 4818 82 7 908 10 1219 12 0 0 0859 10 910 10 2143 8982 0002
42313 1135 16215 9702 0071 6 5 97 97 15192 817 8002 7812 3263 2607 12217 124 4150 5319 73803 1253 065193
8 0 0 6 0856 49 19 8 5 02 0 8 3 5 28 8 0 1 7 5 3 953 12 99 9 8 98 07 23 206973 904 8723 506
118 950 0 9 99 8 9 32 88 9 0 95 997 1207 75 7317 07 4 202 94 3297 12 3 7 0287 12 405 32 2948 8210 0314
12066 9175 93210 0752 6128 3 5 02 66 18190 818 7502 9918 3285 5483 69215 799 7134 5472 53044 1563 882190
5 2 3 4 0143 48 16 5 0 10 0 2 7 9 66 9 2 1 4 8 1 817 19 50 9 8 74 12 78 591223 124 2129 552
543 126 8 9 79 8 2 65 82 6 1 82 987 3006 25 2858 16 4 016 14 1246 12 3 5 0990 97 015 12 2198 8900 8012
12610 0155 95216 8782 5271 3 8 72 67 42880 155 8967 6642 1705 6413 12288 128 7185 1757 53503 1150 925199
1 7 3 4 5063 65 52 0 5 12 9 0 0 5 50 7 2 1 4 5 8 515 17 40 9 8 28 82 05 891900 326 3827 579
57 103 0 0 72 9 2 46 88 0 1 18 909 0218 08 2014 17 4 947 89 6915 12 1 0 1286 50 665 12 9145 8777 5912
92003 6635 61093 8322 8920 3 5 72 98 97846 018 8300 7902 1205 0012 50255 120 0130 5792 29393 8653 179198
2 2 3 4 2166 08 60 0 9 72 9 0 0 1 28 9 6 0 4 8 5 012 17 41 4 9 76 13 09 051450 193 8043 996
123 593 9 6 10 8 4 12 80 7 5 92 687 7214 65 2375 72 2 082 14 1514 12 3 5 1209 18 915 06 5640 9718 8912
14383 4135 73215 8712 8026 5 5 63 50 12176 819 8912 4862 1510 6415 64215 540 1634 5215 26013 8150 125098
1 2 9 4 5103 00 00 6 6 92 9 5 7 1 68 0 2 1 4 0 3 592 00 45 8 5 24 12 87 501629 176 8689 956
793 623 5 6 69 8 4 98 39 9 0 59 989 3880 15 2384 16 4 907 34 1085 65 4 5 7977 12 610 12 2295 9416 0910
94083 4905 63265 8912 5845 8 5 14 04 90482 005 0932 9890 3715 8433 12215 827 5564 5307 59913 1853 925998
4 1 6 4 9520 15 92 5 5 84 9 2 8 1 06 5 8 3 7 5 1 112 02 45 9 0 60 92 73 991773 124 6173 006
850 720 0 9 12 6 2 06 59 9 0 89 997 4924 65 2984 12 4 078 99 7019 67 3 0 0384 02 415 15 4612 0312 8073
10393 9505 85313 8505 0023 9 5 88 48 02735 895 8412 7150 9715 8413 04275 123 5534 6412 63219 1453 505196
0 8 6 0 0123 99 88 5 5 82 0 2 8 0 41 9 6 1 0 5 3 919 60 47 9 8 24 18 23 698733 924 9929 557
197 924 5 8 10 4 7 19 39 7 8 82 988 1216 75 2314 17 6 812 76 1095 12 0 1 4206 16 416 18 2540 8880 9818
19103 1185 13465 0392 5021 3 0 14 38 52142 515 8982 3826 4819 5013 10275 124 5100 5312 03218 1453 075108
9 5 5 4 5023 45 12 5 5 19 9 3 6 1 28 6 0 1 9 5 2 012 16 48 7 0 50 02 27 001829 785 5789 669
825 705 5 9 12 0 8 12 89 0 1 80 924 1014 85 5319 92 4 923 54 1205 11 3 0 1789 12 415 12 2048 9712 7989
12413 1589 10285 8753 7021 3 5 10 58 00539 050 9762 9875 1814 5853 18588 524 5134 8331 08218 1945 620139
1 8 4 6 3023 83 62 5 8 70 8 2 9 6 28 7 0 7 5 0 2 912 92 49 5 5 54 70 56 711223 169 8143 957
020 324 8 4 10 9 5 12 80 0 8 52 327 7917 14 0014 82 6 912 12 0910 99 5 7 1208 49 400 63 2749 8719 6002
12350 1192 14265 8710 5092 3 8 42 95 19784 010 6992 2817 1299 5488 12258 924 8139 5842 83013 9758 665168
7 4 0 7 5023 48 20 4 5 16 9 2 0 7 58 8 8 0 0 5 2 458 62 42 9 0 44 92 24 690224 104 8174 556
129 328 5 0 92 2 3 02 89 8 1 99 988 1484 10 6814 16 8 712 19 4015 69 9 5 1270 17 473 11 2845 8192 8514
62913 1179 74515 8714 5120 3 8 12 98 62892 810 7912 9552 0265 8010 82215 768 7534 3972 97043 3653 196098
1 2 3 8 8128 84 32 5 4 92 8 7 6 5 09 7 3 5 8 5 1 469 15 40 9 0 24 10 23 891249 194 5580 658
129 173 5 5 70 9 2 12 85 7 0 82 598 1200 15 4516 14 4 989 70 7017 19 9 5 7286 12 405 15 9245 8912 8010
30506 0085 03970 8352 3148 0 5 02 98 02972 015 8992 0817 0245 1413 12085 137 2036 9313 56210 1853 128160
0 2 0 4 0023 88 12 5 0 70 0 2 0 2 08 9 7 1 7 5 9 904 92 96 8 7 27 60 09 880827 109 8353 095
127 902 1 9 12 6 2 80 89 3 2 82 953 0614 15 0314 12 6 582 15 1434 22 3 7 1099 92 415 07 7640 8816 7910
17600 0135 10018 8698 5021 9 6 78 38 00866 885 8972 7819 1214 7453 18805 924 5834 5302 03413 1153 922119
1 5 7 8 5603 95 62 9 0 12 2 2 8 8 08 0 2 1 6 5 7 712 77 46 8 8 28 12 88 596973 104 8127 556
194 456 9 9 82 9 2 12 87 7 1 84 970 1234 15 2810 92 7 910 84 1245 18 3 4 0289 19 117 18 4600 6719 0988
14317 0535 63205 1702 5181 0 7 12 90 12042 057 0719 2018 1231 5416 90239 208 5934 7332 59213 7336 723198
9 2 3 7 5193 09 82 4 9 59 5 8 6 1 78 0 2 1 6 5 5 912 71 45 9 8 85 19 02 890700 100 8020 814
90 960 5 2 42 5 0 22 89 0 2 22 480 6614 17 8554 91 9 205 06 6615 12 5 5 9783 10 415 12 2179 8712 8314
84874 9155 53235 5272 5025 0 8 19 97 10178 016 3979 9702 1756 5493 87215 338 5139 7602 59216 0879 125193
5 3 3 4 5123 71 50 6 5 68 9 7 8 1 00 9 4 0 4 5 0 918 82 45 8 0 24 12 50 791283 337 0129 526
823 923 5 3 10 0 2 72 89 7 3 92 096 1816 15 2310 62 6 796 14 1085 12 3 0 1276 12 499 01 2146 8785 8112
98899 0777 96212 8766 5900 3 0 17 98 19932 865 7911 0819 8975 8436 10275 183 6134 4312 74593 1703 920193
7 0 3 4 5120 40 12 0 0 12 5 2 9 1 00 8 4 1 9 5 1 002 12 83 9 9 44 68 23 790073 534 8049 556
133 023 7 3 10 8 2 12 99 5 1 87 287 1284 15 9388 12 9 999 54 0035 40 3 2 3289 22 885 10 6107 9512 8912
17313 1136 13005 8719 5685 8 5 82 98 10300 880 5671 4812 4215 5404 52265 124 0104 8076 59213 5581 145198
0 2 2 6 0829 65 15 5 4 02 9 1 0 1 77 7 9 0 3 9 0 912 29 08 4 8 29 16 28 870216 180 8123 556
545 100 5 9 62 9 0 12 39 7 9 82 919 1014 89 2310 19 2 613 97 1805 92 5 5 7289 39 390 15 0024 8756 9900
62610 8165 15830 0712 8801 3 0 12 98 00008 865 8812 0612 0210 5458 56497 524 5130 5012 53813 3860 130198
1 9 7 9 2103 72 12 5 5 14 9 9 0 5 28 0 2 1 9 5 7 502 14 55 9 8 04 12 26 899263 120 9723 259
223 173 5 9 52 8 9 56 82 2 1 82 987 1218 10 8514 02 4 912 08 0715 04 3 5 1999 54 454 12 2198 8715 8918
06934 1438 13262 5692 7100 0 5 60 78 12142 874 8917 9619 8715 0348 17055 324 0134 5810 53269 0123 827790
1 0 3 1 7128 43 97 5 8 16 9 2 3 9 77 6 2 3 8 6 0 672 05 03 7 0 75 18 28 800993 027 8224 553
565 120 5 6 95 8 7 12 86 7 1 84 970 8864 15 4610 98 4 912 30 1259 12 3 5 0989 98 415 72 2105 6712 8479
92380 9165 19215 8618 5100 0 5 12 98 52016 815 8912 9888 0715 9408 52855 404 5100 5952 81210 4157 495898
1 6 3 8 9923 02 92 3 5 82 4 5 8 1 59 6 2 7 4 6 9 601 10 35 9 8 94 62 73 891273 104 8528 376
923 105 0 9 12 9 5 52 32 7 1 89 327 1854 16 6074 42 4 012 71 1868 29 5 0 0089 72 719 13 2945 8712 8998
13314 1130 63848 0002 5128 5 5 18 97 12102 813 8802 2856 5285 2819 99119 324 5134 8006 55219 1656 125198
9 7 3 7 5523 65 10 0 7 92 9 2 0 0 29 5 2 1 0 6 1 610 16 74 8 8 54 12 88 821026 867 8177 546
660 193 9 9 11 8 2 88 04 2 7 40 987 1694 16 2314 62 4 910 15 1275 12 5 7 1489 86 414 92 0645 8982 8717
19303 6130 13285 4732 0679 4 5 17 38 72082 907 2990 0852 1203 0013 12516 024 4810 5312 04314 1173 195498
1 2 3 4 5193 84 00 5 5 32 9 7 8 4 28 9 2 6 4 7 1 007 92 58 4 9 26 72 03 490230 020 5797 844
470 473 5 0 38 8 1 12 80 4 8 30 280 1264 59 2316 00 0 401 04 1615 12 5 5 1269 10 485 12 8145 1782 0912
12313 4138 16718 8010 5100 9 5 62 87 02150 815 8902 5930 1515 0069 10275 724 6394 9397 64211 1353 185158
9 0 9 5 5120 45 10 8 0 12 0 2 8 0 45 9 2 7 0 5 1 532 22 47 9 6 34 18 03 861260 734 5025 896
839 623 5 4 02 8 2 12 85 8 1 62 767 1008 95 2310 12 4 912 65 1217 12 7 5 1278 89 739 17 2185 8013 5052
06390 0180 19905 8512 4101 0 5 37 78 82887 810 8992 0613 8215 5953 52290 968 5184 5312 87203 1453 054096

47390 1588 13215 8554 5424 8 0 12 68 00182 810 7052 9960 8815 0006 51223 724 0194 5805 53213 7653 125900
8 5 8 4 5123 75 32 5 6 86 9 2 3 1 28 9 8 8 4 5 9 907 55 55 9 8 74 93 54 899888 134 6909 525
033 154 7 9 10 8 2 35 89 5 1 42 781 9520 15 2574 15 4 966 14 9212 12 3 4 6287 12 715 26 5135 8912 8916
12711 0135 09831 8712 4101 8 9 48 68 14410 805 9710 9812 5205 8447 71218 925 0117 5674 99633 1153 525195
9 2 3 4 3173 08 02 4 6 52 9 2 0 1 38 5 2 8 4 8 1 010 82 49 0 5 24 93 03 899159 924 4753 876
57 983 5 9 12 8 2 32 88 0 1 42 897 4278 60 2614 06 4 919 14 1213 82 5 3 1289 16 485 55 3045 0756 8912
12313 4545 13800 8030 5191 0 5 12 79 82153 876 8086 7012 1200 7463 12255 197 5094 7912 58887 0159 195878
1 9 0 9 5285 35 12 0 5 30 9 0 0 8 27 0 3 1 1 5 9 046 12 45 5 5 24 99 73 798223 184 0143 527
383 683 0 9 10 7 8 24 82 8 1 88 907 1904 15 9014 12 4 510 19 1275 16 3 9 1209 10 405 82 2195 8719 8905
12353 9098 03272 8612 5529 3 5 19 40 12842 924 9912 9812 7810 0441 18210 194 7734 9397 90860 7458 126108
0 2 5 8 5123 90 12 8 0 82 5 2 3 4 46 9 2 1 4 6 0 982 17 95 7 3 20 02 27 057029 127 8024 056
123 903 5 0 19 8 2 62 89 7 7 84 784 1304 15 2314 70 4 072 04 1815 15 0 5 8282 12 410 19 3145 8792 8972
00960 1137 16214 7710 7120 0 6 62 98 02172 995 0979 5712 9805 5853 76570 124 5134 3346 73218 1180 835896
1 9 0 4 9023 92 77 6 2 12 9 2 7 3 20 9 4 8 0 5 1 018 72 07 0 8 34 11 48 997063 824 8388 806
523 023 9 9 82 8 5 22 09 4 1 70 907 1018 50 7335 12 0 982 14 9278 62 3 5 0353 12 806 82 8277 8705 8915
32313 1030 33285 9552 5821 3 4 12 90 06812 519 3982 9853 0418 8433 62217 926 4634 7060 53210 0473 107828
0 2 6 2 5223 42 14 5 9 10 3 9 0 9 00 8 8 1 4 5 6 762 92 55 6 8 47 12 63 899233 724 7040 556
822 873 5 0 32 0 0 19 87 0 8 05 380 0597 15 7316 16 4 912 14 1215 50 3 5 4085 12 015 12 7245 6708 8712
12313 1330 19710 8012 5171 3 0 82 68 12802 810 8984 9812 3255 2419 37216 154 4148 5099 53210 9190 135199
5 9 3 4 0824 49 32 8 9 99 1 2 6 8 68 7 9 1 4 9 4 012 18 45 9 8 29 18 00 045028 580 8193 809
622 127 5 1 66 0 2 13 59 5 1 82 888 5118 02 2880 16 4 912 95 1395 12 3 5 9277 12 716 26 4147 8719 8190
92580 1980 10710 8708 5821 6 0 19 98 92292 815 8912 7012 9895 5469 89955 074 8052 5272 53219 9953 545879
1 7 3 4 4070 47 12 1 3 17 9 2 5 1 28 9 2 8 9 5 6 322 18 45 8 5 29 42 88 801558 108 8123 556
473 103 0 7 60 8 9 02 89 0 9 84 897 1660 15 6014 12 4 912 78 7285 10 3 5 0081 05 210 12 5146 8981 7810
12098 1836 16255 8002 5428 3 2 18 98 15702 037 8912 9512 5718 5019 17085 124 5100 5315 83593 1153 150139
5 5 0 4 5103 37 16 5 9 84 9 2 0 1 29 9 0 6 4 5 7 012 19 58 6 8 77 18 61 895293 449 1823 559
439 991 5 9 80 8 7 02 89 2 5 82 980 1204 15 8580 12 4 908 14 1217 19 5 4 1985 99 605 82 4743 1712 0948
12997 1030 10099 8812 5980 3 5 02 99 12175 513 5950 9012 4075 9540 16215 264 7648 9912 53213 6103 125866
1 2 0 4 5140 15 15 5 5 12 0 8 0 0 13 3 2 6 4 1 1 014 10 40 9 8 97 12 73 791483 128 8165 556
673 195 5 4 02 8 2 98 09 8 1 86 994 0215 95 2614 82 6 012 14 1595 16 3 5 1285 85 418 52 8585 6002 0612
30307 1139 93255 8702 5130 3 0 15 95 97180 817 8919 5017 3695 8873 40815 028 5834 3017 13057 0003 125731
1 8 6 4 7123 95 82 5 7 52 9 2 7 9 20 4 2 1 4 5 9 962 12 40 0 6 04 27 29 891423 129 9028 876
103 120 9 9 61 6 7 01 69 8 8 82 068 0214 85 2754 13 4 050 10 2205 12 3 8 9259 04 615 12 2909 7746 5092
1 0 3 7 3023 49 02 5 4 17 9 2 5 1 42 0 7 9 7 5 1 912 15 49 9 8 71 09 20 283020 109 8023 556
103 193 7 9 03 8 2 12 89 6 0 62 970 1014 59 2312 12 4 710 04 6793 07 3 0 7787 20 060 59 2045 8916 8980
77085 1235 76819 8792 0781 3 5 52 88 72200 700 7362 9812 1217 3213 92715 163 4804 5703 03363 0170 023738
7 0 9 4 5523 41 07 5 5 10 7 3 0 1 48 3 8 3 4 8 9 952 70 45 4 8 07 18 13 801983 124 8597 556
85 423 4 3 94 8 2 18 59 5 6 52 119 4934 00 2312 80 4 919 78 1246 82 0 5 6283 02 445 01 0949 8712 4482
82010 1937 40245 0796 9567 0 5 19 58 12182 025 0656 9612 1210 5413 02015 284 5222 0315 93089 3883 123110
1 5 3 0 5026 45 15 5 0 12 6 9 9 0 28 1 2 1 4 5 0 769 12 45 9 0 67 12 03 853280 920 7523 017
426 196 5 9 10 6 6 69 89 8 1 01 930 7724 95 2968 12 4 946 44 1210 22 3 5 1759 86 490 10 2969 9809 9072
12390 6134 63048 3713 5128 3 6 12 37 17182 815 8010 8816 8215 5913 12049 220 0735 0292 53017 1100 105110
1 5 3 4 5123 97 95 5 7 12 0 2 8 1 48 0 5 2 7 0 1 912 10 55 7 5 24 66 23 801539 134 3103 250
593 903 8 9 46 8 2 86 38 8 1 52 088 5290 05 0384 12 4 919 74 2817 91 6 5 5489 05 479 12 0045 0722 8911
02375 3135 13290 6982 6521 3 5 12 98 05106 835 8875 9932 1255 7413 52286 193 9136 9310 43403 0199 075093
7 2 3 4 6508 45 92 0 5 12 6 2 0 6 26 9 2 1 2 9 1 932 72 47 9 8 20 19 20 997023 120 5108 655
005 420 6 9 02 8 2 16 99 7 3 07 907 9874 07 2314 11 4 912 88 6249 10 7 8 5905 44 419 76 2746 2778 3982
12643 4135 16969 0069 5547 3 5 58 88 01152 470 9909 9810 0295 5579 02088 669 5133 4012 33818 1163 005898
9 0 3 4 5126 42 12 5 0 68 8 3 8 0 43 9 8 9 5 7 1 912 12 49 7 2 24 16 74 791003 124 5722 538
629 518 5 3 12 7 8 89 69 8 1 82 380 8262 85 0619 15 0 912 08 1219 15 1 8 1489 02 717 60 5179 8192 6712
02313 1136 97110 9796 7128 3 5 12 48 02741 817 8987 9812 9460 5836 12115 574 0184 5360 93213 0158 128198
7 2 6 5 5120 29 52 5 7 18 9 7 0 1 28 9 2 1 4 5 1 710 92 45 7 6 54 62 24 081823 126 8531 546
110 163 0 9 12 8 2 80 87 8 3 10 987 7232 10 8913 17 6 219 04 5214 12 3 0 6206 12 698 21 2085 0060 9892
32693 1978 13015 8710 5779 0 0 10 60 19190 810 8919 0657 5715 8963 80915 024 0514 2314 53274 9073 625148
8 2 4 8 5193 55 12 4 5 18 9 7 9 1 68 0 6 5 0 0 1 809 12 45 9 9 04 10 29 699734 684 8123 556
173 098 5 9 16 0 2 12 89 8 8 07 980 1000 16 8317 12 4 414 74 1218 67 0 5 0073 12 510 62 2374 8706 8912
17313 9635 73213 8912 5171 0 7 15 98 72162 565 8949 3892 3218 0419 82585 124 0195 9705 23067 1653 005140
1 2 3 4 5163 65 19 8 8 09 8 2 9 8 08 7 0 9 4 5 1 900 03 42 0 8 09 82 23 867924 927 8101 556
893 170 4 7 30 8 2 12 89 7 1 98 987 1514 09 2717 11 8 880 54 0819 12 3 7 1382 29 567 10 2359 8802 4918
22308 1167 03215 0017 5121 8 8 10 98 92102 817 8816 3012 6015 6000 42275 765 0534 5913 53318 1553 183108
1 9 6 6 5183 75 72 5 7 12 9 3 9 1 20 9 2 1 7 5 1 052 82 69 0 8 47 03 03 476006 126 8933 408
967 923 7 9 12 8 5 10 69 5 0 97 137 8704 95 7362 02 7 912 13 1274 72 7 5 1229 36 027 11 0046 7118 0785
13739 1335 07335 0712 8807 1 0 62 94 07152 879 8970 0921 1298 5513 12266 990 8164 5585 43113 4953 625549
1 6 3 4 5804 45 37 5 5 05 9 2 4 1 47 0 2 5 8 5 1 912 97 45 0 0 94 74 17 899250 126 8103 606
923 163 4 9 14 8 6 62 84 8 1 39 907 1218 01 2814 06 0 810 39 1703 13 3 5 6290 02 485 12 9345 9012 8817
94914 0135 14310 0702 6128 2 5 48 99 32732 880 8920 9858 9215 0474 22310 824 6884 4370 87603 1153 185199
0 2 3 5 5043 45 00 5 8 92 9 2 0 1 74 9 2 1 4 5 1 902 18 05 0 7 24 18 27 893853 144 6800 050
963 820 5 5 10 8 2 72 89 9 1 82 603 1319 95 8314 92 0 968 16 9018 42 3 5 1983 03 935 12 9145 8688 8089
12117 1145 65910 8719 5198 3 6 12 99 92972 895 6808 9918 9757 6310 19215 210 5934 7312 50213 4403 195384
5 2 9 5 4120 48 62 5 5 10 7 9 7 1 28 9 2 6 4 0 9 985 77 75 0 3 84 96 26 891729 034 0228 706
59 604 5 5 09 2 0 70 79 4 3 95 964 0214 76 2314 12 0 033 14 0019 42 3 5 1244 42 513 32 3995 8719 6812
52313 7095 93992 3702 5981 3 9 52 99 12192 815 0917 9712 1516 5903 02210 420 7709 7317 54210 1103 835168
1 3 0 4 5808 44 17 5 4 07 9 3 0 1 28 0 2 1 7 5 8 908 12 83 8 8 99 72 68 795527 185 8673 556
539 128 5 9 13 8 2 92 89 9 0 82 927 1017 35 2304 92 8 918 94 3214 02 0 7 5839 02 113 10 6145 8386 8900
40309 3791 19015 8998 5931 0 7 89 97 58432 870 6575 9899 7985 8416 95815 024 0134 5929 53217 1151 192198
9 2 9 4 0140 48 80 5 5 12 9 8 0 3 28 3 2 3 6 8 1 582 10 35 7 8 94 92 23 891728 185 0883 803
667 977 0 9 99 8 8 02 69 6 1 38 629 1214 57 1804 18 0 910 96 1200 10 3 5 1289 96 045 62 2125 8340 8317
15394 1735 07215 6000 6101 7 0 85 98 18084 802 0912 8852 9015 0400 85215 124 0034 5689 03913 5350 135190
1 0 3 4 6173 40 12 5 5 90 8 7 6 1 28 9 2 6 4 6 1 472 77 05 9 4 54 72 78 891270 124 8723 250
606 103 5 9 14 8 2 22 59 7 8 36 964 1804 09 2010 39 4 910 19 4713 12 9 6 1689 30 419 12 8145 6812 8586
14953 1136 77618 8619 5896 8 8 52 98 92992 915 8980 5812 1734 1905 12715 484 5124 5387 53553 4355 199195
0 2 3 0 5103 45 17 5 5 03 9 0 0 5 29 8 2 0 9 8 1 312 13 97 9 8 04 52 50 881140 614 6526 859
025 125 0 2 16 8 7 12 29 0 6 42 869 1204 45 2394 02 9 722 10 3975 10 3 5 5284 12 089 15 2347 6812 0010
80919 9165 19218 4788 6861 3 7 67 68 02142 813 2982 0749 9015 7506 17684 134 5133 0316 53813 1053 385188
1 4 8 4 4163 05 02 5 3 62 0 2 8 1 48 0 5 9 4 5 3 949 12 79 9 3 19 92 25 961273 620 8527 546
154 469 5 9 19 8 2 10 84 0 2 82 987 1616 90 8314 14 5 952 16 5217 72 3 7 1086 92 915 16 8145 6712 8992
13313 1133 60203 2912 5521 3 5 62 94 92389 919 8984 9818 1415 5413 62200 793 5954 5562 56200 9053 125438
7 2 6 4 1199 09 18 5 5 60 9 2 9 1 08 2 5 1 4 2 5 502 12 87 8 4 70 17 21 701300 194 8953 558
710 653 5 8 19 0 8 12 89 6 5 42 080 1180 94 2078 16 6 618 49 1715 92 3 1 5589 50 412 14 6145 8712 8972
12509 1419 53219 8717 5120 3 5 12 94 19867 713 9902 0810 1215 5413 00290 126 7104 5502 58213 1753 120968
1 4 3 9 5606 05 92 7 5 19 9 0 4 8 88 9 7 8 4 5 1 932 89 96 6 0 29 12 23 791023 125 8324 096
987 124 2 0 10 8 4 10 89 7 7 80 909 1217 88 2365 12 4 019 16 6269 84 8 5 1589 62 444 19 3940 6119 8494
52703 7039 83305 6714 5121 3 5 32 98 95142 465 8510 0812 1615 0870 12215 128 0038 8300 63713 5053 125108
0 2 5 7 0120 35 22 7 5 68 9 8 8 1 57 3 2 1 4 9 1 800 82 44 8 7 24 23 23 078223 928 9120 756
173 423 5 0 78 8 2 03 09 7 1 82 997 1265 99 2319 22 0 582 07 1285 12 0 5 5288 64 405 09 6157 8782 0712
12310 9865 63218 6912 5001 0 7 48 98 02146 028 0993 0749 9205 5902 10710 105 0135 5068 03513 1973 625143
1 2 8 5 5058 44 12 5 7 12 9 2 0 0 08 5 2 4 1 3 1 966 10 46 8 9 03 82 03 861504 124 0151 576
023 883 5 9 12 8 5 19 89 8 1 86 506 1224 15 9314 12 9 918 94 0279 19 3 3 4688 19 485 70 8199 0716 9992
02513 1893 93045 8712 5161 3 5 70 38 12006 904 7312 3880 9260 6413 17905 254 5104 6385 53023 8050 694928
1 9 0 8 5623 40 16 5 2 52 9 2 6 0 28 9 9 3 0 9 7 702 72 57 9 9 24 02 20 091829 194 8150 505
193 163 8 9 12 8 2 46 89 8 8 02 987 4324 09 8104 12 8 997 59 5267 02 3 5 1389 92 510 05 7942 9212 1037
10260 4870 33015 8762 5577 3 8 12 08 10159 875 8936 7846 6284 6917 64277 095 5434 3379 61273 7400 098198
5 2 3 4 0123 96 12 0 0 12 9 2 7 0 28 3 5 1 4 5 1 972 16 06 7 8 47 19 73 898223 178 0687 406
50 103 5 9 16 8 2 02 86 6 7 80 937 1388 15 2084 72 4 918 36 6215 12 4 5 8287 19 642 15 2145 8713 8916
63853 0775 13715 0712 5171 0 7 18 88 10192 865 8919 8712 1055 5013 12215 120 5538 5317 06203 1553 175947
8 2 5 6 6123 40 12 7 0 02 9 2 3 3 27 8 5 8 4 5 3 912 93 92 9 9 29 12 61 890223 904 8196 536
163 920 8 7 82 8 8 14 77 9 0 85 987 4644 16 6368 16 4 810 57 0295 04 3 8 0289 42 417 62 2198 7712 8815
07913 5175 72255 2749 0157 8 5 12 98 33692 918 9860 9812 1615 6706 05215 120 9946 5095 53010 2009 825098
1 9 6 4 5803 95 52 5 4 12 6 2 5 8 79 0 2 9 4 0 6 912 32 46 9 8 24 12 22 835800 124 6123 557
553 103 6 6 12 8 2 14 83 9 9 88 987 6704 08 2068 10 4 912 14 8035 19 5 2 1207 12 455 12 2167 9816 8072
19317 4976 03519 8059 5101 3 5 12 04 10402 819 2910 0819 1615 4485 12055 124 2094 1716 50583 0753 025198
6 9 3 4 3100 65 22 5 0 12 0 2 7 9 93 9 2 1 4 1 0 812 12 91 9 0 27 82 29 898729 125 7406 766
729 123 7 9 52 8 7 02 86 6 6 92 807 1014 02 3364 28 4 968 05 6756 12 3 6 1289 10 415 09 5185 8016 8900
92013 5745 10058 8792 9999 6 5 09 28 12113 288 8912 9856 1415 5470 09496 174 9734 5370 53610 0055 137990
0 2 6 8 0128 45 02 7 0 69 9 2 6 1 90 4 0 1 0 7 0 902 37 48 6 8 28 06 23 493202 174 8728 550
123 933 5 3 12 1 0 12 99 8 1 82 780 6894 85 9760 19 4 965 89 3255 70 6 5 0087 16 057 52 2105 8062 7912
12312 1108 63232 8815 7540 5 5 12 96 57182 570 5714 0816 1415 0404 02215 564 8414 7396 53866 0865 178270
5 2 3 0 5226 05 19 0 0 10 8 2 9 1 28 9 6 8 0 5 7 058 52 05 0 8 26 12 93 691683 127 8123 556
186 015 3 9 12 8 9 12 80 7 0 17 380 6884 15 3354 18 0 783 08 9215 17 3 5 1284 85 410 12 8145 4317 8912
15319 3888 88219 7799 5821 7 4 02 48 82065 815 6012 4812 0412 5419 12205 129 5339 0306 53163 6453 126198
1 9 0 9 1193 05 02 6 5 02 5 6 4 1 08 8 9 1 4 5 7 402 85 95 5 8 99 12 20 561360 350 8724 466
820 423 5 9 09 8 2 97 89 5 1 82 887 7216 65 2314 10 2 912 13 0979 82 7 0 1509 79 419 12 2115 4015 8469
12316 6934 45417 8719 5162 3 0 12 06 12802 861 1602 5812 1586 6518 12965 185 0940 5338 03604 9118 135198
7 3 3 3 5923 45 59 5 9 04 9 7 8 0 08 0 8 7 4 2 8 953 12 48 9 3 04 10 23 818033 838 8123 973
913 473 5 9 12 8 1 82 50 8 0 89 788 1030 15 2090 92 8 982 97 1604 32 0 8 1280 97 405 00 3605 5788 0311
30302 7035 33808 8712 5121 3 0 32 98 76052 305 4303 6096 6576 5493 20719 964 6096 5366 98273 1133 735099
1 7 9 4 1620 49 52 0 0 52 9 8 4 1 28 7 8 0 4 5 1 012 39 46 9 2 24 18 03 841223 828 7687 589
427 043 5 8 62 7 2 18 87 0 1 02 987 1924 85 2357 19 9 692 65 1215 12 3 8 1069 77 475 98 3149 8792 8005
26843 4880 93401 1782 0921 0 7 10 90 14187 210 4652 8872 0568 7453 12066 124 5037 5807 56213 6183 885098
1 2 3 4 9127 97 12 7 5 51 9 5 2 7 48 5 6 8 4 9 9 610 92 45 8 8 04 12 53 991525 124 8863 756
629 023 5 5 02 5 4 14 89 8 9 82 607 7484 94 2614 15 7 483 34 1281 72 3 7 1229 12 495 62 8545 3312 8414
00313 1137 94010 0718 3903 3 5 32 98 84980 815 8942 8646 1215 5717 18205 089 5494 7112 59217 1159 785067
4 6 3 0 5083 25 19 5 5 73 2 6 9 1 28 9 6 7 6 5 0 086 42 49 9 6 24 12 28 901220 774 8173 556
123 455 7 0 10 0 7 92 69 9 1 92 047 2315 21 1934 97 4 222 04 1953 14 3 5 7284 19 485 12 7045 8728 1902
12303 5072 13045 8739 5180 3 6 12 93 02180 015 8802 9812 1085 5488 12281 620 0405 3770 43216 9190 825198
1 5 8 4 5523 05 12 3 8 60 0 3 9 7 29 7 7 1 4 5 1 202 18 45 0 8 24 06 29 811223 122 8359 856
58 123 5 9 02 8 2 52 09 7 1 82 782 0214 15 4359 78 9 906 44 1297 89 3 0 1559 16 495 15 2545 8702 8012
17317 4105 03216 8719 2181 3 6 12 50 18522 805 9012 9400 4210 5494 22618 145 5130 5312 05273 6557 120190
3 0 5 4 5903 05 92 4 9 50 9 0 6 0 28 9 0 1 4 7 0 939 18 37 1 9 28 72 23 887223 026 8893 157
223 083 9 0 02 0 2 09 89 4 1 90 981 0776 76 2716 98 2 782 16 1686 12 8 5 1999 12 410 14 2475 9912 8712
70383 7837 99515 8517 4126 0 5 16 08 15132 890 0915 4782 1029 4813 10210 165 8554 5314 00213 1686 059178
1 2 5 4 0124 75 92 8 8 12 3 2 5 9 29 9 9 1 0 2 0 842 12 75 7 8 88 26 20 895298 924 0173 870
273 186 5 9 86 8 9 80 32 9 1 56 787 1092 10 2384 77 4 608 38 1908 02 3 5 0599 12 468 12 5045 0012 8314
15015 1630 11998 8772 6129 4 6 18 88 10107 895 5912 7188 9345 0413 72975 228 5488 2314 59211 1153 065198
1 5 7 6 7820 00 06 5 5 82 3 8 9 0 28 8 2 8 4 5 3 919 16 05 7 8 04 62 53 146723 084 8481 106
183 183 5 9 15 0 2 88 80 1 6 86 987 7204 18 2786 12 4 805 74 1615 12 9 1 1784 12 300 31 2185 8752 3212
12303 6435 87684 8482 4190 0 9 17 48 17106 815 8912 9810 9215 8413 31215 159 5130 9312 58615 1393 105895
1 2 3 4 5125 45 97 3 5 12 5 0 0 1 28 9 0 1 4 9 8 334 95 40 5 8 38 62 03 981247 124 8106 556
243 009 9 9 18 8 3 12 87 8 1 89 987 9218 75 9314 32 4 912 13 4212 17 7 5 1779 32 716 17 6184 5715 8912
62313 9077 15265 8765 5821 3 5 12 88 69171 689 8572 9810 1915 2443 05207 528 5904 4862 93213 4153 126728
9 6 3 4 5105 75 12 5 3 72 6 2 8 1 88 9 2 1 0 5 9 918 62 40 9 0 24 18 63 894203 124 0950 557
723 928 0 2 12 0 2 14 89 6 1 82 787 0084 16 2307 12 4 995 14 7266 10 0 2 1220 65 452 02 2168 8722 8010
03863 9035 14915 6773 6186 3 7 69 98 69170 815 8912 9892 1010 5015 10285 124 5534 5016 57289 5050 125464
1 2 3 4 4703 49 86 5 0 28 7 6 0 1 98 9 0 1 5 0 1 899 15 44 6 8 44 10 80 491033 110 8955 506
183 623 3 9 16 8 2 62 89 9 6 46 947 1297 05 0310 12 4 818 94 1898 06 3 6 1299 12 655 72 2840 6412 0902
59013 1177 19215 9712 9121 0 5 12 98 82102 885 8670 9910 1215 5483 12805 680 5839 4872 53618 6158 125198
3 2 0 4 5103 95 08 6 5 12 7 3 9 9 24 9 2 9 5 5 1 912 12 45 8 8 80 12 23 805525 124 8126 656
113 123 4 9 76 8 8 60 09 8 1 62 017 1264 15 3318 42 9 917 94 8296 12 9 5 1489 12 915 14 2745 8010 7612
16318 1156 16917 3512 2171 3 7 19 98 03162 866 0312 9812 0286 5410 92516 084 5233 5112 53213 1959 390248
9 0 9 4 5729 45 10 5 5 63 9 2 9 4 80 9 7 7 3 4 1 958 12 57 9 7 34 17 63 095223 990 8688 856
900 790 1 9 84 0 5 06 89 0 1 82 987 1224 88 8344 62 5 950 04 1917 10 6 5 0969 82 388 90 0345 8712 9910
22376 9878 63817 6417 5128 4 6 97 90 12042 516 8926 6512 6010 5413 96213 864 8144 8357 83073 3169 130555
6 2 3 4 5009 05 72 5 0 24 9 2 6 7 98 6 2 1 8 9 1 992 78 49 5 8 77 30 23 896623 524 8121 956
983 593 5 9 72 8 4 30 86 8 9 57 867 1214 10 2316 12 9 418 14 7013 04 3 5 1200 00 468 12 2145 0018 8982
58313 4199 09285 8708 5120 3 6 10 98 10155 046 4918 7817 5750 5443 11815 632 5134 5582 50847 0941 128188
0 2 0 8 8023 00 09 5 5 90 7 2 7 1 67 9 8 8 3 5 5 605 02 99 9 5 54 12 22 850220 125 3123 956
177 127 9 9 72 8 9 12 89 9 1 82 509 1244 73 7019 02 4 712 14 9415 18 3 5 9289 12 914 42 8185 8799 1638
14438 1747 16200 2012 9801 5 5 12 79 92852 950 8802 7202 2615 4718 82410 994 4184 5532 59213 0490 165793
1 9 3 6 9023 75 62 5 5 10 9 2 5 8 05 2 2 9 4 5 8 972 42 40 9 8 25 19 11 091273 254 0115 566
56 824 4 0 52 0 9 02 88 7 1 82 967 1014 15 8690 02 4 914 18 1417 12 8 8 1245 80 410 10 0346 8910 8998
12313 7375 03205 7710 5121 0 7 62 78 82142 888 8912 0812 9215 5410 32509 056 5734 5312 53269 7183 195698
0 2 0 2 5173 33 12 0 5 12 9 9 5 1 28 9 2 6 4 5 1 612 50 40 9 8 74 10 83 572299 005 6183 550
123 625 8 0 02 0 2 84 75 1 2 82 083 3215 55 2864 95 4 675 84 7505 12 3 5 6208 12 415 12 5705 8909 9652
46013 1431 13210 8002 5103 4 5 42 98 72182 815 5962 9716 0879 0409 50719 164 7103 0912 88413 6107 920177
1 2 3 6 0928 47 76 7 6 22 8 2 7 1 28 9 4 1 7 7 1 652 14 42 0 6 24 85 25 798022 125 4193 566
094 723 4 9 10 8 9 02 95 8 1 89 987 1784 87 7304 12 4 019 49 7715 00 0 5 7645 19 084 08 2100 7512 8412
74363 1085 80018 8516 7120 4 5 98 55 52070 615 8910 9882 9217 5983 06729 142 9108 5312 76263 9103 185188
4 2 3 5 5620 49 02 7 5 12 9 2 0 2 25 9 3 0 4 5 5 977 14 66 7 1 94 95 23 891205 424 7179 586
723 729 0 9 18 8 7 12 80 0 1 02 983 1444 59 0070 72 4 522 17 1210 69 5 7 3279 12 415 12 9515 8740 8210
10000 8715 23217 7370 5199 6 5 32 00 19826 815 9962 9819 7822 5413 00275 113 5434 5382 63113 9603 929898
6 2 3 7 5123 45 12 5 0 02 3 2 7 1 28 3 2 9 6 9 1 969 14 05 6 6 24 12 93 051281 228 9798 050
433 128 4 3 12 7 4 72 98 2 4 82 957 1524 00 2310 16 4 919 18 7014 12 7 0 8488 72 491 32 2548 8712 8102
10457 1135 19953 9742 5111 3 8 02 90 12185 805 8912 6440 1095 0706 16215 000 5944 6318 59993 8656 147580
9 6 7 7 6193 45 12 5 9 79 8 2 0 8 08 9 0 1 4 0 1 912 14 55 5 5 84 19 33 897886 194 8933 253
823 123 7 9 14 8 6 09 80 6 7 88 977 8904 14 4819 81 6 716 64 1615 82 5 9 8009 17 410 02 7748 8912 8992
83114 1235 73215 8600 8121 3 4 13 98 82202 815 8972 0113 1405 9476 02913 128 8564 6369 56503 1744 300187
1 2 3 9 5123 95 72 6 5 13 2 6 9 3 95 7 2 9 0 5 1 912 92 06 0 0 31 13 23 609959 124 0123 590
403 091 9 0 60 8 3 17 89 3 8 12 587 1914 15 0376 12 4 997 37 1215 53 9 4 4659 82 095 18 0942 8712 0939
12313 1495 76010 8712 9135 3 0 67 88 12105 276 8911 9824 1365 9413 02009 134 7159 6310 97269 1159 145108
8 6 5 3 5120 40 70 5 6 32 9 2 0 1 29 9 0 1 4 9 9 992 02 46 7 7 24 10 73 491027 124 8628 556
187 273 5 9 02 9 2 12 89 0 1 89 680 3946 02 6354 02 4 319 19 2610 72 7 5 0280 40 009 46 0645 8737 8918
19813 1130 77315 8792 5121 6 4 06 08 72198 863 9972 1982 1317 5423 95205 174 5284 0370 53913 0129 835198
1 7 6 4 5170 45 10 5 5 12 9 2 3 1 68 9 7 5 4 5 1 910 12 23 4 8 44 52 08 811223 120 8023 559
125 843 4 0 12 2 1 92 99 8 1 96 900 1204 30 9684 00 4 982 84 1275 12 3 5 4706 52 415 10 6747 5708 7913
02683 9105 73215 0717 4134 3 5 82 96 12742 715 8112 8892 1485 5793 10288 740 8136 7070 58040 1853 105891
1 6 7 6 0903 45 67 5 5 07 9 9 4 5 03 9 9 0 4 0 1 015 02 48 2 7 28 82 23 847523 127 8092 556
025 191 5 9 57 8 8 16 79 7 1 89 980 1214 10 3339 17 4 012 24 1305 12 8 6 9598 12 415 12 8135 0714 0097
12861 1139 47275 8512 9127 8 5 12 98 12160 860 8418 6812 2205 5480 50477 124 5428 9312 08019 1939 820008
1 0 3 7 5056 05 17 5 9 02 7 2 3 1 23 9 2 1 0 5 1 614 92 47 7 8 04 06 92 891843 964 8123 521
823 123 7 3 12 8 2 69 83 6 1 87 987 0201 98 9810 18 4 982 14 1516 19 8 8 1277 66 415 12 2049 8900 7042
14313 6335 13018 8712 4494 9 3 12 00 82608 810 8913 4017 8905 0813 88219 160 0962 8302 65143 6827 025188
4 2 3 4 8173 85 92 5 7 42 4 2 0 1 24 9 0 1 4 0 1 912 12 45 9 8 44 12 73 895276 670 7625 357
00 193 8 9 14 5 7 84 98 4 8 66 979 0214 86 0284 82 7 015 98 7255 50 4 9 7450 52 415 12 2595 8004 2905
12715 8195 13916 8062 2676 4 0 12 97 08562 735 8992 9812 1218 8483 92915 048 0949 5372 56565 9130 123799
5 6 7 4 6160 45 99 5 0 10 4 9 8 0 25 9 2 1 5 5 4 912 02 96 8 8 24 12 73 891220 824 0228 557
523 885 9 9 10 0 6 18 89 0 7 62 987 6289 97 2315 17 5 878 24 1005 12 7 5 4279 97 465 12 8695 3518 8486
42113 7035 15615 6791 6171 0 0 18 54 10060 915 8960 0892 1068 9413 92215 884 5144 9682 53219 7897 145106
1 9 0 4 9023 70 78 0 5 02 8 2 6 1 27 9 9 9 3 8 1 598 42 40 7 8 24 12 28 898806 004 8175 526
723 750 5 0 18 8 2 18 85 8 1 08 489 7416 45 0314 12 9 929 14 1279 12 8 5 1389 77 475 12 6595 8516 1612
89113 1745 33265 8619 9125 3 5 02 90 10044 877 9762 9812 7208 5513 18755 124 9534 0612 83213 1653 575898
1 0 4 4 0120 45 61 5 3 10 6 2 0 6 26 9 8 0 5 5 1 772 12 62 9 5 90 18 23 331653 724 0123 246
123 629 5 0 82 8 2 88 49 9 6 82 182 1287 95 9314 12 4 902 44 1215 12 8 5 1289 85 015 88 4816 8750 8926
18253 1170 03115 9718 5176 0 8 92 98 82493 845 8937 9602 1215 2430 12285 028 5134 5782 20817 9133 165198
1 2 3 4 0023 11 17 0 5 12 9 3 0 1 08 6 9 9 7 7 8 070 02 45 9 0 25 15 28 089828 029 8113 579
323 623 7 9 18 9 8 14 59 6 8 44 900 1119 05 2004 12 8 912 09 9610 12 4 5 1289 12 415 02 4160 8314 7012
28015 1180 19245 0540 6021 3 8 02 98 32180 845 8977 4319 7285 5613 82510 124 5194 8345 00210 1196 668190
7 2 8 4 9009 25 62 8 5 18 9 2 8 1 29 9 8 0 4 5 1 713 12 46 8 3 24 19 77 897225 824 8143 556
429 195 8 8 01 9 8 92 77 2 6 24 987 3364 08 2395 14 8 612 00 1615 22 3 5 0069 19 400 86 2837 8782 8610
50310 0975 83215 7749 0124 0 5 02 09 14170 815 8272 9893 1495 8606 84995 029 5190 5382 51218 1160 023197
8 2 1 4 9124 47 12 6 5 72 0 7 9 1 29 0 9 1 8 0 4 988 28 45 2 8 24 13 23 685823 124 8823 853
023 823 5 9 92 8 2 12 89 3 1 19 977 0294 84 2093 11 4 392 34 0209 90 3 5 0980 92 215 12 0245 8312 0917
92313 7835 17015 6702 5024 3 5 10 28 15193 875 4772 9812 1095 5903 05515 124 6764 5379 59053 1093 126190
9 2 8 0 5153 15 12 5 5 12 2 7 5 8 67 9 2 1 4 5 1 902 12 46 9 8 34 16 89 096627 127 5104 094
920 123 7 9 62 8 9 12 09 8 1 52 987 1914 72 8354 17 8 490 76 1200 06 6 5 1909 19 255 91 8190 7052 8918
18384 1195 14245 7715 5027 3 8 02 98 51009 959 8012 9012 1215 5410 17238 194 5132 8300 50513 1199 125788
2 0 0 7 5122 45 42 6 5 12 9 2 9 6 29 9 9 0 0 5 5 632 12 15 7 9 27 12 23 701498 428 2009 656
565 069 0 9 99 9 0 12 39 6 0 02 586 1210 84 2154 00 4 792 10 2915 19 8 6 0256 12 408 12 2245 0909 7909
12303 1638 03315 8936 1131 3 6 62 92 12890 896 8585 9864 1598 8905 12585 824 4137 5002 53771 9762 125991
7 2 0 4 8173 27 70 5 5 12 9 9 2 1 18 4 2 4 8 5 1 902 19 07 6 8 24 57 24 790807 924 9124 090
700 175 5 0 09 2 9 10 89 7 9 06 586 1428 05 0292 60 0 362 14 1217 10 6 7 1243 12 475 62 0989 8717 8912
62013 7735 74657 8392 5120 3 5 12 95 84922 880 8972 9452 5200 6470 12275 165 0189 0012 83203 9184 025105
1 2 3 9 9124 41 05 6 0 15 6 2 7 4 00 9 9 0 8 5 1 902 72 85 2 0 78 10 43 801853 404 8129 099
913 323 7 8 02 8 9 92 89 6 8 92 987 1064 45 6094 10 0 112 10 9875 72 0 5 0282 18 885 12 2640 8519 8912
12513 1105 05611 6425 8921 9 6 18 98 15196 855 7912 0402 1275 8414 05285 724 5934 5320 50210 1015 168078
1 0 9 4 6123 49 19 5 8 12 2 2 7 6 21 9 7 1 0 6 0 718 88 50 7 0 27 12 26 090826 179 8120 756
08 121 9 0 92 8 8 12 45 8 7 82 187 7816 10 6314 12 8 918 14 5915 40 3 9 7341 02 419 62 8165 4892 7052
02349 1445 83219 8742 0161 0 5 27 08 20716 725 8617 9862 1403 5588 12215 109 5076 5979 53293 8153 190198
8 2 5 7 0924 98 12 5 3 15 9 0 8 5 29 9 2 1 1 0 4 422 07 48 9 0 28 52 23 891723 127 8923 394
826 063 9 9 18 7 2 59 89 2 1 02 984 8146 85 0314 77 4 916 73 4652 00 7 5 4289 14 415 93 5672 8712 8914
12816 1135 80295 8962 1021 0 5 78 98 19189 318 8012 9802 7815 5410 17205 124 0834 3842 93513 0063 935688
1 2 4 4 3823 40 02 5 5 52 9 4 8 4 28 9 2 1 4 8 7 797 30 60 4 7 29 12 75 504223 169 8526 036
230 177 8 6 12 8 2 12 89 5 0 98 980 0204 19 9949 92 4 612 18 9535 79 3 4 1699 11 415 69 3049 5913 8919
82033 0606 73717 7702 7108 6 1 02 97 95276 988 4972 9742 1206 5717 16010 125 5154 7814 03217 0156 557290
1 2 0 4 5683 45 97 7 5 10 9 2 6 1 28 9 2 1 4 6 9 962 82 45 7 8 20 02 20 001229 334 8122 510
183 123 5 0 72 8 2 46 87 2 1 88 883 3209 15 2004 12 4 992 16 1228 96 0 5 1569 16 474 42 2845 8718 5912
12599 1130 23615 8712 5121 5 8 10 08 17102 830 8012 9115 8280 8817 11240 154 0144 1362 53304 1650 725378
8 0 3 0 7829 45 14 5 5 10 0 7 6 9 20 6 2 9 6 4 1 988 11 40 9 8 25 02 28 994026 027 0120 556
180 683 5 0 12 2 2 12 46 9 9 82 967 1204 99 2314 60 1 912 78 6245 15 9 5 1189 17 698 92 2145 5426 3515
12308 1335 67715 0712 5401 3 1 12 98 54599 065 0570 0039 1214 5417 12225 920 8137 8492 13510 1693 190106
9 8 0 0 5147 41 39 5 4 12 9 2 7 6 78 9 3 1 6 8 1 632 19 55 4 8 99 11 29 301223 194 0190 506
903 023 5 9 72 0 2 70 99 5 0 52 397 1989 80 0587 18 4 914 74 9958 12 7 5 7788 42 355 40 2195 2072 8913
68393 1635 78595 8038 5444 8 5 62 08 00190 810 8917 9812 6265 5366 80215 124 5134 0302 53611 4050 185197
0 0 0 3 8808 43 10 5 5 32 9 6 9 9 65 3 2 1 4 5 1 952 18 47 9 8 29 19 23 891281 745 8029 558
759 123 0 9 11 8 7 82 08 9 1 22 587 0208 07 2314 17 4 914 74 1919 60 3 5 8369 02 808 10 8145 8779 8978
12810 1153 19015 0832 7101 9 8 09 48 16148 885 8875 9435 1215 5719 17235 120 8084 9067 24213 1803 950578
0 2 6 9 9163 38 12 8 8 10 7 2 8 1 20 6 2 1 4 5 8 912 27 48 9 8 20 49 28 880248 194 8833 559
723 883 7 9 12 8 9 12 82 1 7 52 947 2038 15 2020 35 8 573 19 1200 90 3 2 1788 18 308 19 2945 5680 8412
52903 0734 43936 8730 5623 5 5 18 08 82180 980 8813 9872 1215 6813 67688 198 3434 5382 77413 4173 125188
7 2 3 4 4023 07 72 0 7 05 9 2 4 9 08 9 2 1 4 5 1 967 17 49 9 6 54 82 80 491273 124 8107 559
573 820 5 9 15 8 6 12 67 3 6 82 987 4514 15 2610 19 9 988 18 1090 12 3 8 1286 12 019 42 3189 6502 8955
82303 5539 13258 4712 5421 3 9 62 98 02102 817 8942 9512 7275 5413 99519 624 5904 6432 53809 1899 140158
1 2 5 4 5123 09 02 5 5 11 0 2 7 1 20 0 2 1 5 4 4 956 13 06 6 8 95 12 29 890023 324 6523 502
753 975 6 0 19 0 2 02 88 0 1 02 589 9815 11 3714 12 7 472 15 1015 95 6 9 8907 18 499 18 1148 8710 8114
10813 7735 13289 8992 5269 3 5 62 98 93171 816 6531 9817 8276 0413 06706 122 0005 4392 09211 7003 927098
4 2 9 4 9111 45 02 9 5 11 5 4 6 1 87 8 2 1 4 3 0 010 52 44 9 8 34 17 50 891263 104 5193 456
104 123 4 9 85 6 2 03 90 9 1 82 977 1234 77 6744 52 9 912 37 5740 72 3 9 1980 99 785 82 9745 8012 0119
10392 1177 13292 8457 7109 9 5 10 98 17183 859 8903 9020 1016 5418 12808 924 5954 5316 93690 0149 735899
1 2 9 4 5063 05 32 5 7 72 9 2 9 1 17 6 9 1 6 1 1 305 12 70 9 5 28 12 13 401523 124 8623 650
57 123 3 9 14 8 6 67 79 7 1 82 582 1934 15 8864 98 5 909 10 7095 18 3 0 1939 12 418 18 7145 8782 0910
19315 9035 19360 8710 0174 0 0 75 98 30962 895 2919 9965 0219 9493 02715 134 5107 6362 90213 1043 729258
1 0 3 6 8424 89 10 9 7 72 9 9 2 1 28 5 2 1 7 5 1 955 10 75 9 0 74 03 99 091623 466 8120 056
126 057 5 9 01 3 0 11 67 8 3 92 087 1004 17 2304 92 4 982 14 1610 18 3 5 1903 16 015 12 2908 8674 8780
02483 1630 16015 8702 8750 5 5 16 90 02880 715 8902 6082 4215 5403 35217 184 5714 5319 73619 8150 775448
8 2 3 6 9023 45 13 9 5 62 9 2 8 7 08 7 6 3 4 5 8 919 72 75 4 8 26 12 93 806823 704 8193 508
193 026 5 5 65 8 2 15 24 8 0 02 757 9614 89 2381 80 4 932 54 1205 65 8 0 1060 67 419 06 2545 8772 8062
10333 0734 90040 4110 5821 0 5 17 97 18782 055 0892 9503 1815 5412 90687 984 5934 5092 53227 5199 980863
1 0 3 4 5873 20 10 6 5 11 9 8 8 0 28 9 2 3 0 8 0 857 72 45 6 8 84 12 22 094223 359 8127 157
026 520 0 0 10 0 2 10 66 8 1 84 087 1204 30 0314 79 5 892 85 7205 02 0 6 1252 00 375 10 2075 8712 8142
19305 9435 13815 8082 8921 0 5 16 98 12005 084 5811 9102 1815 2443 82975 924 0132 5300 56683 1126 623198
0 2 7 4 5913 45 89 4 6 82 6 9 0 1 26 7 2 3 6 5 1 782 12 40 6 4 89 02 20 004023 526 8023 509
106 320 5 1 02 8 2 19 52 5 1 62 987 7604 15 0324 00 0 912 14 1829 82 9 5 8289 12 897 62 0845 8768 8515
19313 0194 13209 9963 5121 0 5 22 98 92192 816 4902 9802 1015 5413 76299 123 9134 0317 64013 1557 199198
7 3 5 1 5127 44 12 5 0 56 9 8 3 6 59 9 2 0 8 5 5 719 12 70 8 8 29 17 27 899823 948 8605 756
427 183 4 9 12 7 0 15 79 0 8 86 987 7294 16 2098 02 4 912 44 1819 12 3 2 0289 62 090 32 2975 2712 0712
15873 7135 19210 8713 5143 4 5 40 56 12170 465 2608 9842 1504 5403 10200 110 6133 3312 02013 1153 625192
0 2 9 4 5103 40 02 5 5 94 0 2 0 2 59 9 6 1 5 5 0 519 72 44 5 8 89 14 03 884250 234 8390 516
603 127 9 0 02 6 2 13 88 7 7 88 883 8577 15 2378 12 4 907 34 1218 12 7 0 0009 82 257 12 0145 8812 3917
12535 1135 63895 7892 5881 3 5 12 98 52990 897 8912 9844 7215 5370 07417 024 7604 8070 54653 3353 045199
0 9 3 8 0673 36 42 5 2 74 9 3 0 1 82 9 4 1 4 7 7 912 82 95 5 9 04 16 23 876283 320 0620 536
189 903 5 9 79 8 2 32 86 0 1 05 609 7004 59 9349 47 3 992 76 6590 32 3 5 1889 16 415 32 2175 8250 1997
06319 6152 13027 8742 5124 8 8 12 98 12107 813 4917 9272 1215 7743 72215 824 5034 9318 95213 9145 923197
1 0 4 4 5907 05 10 8 8 82 5 2 4 0 28 9 2 1 0 5 1 762 12 55 9 8 23 10 16 801203 124 9066 046
523 103 8 9 95 0 0 12 09 0 7 89 900 1214 16 2317 15 4 890 68 0275 02 9 5 9649 36 616 92 0343 0709 8610
02693 0138 93315 7714 6021 3 6 13 98 70312 010 0919 9817 8005 5719 14115 078 5610 5912 00813 1353 109674
1 8 3 4 5119 45 15 5 5 82 0 2 0 1 30 6 5 1 4 5 9 708 12 45 5 7 72 15 71 860220 526 8103 397
178 184 5 9 12 0 5 16 85 0 1 08 988 0570 15 6387 02 4 942 53 1235 31 3 5 1275 12 415 10 6745 8788 5082
12993 8130 13215 8716 5120 7 5 38 90 19186 715 8008 0372 2215 5410 12290 899 5004 7312 09310 0432 708908
12713 0035 70206 7707 5324 3 2 17 66 75182 845 8992 9995 1062 5033 17214 529 0157 9352 95213 8853 126098
