9 2 3 4 5886 45 92 5 5 20 9 8 9 6 27 9 0 1 4 7 1 594 15 99 1 8 07 82 23 091920 123 8823 456 
123 020 5 4 12 8 2 10 09 9 1 82 987 7214 35 6677 12 9 914 90 4215 12 9 5 1089 59 575 62 2155 8378 8401
36313 4837 83617 8752 0777 3 2 66 98 72119 515 2988 9817 6385 8913 03535 174 6194 5360 63213 1967 123149
9 6 4 4 5123 95 12 8 5 02 9 2 8 7 28 9 2 2 7 5 9 312 12 35 4 9 09 62 29 091222 125 8605 556
59 619 5 3 01 9 2 18 69 7 9 82 936 5295 15 4350 16 7 912 13 5111 92 8 5 2883 91 459 16 9145 8482 8912
57893 3131 14215 8711 5691 3 5 15 78 16172 865 8617 6986 1219 9473 09209 124 7162 5312 53211 7653 725836
1 2 9 0 3293 86 13 5 5 12 4 1 4 1 66 9 4 9 6 5 6 316 54 95 9 8 54 12 23 890923 448 8125 553
093 753 5 9 18 0 3 12 07 3 0 32 982 1297 15 2378 10 4 952 69 1715 16 1 5 1393 16 415 05 3145 8412 5613
96615 7295 19615 5746 7192 3 9 88 36 58662 015 7913 5519 4217 5817 82985 126 5164 3449 93247 1520 141195
1 2 7 4 5123 92 15 7 0 59 9 3 1 7 78 9 2 9 4 5 2 972 60 45 8 9 54 79 93 001277 898 8186 586
097 197 1 2 02 8 7 12 85 6 9 36 987 5856 15 7298 72 5 412 65 1284 92 5 7 1889 13 484 02 0176 3772 8982
62917 0711 22616 8712 5171 3 5 13 89 18185 552 8913 9966 1415 8918 02240 099 9647 8810 60863 1843 157895
5 9 3 4 5125 45 87 5 1 19 9 2 8 1 88 9 2 1 6 5 5 982 12 45 9 8 24 17 20 587529 124 2126 559
003 988 8 8 93 8 9 14 53 4 1 58 719 1218 15 8329 31 6 358 04 3665 04 3 5 5372 19 415 17 9870 6808 8517
92390 1175 13535 8769 9180 8 4 42 98 12162 868 5945 7012 1915 9013 67715 174 8193 8719 63243 1153 465690
9 2 5 6 5286 85 12 5 0 25 9 6 8 1 27 5 2 5 9 2 1 412 56 45 9 8 22 99 55 691123 124 9123 886
998 343 5 9 19 2 2 12 27 8 7 02 987 1796 85 9914 65 4 972 94 5515 38 9 8 9086 12 405 86 2145 8590 5012
12083 1439 87295 8410 5921 6 5 10 74 12145 216 8892 9812 1283 5440 82515 924 4574 3912 23266 1159 595197
1 7 9 9 7881 88 12 9 7 99 8 4 8 1 41 7 2 1 4 5 8 911 36 47 9 8 04 18 45 821250 279 8173 526
190 126 7 9 87 5 2 89 89 8 7 83 991 5205 75 0814 12 4 912 94 7615 72 3 4 0989 86 415 92 7103 0882 7919
82090 7755 69597 9716 5471 3 5 82 76 41529 872 8978 9819 8255 7443 19692 125 2780 8110 54616 1893 105898
1 5 8 4 5820 35 52 5 1 92 8 2 8 0 20 2 2 1 6 5 9 921 29 55 9 8 24 86 20 991223 095 9192 556
123 549 5 9 82 3 6 85 05 8 2 72 133 1268 19 2717 89 2 482 14 4685 62 8 5 1999 62 440 16 9140 7752 8912
12516 1185 13285 8562 5661 9 5 19 58 12172 880 8320 9812 1288 7493 88217 094 5635 6954 73200 9150 198198
1 5 3 8 0623 45 34 5 1 99 7 5 9 5 28 9 2 1 1 6 1 615 12 25 9 5 24 88 21 835229 621 8523 536
129 994 8 9 12 8 2 65 27 8 6 82 699 1588 95 2414 32 7 886 14 1215 98 9 5 8529 30 417 82 7135 0714 7957
12813 7956 19010 8712 5106 2 6 98 88 16192 896 7918 9882 8263 4413 88267 125 5585 5398 50602 6023 998998
5 6 3 4 5143 45 83 9 9 72 6 6 3 9 29 9 0 1 4 9 4 915 12 95 6 8 24 15 34 893783 627 6228 850
183 953 9 9 72 8 2 55 89 6 9 52 940 1717 55 6311 12 9 832 47 4265 92 3 9 1279 19 445 82 2995 8542 9752
14769 7176 03885 8519 5125 0 3 12 95 10979 958 8912 9412 1276 9418 12215 926 9138 8318 81286 0289 126195
3 2 7 9 5850 40 12 5 5 42 9 2 8 6 20 9 7 1 4 5 9 912 44 40 9 6 84 42 89 771293 435 8546 596
123 930 2 3 52 8 2 12 37 7 1 49 985 0216 17 2399 12 4 972 15 1217 80 6 8 1889 92 495 13 2143 5709 9192
5 5 4 4 5897 05 07 5 0 03 5 2 0 1 20 9 6 4 4 5 6 612 16 78 9 8 38 97 23 891223 157 8129 566
163 123 9 4 54 8 7 39 67 1 7 88 907 1188 55 7314 19 6 215 34 1265 47 2 5 1189 46 416 84 5145 6818 0992
19897 1835 13215 8718 5121 3 0 82 97 52706 715 3416 9810 6215 2413 74215 181 5284 0319 57788 6658 923198
1 2 3 7 0163 68 59 5 5 48 6 2 0 6 87 8 3 9 4 5 1 515 06 44 9 9 24 82 83 897260 134 8123 556
56 953 4 6 19 8 6 16 99 8 0 88 989 8214 19 9318 72 4 807 14 8285 88 3 5 8289 19 099 92 2140 8879 0618
28676 6827 13219 8717 3128 9 5 99 90 14392 975 8967 1316 1515 6914 42915 524 5144 5292 97267 1159 125109
1 0 3 4 6543 81 35 2 5 52 9 8 4 1 68 7 2 1 5 3 6 912 12 25 7 8 26 06 77 398227 154 9130 550
884 829 5 9 42 2 8 12 75 0 1 82 968 8254 75 2360 18 4 912 04 1264 10 3 5 6298 14 074 60 7444 6715 8414
12303 8332 73915 9812 5122 3 9 19 58 19178 014 0512 8815 6212 5450 32915 787 5197 5398 95517 3153 925917
1 2 3 4 9924 75 62 5 3 12 9 3 9 9 29 9 8 7 4 4 1 280 37 95 7 8 84 12 23 123228 184 9133 683
199 538 5 6 12 8 9 18 80 0 1 39 777 7817 89 8518 18 3 812 74 1433 32 3 6 1280 19 490 31 1144 3875 8609
56615 0860 10815 8715 5189 3 3 18 74 98747 835 0926 2517 9499 5413 89114 104 5134 5327 83265 2755 177892
6 2 3 4 3193 49 02 0 5 12 6 2 8 2 19 9 2 5 4 5 1 719 18 44 9 8 44 12 28 588973 824 8395 552
106 195 9 4 52 9 6 52 71 8 1 89 986 2344 15 2317 12 4 542 19 5867 18 3 5 6859 55 411 12 2145 8814 8904
19813 8837 19619 8718 5819 3 7 12 98 25897 288 7660 9896 1264 5217 16907 124 5134 4359 83016 6153 125198
1 5 3 4 9109 45 58 5 1 12 8 3 8 1 20 5 2 9 4 0 1 883 82 01 0 8 96 99 39 861223 729 8743 547
107 128 4 3 12 7 2 12 77 4 1 10 989 8258 33 2314 72 6 770 64 2415 62 3 6 9286 68 465 82 2470 9979 8919
02316 4579 19791 8743 5727 9 5 72 97 07938 815 8914 9888 1605 5446 16215 124 5704 5926 48263 1153 827398
8 2 7 9 6193 02 61 5 5 12 5 0 4 9 98 6 0 2 4 4 7 824 42 95 9 0 03 12 27 891953 184 3623 058
663 027 5 0 48 8 0 12 09 2 1 87 997 1930 18 2314 82 2 542 85 1245 59 3 7 1284 90 819 19 6142 8712 0972
87665 1935 17218 9411 6005 7 0 12 98 52138 910 4996 9810 9915 4413 06585 184 5173 5024 53213 8154 365198
3 2 7 4 8475 42 17 7 5 00 9 2 0 8 78 8 4 9 6 8 1 012 25 45 9 8 24 12 23 894223 529 8279 586
788 829 4 5 32 8 6 72 89 0 4 88 988 3677 95 6375 17 3 742 34 0809 12 6 5 8689 52 630 12 2146 1687 3908
26828 1985 12216 8015 8567 0 5 98 08 92469 745 8966 9612 1215 4936 00213 128 1139 5312 97013 5643 723598
5 2 3 4 8429 49 12 5 6 50 9 2 6 1 25 9 5 1 4 5 1 992 78 45 9 2 24 82 23 697622 324 8524 946
193 179 8 9 12 5 8 42 89 9 1 92 987 7999 79 3344 65 3 818 14 1225 12 3 5 1680 15 519 92 9183 1612 8887
88913 1139 73295 0312 5160 3 9 99 68 22778 805 5918 5864 6217 6210 49205 129 5104 5399 53818 3639 335638
1 9 3 3 8883 75 72 5 3 12 9 2 7 1 26 9 0 1 4 9 1 982 12 80 9 7 24 12 56 863802 824 6723 539
678 827 4 3 16 8 5 22 39 7 7 82 997 7214 19 0960 18 7 909 14 8834 16 4 7 1149 55 658 12 5796 8715 6912
70617 1609 48208 2872 5028 9 9 00 98 82187 372 8972 4872 1759 5313 32425 144 5639 5366 56213 8054 570806
1 2 0 4 8954 80 19 4 8 52 4 7 0 4 25 9 2 1 5 5 1 217 15 45 9 8 28 16 56 061293 839 8126 540
187 928 0 7 72 8 2 18 88 5 1 67 989 1214 14 0254 69 4 419 74 7010 73 5 5 7959 58 800 69 6145 5782 8490
19313 1169 83215 8712 6227 0 5 06 30 62992 569 8786 5088 1459 5977 15247 424 7584 5656 69875 9753 125198
7 7 1 5 9123 48 28 7 5 12 6 9 9 0 78 9 2 1 4 5 2 912 12 55 3 6 24 18 23 495823 024 6183 952
143 193 7 8 15 0 6 18 05 9 1 18 675 5956 39 2541 15 5 782 99 1701 19 3 9 0688 18 153 05 2949 8799 8885
54313 1095 59219 8312 7121 3 5 82 19 95774 815 8706 9678 1258 5413 16015 786 5107 6582 83203 7153 027196
1 8 0 4 5389 21 12 2 6 16 4 7 6 7 38 9 2 1 2 5 9 605 82 46 8 8 24 17 31 890923 078 8123 456
58 723 9 7 19 8 9 12 74 4 8 72 938 1284 00 2894 12 5 982 50 7595 17 3 5 1589 96 495 18 9249 8716 7991
06913 1134 11315 8718 3878 3 5 58 78 12502 865 5473 0422 3219 5913 42200 754 2830 6312 53337 3773 175196
1 2 3 4 5725 80 12 3 5 16 4 9 4 1 28 9 2 9 9 5 1 912 18 35 4 8 89 43 73 988724 704 8193 559
119 843 7 9 72 8 2 72 83 5 3 87 989 6214 15 6348 13 4 919 14 1270 76 3 7 1284 68 085 97 4745 1776 8046
56313 4666 21277 7412 5227 3 5 12 54 17506 813 8918 9882 8617 9418 84954 186 7134 6952 57263 7553 625692
1 2 8 4 6223 88 42 9 5 05 9 2 0 1 29 8 3 3 4 5 2 947 92 45 3 8 99 88 97 841447 994 0123 556
125 122 5 9 12 0 2 96 82 3 7 72 987 5214 05 7334 17 7 732 74 7875 12 3 5 2199 48 715 92 9155 8817 8412
72319 1239 97847 8702 5561 9 0 17 98 76690 988 8913 9884 1215 9617 14982 745 5168 7892 34203 7183 525847
1 8 3 4 7123 75 10 5 5 72 0 8 9 7 27 2 7 1 5 5 9 662 13 86 9 8 93 02 20 891350 024 0323 450
823 123 5 8 92 3 3 19 69 4 8 82 987 9214 16 2316 04 6 940 16 4517 17 8 4 1289 12 435 17 6174 8919 5912
52393 8769 14965 3712 4589 8 3 12 98 19382 095 8712 7908 1415 3413 78215 125 8633 5002 29483 3187 325777
4 2 3 0 4129 45 98 2 5 26 9 2 8 9 68 9 5 4 8 5 6 912 12 44 7 9 64 78 86 617223 122 8225 658
123 163 5 9 12 9 9 02 09 8 9 82 989 1217 85 7791 86 9 992 04 4491 16 7 0 8420 12 323 10 9329 5782 7318
69963 7835 18215 8712 6811 9 5 12 97 76154 815 0912 9208 8253 0433 12285 924 5734 5318 53616 1993 125117
5 4 5 6 3743 43 97 8 7 14 0 2 3 9 28 9 5 1 9 5 6 994 12 46 9 7 94 97 23 899593 854 9708 589
723 103 5 9 17 9 2 76 81 0 1 82 387 7214 90 8014 72 7 429 12 5115 12 3 9 8928 96 437 14 0164 5074 8992
62314 1737 23245 8710 5492 9 5 12 58 36162 617 9819 8888 8279 5463 12484 124 6136 9682 53213 1153 985498
8 0 8 4 5123 46 88 2 5 02 9 2 2 4 07 9 9 1 2 7 1 992 12 45 3 8 63 14 26 999228 584 8507 506
124 114 5 7 40 8 2 82 87 9 8 02 489 9210 05 2568 10 0 914 54 1250 10 3 5 6749 13 216 02 0044 3994 9912
95649 4195 13885 8412 0121 3 5 78 98 12892 895 9612 7818 8264 9203 12265 826 9134 9318 70275 1103 195198
7 9 4 2 1123 45 92 8 5 12 6 1 8 3 72 7 2 1 4 0 1 722 84 46 6 9 25 17 23 897269 429 0523 552
253 139 5 7 66 3 0 52 89 4 1 09 896 1014 15 5457 67 2 972 14 5235 52 9 5 1787 19 515 12 2748 8779 5632
18376 8869 89195 5715 5181 3 5 12 98 80198 815 8814 9342 1715 5436 15294 721 8690 5514 51296 1868 175189
1 7 4 7 5193 46 12 8 5 17 9 2 2 1 28 9 2 0 4 8 8 918 48 95 7 9 24 88 23 608329 142 4120 956
825 129 2 9 67 2 2 58 80 4 5 62 987 1219 15 4214 99 4 985 54 7245 12 6 5 7209 65 919 42 7705 8259 0213
18948 4132 11815 9712 5129 7 1 49 23 92792 814 2912 4842 1517 4503 62243 324 4138 9312 56283 1133 087363
1 9 6 1 5173 65 92 9 6 12 7 9 6 1 27 9 2 1 3 5 1 712 97 05 9 8 26 66 87 881225 828 8423 956
127 023 5 9 12 0 9 82 77 7 7 84 087 1676 14 3864 62 4 915 14 9218 12 3 4 6089 88 215 13 8459 4012 8912
95083 6158 13953 8852 2124 6 5 12 99 12965 778 8597 8482 1285 8413 33219 820 8180 7017 58718 1163 985187
9 7 3 3 7183 75 32 9 5 14 9 2 1 1 96 6 0 2 9 5 6 212 79 05 0 8 54 23 83 899329 174 8123 559
623 883 5 9 12 8 8 72 49 6 1 02 987 8293 15 2314 15 4 612 11 8215 15 3 9 5709 32 485 08 6147 8489 8750
12366 4335 18258 8284 8521 6 5 15 94 78378 895 6954 4899 1615 5614 15292 164 5165 3616 57713 1509 058196
8 6 3 4 5923 44 12 5 5 95 9 8 7 1 28 9 2 4 4 5 1 912 32 49 9 2 24 82 87 891424 755 8463 056
58 123 5 0 52 8 2 12 99 8 1 86 882 1554 17 2314 62 4 960 84 8814 62 3 5 1619 98 918 79 8148 2512 8918
72915 1146 13215 2782 5420 6 2 10 12 92182 415 4910 9572 9274 4673 52313 126 3154 5356 53098 1753 425048
0 5 3 2 5123 75 55 9 9 12 4 2 7 7 08 6 2 9 4 5 7 905 92 45 9 6 24 12 29 831150 184 3027 556
179 920 5 9 52 8 2 52 81 4 3 99 987 9219 16 6719 68 9 918 54 1827 04 3 5 1286 05 904 77 2145 3515 8058
19352 7695 13219 8512 2121 4 0 72 96 12768 755 8915 5912 1095 5815 19739 108 7139 5412 30213 1405 625029
0 2 8 0 1429 55 12 9 2 18 9 4 9 1 68 9 5 3 4 5 1 986 10 45 3 8 15 15 61 441283 113 8193 156
020 923 5 7 12 8 2 67 89 6 2 82 580 1414 15 2864 12 3 967 94 1714 17 3 5 9158 19 419 59 6145 4972 8712
12563 4938 13514 8718 5778 8 5 12 92 86199 215 9939 0816 1655 8917 52298 124 5139 8322 97644 3757 703598
8 2 3 7 3193 45 19 3 5 07 8 9 5 1 42 9 2 0 4 3 1 419 88 47 9 8 24 79 26 849213 829 0189 506
523 123 5 9 87 4 7 92 81 5 1 82 579 7274 45 2339 82 4 902 95 1393 41 0 2 1209 16 409 19 2625 8012 1912
68376 1088 14775 8817 5114 3 6 10 04 62174 499 7319 5662 6618 7813 87218 126 5138 7372 53243 1653 545148
1 9 3 4 7153 45 02 9 5 10 8 7 1 3 28 8 9 5 4 5 1 088 05 95 9 8 64 18 92 898623 924 0153 534
909 182 5 9 87 8 2 16 63 1 1 38 987 1414 15 9654 86 4 912 69 5825 12 8 5 7189 92 912 13 6142 9772 5812
11317 7108 65615 8318 2321 3 9 82 99 30092 885 7062 9872 4219 5413 59215 124 5137 5392 30419 1581 175146
7 2 7 4 5129 45 19 9 4 18 9 7 5 5 16 5 5 7 3 7 1 817 09 40 9 8 44 82 73 991223 125 4623 556
723 823 5 8 15 8 2 12 89 9 1 72 614 1239 15 2917 15 8 816 94 4267 89 5 8 1049 94 515 72 2145 9909 8965
59018 1135 63815 8712 6351 7 5 16 78 90685 419 8812 9879 9202 3483 92715 123 5174 5319 83218 1189 045694
5 2 9 8 5723 47 79 9 5 10 9 2 4 5 28 9 8 8 8 9 4 992 18 48 9 9 84 13 49 691265 224 8129 986
527 723 5 9 12 6 2 67 89 9 5 68 987 1217 85 2514 17 4 912 94 1289 76 6 6 9289 90 615 62 8505 7712 5587
82313 1136 17298 8272 7429 3 5 70 98 12672 877 0062 0817 1215 5413 17675 168 9134 5392 36270 6153 122608
1 1 8 7 5806 05 82 6 5 88 9 5 3 1 68 8 2 1 3 5 1 917 68 43 9 7 27 12 88 491923 524 9383 556
999 123 5 9 02 8 9 80 58 1 8 09 684 1294 05 2334 42 8 912 10 3193 02 3 5 1289 12 445 10 2145 8792 8782
11313 5735 17216 6712 5174 3 5 13 48 70258 415 8913 5819 9215 3413 10218 145 6434 9340 83213 1190 420596
1 7 4 6 5823 42 17 6 6 13 1 2 0 1 28 0 3 1 9 5 1 712 22 44 9 8 24 69 23 891223 925 8785 656
863 222 5 9 19 8 2 12 89 6 4 73 997 1258 15 2306 97 4 912 14 3227 62 3 7 4285 12 419 16 2743 6774 8069
12313 7205 98226 1717 7179 1 0 74 48 12095 899 8912 3542 1517 5435 52219 584 5708 5312 99263 1173 126198
1 4 8 4 8884 06 92 0 4 42 9 7 5 8 28 9 3 1 4 4 1 712 10 15 9 7 24 12 23 891850 120 8323 556
829 133 7 9 63 9 9 32 89 7 8 82 887 6619 09 5314 75 0 912 19 1352 42 7 0 1281 52 419 22 2143 9862 8962
72359 9430 18218 8344 0827 7 5 11 98 96892 315 0877 8819 1085 5413 25856 124 5109 5978 53214 1641 125198
1 2 3 3 8629 47 14 8 5 14 8 4 5 1 26 9 7 1 4 5 9 642 60 55 9 8 56 17 65 894323 184 8821 956
127 140 8 9 18 9 2 12 99 6 8 92 934 1281 16 4399 58 3 912 78 0245 16 0 5 4809 16 489 19 7590 8945 6917
15411 6835 13215 8919 5151 3 5 19 48 02992 814 8562 9919 1910 5715 12297 184 3334 5018 53820 1157 173848
5 7 7 8 4129 45 92 8 9 18 7 0 4 1 26 1 2 3 3 5 1 872 12 95 9 3 74 48 23 886296 174 7493 888
93 155 5 9 92 8 9 02 89 8 1 80 082 7714 55 2516 62 1 961 71 1515 42 3 2 9287 67 410 12 5145 8724 2992
06313 7834 69265 8712 2931 0 5 46 68 99552 819 6912 9877 1743 5493 72292 197 5134 7395 53911 1449 620138
4 7 3 4 9126 05 82 5 7 95 5 2 0 8 68 3 9 1 8 8 3 212 46 35 7 8 29 82 63 056824 024 8793 536
169 153 5 9 62 8 9 82 82 4 8 22 977 1018 15 6618 12 7 698 17 0215 01 4 5 1289 02 885 17 8140 5783 2838
16610 1139 18250 5718 5919 3 5 18 90 82592 865 5975 4857 1964 2383 52265 127 5232 9516 77015 0933 025999
1 2 9 4 5029 45 16 5 5 92 9 2 2 2 27 9 0 6 4 6 1 656 69 45 9 8 24 12 47 491520 191 8183 556
323 813 3 9 13 8 2 19 89 9 1 82 982 2616 35 9578 59 5 919 14 7016 72 7 5 1289 67 415 62 6945 8602 2942
69963 1705 13745 8714 7326 3 5 08 95 10149 085 5993 6814 7165 5978 72977 924 5889 8312 85681 1056 125078
1 3 3 3 9623 45 10 0 5 17 6 0 5 9 58 4 5 6 4 4 7 812 12 89 8 5 64 16 23 899729 193 8173 256
523 122 9 9 12 8 9 16 99 9 1 69 977 6214 06 2889 99 7 843 74 1218 72 8 5 1488 12 915 87 2745 9712 8712
17028 1134 18234 8732 5917 8 5 32 95 12614 845 8212 0692 2619 8919 02059 194 5134 5316 53713 0556 575199
5 6 3 8 9123 25 12 3 2 42 0 2 8 1 90 4 4 6 8 5 1 915 72 65 6 5 96 92 59 801893 924 5923 766
173 569 7 9 72 8 2 12 85 6 1 86 987 0217 18 9594 22 4 979 14 0783 12 3 5 5889 80 426 14 2955 8419 9916
29319 7135 83215 8782 9121 3 5 19 88 32124 815 8942 3512 1235 7861 22565 184 8134 5012 53817 4155 965993
9 2 3 2 7228 46 38 5 6 17 9 2 7 1 25 9 2 1 4 5 1 395 12 59 9 9 24 92 27 894729 124 8183 556
123 108 7 8 18 4 7 87 89 1 3 82 783 5220 25 2329 79 7 312 14 9999 32 0 5 9187 10 110 12 2945 8712 8912
12343 9407 13876 6912 7521 3 5 12 88 44152 315 8972 6415 8575 8313 72585 164 5939 9395 59253 1183 525898
5 4 8 9 5789 65 12 7 4 57 9 8 7 5 18 2 7 1 4 5 3 419 72 45 9 2 24 88 66 991239 124 0283 857
822 885 5 9 92 7 2 16 89 7 8 81 986 1215 25 5314 55 1 966 74 7211 92 3 5 1255 32 415 43 2645 8012 9702
72389 8888 53794 7912 5821 6 5 96 94 53842 698 8702 9892 3915 5413 95215 336 5138 9372 53213 7859 644998
8 5 6 4 9854 75 49 1 5 36 9 6 8 6 78 9 2 1 6 9 6 452 75 45 9 8 29 73 02 697923 184 8827 596
173 123 5 9 18 8 6 10 87 0 1 82 977 1614 96 2684 80 4 012 14 1287 12 3 6 1284 17 436 12 8144 1787 8952
92450 1539 16235 8272 5127 3 5 12 98 12972 852 4913 5088 1235 5043 85425 027 5836 5912 59407 8384 825128
1 2 3 4 5789 45 17 5 5 16 8 2 7 7 48 3 2 1 2 5 7 702 02 45 9 8 34 16 22 891222 828 8983 548
892 127 8 9 12 8 2 71 95 4 6 82 937 1294 78 2305 12 4 912 08 5795 14 3 9 1269 22 209 51 2447 8712 9918
13689 1139 75255 8782 5089 4 6 19 98 15122 815 8910 5012 8205 5633 22214 724 5134 5498 53593 1557 638848
1 2 3 2 5007 65 32 0 5 19 9 2 9 1 28 6 8 1 4 9 0 815 16 98 9 8 24 12 63 894289 127 5993 876
823 126 9 9 16 5 6 18 79 8 1 85 984 1210 75 6698 17 4 712 10 7060 12 1 5 1089 10 670 99 7948 0919 0952
84919 8135 13915 8417 5821 0 5 17 79 02883 715 8112 2892 1266 5419 27618 140 4230 5512 03251 1754 127199
1 8 3 5 0083 25 12 0 4 72 4 9 8 9 27 9 5 7 9 5 1 713 16 56 9 0 29 12 59 899123 604 5123 554
192 107 5 8 92 8 5 12 90 8 0 52 990 8297 27 2154 12 4 654 67 3214 68 3 4 1267 02 010 56 2659 8617 8814
13011 1135 62113 8792 3144 3 0 12 88 11182 667 5912 0898 1515 7813 42215 945 5087 5312 57273 5653 125188
6 2 3 1 7183 48 12 5 5 02 7 2 5 1 48 9 2 5 3 3 1 018 68 77 9 7 25 02 23 993289 177 6953 556
59 163 5 0 12 0 7 52 85 5 7 92 777 1234 17 2518 12 4 819 84 1615 18 9 5 8289 10 589 10 2165 8712 8542
17363 1194 63315 7767 1651 3 9 10 98 12269 995 3965 9856 8215 5413 45475 074 5130 3332 52316 1143 099078
2 0 5 4 5825 05 12 8 5 94 9 2 8 6 29 9 2 5 6 5 1 912 12 95 7 5 69 13 73 576205 126 3026 906
127 820 5 9 13 5 5 74 99 4 5 02 584 1217 49 8590 16 4 907 14 0117 12 3 5 1565 57 479 72 2155 5012 8927
82558 6355 13885 8794 5154 9 5 11 98 40197 899 8499 9812 7285 5343 12705 004 7134 4972 53883 8253 144198
5 2 3 4 5427 35 11 5 5 41 9 2 1 6 28 9 2 3 4 3 1 912 12 48 0 7 78 98 23 091473 164 8483 555
523 023 8 4 52 0 2 98 69 9 1 84 687 6219 02 2474 12 0 990 18 1208 22 4 5 8599 19 465 12 2755 8175 3992
17316 1135 96985 8916 6122 9 5 52 90 06689 618 8912 9882 5285 9315 86215 117 5164 5997 53213 9073 025188
1 2 3 4 5720 48 72 5 5 62 9 2 7 8 49 5 7 1 0 5 1 972 72 00 8 8 24 17 59 591423 952 9150 455
623 580 9 5 12 8 2 11 98 7 1 82 887 1255 15 2812 12 4 962 14 8549 12 4 4 6289 01 803 82 8838 8214 9432
18863 1178 53285 5073 9121 9 5 18 98 94452 404 8992 8866 8715 5413 32709 504 5863 5772 53713 9163 165193
1 8 3 6 5583 35 12 5 5 39 8 2 2 1 28 9 2 3 8 8 1 913 82 45 9 8 24 19 57 971734 174 6193 458
375 182 9 0 12 8 6 80 89 5 8 02 987 7284 19 2712 72 9 692 84 1915 19 5 5 1550 17 415 75 2262 2744 8412
16333 4925 37219 8568 5121 3 5 83 62 10169 615 9929 3858 1813 7015 72355 124 5134 7377 88715 1183 725152
1 2 7 4 5028 45 02 3 6 16 9 2 1 5 25 9 2 5 5 5 1 712 12 45 9 8 26 25 97 591236 924 9180 596
193 224 5 9 02 6 0 82 87 3 9 59 982 1244 18 2844 67 4 748 18 3135 39 0 5 4224 36 735 91 9130 5593 8710
09323 1238 93712 8797 9029 3 5 12 91 20932 319 8502 9216 1715 5413 12277 187 5734 5776 43083 1137 120993
8 2 3 4 5128 40 12 5 9 10 4 8 0 6 26 7 7 6 4 5 1 624 15 45 1 8 23 12 20 194226 124 8128 556
173 188 4 4 92 6 4 14 99 7 0 42 087 9717 15 2672 74 4 079 64 1290 12 3 5 1289 12 210 62 2154 8402 8992
12383 4837 14000 8112 5106 3 5 77 98 00152 815 5426 9872 2215 9417 96216 185 5194 5322 67557 8803 125894
8 2 3 7 2723 40 12 4 9 18 9 2 9 1 42 5 3 1 9 7 7 912 12 49 9 8 23 32 28 891667 124 8525 578
079 683 5 9 15 8 5 13 89 0 8 83 987 1914 92 2367 52 7 916 86 8265 68 8 9 1985 39 885 22 9549 8882 9762
87831 8799 15275 8312 5821 3 9 02 98 19382 855 9909 0662 4615 5783 99298 771 6126 5162 53970 6753 125195
1 5 3 3 5823 32 63 5 5 11 9 8 7 9 25 1 2 7 4 5 1 995 49 45 0 8 89 19 26 871223 157 8703 596
173 224 7 7 92 4 2 19 80 4 3 52 937 1244 45 3814 12 7 988 54 5279 12 6 5 1999 16 719 62 7165 8547 8962
12692 8935 33217 4682 7071 3 9 12 56 88182 808 9412 9850 8215 5413 02816 127 3976 8744 53213 9753 525968
0 8 9 4 9123 35 12 0 5 12 0 6 8 6 58 7 2 1 8 5 1 518 47 45 9 8 03 78 73 841136 994 8483 436
221 633 5 7 22 4 7 97 06 7 4 80 287 4224 89 2764 59 9 912 19 8825 12 3 0 1959 17 418 12 2156 1118 8952
02318 1133 13955 6418 5124 3 5 11 40 12159 315 8616 9817 9298 7393 18215 120 8730 5312 55293 8102 125198
5 8 3 4 0173 47 12 8 5 18 7 8 6 9 38 9 2 9 4 5 1 912 87 49 0 8 24 12 29 799227 144 9136 359
139 127 2 8 52 8 9 12 80 9 1 92 947 1224 16 2984 15 4 172 34 2414 18 3 5 9284 52 410 16 2745 8412 5992
62313 8537 53219 8710 5778 3 7 12 88 82732 886 8916 9872 1215 5595 85547 174 7974 8396 57253 9653 105965
9 2 3 6 5153 35 78 6 6 37 7 2 5 6 22 9 2 9 4 4 8 512 92 65 9 7 25 17 95 698236 162 9493 557
50 128 0 5 27 8 8 68 75 7 7 92 927 0514 55 4347 12 4 952 14 1296 12 3 4 9009 15 815 78 7144 7752 3505
82613 0935 57255 8741 5121 3 5 18 98 64140 843 8810 8807 1899 5687 12819 924 8194 3739 93283 8156 120146
6 2 3 9 2923 48 11 9 1 92 9 1 0 1 78 0 2 9 7 2 9 712 88 65 6 8 54 12 99 491223 126 8127 556
498 179 8 8 31 8 2 77 89 7 6 96 999 1284 18 2014 10 4 812 16 1783 42 5 3 1804 92 870 15 6105 8417 8992
92793 1995 18066 1582 4108 1 9 44 98 12152 865 8992 9772 7505 5616 62719 125 0172 5950 53113 7759 705198
5 2 3 4 3153 45 12 5 8 92 9 3 5 4 29 9 2 6 8 5 1 912 12 44 9 7 07 15 23 891223 027 5333 886
143 118 6 9 12 8 2 76 99 7 1 92 987 8986 15 2319 92 4 718 14 1915 12 3 7 1288 12 485 62 9142 4912 8782
10353 6655 13910 6712 1181 9 5 13 98 12709 816 8984 9872 1235 3477 82410 020 5134 0392 03249 3453 925198
1 6 3 4 5123 58 18 0 0 22 5 2 9 7 64 9 4 6 9 0 1 973 99 64 9 4 24 17 92 095226 804 8713 536
900 023 5 4 84 8 2 12 89 4 8 82 993 1253 69 2374 62 4 312 84 1978 14 3 3 1288 42 470 17 8142 2712 8792
69813 6195 53035 5062 6892 3 5 18 98 26194 046 4995 5219 5215 5680 29255 194 8484 5312 53256 1203 615448
1 5 3 4 9173 55 82 5 5 79 9 2 2 6 28 9 2 1 4 9 4 012 79 08 4 6 29 19 93 193883 948 8326 451
923 723 0 9 79 1 2 02 37 8 5 82 887 5294 12 0389 10 4 910 14 1215 19 3 5 7789 79 416 19 2079 9492 4962
85318 0145 13210 5752 5324 3 2 12 98 54786 915 6982 9659 2285 5723 17618 122 9135 5330 57298 7796 316208
1 0 3 0 5024 45 62 5 6 84 9 2 9 4 99 7 2 1 4 6 3 912 12 55 9 5 94 82 63 891233 654 9192 785
186 493 5 6 95 8 4 40 89 2 1 77 800 7664 15 4614 92 4 812 84 4215 12 3 5 1987 82 485 19 2145 8192 8613
15513 9786 73968 4377 4845 7 5 51 51 72182 485 8422 9862 1019 9413 12687 624 3138 5859 54183 1193 179698
1 2 7 9 5423 45 18 5 5 92 9 2 7 7 25 9 2 8 6 5 8 872 12 85 9 8 26 97 53 893209 124 3888 356
143 129 4 6 17 8 6 86 80 6 1 86 465 8265 93 9724 68 4 018 14 5248 75 5 6 8689 99 408 52 2940 8777 8212
10786 5045 15215 4775 5879 3 4 87 92 92959 839 8016 9819 8314 6948 52887 964 9181 5052 83218 7197 225988
6 3 3 8 5025 45 16 8 8 93 9 2 7 9 97 9 3 7 9 5 4 717 09 45 8 1 24 55 53 894233 524 3633 553
823 656 9 9 42 7 2 73 89 8 1 97 683 1214 15 7514 17 4 958 84 1215 19 4 4 5486 27 616 18 2195 8714 8914
12389 9935 13265 6679 5575 7 5 16 97 48732 755 8912 9052 1918 5412 13218 144 5108 9992 94243 1147 809598
1 4 8 4 5223 75 16 8 2 18 9 9 7 3 27 2 9 1 6 9 9 746 12 47 9 9 24 80 28 897840 684 8923 806
923 123 5 1 12 6 7 08 65 8 5 28 587 9714 15 2778 14 4 917 18 5255 50 4 8 1999 60 015 15 4343 4588 8959
18618 1135 09096 0709 9655 0 0 92 45 25152 819 8902 9513 1835 5913 51696 624 5133 6392 79813 7063 825394
3 2 6 4 5683 05 12 6 5 12 9 2 8 2 28 5 2 7 8 5 6 915 12 40 6 8 90 10 93 856243 164 0198 356
623 163 2 1 14 8 7 99 84 7 1 29 938 1214 66 9594 16 6 952 18 4045 55 3 0 5450 05 498 70 2895 8712 2967
18858 1185 13819 8814 8123 8 7 19 79 12162 865 8942 3312 7269 5818 47217 129 5197 8396 73825 7153 775198
1 2 3 4 8873 95 92 9 5 65 6 1 1 6 27 0 8 1 4 9 1 992 06 15 9 8 79 96 93 999700 124 7806 654
123 913 5 9 12 8 2 18 89 0 1 82 497 1014 85 2514 93 4 982 17 1295 16 3 5 7287 72 415 02 2199 2752 8586
13748 1135 16915 8718 4821 3 3 12 08 18137 883 8316 9812 1211 3376 12275 124 5994 5792 53117 9374 129998
3 7 1 4 5143 44 18 5 5 18 9 2 0 4 28 9 5 1 4 5 9 912 18 45 2 5 74 72 89 868625 304 8123 697
59 023 5 8 05 8 9 82 19 9 1 86 987 1898 79 2357 18 4 532 18 8217 12 3 8 1939 02 986 12 2888 9959 8818
85438 1135 08290 8713 8121 3 5 98 33 72889 695 8287 9818 1295 2413 12805 104 5304 5311 93646 5143 903176
1 8 3 0 5113 48 82 5 5 88 4 8 4 1 28 5 2 1 4 5 1 912 82 49 4 8 94 38 23 891626 086 8058 676
127 131 0 9 69 5 7 12 79 6 1 84 903 8075 88 2339 12 8 308 21 7215 12 8 5 1269 68 896 08 9535 8781 7365
14376 8137 18895 8712 9121 2 8 12 09 55772 808 8911 8812 7945 6413 92245 464 6338 5042 50218 1403 065998
5 0 3 7 4943 48 92 5 5 12 9 2 1 1 28 9 3 1 4 5 6 512 84 45 9 7 88 12 63 291978 124 0978 073
023 327 9 9 32 8 2 38 18 0 1 88 787 1288 15 5314 19 4 919 12 8285 13 3 5 6407 16 283 82 2845 6618 8914
97412 4135 25215 5772 6151 3 7 63 98 52107 915 9914 9889 1282 0413 32205 184 9834 2316 58230 5452 727892
5 5 3 7 2903 45 12 4 5 99 9 8 8 6 27 9 0 1 4 4 4 218 12 57 9 8 94 12 28 891286 924 8700 556
926 153 1 7 12 8 2 62 89 7 1 09 888 6812 99 2314 68 9 052 39 5295 73 6 4 8280 18 995 14 9740 9982 9972
77364 6175 18219 8512 5168 2 5 12 96 92112 916 3782 3817 1455 8942 91215 524 3646 5719 78807 1157 729198
1 2 6 5 9393 35 12 2 5 16 9 2 9 1 88 9 2 1 4 1 6 958 18 43 7 8 24 12 79 509568 194 8733 556
823 196 6 9 14 8 8 12 59 8 9 82 677 1414 23 0418 19 4 907 74 3216 92 3 5 1275 90 414 72 3245 8815 8942
14364 0775 93943 8762 5122 6 5 17 08 12193 815 8412 9812 1214 5813 15615 166 0934 7418 53211 9173 565188
8 2 8 4 5196 59 12 5 5 16 9 2 6 1 28 9 2 0 9 8 1 912 32 49 7 8 99 15 23 731896 727 8923 554
430 726 7 9 99 8 2 12 88 7 3 18 987 1115 45 6394 12 6 097 44 3115 22 3 5 5289 55 936 12 7140 5764 7915
12716 1745 23229 1747 8181 8 9 92 98 19952 354 3996 8818 5219 5693 18818 024 5135 6529 56256 1823 125138
1 7 7 4 5126 48 82 7 0 95 4 5 9 6 56 5 4 3 4 5 8 912 12 49 9 8 38 12 20 891898 140 8823 556
653 828 5 9 18 8 0 15 49 9 1 52 987 1294 95 9614 14 4 612 44 9978 82 5 4 0279 02 397 66 2105 8912 8712
62683 1183 73515 5772 5024 4 5 32 06 12052 882 9812 9802 1615 5583 54265 794 7634 7398 03219 1154 325868
9 2 3 8 0596 42 87 5 1 02 9 2 1 1 28 6 6 3 4 9 9 217 52 45 9 9 71 92 26 898203 124 8550 550
778 386 9 9 92 2 7 80 49 1 7 76 987 7219 85 2874 12 4 016 18 9217 32 0 5 8289 09 319 10 3187 4817 8812
19323 1835 99815 8769 5034 8 5 12 95 52492 015 6862 0518 1210 5293 62215 128 6069 9912 53283 7944 625999
6 2 8 6 6073 84 12 1 4 12 9 0 5 6 78 8 2 4 9 5 7 959 12 88 3 8 74 52 23 841563 329 6989 556
800 173 5 6 42 8 2 18 89 0 6 81 396 5934 99 2397 92 2 082 44 1295 72 3 5 1289 12 415 12 2045 8779 8902
15393 5895 19314 8782 5927 3 5 92 97 72882 515 8915 3816 9218 5466 13010 289 9906 5802 53812 4893 425890
1 9 0 5 8523 45 22 0 5 12 9 2 4 4 29 5 3 3 4 9 1 519 17 45 0 8 44 38 85 856928 124 8113 556
183 523 0 8 42 8 7 12 87 7 1 87 988 7219 95 2460 72 3 916 05 9086 40 3 2 8208 86 375 12 2133 8049 8662
82646 6381 17975 8706 7168 0 5 10 68 15196 915 6913 9882 6210 5413 12847 404 5181 0859 70893 4383 125498
1 6 3 6 5123 85 16 3 5 17 9 2 9 5 43 8 9 6 0 5 8 912 17 42 9 8 22 12 63 791225 625 4578 856
457 753 5 4 14 8 2 12 89 7 1 89 481 7217 75 4719 81 5 917 18 1059 12 3 5 9969 15 417 13 5395 7362 9842
46513 4170 76295 8982 5021 3 0 02 98 88182 886 7975 9812 7875 9459 12295 304 5136 7406 55619 9154 125158
4 6 8 9 5165 45 67 8 5 56 9 2 6 4 28 3 2 7 4 5 1 712 15 95 9 2 21 11 73 926223 184 8583 656
68 723 5 6 54 5 2 82 89 8 1 82 085 1214 98 8388 10 4 710 00 6553 72 3 5 1789 15 415 18 2335 8012 9917
98855 1175 19895 8592 5926 3 8 36 98 94082 817 8776 9317 1419 0013 12745 779 7662 5590 93493 1193 895193
1 2 3 8 2164 85 10 5 6 08 5 7 7 1 25 9 2 1 7 5 1 419 02 45 0 8 94 12 08 881659 985 0173 656
578 429 7 9 17 4 0 15 49 2 9 88 587 1215 15 7314 89 3 472 86 1209 19 3 5 8897 16 418 19 7140 8712 8952
82389 8835 87916 8762 5961 0 5 12 98 58172 119 4998 9945 1218 5483 13960 643 5126 5312 93213 5559 140198
1 2 3 1 7193 45 92 3 5 62 2 8 7 4 21 3 4 0 0 5 0 758 12 47 9 0 66 12 23 494269 174 8897 062
118 166 5 0 12 8 7 82 89 8 1 98 986 1214 15 7318 00 6 818 14 1235 42 3 5 1289 16 805 13 7048 9712 8972
16313 1456 13213 8785 5929 3 6 14 98 12690 515 5398 3810 5758 5417 22365 724 5034 9842 53013 6053 127188
1 8 2 4 0628 15 02 5 8 36 8 7 6 1 28 9 2 4 4 5 1 919 12 75 9 2 88 15 28 899493 725 6923 956
196 123 5 8 79 8 5 14 89 0 6 80 387 1219 43 1919 52 6 711 79 1287 19 3 8 7489 87 485 82 3855 8767 7882
42955 8486 53215 6762 5925 3 0 72 95 72177 590 2212 9889 2918 5473 12215 129 8134 5312 57278 1353 592988
9 2 0 4 4023 75 72 7 5 19 9 2 7 4 28 9 2 1 4 5 8 962 12 83 1 8 27 84 89 951229 054 3104 007
923 448 5 8 16 8 2 52 67 8 2 82 781 8214 70 2360 03 4 811 94 8214 62 3 9 0209 12 455 53 9144 8309 8998
13313 1133 58253 8779 5191 7 2 16 98 73962 953 8900 9472 1453 7143 14219 424 5574 5862 33613 1133 175906
1 2 7 4 5490 45 62 4 9 15 5 2 9 6 28 9 2 0 1 3 1 972 62 45 9 8 94 02 23 899258 624 8923 456
123 128 5 8 93 8 2 13 32 9 7 88 387 9214 15 4824 16 5 642 15 0755 12 3 5 1497 42 475 18 2193 6717 8839
12303 1143 13325 0717 2611 3 5 12 98 72357 558 8998 9512 1939 0971 12248 626 5175 5319 53233 1153 129696
1 3 3 6 2023 17 92 5 5 52 9 9 3 8 20 9 5 1 3 8 0 812 82 40 9 8 64 61 23 890293 224 8143 585
843 826 5 3 12 9 2 12 89 8 1 82 967 9214 94 2963 12 2 912 84 5875 68 0 5 6789 42 418 64 2997 8512 4946
12368 1630 65045 8773 8105 3 7 92 98 16199 408 8638 3942 7076 4918 02015 148 5434 1366 95293 1157 126360
1 6 3 8 5620 97 02 6 6 22 9 7 8 2 59 5 2 1 3 5 5 612 14 45 0 8 29 72 63 881224 174 8103 946
923 133 5 9 99 8 2 14 97 7 2 82 907 5358 89 2314 94 4 865 57 8216 72 1 5 9769 42 598 14 2589 7148 8254
82395 1165 13215 8712 9151 2 6 72 98 12152 876 8915 9597 8915 5426 12718 134 5194 5347 50759 0668 725198
4 6 7 4 5629 75 44 5 7 12 5 8 8 4 28 9 2 3 0 9 1 972 88 73 9 8 24 39 23 991583 166 8829 896
121 327 9 6 12 6 4 12 86 5 7 57 987 5817 15 2349 92 4 909 55 3255 62 7 2 4889 15 619 56 2185 8710 4989
19313 1135 83610 8712 5621 3 9 62 98 76182 718 6912 9669 1910 9770 02235 064 5134 7357 83649 9156 625198
9 2 5 9 7193 45 82 5 7 72 5 2 2 8 46 9 2 9 4 8 9 312 52 45 9 8 94 12 90 891285 144 0353 553
053 043 5 9 92 0 2 12 89 0 7 72 027 1269 75 8316 92 0 118 74 1415 88 3 9 1959 12 615 12 2844 8912 0812
17533 3649 79818 7712 3929 3 5 26 98 12192 815 8983 9817 1819 5103 12233 104 2859 5953 67815 2563 709157
13319 1135 53297 6634 5122 7 7 72 92 80183 585 6902 8812 7239 7813 18515 426 5174 7812 58833 1958 726898
9 8 7 4 5970 45 78 8 0 11 9 2 2 8 08 7 2 1 2 5 9 968 52 65 9 8 28 09 29 891227 724 1045 506
729 180 5 9 92 8 6 12 83 2 7 00 587 7014 15 5316 12 4 260 18 0813 15 3 5 4996 16 715 12 2145 8862 8317
82093 1134 11660 7818 1554 3 8 72 96 13552 618 9692 9954 4415 9683 12215 124 5154 5062 56617 1193 770597
0 7 4 7 5123 45 99 8 5 12 9 9 4 1 28 9 7 7 8 9 8 682 54 50 8 6 21 12 23 891623 584 9147 557
09 123 9 9 19 9 6 12 89 9 4 86 999 1214 18 0384 12 8 412 14 0218 18 7 5 8209 15 439 02 2155 8710 8162
19219 1855 13215 8718 8125 6 9 82 68 12966 851 9719 9812 1924 5990 10716 196 7137 5355 53013 1183 925499
3 7 9 4 5223 45 12 9 8 12 6 2 9 1 08 9 2 1 8 5 1 910 12 55 7 6 26 12 26 989240 144 8929 546
223 363 4 6 14 8 2 10 09 2 6 96 917 1214 89 2354 42 4 371 18 1945 99 9 5 8209 72 414 12 2542 0712 8617
42363 1234 09919 5048 4581 1 5 84 40 11696 855 6902 9915 1215 5630 77219 194 5163 4338 78216 8159 425893
3 9 0 4 5113 48 33 5 6 12 9 2 6 1 25 9 4 9 9 9 7 902 12 17 2 3 24 18 23 896308 725 8181 586
173 183 5 9 14 8 2 33 88 8 1 82 998 7237 89 2319 82 1 612 74 6213 19 9 5 9299 42 415 55 2955 3768 8912
10313 1185 78285 8712 4624 3 5 88 68 59182 815 2917 9512 1735 9415 12715 774 1131 9519 05273 1133 125998
7 2 3 8 1628 70 12 5 0 12 9 6 6 2 28 9 2 8 4 7 1 429 39 46 9 8 24 65 23 891203 124 5123 067
953 168 5 9 12 7 2 42 69 4 6 82 182 2388 75 5828 72 6 332 93 6255 72 3 5 1449 19 664 18 3546 8780 8424
12313 8135 62466 6714 6081 9 4 12 95 62172 895 8644 9287 6295 8910 62804 126 5334 7602 03263 7156 120198
0 2 3 4 5503 45 72 6 5 11 4 2 7 9 28 9 0 1 4 5 1 112 72 80 9 8 94 12 93 191823 125 9169 559
128 093 4 9 18 7 2 32 49 5 5 89 959 1417 15 6888 59 4 932 74 1215 16 6 5 5288 77 517 12 2187 5414 8912
12419 1175 13897 8846 5621 0 5 95 99 15449 816 9712 4812 1205 5418 46818 568 9199 5318 59010 6656 595188
8 9 3 9 2826 59 12 8 5 28 9 2 6 4 28 9 2 8 4 5 1 992 12 45 4 0 54 12 83 888023 124 4161 868
156 393 5 9 22 8 2 42 89 5 4 12 572 1714 18 2314 95 4 917 10 5229 16 7 5 1789 12 290 74 5185 5722 5257
18343 9885 13716 5775 5947 3 4 97 92 58712 395 8916 8412 7315 4900 58875 160 5533 5392 50213 1053 100688
1 9 9 2 5726 95 12 6 5 17 9 2 8 4 88 2 4 1 5 5 7 919 81 45 9 8 20 30 27 797235 129 9025 771
403 123 5 9 32 8 5 19 83 9 2 62 986 1524 17 4514 72 8 042 84 1295 53 3 5 7280 18 787 62 9118 6975 8652
12333 1835 16815 8498 8921 2 5 87 90 12596 515 8999 9880 5235 1415 12225 781 3690 7642 53913 1553 185175
8 7 3 4 5123 45 32 5 5 12 9 4 3 6 28 5 2 0 4 7 1 908 57 48 8 9 24 12 28 891963 997 8183 560
123 123 5 9 12 7 3 12 79 9 8 42 957 7984 75 6194 62 4 842 90 1795 98 7 4 0682 42 719 72 5945 8402 8983
42747 6195 14494 0756 4971 2 5 69 08 80162 715 8382 1413 1205 5313 47715 274 6774 5682 72223 1055 365945
1 2 2 4 6120 15 10 6 0 12 8 2 3 1 24 8 2 1 7 5 8 913 12 47 9 8 04 14 03 221229 527 7490 550
153 978 9 2 94 1 2 72 58 0 8 42 987 9289 59 6314 88 4 512 12 1245 12 3 7 9687 12 816 80 2145 4734 8079
62510 1635 13295 8872 0168 3 6 12 78 62709 237 8952 9894 0679 6899 42475 924 5567 9332 56213 1753 125198
1 9 9 4 5923 15 92 6 5 54 9 2 2 1 08 4 2 1 4 5 7 812 62 48 9 9 54 12 22 458227 974 8122 638
196 563 8 9 22 4 2 88 19 6 7 85 787 1203 15 2394 22 0 536 14 6320 14 4 4 1288 19 455 64 3145 8754 8910
1 6 5 8 5928 05 10 2 9 35 2 9 9 0 38 4 2 0 2 5 8 913 12 99 9 0 76 82 78 881770 634 8123 808
787 187 5 9 16 4 3 82 84 0 1 86 988 1675 50 6374 67 9 712 14 1205 22 8 5 1206 17 917 82 2105 6452 8182
12329 6234 13985 8022 5097 3 5 10 98 42799 162 8612 6718 1111 5479 42245 799 3833 9313 96715 1153 180190
1 8 4 8 5127 45 12 5 8 13 2 2 9 1 26 9 2 6 4 5 8 702 88 99 5 8 24 32 20 891778 809 8143 596
63 479 8 9 61 8 2 12 89 9 1 80 986 5914 15 8670 52 8 742 90 8617 19 0 5 3219 93 515 12 2135 5782 9042
62112 1105 16912 8715 5181 6 6 19 98 12984 885 7046 7812 7208 2513 19545 528 4134 3969 53283 7175 125148
1 2 3 2 5123 95 72 7 7 18 9 9 6 6 27 6 7 1 4 1 1 712 99 45 9 8 24 82 25 895223 764 8924 576
723 123 5 5 92 8 2 12 79 0 2 82 907 0284 15 3016 58 4 912 14 7215 80 3 5 1469 12 412 22 2184 8762 8973
72399 1566 53295 8062 4121 4 9 48 96 17169 613 8790 7980 1978 0763 12516 134 9389 0313 83513 1128 129193
7 1 3 4 6222 44 12 5 5 19 9 7 9 1 48 9 2 0 4 6 1 982 64 45 0 8 25 73 93 361913 189 8133 526
020 803 4 5 52 6 2 75 86 6 8 65 999 1284 38 2914 17 4 908 34 5277 92 3 7 1627 89 855 16 8846 7712 2819
15636 6195 74276 8417 8129 2 5 12 98 89794 917 7994 5098 0811 5999 22295 925 7173 8312 43213 1183 128187
1 7 3 2 5123 43 14 8 9 02 5 2 6 1 78 7 2 1 7 2 5 912 90 45 7 8 24 12 29 898243 820 8156 096
823 124 5 9 32 4 5 48 89 7 1 49 787 0216 45 9376 02 9 982 96 1968 17 8 6 8183 63 916 02 9175 9592 8511
32319 7105 53718 8737 2361 5 5 16 48 16859 895 4632 7912 1205 5493 12885 829 5144 8352 43209 1463 425197
9 3 0 4 5123 95 12 5 6 44 8 2 4 1 78 6 8 1 9 8 9 912 52 45 9 2 64 77 47 971227 617 8123 082
125 987 5 9 12 8 7 22 81 8 3 77 579 1584 65 2784 62 9 918 18 5311 82 3 5 1281 40 416 72 2164 4968 9342
18983 9935 13218 5772 6192 9 5 59 94 98602 805 8717 9815 1215 5906 18215 424 5134 6312 52913 9159 927908
6 2 8 4 5522 45 13 5 9 76 9 3 8 3 06 4 2 1 4 6 5 696 17 45 0 9 64 12 26 998980 187 5929 959
413 143 4 9 12 9 8 12 89 5 8 90 687 1216 15 8845 10 4 017 76 1295 92 3 5 6249 38 480 12 9605 8781 1968
12313 3835 10610 8891 9128 3 8 17 98 32112 815 9989 5812 1218 4495 42255 124 1624 5318 08817 9155 428976
1 2 3 4 5129 69 02 5 9 16 6 9 7 6 68 9 2 7 6 9 8 972 98 48 9 7 24 79 83 891353 354 5293 557
827 829 5 1 46 8 2 67 88 7 1 01 987 1267 88 8374 64 4 912 10 6977 15 3 5 5287 92 314 12 2945 7482 0449
32423 7789 83295 8419 6739 3 4 87 97 14157 837 8412 6592 1215 5474 12515 127 5131 2852 53013 1353 004368
1 0 3 5 6723 46 96 5 5 13 1 9 5 8 87 2 6 5 6 5 7 812 12 47 9 2 28 12 28 899573 924 2633 648
433 929 5 2 16 8 2 42 79 8 1 88 059 1124 16 4354 42 4 512 04 1295 12 3 7 1279 12 467 94 8195 8540 8768
16307 8933 05259 2799 0721 6 2 60 91 12103 417 8762 9910 1218 5416 92987 629 5130 8399 59203 1186 125746
6 2 3 4 5125 95 12 2 9 15 4 2 7 1 78 9 4 1 4 2 3 918 62 48 6 7 26 12 83 891203 120 9195 356
173 293 5 9 96 6 9 18 07 4 1 85 987 4274 19 2917 16 5 992 98 9845 16 1 0 1289 17 995 12 9445 7712 9792
92573 1828 13218 8717 3181 3 5 79 17 87136 815 4812 9872 7215 5414 96708 624 5834 5010 43213 1850 984794
0 0 9 7 5697 46 97 5 5 12 9 7 3 8 28 9 2 1 8 8 1 902 92 65 9 8 24 12 23 559398 522 8689 556
721 020 9 9 15 8 7 96 99 3 1 87 487 7684 65 4714 13 5 916 14 3315 77 3 4 6209 12 715 96 9187 6527 9518
16603 9335 13215 8361 8124 8 4 65 46 12007 213 8998 9816 1271 5473 06015 624 5164 5313 53213 6148 129198
1 2 8 2 6623 89 81 5 9 17 8 4 8 1 89 9 2 1 0 8 3 817 02 40 4 8 84 75 68 899223 104 8150 656
309 523 5 9 69 7 0 90 80 8 9 83 987 1214 00 5384 89 4 493 14 5215 92 7 4 3089 44 415 78 5796 8718 8882
82273 1175 53615 8992 4161 3 6 42 90 32167 199 9912 8812 5262 2515 91227 944 6634 9062 53293 1128 125398
0 2 3 9 6168 45 12 5 5 16 9 6 6 5 78 9 5 6 9 0 6 993 16 85 9 8 44 42 25 819220 704 8133 987
54 183 0 4 19 8 2 92 99 9 1 82 947 1216 89 2374 98 4 912 85 1216 12 3 9 1685 32 670 15 2395 9710 5570
20753 8175 03281 8718 8023 3 4 72 90 82092 895 5812 6412 1614 5413 92915 974 5134 7018 13293 1613 525128
7 2 3 6 5620 48 16 6 5 45 9 8 6 1 88 8 2 8 0 9 5 967 19 40 9 8 24 15 27 811223 478 7123 556
123 073 6 1 12 6 6 72 85 8 6 87 987 9983 14 8314 55 4 442 14 6255 13 8 5 1789 28 411 43 8885 8812 8862
42310 8655 18275 8410 3925 3 5 12 99 72868 815 1912 6612 1625 9869 92017 256 5132 5377 55069 4189 183178
1 2 3 2 5107 40 02 5 9 60 1 5 7 8 53 9 2 7 4 5 7 112 72 45 9 8 84 50 83 842728 127 6443 586
143 129 8 3 12 8 4 42 89 9 6 08 781 6814 95 7384 15 4 562 14 2204 92 3 5 1165 82 465 08 2198 8415 8868
44323 1139 17215 6813 9051 6 5 12 78 12548 848 8919 3912 8617 5485 82214 164 5174 9418 73793 6903 865891
8 2 3 8 5123 47 90 5 0 59 9 3 9 4 28 9 2 8 4 5 1 912 72 49 9 8 64 19 03 891203 124 8193 552
720 126 3 4 89 4 2 10 49 8 5 89 687 1694 79 6314 49 4 912 80 0015 12 8 5 1209 12 415 77 3945 8748 3060
16316 1335 36716 3918 5120 3 5 12 96 17172 815 8712 0315 1215 5409 66913 174 6134 6418 53219 5158 525256
1 0 3 4 7328 75 62 5 5 92 8 7 7 3 28 9 2 9 9 5 1 642 12 49 6 8 84 12 87 296935 126 8154 556
828 153 5 0 67 8 9 19 79 3 7 82 687 1914 13 3564 12 6 012 14 6980 02 8 5 1289 52 471 77 2135 7618 8788
13314 0585 23796 8712 3188 3 0 14 95 11139 567 6315 9892 9995 0819 12355 129 7134 5867 54210 8253 825494
5 2 3 4 5427 88 52 6 7 14 5 8 4 1 28 9 4 0 4 5 1 912 62 88 9 4 24 99 23 791222 560 9139 546
122 127 6 5 17 8 9 12 89 6 1 68 983 4289 39 2319 52 4 656 14 5205 12 8 5 1688 82 475 57 6175 0205 6919
17873 8175 09269 3912 5321 7 5 15 05 17102 415 0914 5882 1869 0493 45517 905 5464 4312 63893 1157 285398
1 2 6 6 9143 57 18 7 5 39 9 2 0 0 28 5 8 2 3 5 1 683 08 95 9 6 27 19 23 871723 834 9623 656
124 493 8 9 46 7 2 54 84 2 1 82 983 1852 86 2314 75 4 885 56 1849 12 9 8 1586 33 418 82 6145 0778 8412
78353 9135 13255 0782 5521 8 0 48 09 12102 841 8082 9882 1685 3433 30217 178 8978 0312 53284 8733 055494
3 8 3 4 7163 47 52 5 5 18 9 7 7 1 22 9 2 9 7 8 0 715 12 65 9 8 66 59 43 896229 724 0123 596
473 140 1 9 18 5 2 15 99 8 6 32 997 4239 19 8819 02 4 912 18 1685 12 8 6 1288 12 202 92 2745 8771 9812
12313 1145 13216 8518 6151 3 4 02 48 19190 565 9817 9712 1267 5489 22216 225 5108 3910 83763 1153 928168
1 2 6 4 9893 45 92 8 5 12 1 2 8 8 98 3 7 8 2 9 1 572 66 40 9 8 74 10 23 101223 494 8749 776
623 123 7 0 95 8 2 12 89 9 8 72 966 1717 78 5744 12 0 160 89 1515 14 3 5 1281 62 518 94 8195 8412 4918
57715 1175 18735 0322 5549 7 5 10 98 20192 995 6052 9714 1135 5484 12385 036 5534 5985 58615 1463 124650
3 5 9 4 5620 01 12 5 6 12 9 0 9 5 68 8 7 1 1 5 1 947 82 49 3 8 64 12 20 594222 174 9143 556
123 139 5 9 06 0 2 90 88 4 7 99 987 8714 15 2322 32 4 212 66 1277 73 3 9 9249 09 865 16 2973 5922 8712
52713 0173 93215 8992 5751 3 5 12 98 38595 815 8414 7812 2575 5413 14795 924 5434 8612 57273 1253 107198
8 2 8 4 8123 46 96 5 5 12 9 2 6 3 23 9 2 7 9 5 9 914 82 05 9 5 24 68 20 811273 128 8523 754
129 983 5 9 92 9 6 16 99 9 9 82 995 1211 15 6574 22 4 415 04 8285 12 4 5 1489 32 815 52 2545 8752 6312
97789 1135 14015 8614 5623 8 6 17 65 32082 853 9615 9918 1711 2096 46265 527 5369 3492 59223 9853 092998
1 2 3 4 3724 45 12 8 7 32 9 8 4 5 27 9 7 1 4 5 1 052 89 95 9 8 23 02 74 897469 629 8183 959
50 023 5 6 14 5 2 19 69 3 9 82 625 9204 15 8363 69 4 987 86 4215 96 4 8 8573 17 415 88 9848 8758 0923
17283 9533 83271 8793 5128 3 5 02 68 17197 720 8507 4322 6022 5613 12291 527 9134 7686 00973 1933 149197
2 2 3 4 8983 64 16 5 8 12 8 2 8 1 28 9 2 1 4 5 7 902 12 44 9 8 82 92 85 898226 121 0197 053
123 688 5 8 19 8 2 12 89 9 5 78 487 1245 95 2856 93 9 988 64 3210 15 3 5 2498 17 515 08 2152 3773 8719
02344 5755 10219 9765 8191 8 3 15 98 14199 448 6935 9883 8216 5453 68815 885 5134 7892 83199 0153 995134
9 2 6 4 5523 85 19 7 8 12 9 4 6 7 24 9 2 3 0 6 1 912 62 74 7 6 38 02 92 891373 074 8149 950
023 195 5 5 12 9 8 12 80 4 1 35 537 1919 15 2384 02 5 962 54 8245 12 3 5 9285 57 426 82 4089 5712 8377
12340 5678 13277 5010 9623 3 5 92 98 18185 517 3712 9822 1298 5683 71615 139 3969 5922 53473 0152 525199
1 2 3 4 5683 45 72 8 5 72 9 2 5 4 28 2 6 4 8 5 1 912 18 49 9 6 64 12 22 497229 929 8943 558
828 109 2 9 12 8 8 12 86 5 1 91 086 1014 60 2314 12 4 275 29 7285 96 3 5 1659 02 465 12 5983 8715 8942
42918 8138 83255 8485 5121 8 3 78 98 12496 819 8914 9869 1910 9424 19214 124 8124 5019 58376 6153 623180
0 6 4 4 6166 07 48 5 7 50 9 2 9 3 26 9 2 7 6 5 1 716 16 95 9 9 24 12 08 881224 029 5483 556
123 123 5 9 09 9 2 83 79 4 1 04 987 8289 45 5969 19 8 952 16 3286 16 3 5 9746 12 415 12 6128 8512 9942
02916 1737 43615 8910 5991 3 5 52 40 32982 845 0915 1817 5214 7411 87215 158 5144 5362 59248 1550 125998
1 2 3 5 5493 58 40 5 5 10 9 7 1 1 98 3 2 0 4 8 3 972 72 48 9 7 97 92 23 493893 124 8823 506
124 127 6 0 12 2 8 12 82 7 9 82 948 1210 95 2378 50 4 012 10 8005 39 6 3 1279 16 885 18 7849 8798 2999
82612 9135 83905 0918 8629 3 9 12 78 12882 805 8700 9792 1706 5425 52918 129 8166 5389 08830 3058 120190
1 8 4 4 5425 45 18 5 5 52 6 2 6 1 58 9 3 7 4 5 9 512 12 45 0 8 34 02 23 881273 126 7121 501
123 683 7 4 79 3 2 72 82 5 7 82 885 1095 16 2584 23 9 790 36 8235 34 1 8 3789 12 715 53 2195 9712 9912
18314 1135 13717 3412 9328 2 5 12 87 94978 815 8060 9861 1719 9410 69243 189 7134 8352 53613 1089 724832
4 0 9 4 7103 65 18 5 5 97 9 6 6 1 28 8 6 8 8 5 9 116 16 46 0 8 29 14 56 466877 990 4153 556
123 124 5 9 13 8 8 52 49 1 5 89 287 6975 10 2294 15 4 919 51 9315 13 9 0 9545 12 915 20 2647 8797 8911
15350 4149 33215 8712 5888 1 5 18 59 10100 615 1912 9418 4215 5913 12915 822 5104 5611 53913 1169 185194
1 8 4 3 5173 95 82 5 7 14 8 2 4 1 78 9 9 1 4 7 7 442 17 82 9 2 76 17 24 809553 224 6123 586
127 123 8 5 12 8 2 12 99 0 6 97 979 9611 15 2297 12 4 813 14 2217 66 3 5 1149 12 218 55 9185 2715 7912
12313 6135 63298 9912 5624 3 8 19 08 38186 511 8392 9619 7735 5458 90777 465 0634 5762 55253 8150 145148
1 3 3 7 5146 47 12 5 3 32 2 6 1 8 88 9 2 1 4 7 1 918 93 90 9 8 64 12 23 503293 284 8163 054
137 190 4 9 18 0 2 44 88 5 1 74 987 6276 15 9614 16 4 919 14 1815 18 9 5 7384 92 415 12 2985 6612 0989
67313 8177 46255 2362 5738 6 5 02 98 17182 875 8912 9396 9215 9408 10797 920 6965 4988 56913 6452 174108
4 9 3 7 5325 75 50 5 3 19 7 2 9 5 39 8 0 3 4 6 1 992 18 45 9 4 24 13 83 891228 924 8128 458
172 125 6 5 12 8 2 86 88 6 8 88 786 0318 15 4304 12 4 012 84 1255 70 3 5 2287 18 905 12 2145 9718 8966
13358 1135 13235 3532 5120 9 5 12 80 12905 975 8613 2082 1219 1484 17709 928 5374 7312 06718 1198 725348
1 6 5 1 1824 95 12 7 5 12 9 2 6 1 58 9 2 1 4 5 4 912 11 87 9 8 24 97 19 801643 144 8727 996
52 820 3 9 12 8 2 55 80 8 1 82 927 1285 18 2314 12 3 912 16 1219 12 5 5 1086 80 110 26 3946 9778 8794
16217 1198 13219 8756 5521 1 5 86 79 03967 615 0613 6413 1275 5819 12255 147 7428 5319 23292 1753 125138
0 0 3 5 5488 49 17 8 8 82 9 6 7 1 28 9 6 1 4 5 8 984 16 45 9 8 46 17 91 864123 194 2183 625
423 953 5 6 65 8 2 12 89 0 4 82 667 6694 17 9394 52 6 908 15 1215 98 4 8 1259 76 410 16 6135 7192 6912
12386 1830 83244 0812 7836 7 7 32 87 12182 816 8612 0812 4935 3463 16895 264 5834 9518 03777 1123 239198
7 7 5 4 4173 65 57 8 5 12 1 2 8 1 49 9 2 9 1 5 9 914 92 95 9 8 27 18 10 798728 101 0132 542
177 793 5 9 72 8 2 72 89 6 4 26 487 6191 15 2307 98 8 912 76 8007 78 4 5 1289 18 312 89 2145 8912 8992
49353 4138 73215 8879 8588 3 5 03 89 03187 250 8815 9670 9095 5423 02298 020 5464 5312 86283 1553 822298
1 2 3 4 1123 05 12 5 5 13 9 2 6 1 38 7 7 1 4 5 9 925 62 45 9 8 24 19 97 859697 124 7789 594
623 923 3 5 10 7 5 97 75 6 1 82 957 1296 85 7549 70 4 912 18 5276 12 8 5 1889 19 418 99 2595 7912 8916
92383 9955 13219 8012 5321 7 5 12 98 98103 825 8912 8199 8714 7474 18275 136 5136 5612 59915 1198 595768
7 9 3 4 5933 48 78 0 5 52 9 2 7 1 28 9 6 1 4 5 8 913 12 88 9 3 20 12 27 881223 054 8429 676
333 244 5 9 18 9 2 92 74 5 6 92 988 7254 15 2377 22 4 912 64 5815 62 5 5 1989 42 810 72 2545 8412 8668
47513 5905 73295 9819 5171 9 5 02 88 79998 175 6233 6613 1015 5463 22215 194 6134 5312 53914 7156 177478
7 2 0 4 8433 75 92 5 5 12 0 5 8 1 27 5 9 8 9 5 1 512 47 42 9 8 24 32 20 395223 126 8803 456
535 120 9 6 86 9 3 12 74 9 1 74 587 0218 18 2284 82 4 992 74 1925 12 2 5 1596 12 419 19 2495 8912 8562
93313 1838 63215 8750 1151 3 3 59 95 22755 809 9477 5879 3245 5415 12800 754 5157 7315 53283 1154 145198
1 2 4 4 1104 65 30 8 9 12 6 1 7 1 88 0 1 1 7 4 1 412 12 74 3 7 24 87 35 872279 654 8129 782
817 365 6 8 72 8 4 98 97 5 3 00 887 8358 18 3274 07 4 743 34 1299 16 3 5 1299 10 217 12 9190 8987 5912
12336 3139 23813 8712 6951 9 9 92 08 82908 815 8916 5762 1613 5443 98248 824 5934 5777 58313 1153 725198
1 2 2 4 5028 56 12 6 5 68 9 2 3 0 23 9 9 1 0 6 1 729 12 43 9 6 94 72 37 091223 954 3623 549
127 127 5 9 12 8 5 12 89 0 1 01 927 7214 16 2017 12 4 910 73 2885 09 3 5 5238 82 495 22 9355 8992 7930
12556 7186 03515 8712 7123 3 5 89 98 19134 805 9912 9882 9508 9413 12695 628 9137 0592 52793 1153 125193
1 6 3 5 5193 25 18 5 5 15 0 2 4 1 88 9 7 1 4 9 1 812 13 45 9 8 14 13 25 891253 724 9583 549
722 123 6 2 13 8 8 04 79 3 3 82 687 1214 22 2314 14 4 019 10 1685 90 7 9 9237 12 175 92 2945 8712 8912
83373 8170 70417 0812 5121 3 5 12 89 82018 835 8928 9012 5910 9472 18285 784 5837 0312 53014 1559 125198
0 2 4 9 0123 97 17 5 5 18 2 2 9 4 89 8 8 3 9 5 8 918 94 95 7 9 14 12 27 988443 384 8180 526
704 123 6 4 12 5 2 65 89 6 1 82 589 7660 18 2710 37 4 912 11 7245 62 2 5 1020 93 817 82 5695 8472 8900
12216 1538 63315 8716 5151 3 7 49 28 92189 865 4052 8672 1255 6518 12215 404 5966 5312 76217 1705 721138
3 6 7 4 6190 75 92 5 5 12 9 4 7 1 28 9 2 0 4 9 1 812 47 29 5 7 03 12 20 841274 997 8821 556
143 903 6 9 16 4 7 18 89 8 1 82 917 1916 15 8384 26 4 952 14 1095 12 6 8 1689 85 495 40 7045 0019 8915
82713 4185 63515 0712 5221 3 1 76 98 47172 915 8012 9815 1084 5856 73215 124 9979 5612 43270 1180 323399
7 5 3 4 0858 44 82 9 9 60 7 2 5 1 28 8 2 9 4 5 1 992 52 45 9 8 09 52 20 899224 174 8113 086
39 193 5 9 12 8 2 15 82 4 1 82 977 1214 19 2314 12 5 902 10 1230 12 5 6 1969 92 615 12 0945 8292 6912
50508 8036 39213 6947 7127 3 8 12 99 12184 885 8912 5314 1205 2013 52695 124 5754 6329 73956 1783 522078
5 2 8 4 5499 38 72 5 4 12 6 2 6 1 28 0 2 0 8 8 1 780 62 45 4 7 98 12 63 851929 128 8123 655
491 633 0 7 86 8 2 32 49 9 1 82 957 1284 15 8496 15 4 012 34 2065 92 5 5 8843 12 882 12 5928 8450 8312
25504 5175 13375 7788 2003 3 3 42 98 05085 035 8932 9882 0275 5483 12215 424 5164 0012 54714 9273 120098
1 2 3 8 5825 85 32 5 5 72 2 2 6 1 24 9 5 8 6 5 1 982 12 93 2 5 78 62 28 061520 620 8448 730
173 828 5 9 55 0 5 95 89 5 1 52 689 9274 55 0904 52 5 959 19 0995 12 3 0 1487 12 485 52 2545 1712 8819
19293 1537 18215 9016 5971 3 5 12 48 27908 815 8918 9372 1215 4463 52974 126 5838 5312 57213 1963 172493
1 2 3 4 5823 45 02 5 9 92 8 5 3 1 78 9 9 1 4 9 0 812 97 95 9 2 27 19 57 898886 924 3134 556
925 923 5 3 48 8 6 82 89 4 1 99 986 1217 18 9994 17 4 748 92 7652 58 7 4 1250 52 428 87 8155 9713 8012
14369 1135 15419 8552 9161 6 7 42 98 15182 919 8572 9612 1712 8613 27204 196 9134 5912 53658 1153 822178
0 4 3 9 2223 49 17 5 5 18 9 2 7 9 99 1 2 7 6 0 0 992 12 45 9 6 95 74 28 891823 174 8823 555
423 018 5 9 12 4 2 12 82 6 1 86 677 1814 15 6614 72 4 952 94 1405 02 3 4 9035 72 615 84 2125 8792 8952
12618 16758718 2783
94810 8195 13581 9076 9191 5 5 00 96 12132 315 7502 9612 1059 5976 12216 167 5889 5318 54413 7854 129889
8 6 1 6 2588 15 80 7 8 42 3 3 8 0 28 9 2 1 4 6 9 992 15 05 9 0 84 52 23 296773 109 8793 586
729 926 5 3 95 8 9 51 84 5 1 82 960 9211 96 3303 18 4 996 14 1215 89 5 6 4086 19 794 05 2665 8814 8912
72216 9735 19255 8989 5198 8 5 16 95 12162 063 8967 5614 1265 7423 82568 194 6139 5699 89233 9956 188527
1 2 7 8 0523 04 12 0 6 12 4 2 4 5 39 9 2 1 3 5 6 972 15 35 2 8 27 93 96 681723 320 8263 756
122 673 0 6 82 8 0 12 39 2 1 82 909 7212 15 3313 12 4 010 90 5277 12 3 3 8187 12 415 12 0185 3785 9605
00813 1394 12715 8712 5661 6 3 55 98 30757 815 8945 0975 0217 8419 37615 584 5134 5719 58715 1553 125178
1 2 2 4 8625 45 12 4 5 62 0 0 8 8 29 6 2 1 4 7 5 013 95 45 9 8 94 92 80 876723 774 5437 546
868 643 0 9 12 8 2 89 89 5 1 78 991 1214 95 5510 22 9 976 15 1215 12 5 4 3639 16 313 17 8141 8882 8902
92313 1135 16215 2792 2091 7 5 77 49 10172 819 8652 4812 4259 3446 12218 124 0158 5017 63993 1053 475199
4 1 9 2 0309 46 16 9 5 72 9 5 5 9 28 9 9 1 4 5 8 938 12 98 9 8 85 43 23 283793 594 8423 396
107 677 3 5 78 8 4 92 85 6 4 44 937 1290 20 8319 03 4 612 24 9206 12 3 7 6288 12 475 72 2046 8011 0911
12909 8195 43215 5982 2127 3 5 42 99 17199 814 9022 9519 9245 5483 82215 987 4138 5892 53379 1863 080194
8 2 3 4 3123 42 19 5 6 17 0 2 0 3 63 9 2 1 4 9 1 419 10 08 9 8 94 12 37 891223 124 2126 555
813 128 7 9 64 6 2 94 84 9 1 82 980 4019 05 2521 18 4 013 14 1274 12 3 5 9245 56 715 12 2199 8048 8712
12114 2195 41614 8712 5091 3 7 92 23 04980 777 8474 8252 1375 0413 12246 120 0136 0529 59093 1159 925198
1 4 3 4 5313 45 82 5 5 12 8 7 3 9 25 3 2 1 4 9 4 419 18 49 9 8 26 52 87 891679 723 6728 950
56 173 1 6 52 9 2 93 84 0 1 70 901 8216 97 2514 17 9 927 94 0315 12 5 9 1282 43 445 12 7145 8791 8912
82993 9935 98729 8002 9720 3 7 52 98 89409 713 8766 6792 1205 2416 34285 127 4139 5692 62553 9953 120198
3 2 3 4 3190 54 48 5 5 92 9 7 4 1 48 9 0 1 4 9 9 112 18 44 7 5 27 18 06 891188 126 8953 696
123 253 4 7 17 9 8 12 80 5 8 52 887 9214 95 2307 62 2 902 14 1917 12 3 5 1269 16 615 98 3944 2712 8512
14363 0137 73215 8712 9824 2 5 85 73 12199 817 8912 9802 1719 9417 50215 002 7434 5678 52213 1155 125498
1 2 3 4 5103 04 26 0 8 62 9 7 9 1 28 9 2 1 4 2 4 832 46 45 9 9 24 12 68 661024 173 8385 556
724 125 5 8 98 8 9 95 99 9 9 89 975 6287 15 2344 16 4 973 74 1605 50 3 5 9274 12 816 12 2035 0614 0915
36583 5995 93205 8712 5968 8 5 18 48 12082 515 6982 2865 9615 5433 12215 320 5584 5315 58893 1056 925578
5 5 7 4 8929 85 72 5 5 88 9 7 7 1 75 8 9 0 5 5 1 812 62 45 9 3 23 42 23 791663 124 9193 946
598 826 6 9 12 1 2 78 79 9 2 87 997 3364 55 2894 12 4 748 78 0119 85 3 9 9085 82 455 19 0681 0212 8925
19303 4575 68819 8898 9423 9 5 38 88 03558 835 8312 9594 0815 4713 86275 129 5734 4812 63214 1550 595199
1 3 4 7 9123 69 33 5 5 02 5 2 8 8 96 9 9 1 9 5 3 915 07 46 4 8 24 14 29 999863 824 5625 559
109 728 5 0 14 6 6 10 49 4 0 82 986 1217 75 2314 11 8 512 72 1485 15 3 8 6279 18 417 18 2943 8494 9915
18353 1195 13775 9982 5921 3 8 10 36 82152 615 8932 4877 0518 5813 18295 124 5109 5312 63212 1673 905148
6 9 3 4 4523 45 12 5 5 10 9 6 8 1 28 5 7 1 2 6 0 212 15 49 8 5 87 62 26 651325 957 8335 788
424 532 5 9 12 5 3 12 89 3 1 88 980 1814 75 7312 22 4 949 64 1205 28 3 6 1789 12 415 12 2748 4712 4970
12913 1474 11235 8786 8621 3 5 15 66 09499 388 6882 9873 1810 5653 13520 524 5134 2309 63218 1878 629110
1 0 4 8 8723 59 72 5 7 49 5 2 9 3 28 8 5 5 4 3 3 912 62 47 9 2 94 86 51 661223 186 8133 859
924 429 7 9 18 9 4 12 86 7 0 62 977 8719 12 2214 62 5 912 14 0918 78 8 6 1286 93 457 68 2249 8711 9552
12366 6160 17255 8714 5857 3 0 82 97 16904 917 0952 2814 1264 5496 12202 924 3135 5742 93493 9657 545288
8 8 5 5 5723 43 95 4 5 14 3 2 9 3 68 4 0 8 8 5 3 275 57 48 9 3 74 12 23 690225 194 8171 556
123 627 8 0 92 9 7 32 89 6 1 62 987 1824 17 5214 17 7 012 14 9715 78 0 5 1278 20 403 19 2345 8582 8916
72813 1108 79915 8710 5122 3 9 12 90 92732 813 7912 9052 5275 8518 32215 076 2337 6472 79353 9453 974958
1 2 3 0 5120 55 22 5 2 62 5 9 6 0 39 9 4 0 9 5 1 507 19 41 9 9 24 18 23 891259 134 8987 354
126 193 5 2 73 6 2 12 88 9 8 22 877 1237 15 2618 16 4 049 96 6719 16 1 5 5282 12 405 15 7845 8702 8267
16688 6835 83046 8772 7107 4 5 02 98 72942 515 8992 5013 5245 7413 12285 165 9734 7390 54218 1253 124150
7 2 2 4 9723 94 12 5 5 91 7 2 5 8 68 9 4 1 7 5 9 957 82 36 9 6 28 83 46 807827 199 8843 697
125 618 9 9 12 7 2 37 89 0 3 82 987 7714 15 7314 12 7 422 19 1595 92 3 9 1349 32 315 70 8996 8718 0915
17299 5135 17019 8797 5821 3 5 65 88 08908 895 8902 7816 1214 7973 13275 224 5434 5382 53813 1158 125108
1 7 7 9 5733 55 92 8 3 12 7 2 9 8 08 3 2 1 7 5 8 012 96 47 3 8 29 12 10 798093 164 8120 556
155 062 9 9 92 5 2 12 71 5 1 81 975 1224 15 2817 92 8 917 74 1205 13 3 7 0389 16 518 18 3530 7018 2970
11315 9635 33285 8782 5141 9 7 12 97 12992 582 5921 7014 1273 5419 77297 897 5038 1382 04213 9490 220198
7 2 3 2 5103 85 82 6 7 76 6 8 8 1 38 5 2 1 8 5 8 912 89 49 9 8 90 19 48 899848 104 8823 987
72 785 5 2 52 4 7 02 69 3 9 32 980 0814 16 3734 37 7 478 28 7815 12 5 5 3486 10 415 12 2874 8712 8818
70561 5115 63295 8732 5928 8 4 16 90 18175 913 9991 9872 1000 5403 59215 068 5138 0042 57215 8868 125195
6 9 3 4 5123 75 68 6 5 77 9 5 5 1 55 9 8 9 4 5 6 917 92 45 0 5 24 12 79 691273 115 7121 596
923 023 5 8 12 8 2 52 09 6 1 62 484 2353 15 2312 92 0 876 14 1677 12 3 1 1274 12 480 67 2145 8790 8612
06730 3968 76215 8778 5666 3 8 16 98 18052 825 9917 8818 5735 4482 16295 181 5134 5312 84503 1973 929199
6 6 3 4 5129 63 82 0 5 12 7 2 5 1 74 6 7 1 7 5 1 582 12 86 9 2 14 66 03 094373 964 8454 296
193 023 9 7 12 8 2 12 99 3 1 98 687 1294 15 7358 12 9 907 74 6215 54 3 4 8299 82 905 19 4168 9612 0912
17310 1132 13545 8713 5083 0 5 62 98 93949 858 3760 9812 2218 5418 72295 124 7164 7098 59213 7000 165198
8 2 5 1 7428 85 18 5 0 92 9 7 5 1 83 9 5 8 1 9 2 912 18 74 8 8 28 17 95 863250 167 8123 586
885 100 9 9 57 6 5 12 89 0 8 82 923 1114 38 2318 15 8 900 55 1865 22 9 5 0289 86 708 16 9708 8790 1997
62818 5155 19698 6512 5521 3 0 12 98 94972 845 8412 4012 1219 5440 62220 524 5130 5912 53918 0687 138198
1 4 6 7 6133 60 12 5 3 49 9 8 9 9 28 3 2 1 7 5 6 542 13 75 9 8 34 19 29 897293 129 4923 854
663 173 5 9 42 8 4 97 89 6 7 82 487 1217 14 9514 82 4 912 77 2615 49 3 5 1049 35 430 12 2135 8619 9910
53898 1939 13238 7152 2176 9 5 90 29 12102 883 8915 9510 7415 0389 16865 724 5134 5218 53293 4153 029895
1 0 3 8 9127 47 97 5 7 16 9 2 8 9 55 7 2 4 6 3 6 950 94 36 0 4 80 19 26 893563 124 8929 558
388 126 5 8 89 7 7 12 87 1 1 88 980 8634 15 9417 36 4 916 03 1268 12 7 5 6089 85 415 02 2115 6712 8769
72347 9157 18215 8515 5135 9 5 12 98 02814 815 8912 3886 6919 1409 42275 832 5169 5742 09213 0156 335898
1 5 3 7 5423 41 07 5 5 62 5 3 9 1 30 9 2 9 4 9 7 279 19 65 9 4 74 82 53 891213 174 8729 076
883 123 8 4 12 4 2 77 09 8 1 81 797 1854 45 8614 62 4 812 57 1776 89 5 9 7759 82 815 17 2745 8712 8934
16310 1137 83005 9373 5123 7 5 17 98 12172 219 8502 8893 3265 5818 48014 924 8175 2847 59213 1801 125198
8 7 3 8 5623 75 13 8 6 22 9 2 4 5 20 7 2 1 7 6 1 718 17 43 8 8 34 12 04 821699 605 8197 586
229 163 8 9 16 8 2 33 39 8 8 69 087 1904 17 2314 22 4 613 19 1255 12 8 6 1779 66 415 02 8745 8312 8812
15373 6139 13205 0762 6477 6 5 19 28 10262 096 6987 7822 1266 2313 12910 624 9709 5312 12817 1193 175998
1 2 3 4 5183 70 57 5 5 72 9 8 8 6 28 9 0 7 4 9 1 359 02 64 8 9 29 92 93 696229 621 3609 418
893 973 5 9 74 8 0 12 88 3 7 44 089 1274 57 2311 68 2 988 54 1305 12 9 5 1239 19 405 12 4145 9732 3912
12313 0134 16614 8417 5184 4 6 72 62 52136 815 8952 8569 1815 7892 19285 924 8534 6367 03219 1453 199188
4 0 3 9 5127 45 19 3 0 12 8 2 3 5 54 9 2 5 8 5 1 572 82 46 9 5 94 19 93 831294 544 8725 296
756 723 5 2 62 9 2 12 87 8 6 92 597 1538 95 2314 12 9 912 39 1219 12 8 5 1299 68 596 14 2154 8346 6772
79359 9108 18945 8912 6191 9 5 76 68 72049 810 8900 0717 5215 5603 02290 569 5194 5312 47283 1453 383091

55316 1759 13215 9379 5726 6 7 12 41 99182 817 0522 9638 6205 8237 95270 624 6174 5706 53213 2953 125499
0 7 1 4 5123 25 82 5 8 09 9 2 7 1 28 9 6 7 4 5 3 907 85 75 9 8 48 69 98 894159 124 0985 596
773 130 7 8 17 8 2 97 89 7 1 32 850 6387 15 2904 12 4 966 14 3219 12 3 6 7285 72 818 68 3115 8612 8918
12315 0135 68477 8712 4161 7 1 90 67 10997 885 7014 9812 8275 1470 84210 928 6179 5009 30563 1153 325195
8 2 3 4 6193 78 82 5 2 72 9 2 9 1 48 9 2 3 4 7 1 419 02 45 7 7 24 89 93 899220 124 3893 036
53 663 5 9 12 8 2 52 81 7 1 02 057 8299 79 2614 79 4 919 14 1219 12 9 9 1289 19 485 69 6045 6748 8912
12313 9305 13865 8442 2191 5 5 12 87 92108 875 8834 7012 1266 7483 12265 107 5884 8612 53843 7159 185995
1 5 7 9 5984 85 12 2 5 06 9 8 3 5 26 2 2 1 0 5 6 587 12 45 7 1 24 89 73 890223 197 9523 589
873 420 7 6 17 7 3 62 83 2 1 63 377 1804 16 6914 16 4 618 19 1285 17 3 2 1279 15 455 52 2160 8710 8954
12373 0298 13254 8812 5727 3 5 17 65 15512 724 8912 9412 0612 8467 16618 184 8434 4395 88619 0959 128198
6 2 7 5 5123 51 02 3 1 72 6 2 7 9 95 9 2 1 4 9 5 902 19 95 3 9 28 72 87 944724 176 8028 036
123 603 5 9 19 8 2 82 89 7 7 85 989 1364 15 2314 86 4 272 54 1865 15 3 5 8281 12 418 18 4145 8782 8992
01894 1138 19214 8717 3126 3 8 92 97 52182 325 4914 9012 9755 5803 68679 120 5134 2369 23217 1141 585796
1 8 9 4 7023 66 09 3 8 12 9 2 5 5 25 9 8 5 7 5 1 815 72 50 6 8 74 11 99 698933 324 8698 726
823 523 8 9 02 7 0 72 87 5 1 08 957 1415 45 8398 12 1 892 14 6234 42 3 5 0597 12 663 52 2088 8468 8919
52313 1437 43275 4032 5721 3 5 12 99 39912 512 7912 9873 2817 4403 92216 822 1535 6841 53218 0603 187538
6 2 7 2 5423 49 17 5 9 10 4 6 5 7 70 1 9 1 4 5 5 550 92 95 4 8 38 92 93 899283 424 4999 556
628 443 5 0 97 7 1 10 89 1 9 72 570 4255 15 1317 17 4 912 14 1215 85 3 5 9186 12 715 12 8945 6797 8012
12313 1737 10210 8012 5101 3 8 52 98 12472 915 8933 9812 9295 5418 39215 164 7128 5560 53215 3109 175190
5 2 3 4 6024 48 72 5 8 84 8 2 6 5 95 8 1 6 4 5 4 712 17 45 9 8 23 16 07 559329 766 5143 962
324 120 5 4 89 7 2 68 89 7 1 02 089 5219 67 2956 10 4 512 06 1065 12 3 5 8250 12 616 39 7144 8718 8616
67904 7483 15617 8769 5521 0 4 19 98 52902 805 8912 8312 7845 5496 65045 984 9852 5092 58217 5323 795134
1 0 3 4 9391 48 12 0 4 65 8 2 6 1 28 9 2 9 7 5 7 292 13 45 4 7 26 62 87 701887 187 8123 556
693 133 9 1 57 0 6 92 88 0 8 89 527 1516 15 9014 12 4 912 68 3265 14 3 5 6581 79 418 12 0144 6409 3710
12662 1636 19275 8872 5526 3 2 19 98 16842 689 7912 9012 9912 5815 18295 124 5195 5314 43095 7153 161164
4 4 5 4 5153 61 19 5 7 74 9 2 9 1 20 9 4 9 4 9 8 612 19 93 9 8 78 16 07 892298 555 7923 552
506 358 5 9 89 8 9 72 83 7 4 82 980 1284 15 1167 12 4 976 14 1219 18 7 7 1704 89 709 62 6943 0712 2942
12887 1830 10687 8612 5081 3 5 02 90 12896 615 9985 9510 2655 9592 18215 594 8587 3312 53213 8173 125798
1 2 7 4 0118 05 10 5 5 12 7 8 4 9 06 3 2 9 8 1 1 410 18 42 9 8 14 12 93 591273 124 8179 556
943 196 5 7 42 8 2 69 39 3 1 88 969 7218 85 2414 52 2 812 14 1735 18 3 5 1254 94 418 42 5705 8201 9712
98359 1138 63295 8702 5165 3 2 16 98 43124 318 8910 8913 3665 7623 81815 724 5534 1816 23797 5423 125825
1 0 8 4 4123 72 82 5 3 92 9 2 8 9 24 9 2 1 4 5 7 912 12 48 0 4 04 08 23 891923 121 8229 786
163 127 3 9 96 9 5 78 69 9 6 82 829 6214 45 2664 16 4 964 16 3285 12 3 0 2299 98 415 12 2926 6798 8942
1 0 3 6 8323 49 72 5 8 16 9 2 8 1 90 3 7 4 3 5 9 012 18 46 9 8 50 99 21 257027 179 8023 556
173 183 7 9 81 8 2 12 89 7 9 02 900 1954 09 2314 12 4 615 84 9396 90 3 4 6845 74 499 49 2645 8315 8979
74355 1535 60519 8972 6780 3 5 72 68 62674 060 8942 9812 1218 8013 52215 106 3724 5762 73783 2154 429965
0 6 0 4 5423 08 06 5 5 18 0 7 0 1 98 8 3 8 4 8 2 972 53 45 9 8 70 19 73 871763 124 8094 556
90 823 6 0 79 8 2 18 09 8 0 22 280 4720 66 2318 18 4 913 66 1269 62 0 5 2288 92 476 98 5694 8712 5972
52612 1177 49225 9789 6873 9 5 14 58 12102 895 1556 9512 1218 5413 92915 494 5786 8318 23687 5683 120108
1 3 3 6 5791 45 16 5 7 12 7 0 8 8 28 9 2 1 4 5 7 502 12 45 9 5 44 12 63 800206 726 7023 996
829 187 7 5 16 8 4 99 82 6 1 80 939 0844 75 2459 12 4 987 74 1218 72 5 5 1889 79 487 16 2242 4237 8392
12345 5138 83594 3756 6122 3 0 12 48 18142 815 8617 9818 6215 5413 62867 823 8237 6882 53912 1172 185199
1 7 3 4 5123 97 77 5 2 12 6 2 7 1 88 5 4 0 5 5 1 912 14 70 9 9 24 92 23 851790 194 4153 358
503 493 8 9 87 8 2 89 90 0 1 02 288 5292 45 0327 12 4 919 84 0717 92 9 5 9489 56 485 82 8845 0742 8913
05393 9135 13288 5712 0321 3 5 12 98 61175 805 8375 9962 2270 0413 82294 139 2139 6310 03323 3197 535109
8 2 3 4 2897 45 12 4 5 52 0 2 8 5 25 9 2 1 3 9 1 972 72 46 9 8 27 19 21 075723 129 2116 658
870 723 5 9 82 8 4 14 89 0 9 99 937 0764 00 2314 11 4 912 95 8217 18 3 5 1603 98 418 94 2340 5778 9362
12823 3145 16438 1987 5759 3 5 52 98 38162 998 6919 9817 0295 5867 22897 338 5138 6012 03810 1166 945298
4 9 4 4 5120 47 12 5 6 47 7 9 0 9 96 9 2 9 0 6 1 912 19 47 8 8 24 15 97 101933 124 5420 571
324 673 5 3 12 8 6 87 79 8 1 82 780 8288 95 6518 79 5 912 78 1219 17 8 7 1589 32 019 78 3196 8902 3312
42313 1137 36716 9748 4122 3 5 12 98 80862 819 8641 9812 4884 5979 12015 924 1364 5359 93211 0150 123198
7 2 2 7 5129 75 92 5 6 15 9 9 8 1 28 9 2 1 4 5 1 916 91 45 8 7 44 02 24 951823 928 9607 586
188 143 8 6 12 8 2 70 88 6 7 02 987 3236 16 7414 12 3 919 64 2815 12 3 6 3279 19 879 80 2705 2027 0922
32363 1579 13415 8716 5504 9 6 17 83 10198 816 8911 1588 0615 4840 87015 024 3644 7317 53286 8953 725108
0 2 9 5 5153 75 12 8 5 19 9 8 6 1 58 2 9 5 6 9 1 690 12 45 2 3 74 19 26 499894 734 8123 556
153 060 5 9 16 2 2 12 83 7 5 58 935 1947 19 4315 92 4 918 34 1216 84 9 5 4657 12 212 92 2753 8748 8912
19313 7735 83212 8812 5161 0 0 19 98 82142 745 0909 8822 5211 6418 82785 124 9119 5935 93704 1553 705177
1 2 3 4 5193 25 15 7 8 89 2 2 8 5 78 9 0 3 4 5 1 966 05 40 8 8 69 62 23 896028 520 2110 556
403 175 8 9 92 8 2 12 89 4 1 92 987 1418 26 2719 17 6 441 84 3916 12 3 3 1086 39 789 16 2551 8042 2918
42366 1107 83215 2418 5191 2 8 18 98 62192 810 7910 9412 0515 9167 92295 629 6634 5819 53910 1253 187188
1 1 9 7 5103 85 42 5 3 12 9 4 5 1 26 9 2 1 9 5 1 902 72 44 3 8 69 97 03 485809 121 8863 038
703 723 2 0 12 8 2 13 19 5 4 98 887 0907 25 4395 82 7 912 39 1258 92 7 6 1269 37 658 15 2944 8418 6776
14135 1835 58975 2715 4179 9 8 42 99 90162 838 8966 8884 1289 5713 12272 980 9154 5695 63213 7683 925438
1 5 3 4 5078 45 92 5 5 74 9 2 9 1 09 5 2 8 0 5 1 912 48 45 8 5 54 77 48 899289 129 8193 276
723 173 3 7 18 8 5 92 80 5 1 98 927 1215 69 2514 52 5 914 84 1374 14 4 5 6241 22 495 12 9945 8412 8919
71919 1135 16818 4752 7120 9 5 87 96 72382 848 8978 9863 9215 9465 22216 924 0984 8315 95833 1153 145194
5 2 3 8 5993 45 35 5 6 82 9 2 2 1 85 9 3 1 4 5 1 962 14 06 7 0 24 18 29 895233 184 2605 754
783 720 5 9 10 3 2 92 89 0 1 82 295 1914 85 9314 02 8 905 15 7819 12 3 5 1184 23 345 12 9145 8089 8255
12018 1185 46711 8718 5197 3 6 18 91 02002 845 4599 9715 7872 6713 15215 086 5834 2312 51213 9943 155786
7 2 6 6 1128 41 52 5 5 18 1 5 0 1 28 9 2 0 9 3 3 999 74 55 4 8 54 97 21 891226 804 3824 326
55 380 9 5 87 6 3 83 99 4 8 08 257 7214 63 2914 12 0 449 14 9113 52 3 5 1286 62 818 82 9365 8718 0512
92313 3055 53593 1752 5921 3 6 42 93 12102 815 0417 9312 1514 5993 02216 822 3997 4319 55214 1103 868148
1 8 5 4 5990 47 18 7 6 86 9 5 7 3 28 8 2 1 0 5 4 936 12 72 0 8 56 85 97 606724 107 8403 556
665 128 5 9 17 8 2 42 89 9 5 82 947 1817 55 2304 56 3 018 94 2296 62 0 5 2329 62 318 14 6195 8209 8929
49398 4069 16915 8719 5861 9 5 28 94 46822 868 7824 9888 5355 2417 79815 224 5134 5657 53919 1150 194198
9 2 0 4 5198 98 39 5 5 12 9 8 9 2 28 6 2 9 9 8 1 172 18 35 1 8 74 82 23 891828 177 8163 577
577 387 4 9 59 8 5 92 79 6 1 40 625 1214 99 9994 18 8 917 96 1276 15 3 4 1289 69 405 62 2175 8897 8718
18363 1435 07615 7092 7191 9 9 32 98 19169 886 5912 6902 7915 7465 90215 124 8734 5768 43913 9953 141238
1 9 3 4 0133 48 12 5 4 37 7 5 0 1 28 9 0 7 2 9 1 792 69 45 9 5 84 92 59 891258 124 8423 258
472 173 3 9 18 8 2 52 05 6 8 08 987 1674 92 2719 75 4 918 18 3416 12 3 0 1589 95 416 12 8145 7912 8689
10953 1136 98813 8916 5769 9 5 42 98 82582 615 7980 9812 1944 2787 12915 399 5174 5306 55090 8151 145196
9 2 3 0 5193 45 13 5 5 08 9 6 6 9 20 4 2 7 1 9 1 712 17 92 2 8 34 52 42 881786 534 0424 359
526 127 8 3 13 8 8 12 09 7 4 82 370 1284 95 2344 41 2 682 18 5885 17 3 5 8280 12 550 12 2744 8412 9018
07415 3175 17213 3743 1981 7 6 82 88 42192 817 3912 6538 6075 5608 16927 174 5139 4319 53513 3153 885198
1 0 4 4 8133 85 92 5 2 92 6 2 2 1 48 5 0 0 4 5 4 963 12 86 9 5 97 72 27 741263 924 8727 516
119 552 5 9 14 0 2 17 86 5 7 82 987 1710 98 1314 12 8 992 11 9213 32 3 9 1909 52 815 17 9149 8712 8992
18613 1134 87235 0712 5921 3 5 92 93 02588 112 8976 9917 1915 5413 72278 647 4494 4652 57217 9593 125588
6 2 7 4 9147 54 18 5 5 65 9 2 7 1 98 6 7 1 4 7 6 792 12 41 8 6 76 12 28 721700 154 8683 555
653 753 5 2 10 0 9 12 89 7 5 92 780 1952 64 2946 18 1 712 58 1115 92 3 9 4689 30 410 14 7145 8712 8972
12294 1777 43214 8715 5125 3 5 12 96 17309 910 9902 2848 1213 5413 95277 124 7134 5842 55213 1953 127888
1 9 3 3 5555 55 52 8 5 10 3 4 8 7 68 4 8 9 4 5 1 972 60 68 0 1 27 12 23 891323 129 8923 316
856 122 4 5 16 8 6 10 89 9 6 89 976 1219 99 2368 12 4 712 14 0341 97 9 5 1089 92 479 15 6045 9315 8995
62393 9537 13685 2719 5121 3 5 52 98 66162 405 8714 8712 1415 9969 12215 126 9739 9330 73713 9053 125138
9 2 3 5 3127 25 62 5 5 78 9 7 3 1 63 9 2 1 4 8 1 401 72 40 8 6 24 74 23 250223 322 2107 958
163 723 5 3 29 8 2 09 59 8 1 82 968 0270 07 2312 92 9 932 74 1268 12 4 5 2287 60 445 88 9177 8792 9212
12318 9485 93219 6912 5801 7 1 59 98 92130 479 4945 6758 0235 5794 18316 117 6138 5592 63313 1723 625183
1 2 0 7 2066 47 12 5 2 10 9 2 0 2 68 5 2 9 2 9 1 999 17 47 9 9 98 72 73 871596 824 8189 556
328 643 5 9 12 8 4 18 80 0 1 45 428 1205 15 7314 12 8 912 94 4287 18 3 3 6685 18 785 44 9186 3717 9962
82413 1826 03955 8712 5131 3 5 33 78 12856 633 9512 6780 0257 0413 11475 554 7174 9343 53053 6257 003998
1 9 7 7 5923 45 17 5 0 72 9 2 4 4 28 9 2 2 6 6 2 322 82 79 9 9 24 82 25 591723 184 8188 527
103 193 8 9 12 8 2 93 89 4 1 82 987 0054 17 3288 12 5 936 38 8259 72 3 5 1079 72 819 72 9848 8812 3328
19798 0869 73815 8882 5177 3 8 12 58 19107 855 8970 7836 9249 8914 09279 747 5734 9368 28253 9488 706198
6 2 3 4 4823 05 12 8 8 12 9 2 8 9 24 4 3 1 4 5 1 492 12 39 6 8 88 17 03 898223 119 4746 906
53 113 5 9 13 8 2 52 88 2 4 88 987 6978 15 2064 22 4 919 39 9215 12 5 5 0286 17 980 17 2145 8715 8911
73093 8955 13715 7712 5131 5 0 19 08 17192 885 8917 8712 1815 5019 12215 127 5937 5318 16983 1753 195438
8 2 9 7 8123 48 12 8 6 42 9 2 0 9 24 2 9 2 4 7 4 912 09 50 9 7 20 12 56 898293 724 8160 556
143 029 8 6 52 8 1 11 47 7 6 85 987 2914 17 6379 16 4 615 34 8295 58 3 0 8269 32 819 68 2150 3712 8516
06613 9195 75295 8712 4194 2 5 12 98 42872 015 7988 9812 1315 3809 88215 128 4029 5129 43310 5477 825996
1 8 5 4 5833 65 82 5 8 12 1 2 3 6 30 8 2 5 4 6 3 912 22 44 9 8 24 12 25 858350 124 8123 556
703 193 7 8 12 8 2 10 88 8 9 83 987 9844 68 2998 18 4 912 18 9555 16 0 5 1887 12 485 12 2159 9513 8082
18315 9829 03916 8339 5131 3 5 19 48 10022 818 5919 2018 1415 9469 19065 124 9854 8018 58793 7353 525198
0 8 3 5 5156 35 12 5 6 12 0 2 6 6 38 9 2 1 9 8 0 912 62 50 9 5 26 82 26 996423 126 8107 076
552 123 9 9 12 8 7 02 86 9 7 92 367 1218 77 5384 66 4 996 64 6576 12 3 9 1289 19 455 45 7185 8519 8999
32913 0005 16859 8732 5812 2 5 56 68 12105 408 8912 9878 1515 5075 21872 194 7434 5348 53817 6456 188796
8 2 8 1 4124 45 02 5 3 97 9 2 5 1 91 8 7 1 7 7 6 962 73 49 7 8 21 64 23 690242 154 8987 556
123 763 5 7 12 9 0 12 19 8 1 82 982 9504 55 6408 15 4 979 68 7295 88 5 5 9589 18 369 32 2165 8592 0912
12317 1169 83236 8517 5874 1 5 16 49 60152 597 7418 0816 1115 8489 92215 034 3664 8396 53854 7716 188504
7 2 3 4 5125 85 19 9 0 15 0 9 2 1 28 9 8 5 7 5 9 689 62 85 4 8 29 12 63 511653 127 8123 556
119 901 3 7 12 2 9 12 87 8 9 94 784 8564 15 9394 19 0 999 80 6215 18 3 5 1289 87 417 12 9645 8817 8912
18318 4849 82217 5745 5521 4 0 02 58 82550 816 4712 0810 0119 5410 12275 199 7837 7383 53723 1353 128198
1 3 3 6 6173 68 32 9 5 81 0 9 4 1 38 0 9 1 3 5 6 482 57 95 5 8 82 12 21 501937 038 8528 436
928 423 5 9 48 8 2 75 89 1 1 84 187 7212 95 2314 16 1 912 11 5264 72 5 9 1569 83 418 12 2115 9713 8746
12319 5736 88910 8717 5125 3 5 12 75 12462 800 4032 7812 5378 3412 12095 133 5763 5366 63899 3179 174196
0 8 3 0 5323 45 96 5 5 57 9 0 3 8 88 4 7 9 4 1 9 957 12 44 9 6 88 10 23 872403 753 8123 678
973 463 5 9 12 8 7 22 89 4 7 83 689 1553 15 2968 62 7 932 30 1933 96 1 5 1280 99 465 90 3005 3796 5714
42345 8535 63701 8712 5121 3 2 12 78 59662 485 8462 3593 8985 5483 30517 984 7948 5367 90293 1115 745991
1 8 9 4 9727 49 52 2 0 62 9 6 4 1 28 4 7 5 8 9 1 712 89 47 6 0 24 14 23 881223 524 4646 587
020 053 5 8 89 4 2 16 42 3 1 62 987 1324 77 2386 18 0 772 77 1215 12 3 0 5929 84 405 96 9149 8742 8773
44723 1395 43688 4782 3921 9 7 15 96 18152 916 7912 8842 6559 9453 12078 124 5631 5928 48213 8173 335598
1 2 3 4 6120 85 12 8 5 45 6 9 8 6 38 5 4 6 4 8 8 218 82 45 9 8 74 12 73 691429 124 8387 256
827 923 5 9 72 5 6 16 89 7 9 82 289 6864 23 2914 13 3 885 94 1277 82 3 8 1249 12 495 72 6945 8712 8512
89413 1139 39817 8714 4990 3 5 32 78 78956 815 5952 9370 1215 5119 17225 990 5874 9719 09217 1157 715933
0 3 3 7 5753 55 19 2 5 28 8 9 8 1 26 9 9 8 9 5 0 057 72 49 8 2 24 02 23 921227 504 8163 556
123 549 2 3 17 8 5 72 79 6 1 42 587 0817 95 9994 85 4 059 94 1088 17 2 5 3287 17 445 15 8446 8750 4952
12393 8447 83475 8755 5196 3 9 12 97 02167 715 8912 9812 1605 8487 12237 229 3949 8860 93912 5136 925198
1 9 0 4 6623 95 12 9 7 38 7 6 6 7 23 8 9 1 4 5 1 219 17 45 4 8 24 88 23 811223 183 8359 756
55 123 9 9 12 8 2 62 29 2 1 82 280 6214 15 6300 96 5 991 94 1203 07 3 5 1599 19 444 18 2865 8782 8012
15317 8185 63217 8810 6111 8 9 12 67 14942 895 0612 9939 4218 5434 86614 189 5130 5312 50293 7655 126199
9 9 3 4 5583 45 71 7 8 67 9 0 7 9 28 9 9 1 1 9 8 923 06 89 0 7 28 92 23 837223 826 8763 757
523 753 9 1 72 9 2 99 89 8 1 79 904 5209 73 2419 04 9 982 10 1964 12 9 5 1959 12 419 18 2745 4312 8412
90993 5637 85815 4917 9127 7 5 14 88 16142 874 4916 5152 1036 6513 19210 140 9844 5315 27513 1937 550198
1 2 5 4 5125 55 62 8 6 12 1 2 5 9 27 9 7 1 9 2 7 292 12 35 1 8 62 89 24 897237 324 3103 298
873 189 5 9 95 8 8 73 34 2 1 74 487 1783 13 2384 35 4 395 26 1667 82 3 5 4687 12 497 12 9845 5812 8315
19219 1834 14924 8762 5122 7 2 17 88 14101 895 9912 8786 9915 4413 42785 425 8716 8312 55214 1153 915199
1 5 8 5 0626 93 36 5 5 72 9 7 5 7 28 7 2 8 4 5 0 919 95 65 7 8 84 02 83 251623 854 8627 656
183 133 5 9 17 5 2 30 86 4 8 46 987 1294 16 2886 12 4 599 94 1715 12 3 3 1987 12 465 26 2186 8792 3912
12375 2235 50548 8772 7166 8 5 17 78 13182 815 8912 9815 2215 0413 63215 167 6139 6312 51117 1083 165596
1 2 3 4 6122 47 79 5 5 12 9 9 3 1 28 9 7 1 0 8 7 855 55 48 9 8 47 12 43 581297 124 8110 556
396 547 6 9 14 8 4 12 89 6 1 89 987 1216 08 0314 02 9 612 12 0212 18 5 5 1838 92 418 15 7884 6717 8912
22313 5884 13274 8003 5721 3 5 12 98 06187 568 4302 9910 1415 8404 77230 026 5864 8002 23213 7153 169188
9 7 3 4 5108 85 12 5 9 62 9 2 8 1 98 9 2 1 2 5 0 913 02 46 9 0 28 19 03 996883 124 8596 552
323 726 6 4 12 3 6 15 89 1 1 86 987 0684 11 2309 12 4 964 14 8273 15 8 4 1293 65 443 82 2149 8722 8619
50772 9635 19416 7780 9167 3 4 70 58 52105 815 8902 9872 1513 5819 10265 124 5739 5610 57241 7052 125801
1 2 3 4 7763 40 93 5 8 29 0 6 8 1 08 9 4 1 7 8 1 089 12 46 9 8 94 17 54 891943 127 8747 506
183 623 9 9 14 8 2 62 89 5 8 93 907 1269 75 7317 12 4 716 74 1558 34 1 8 1279 12 085 72 2749 2212 4602
77913 1180 17215 8512 7121 6 5 12 98 62112 845 8516 9619 1215 5453 12875 988 5839 3902 53013 6116 125196
7 2 9 4 5103 45 57 6 1 12 8 8 9 8 29 9 2 8 4 5 1 612 92 45 6 7 58 12 23 859827 127 8129 056
123 123 6 9 18 8 6 07 49 8 1 78 807 1274 15 2317 82 3 919 74 9297 12 9 5 1989 12 915 13 2245 8006 8512
19315 1176 19410 6712 4181 9 8 17 98 74112 875 7212 9812 2256 5416 72918 394 5836 5212 53213 1458 199278
0 3 4 4 5929 45 19 5 0 89 9 2 9 7 54 9 3 5 2 0 1 996 12 29 9 9 24 17 83 784423 647 8709 656
204 944 6 9 13 9 8 90 89 4 1 82 987 1234 63 0344 72 3 958 94 1017 19 0 5 3799 72 745 83 0545 8712 1914
82377 7756 73819 4918 9129 6 3 64 97 12892 816 8994 8912 6807 5413 97216 664 5144 3399 53773 7155 189939
5 2 3 4 5182 75 59 5 5 89 4 2 5 6 18 5 2 1 9 2 1 952 99 41 1 8 20 52 23 890023 924 8123 754
303 753 5 9 72 8 3 68 83 4 4 70 846 1214 19 2318 12 0 917 14 9918 26 3 5 1259 98 347 12 2145 4211 8992
60313 7179 66269 0759 5123 3 8 27 98 25148 698 0914 9816 8489 5493 15715 796 5133 5762 50665 8693 129175
2 2 4 3 7923 73 98 4 5 99 3 2 6 1 69 9 2 9 5 5 6 836 62 08 9 6 95 12 28 899222 123 7123 475
148 129 0 9 82 8 7 12 89 0 1 82 161 1277 77 8216 82 2 312 14 5515 15 3 5 8289 12 610 22 6195 8730 7949
15458 1441 18298 4512 7061 4 5 12 47 92762 609 8952 7922 3715 9418 52010 874 7134 5452 53213 8867 175090
1 4 3 6 3523 35 02 5 5 12 9 2 3 9 59 7 2 4 4 5 7 902 92 47 9 8 29 14 80 991793 754 7141 506
59 125 0 6 82 8 8 92 75 8 1 82 937 1714 15 6824 02 4 919 19 1915 12 9 9 1222 77 418 15 0646 8817 8266
12313 4085 83225 7714 5121 9 9 32 58 72112 877 8912 5812 1215 5410 62573 663 5934 5312 53265 9103 165998
4 2 6 9 9143 98 12 6 5 12 9 9 7 1 28 9 2 6 4 5 1 712 89 44 7 8 04 19 53 340287 787 2163 557
123 328 0 3 92 5 2 80 90 8 7 92 587 8217 65 2494 96 4 056 04 5605 12 3 5 5269 12 419 12 3705 8997 9962
77710 1902 13214 7562 5159 8 5 32 98 42162 615 7902 9416 8294 2497 99918 194 5109 6912 98713 3159 320137
1 2 3 5 9428 40 05 7 5 12 6 2 9 1 24 9 5 1 7 8 1 072 19 45 1 7 24 67 26 997886 129 8133 526
081 823 5 9 15 8 5 62 06 2 1 80 987 4734 07 7794 12 4 918 66 1715 53 1 5 6139 10 934 90 2188 1112 8912
87343 1065 65510 8517 8120 8 5 20 85 72366 015 8919 9882 7214 5683 85873 159 7140 5312 97223 0193 165190
7 2 3 5 6920 42 72 9 5 12 9 2 6 6 27 9 7 7 4 5 8 964 12 68 2 7 44 20 23 891280 624 7183 586
523 925 0 9 12 8 4 12 88 1 1 32 789 9754 30 7377 92 4 062 17 1216 58 0 9 8249 12 415 12 5455 8771 8818
14515 0795 63214 0375 5188 7 5 82 59 10740 815 3922 9813 6798 5413 46295 172 5534 5302 13713 4373 929698
5 2 3 5 5123 45 12 5 4 12 0 2 9 1 28 5 2 6 5 0 1 905 96 45 7 6 24 12 43 851259 927 6306 458
503 125 4 8 17 0 8 82 85 1 2 82 907 1084 79 2318 17 4 910 15 8415 12 4 2 2099 92 439 72 2847 8712 8642
16700 1135 18772 8702 5191 3 7 02 92 12165 895 1912 9568 1695 0698 14215 960 5444 8317 59783 6555 177885
7 7 2 4 6163 45 12 5 4 40 0 2 5 5 98 9 7 1 4 2 1 912 10 45 9 5 14 16 93 898996 104 8793 257
323 123 7 9 12 8 0 72 84 5 5 89 947 7774 19 4616 00 8 910 24 1115 32 9 0 7959 14 417 62 7043 8812 8972
49019 1935 95215 8993 4121 3 3 10 90 22962 816 8902 2419 1625 5477 02011 125 9584 7376 55293 1308 031125
1 2 3 9 5123 65 92 9 5 10 4 4 6 1 46 4 5 1 7 5 1 912 02 97 9 4 09 16 23 556186 124 3123 558
933 969 6 2 09 7 5 13 89 9 4 12 387 1914 15 7363 12 4 918 89 1215 83 7 1 5039 92 915 17 3549 8712 9863
12813 1595 90711 8712 4186 3 7 98 68 12168 846 8917 9849 1751 9413 02383 874 7175 9313 60281 1158 165708
5 4 7 6 5125 46 95 5 2 82 1 2 5 9 26 0 7 1 4 7 3 952 52 44 9 4 24 18 63 491320 124 8429 556
195 473 5 9 02 5 2 12 89 0 1 83 880 0984 80 8364 82 4 849 16 7519 92 6 5 2287 78 647 88 6845 8786 8918
18116 1138 89415 8792 5121 9 3 87 38 82106 807 8962 0692 1712 5443 99255 184 5344 3384 53313 6198 405198
1 3 5 4 6186 45 15 5 9 19 9 2 0 1 98 9 0 6 4 5 1 919 12 07 6 8 04 02 57 881229 128 8223 555
159 563 7 7 12 7 5 82 09 9 1 50 956 1294 82 7164 67 4 972 64 1295 12 1 5 3050 72 415 12 5049 8786 6918
82633 5145 83245 9715 9165 3 5 52 93 15852 015 8612 8872 1915 5573 19205 807 7136 7023 56057 1853 125685
1 9 3 9 8603 40 87 5 5 44 9 7 3 9 19 9 9 6 4 8 1 910 02 47 6 8 28 72 23 836029 129 8882 556
720 149 5 9 09 8 3 15 99 3 1 86 984 1914 10 4385 17 0 812 14 1005 12 5 6 6219 12 415 12 5185 9714 6767
12323 7137 28215 8312 4128 7 5 02 98 12192 995 8819 4812 7265 5457 98375 124 9787 0312 07014 2199 029878
1 6 3 1 5420 05 14 5 7 92 8 8 3 1 26 9 2 1 8 5 1 610 70 45 5 8 84 43 94 451753 474 8123 547
223 123 9 9 17 8 2 94 88 9 1 48 987 4280 57 3616 19 4 992 14 1714 17 0 9 1257 69 415 12 2645 8690 2662
13313 7835 13910 4712 7764 0 8 12 58 22667 816 8918 4618 4735 6313 39219 182 9325 5392 87998 9603 625168
7 2 3 4 8183 85 92 5 0 72 7 2 7 1 21 9 0 1 4 9 1 912 12 45 2 8 04 12 83 890263 553 9829 750
47 143 0 9 03 7 0 88 87 7 4 03 931 1214 89 9394 82 3 817 58 7255 69 8 3 7217 67 415 12 2085 8898 8992
12327 4185 13719 8962 0841 7 3 12 94 88032 665 8992 9812 1215 5483 92515 974 6076 5352 15522 5116 126996
9 9 4 4 6163 45 59 5 7 14 6 5 6 8 27 9 2 1 7 5 0 912 92 08 5 8 94 12 23 871228 724 4429 552
823 978 2 9 19 4 5 19 99 7 8 72 987 8209 62 2318 14 6 758 84 1565 12 7 5 0269 26 445 12 9765 5714 8842
82013 5835 18715 9785 3131 9 7 18 70 10777 315 8924 3802 1499 8413 62215 394 5124 7692 53212 9779 165150
1 9 7 0 6723 94 76 6 5 02 0 2 9 1 27 9 6 7 7 7 1 789 92 47 7 9 24 12 25 899585 894 8169 546
223 700 5 7 13 8 2 14 89 9 1 45 989 9913 55 5314 12 6 969 14 1282 12 4 5 1689 72 485 12 6735 8815 1912
97313 1985 33235 8514 7129 3 5 92 90 16872 897 2972 9812 6240 5913 10955 124 0034 2912 53210 1853 715998
1 3 8 4 8124 45 46 7 9 15 7 2 7 9 28 9 8 6 9 5 1 342 12 79 9 7 70 19 23 931973 524 7153 876
123 222 5 8 82 8 2 27 29 1 6 82 986 1216 25 5314 12 4 992 94 1215 12 8 5 1289 67 715 79 0156 8769 8917
14733 1104 93115 9617 5108 2 2 02 98 82049 885 8998 1902 1215 4475 12265 729 5134 5982 09217 9133 175198
1 2 3 4 4423 60 10 5 5 12 9 5 4 1 28 5 5 9 9 8 8 399 72 45 9 4 22 14 29 149559 721 5176 548
523 623 5 9 10 6 7 17 59 8 2 87 941 1218 65 2964 12 9 912 81 6119 12 2 5 1289 12 415 02 9127 8912 5312
36017 1169 16219 6462 7621 3 9 85 98 62175 225 8990 0618 8265 5913 02619 124 5174 6399 95219 1106 096198
9 2 7 8 3396 85 92 6 5 14 9 2 3 1 27 9 9 0 4 5 1 916 12 45 8 5 24 16 37 896229 524 8113 656
023 187 4 3 70 8 8 82 37 6 0 62 987 5964 06 2368 16 8 812 00 1815 92 8 5 8279 12 498 57 2990 8782 8319
89319 9015 73215 7776 3125 6 5 52 88 14154 815 8792 9887 1635 9659 87665 428 5184 5752 51213 1186 925196
6 2 8 4 7127 48 12 6 5 32 7 5 5 1 29 6 5 1 2 3 4 903 96 45 9 8 24 16 23 542925 124 8773 758
923 723 5 7 82 0 2 12 89 7 1 58 967 8260 07 2885 15 9 792 54 4253 78 3 0 4785 82 919 12 8845 7412 5974
92313 4435 16815 4762 9820 3 5 16 56 15114 835 0982 9912 1597 5483 90915 184 8884 5396 55953 1913 126498
6 2 3 3 8163 55 12 5 5 12 8 6 0 4 22 9 2 1 4 5 1 902 12 49 9 9 44 14 25 990528 128 5156 878
726 123 1 9 62 8 5 12 89 7 1 92 987 1714 39 6354 10 9 016 78 1224 44 0 5 1579 14 805 57 8185 9872 8913
16386 1145 95255 9710 5727 3 8 92 98 99506 479 5012 9912 1215 5417 15297 194 5138 6308 68613 1107 125748
1 2 7 1 5124 45 72 7 5 12 9 2 9 9 23 9 2 4 9 5 6 972 12 85 8 8 24 12 23 781555 726 9298 696
048 040 6 9 69 9 3 12 89 9 8 12 472 1216 47 2584 05 4 862 17 1415 15 3 9 9252 12 494 12 2045 0686 8935
12863 1734 83017 8350 3141 3 4 62 74 12494 856 8786 9809 1689 3469 12895 624 1135 5042 53944 7998 125697
0 2 9 4 6173 54 48 5 5 12 9 4 9 1 98 8 2 5 9 5 1 912 13 98 6 8 24 75 20 597787 724 8129 964
069 182 5 9 27 7 6 12 89 2 7 64 789 1092 95 0996 86 1 092 14 1217 18 8 5 1295 12 495 02 9685 8717 8912
06613 7034 08095 8562 5125 3 5 12 94 04602 837 8952 9662 4269 0420 12205 156 5124 5462 13963 4108 725177
1 2 3 6 8128 44 57 8 5 17 4 2 6 8 27 9 6 8 9 5 1 922 32 75 8 9 57 15 53 881993 944 8125 938
413 023 9 7 72 5 8 12 89 0 5 72 987 1444 85 4704 11 8 012 17 0865 62 7 5 8286 15 275 12 2949 8719 8912
12013 1155 89810 8584 5821 6 7 15 98 16190 805 5912 8242 1275 7415 08225 824 5138 5352 54217 1843 117968
1 9 3 4 6123 46 19 5 0 12 9 2 1 8 25 9 6 1 9 8 6 718 84 89 8 0 27 12 29 095626 147 8128 656
26 120 3 0 32 9 7 12 99 6 7 92 787 8310 13 9314 12 9 910 14 4915 57 3 9 8107 02 417 62 3105 4972 4232
82306 2195 93216 8792 4141 9 5 58 68 35895 705 8617 9895 1804 5877 12215 106 5582 5257 53223 0113 191148
9 2 6 8 8427 48 12 5 6 11 9 2 5 0 22 9 2 1 8 8 1 842 45 45 9 7 20 62 23 891823 120 8723 704
924 373 3 4 16 4 2 04 89 3 1 92 985 6773 75 8314 89 4 919 79 6365 08 1 5 6289 18 415 46 3798 8712 8013
12915 1138 59255 8052 4320 9 5 06 98 10154 419 8012 9902 8615 5419 17275 125 3534 0712 03013 7683 885674
1 2 0 4 8723 48 72 5 5 32 4 7 0 0 28 9 2 1 4 6 5 926 41 46 0 8 20 68 41 973223 169 8227 976
680 142 9 7 12 8 2 12 89 2 2 99 988 5254 18 8950 32 4 012 16 9595 90 3 5 1539 17 415 92 7246 9816 8978
72073 0544 83448 9752 6179 9 0 82 79 63078 868 8992 9132 1299 5619 15414 127 5184 7598 23219 5162 596493
1 2 9 4 5913 45 92 6 5 19 9 2 6 1 28 9 2 1 4 9 7 922 72 45 5 6 27 32 27 879227 794 8125 597
103 123 2 5 12 8 2 39 89 9 1 86 784 3277 15 2454 12 4 972 14 1274 45 2 5 1759 12 474 62 2945 8719 0910
12825 1137 63215 8712 5121 5 5 13 48 14152 805 8912 9410 7279 9016 18249 194 7134 7372 53785 8558 225998
8 6 3 6 9627 75 17 5 5 17 5 2 5 1 26 7 2 7 5 8 1 997 17 40 9 8 23 02 88 695429 326 0127 556
181 583 5 2 12 8 2 16 78 8 4 82 967 1274 76 6084 88 0 712 06 7275 18 8 5 1681 57 587 02 2145 4591 9615
12367 1535 91015 9712 5591 3 4 12 98 46242 795 9629 8578 1216 5413 12255 623 3133 6982 98716 1983 160194
8 8 5 2 5173 29 77 5 4 12 9 2 7 9 68 9 4 1 8 9 1 542 16 75 8 8 78 18 25 091223 174 3137 586
047 923 5 9 02 4 2 53 89 4 5 92 737 3977 94 2843 19 4 914 04 5888 12 7 5 8788 97 785 89 2198 2902 9915
58333 1935 82775 8259 5695 9 3 62 68 05187 817 8974 9812 2245 5842 18215 128 5134 4362 53419 6052 095199
6 6 8 8 6395 40 17 5 5 62 9 9 9 8 87 6 2 1 4 5 1 982 16 44 9 8 27 18 23 891289 906 8525 559
973 123 4 9 15 8 4 92 60 5 1 62 887 0298 39 2314 14 8 713 74 1915 43 3 5 4574 52 969 10 0145 8776 8924
12816 1169 16515 0956 8181 6 6 26 68 16105 845 8056 9465 4215 5510 14285 129 1764 0747 84213 1293 384788
9 2 3 8 4123 42 12 8 5 17 4 2 4 1 29 7 2 1 4 8 9 912 54 48 9 9 26 86 27 875280 164 8392 557
123 373 6 8 12 8 5 12 87 5 9 72 977 7739 13 2869 38 7 035 12 1299 65 3 0 1185 13 347 18 2245 9688 8012
02873 9939 23791 8707 5949 6 5 18 68 02105 796 8717 9872 1215 9013 48882 198 7134 5342 46013 9133 425158
4 2 3 5 8623 99 86 3 9 07 8 2 4 6 88 9 2 1 4 5 1 933 12 48 9 8 54 82 46 491253 124 8147 555
703 326 5 9 17 8 9 12 88 0 9 82 997 9914 15 2010 14 8 994 16 1439 12 3 3 1280 12 818 92 0196 0332 8784
62303 8033 93288 6712 5723 3 0 02 88 92172 813 8902 9712 6235 5410 75518 624 5814 6732 53475 1258 197168
1 2 5 8 5123 92 82 7 5 15 2 2 7 1 21 0 2 1 6 7 8 985 18 99 6 8 59 12 27 890123 424 9083 533
993 851 7 6 18 5 2 07 87 5 1 62 984 9914 19 9514 12 9 132 19 1615 57 7 5 7739 10 472 16 4140 8711 8917
13013 0335 13239 8052 5048 3 5 62 98 60196 818 0589 9818 9207 6413 91964 120 5657 3392 09218 4363 823898
9 2 9 4 2130 45 32 7 5 17 5 3 8 1 44 7 2 1 4 6 6 219 92 49 9 8 30 18 77 891273 104 6163 956
196 123 6 9 79 4 2 95 99 9 1 82 947 1294 40 0797 02 0 912 29 6979 72 3 9 1081 72 675 82 1245 8412 2418
19308 1187 13220 8500 5144 9 5 18 98 15109 889 8957 9072 1518 5418 12654 929 5744 5315 93557 5192 165790
1 2 3 4 8983 95 82 5 7 62 8 2 9 1 37 9 3 1 6 7 1 709 12 83 9 2 40 12 73 461923 124 8323 057
98 123 5 9 11 3 6 52 99 8 1 83 780 1774 15 7674 67 0 919 19 9565 17 3 3 1799 12 413 13 7145 8772 9676
19314 8735 12800 8700 8178 6 8 89 90 75882 895 5916 9799 6219 9473 62015 184 5687 8392 99213 1753 829808
1 4 3 9 4428 86 10 2 8 22 9 6 0 1 28 2 2 0 7 5 1 983 17 55 9 3 64 75 84 591523 766 8129 456
127 846 5 9 95 0 5 15 77 9 8 02 977 1155 15 0374 52 4 992 19 1817 19 3 5 1845 15 415 12 2796 8498 8929
32953 1939 18715 8782 7599 0 5 19 99 02116 815 6982 2437 8215 5803 70214 154 5694 5310 38519 3154 275998
9 2 3 8 9123 45 10 0 2 82 9 2 5 9 48 7 7 3 4 5 8 916 92 58 6 8 26 22 63 894923 964 5103 701
173 729 5 5 58 8 2 60 11 4 3 12 777 0714 76 2362 82 4 862 84 1245 78 4 0 1380 24 415 94 2445 9792 8622
14093 7436 78726 9949 5921 8 5 12 96 19992 975 9982 9476 1115 5412 07083 894 5234 5562 53281 5158 430560
1 3 3 4 5683 00 18 9 5 16 9 1 9 3 28 9 2 9 7 0 9 740 82 45 4 8 34 12 28 290223 189 8121 058
827 528 3 6 10 8 2 18 52 1 1 87 687 1264 57 7314 97 6 892 79 8235 02 0 5 9204 77 265 05 2495 0712 5842
12386 3435 13915 8142 9321 7 5 19 12 12598 840 4719 9542 1415 7483 82685 724 9137 5355 59403 1183 323198
1 2 3 4 5643 49 58 8 8 42 7 5 2 1 21 7 2 5 7 5 1 092 12 48 7 6 23 42 24 269723 721 8023 573
186 229 5 4 92 8 2 17 79 9 1 12 987 6045 15 9364 24 7 912 14 1000 92 2 6 8289 12 575 82 5545 8783 8015
16313 8199 13278 8097 5121 7 5 82 98 92172 814 0992 9872 1015 5412 37266 126 9134 7314 88413 1753 178119
7 0 9 5 9128 42 12 5 8 89 9 5 5 8 07 9 2 3 5 8 7 917 12 51 1 8 24 17 28 890723 764 8329 556
320 153 8 7 12 0 7 15 39 8 3 88 992 0274 19 2650 02 4 912 64 1016 19 3 0 6289 92 908 52 2685 8712 4312
19283 5135 17217 8716 5178 8 5 09 98 12354 465 9689 9962 1552 5473 81295 148 7130 7312 85813 1193 625195
7 2 9 4 5173 45 42 5 5 55 5 2 0 8 79 9 4 1 3 5 6 415 82 49 5 8 97 13 83 811286 964 8197 536
443 137 9 6 92 9 2 14 83 6 8 84 584 3747 15 2392 10 4 996 94 1016 12 4 8 6461 52 980 12 9145 8712 4913
12258 1135 03995 2802 5431 3 8 12 98 22489 899 8912 0850 2215 5986 07614 924 5814 9590 58723 4953 735199
6 5 3 3 5903 97 92 5 0 98 9 2 9 1 43 9 7 1 4 6 0 912 62 05 3 4 84 17 23 842263 927 9729 556
175 803 5 9 97 8 2 92 85 4 1 36 399 4054 93 7349 98 1 992 65 9942 82 3 5 1589 17 415 82 2175 8600 8959
06318 3689 13559 8752 5128 0 0 12 98 12161 819 0985 9382 1219 0973 82215 224 5034 0317 97713 9161 724191
1 6 0 4 5867 05 16 0 5 62 4 2 8 2 28 9 2 1 9 5 1 462 52 75 9 8 27 15 56 831273 124 5059 303
923 161 8 9 90 5 5 12 19 8 6 67 978 1214 19 2310 19 4 206 37 0255 42 8 5 5959 89 714 92 7747 5707 8817
92693 0136 83815 5713 8626 6 7 10 68 69442 117 8916 9810 0495 5717 11510 618 5026 5812 68813 1653 147879
1 3 3 4 5135 45 19 5 5 82 9 2 9 1 74 8 9 1 4 5 8 838 12 45 6 1 57 14 34 830222 824 8363 088
116 128 5 9 12 8 3 18 85 7 1 61 983 5462 15 6366 52 4 942 71 1245 70 3 5 1293 15 415 12 5345 8763 7792
12283 2138 13215 8710 5128 3 0 20 90 18163 315 3542 6292 8215 5019 12255 986 5574 7312 59818 7762 062868
12713 8535 98268 4777 5228 3 9 15 96 50129 855 8902 9848 1892 7943 17217 121 6179 8312 86213 8853 121797
