8 2 3 4 5359 45 62 0 5 96 9 9 1 9 23 9 7 1 4 8 1 586 16 06 0 9 29 72 23 921927 129 8803 856 
123 228 5 9 12 8 2 19 36 9 1 82 987 7219 35 7025 82 5 914 55 0215 12 9 5 1899 41 705 42 2195 8848 8506
70313 9236 63215 8742 9438 3 9 99 98 58139 314 8905 7819 7745 9013 00055 174 0104 5358 73213 1567 120175
7 4 0 4 5123 95 12 8 5 92 9 2 7 5 28 9 2 8 8 5 0 512 12 95 9 1 45 42 28 091224 128 8988 556
57 985 5 5 55 2 2 15 89 9 7 72 198 8249 15 4392 15 2 992 19 3939 92 3 5 4988 87 461 18 5145 8562 8912
86393 3138 85215 8717 5751 3 5 16 48 10142 845 8913 8008 1218 2433 96248 124 9177 6312 53211 5953 765945
1 2 6 9 9700 45 19 5 8 12 3 7 7 1 83 9 7 7 9 5 6 417 86 85 9 8 74 12 23 895523 737 8120 578
893 853 5 9 16 7 7 12 09 0 7 02 980 1206 15 2323 17 4 972 59 1715 16 5 5 1648 13 415 67 2145 8412 0210
68219 9965 19715 6700 8149 3 2 49 13 58982 615 1914 8716 8216 5713 62795 193 8254 8980 23220 1056 199196
1 2 7 4 5123 19 18 8 5 91 9 6 7 7 78 9 2 3 4 5 4 922 09 45 0 0 34 78 93 891295 192 8177 586
554 833 6 7 72 8 5 12 88 4 4 59 987 9777 15 8730 82 8 912 69 1285 62 9 8 1989 19 436 32 0170 9722 8962
02610 2591 43518 7712 5151 3 5 17 76 15109 892 8915 9987 1813 6917 02259 763 6704 9911 45703 1623 157096
9 3 3 4 5126 46 52 5 6 17 9 2 6 1 98 7 2 1 0 5 7 942 12 45 9 8 24 12 20 826728 124 8127 558
803 430 2 6 78 8 2 10 26 8 1 65 895 1210 15 5349 92 6 767 84 9635 04 3 5 8587 15 415 15 7387 0252 8213
62384 1155 13555 8777 6147 7 9 72 98 12172 890 9939 5412 1515 9213 38815 164 8192 8914 33203 1153 595190
8 2 0 6 5699 75 12 5 5 99 9 0 7 1 23 4 2 5 6 5 1 412 79 45 9 8 25 44 58 791523 524 9193 066
899 663 5 9 19 3 2 12 66 9 7 72 987 1469 85 4714 65 4 972 28 0415 88 2 2 2383 12 495 65 2105 5686 4712
12763 1930 68295 5519 5821 4 5 13 39 12136 919 3652 8812 1262 5438 42818 324 7984 0112 03247 1150 535193
1 7 2 7 6070 11 12 8 9 62 7 5 5 1 34 4 6 9 4 5 2 917 89 46 9 8 64 18 09 801274 270 8163 536
135 197 6 1 73 8 2 53 89 7 0 56 310 7229 35 9014 12 4 912 94 7815 52 3 6 5489 39 415 92 4195 4352 5915
92869 5905 68146 3710 5961 3 5 32 94 56970 887 8947 9818 9245 5573 19466 128 4774 5217 58910 1043 125698
1 4 8 4 5528 95 22 5 7 82 8 2 7 3 29 9 2 1 8 5 8 939 89 75 9 8 24 99 23 891223 020 7137 356
123 468 5 0 72 5 9 41 99 3 9 68 974 1295 15 2017 67 8 992 16 8555 37 9 5 1928 82 495 10 6169 3762 8912
12717 1185 13295 8392 5351 7 5 18 08 17172 886 8586 9812 1235 8443 98212 634 5730 0173 73260 3152 175098
1 6 3 6 0523 45 89 5 7 84 9 8 8 9 28 9 2 1 8 5 5 919 12 75 6 6 24 56 25 854228 523 7928 509
125 798 6 5 12 8 2 22 98 0 0 82 259 1728 05 2814 52 5 678 14 1215 70 2 0 7079 94 418 92 9195 5716 6966
12713 4769 14818 8712 5185 9 8 75 78 19102 824 7919 9892 9299 5413 98207 127 5665 5308 50414 9993 048398
8 3 3 4 9183 45 46 9 8 92 4 9 3 5 99 7 9 1 4 8 8 816 12 65 0 8 24 16 97 899943 922 6922 559
183 423 3 9 32 8 6 96 89 8 0 72 588 1519 96 4315 66 7 622 69 9255 92 3 8 1279 14 495 52 2735 8922 6472
15679 5132 53395 6715 5122 9 5 62 96 15438 259 8912 9372 1267 6410 12215 823 3137 9316 31206 3276 128199
4 2 6 5 5708 49 12 5 5 82 9 2 3 3 20 9 9 1 4 5 6 912 04 49 9 6 74 92 79 991233 834 8826 596
123 654 8 8 22 8 2 12 72 8 1 88 916 1219 19 2320 12 4 892 18 1710 44 5 5 1289 32 445 11 2140 9748 2392
6 0 8 4 5652 55 86 5 7 88 1 2 0 1 23 9 6 3 4 5 5 012 18 44 9 8 47 97 27 891223 170 8129 576
193 123 7 3 57 8 7 30 91 0 7 51 997 1667 05 6374 15 9 816 94 1245 03 6 5 1989 46 411 05 8145 8418 8942
18998 1635 13815 8713 5131 3 6 52 56 52369 015 5817 9410 7215 5413 05215 159 5824 5319 59753 9256 126158
9 2 3 0 0173 30 09 1 5 50 2 2 9 8 89 9 9 9 4 5 4 317 94 46 9 3 24 92 03 891250 154 1123 556
55 583 1 8 17 8 6 10 84 8 3 85 986 8214 10 3318 92 4 447 14 9205 16 3 5 3289 19 077 02 2147 8864 6718
17528 7652 13228 8713 7129 4 5 60 94 18992 405 8970 5813 1415 0010 52015 724 8954 5782 09284 1157 125185
1 5 3 4 8193 90 36 0 5 92 9 7 9 1 68 9 2 1 9 5 3 612 12 05 2 7 26 68 09 695224 174 9502 557
805 625 5 9 82 8 7 12 38 2 1 82 991 8294 05 2367 14 4 912 14 1248 15 3 9 7959 10 791 65 9947 9710 8618
12353 0334 93515 9712 5120 3 9 10 58 19190 918 4912 5815 8218 5565 52615 354 5162 5332 52411 6163 825509
1 2 3 4 4325 45 82 5 5 12 9 5 7 9 22 9 0 9 4 6 1 520 55 65 8 8 44 12 23 890225 164 6183 851
149 036 5 3 12 8 8 18 89 7 1 81 867 6618 86 3017 10 9 412 94 1076 62 3 6 1287 15 494 69 9171 9999 8959
90314 9487 10415 8716 5127 3 8 18 94 96881 875 9907 7719 2738 9413 84019 174 5134 5338 03272 8456 158399
6 2 3 4 9153 49 72 4 5 12 4 2 6 9 70 7 2 8 4 5 1 216 16 45 0 8 64 12 28 564803 924 8504 555
130 150 8 9 82 9 0 72 96 8 1 85 982 7584 15 2319 12 4 892 15 7485 19 3 5 6399 35 418 12 2148 8716 7987
12813 7539 19919 9716 5497 3 4 15 98 97238 783 8549 9849 1282 5114 16315 129 5134 6389 43213 4153 125198
1 7 3 4 4198 45 54 0 6 12 9 7 7 1 23 9 2 9 7 4 1 246 72 86 6 8 58 28 03 861223 926 8753 559
159 125 5 6 12 5 2 12 63 9 1 99 985 4236 88 2314 92 4 538 84 1815 92 3 5 8289 87 405 62 2297 0251 8913
02319 7979 17279 8739 5820 6 5 72 93 58926 015 8910 9898 1475 5895 12215 124 5784 5534 35203 1153 927098
6 2 8 8 8183 09 77 5 5 12 5 9 2 9 68 8 3 8 4 6 9 099 82 75 9 9 05 12 24 890733 194 8123 556
663 324 5 3 45 8 2 12 89 5 1 38 977 1531 18 2314 92 9 782 80 1245 74 3 9 1252 80 719 17 2146 0712 4992
03971 1635 15210 9318 5827 2 4 12 98 42187 217 0809 9818 7615 5413 78675 144 5178 5571 53213 8154 455198
7 2 4 4 9695 49 15 3 5 05 9 2 7 6 58 7 8 0 9 7 1 012 50 45 4 8 24 18 23 828223 323 8978 596
566 926 6 9 52 8 4 52 64 0 8 89 838 6298 85 0379 11 7 279 84 5389 12 0 5 0479 95 180 12 2144 4789 9951
47794 1835 15216 8815 9918 1 5 04 98 62565 985 8976 8212 1115 4519 89215 125 7138 5312 45616 5233 524198
3 4 3 4 4928 46 12 9 3 87 9 2 7 1 27 9 4 1 4 5 1 992 84 45 9 0 54 52 23 397823 824 8525 976
123 154 7 9 12 9 4 92 89 5 1 92 989 7801 46 9384 27 3 614 14 1295 12 3 5 1047 17 019 32 4199 4812 8095
75113 2138 83225 6912 5169 3 6 39 88 83366 785 9916 9860 5215 9718 46295 127 5134 8308 55017 1796 965648
1 7 3 4 0523 95 52 5 8 12 9 2 7 1 28 9 8 1 4 9 7 962 12 90 9 6 24 12 65 895986 824 8723 737
725 424 0 1 16 8 0 92 29 5 5 82 987 8214 15 9499 14 6 998 14 6977 19 5 8 1549 52 744 12 3958 8716 2912
97916 1625 74277 9852 5026 4 4 87 98 22117 479 9962 7802 1858 5013 02375 784 5830 6388 52213 5755 548064
1 2 9 4 6317 99 16 8 5 92 9 4 6 2 25 9 2 1 6 5 1 916 19 45 9 8 27 17 99 441293 993 8129 568
169 322 6 8 02 8 2 19 67 8 1 77 630 1214 10 5744 60 4 015 64 6014 76 7 2 6259 89 572 07 3165 8782 8739
15313 1179 99215 8712 9829 8 7 47 62 67662 358 8942 0888 1993 5884 16277 524 9574 5093 85998 7653 125198
9 8 6 7 8123 47 66 7 5 12 9 6 9 4 08 9 2 1 4 9 0 912 12 75 6 3 24 12 25 993623 484 4133 957
157 163 8 1 14 7 6 15 88 5 1 81 776 4734 88 2898 15 6 892 49 1057 19 3 9 0683 14 008 28 2447 8749 8465
30313 1845 65218 6612 9121 3 5 25 32 04447 815 8830 9967 1299 5413 19915 686 5151 5672 83295 6153 328198
1 2 5 4 5769 56 12 1 6 16 7 5 4 4 28 9 2 1 3 5 3 770 92 45 0 8 44 11 95 894623 890 8123 856
50 725 9 9 19 8 9 12 67 2 8 02 950 1284 34 2864 12 8 942 08 4595 19 3 5 1979 69 495 18 1947 8718 0961
39113 1137 18015 8714 8303 3 5 50 98 12492 485 8170 9002 5215 5713 22295 784 4939 4312 59575 2083 195193
1 2 3 4 5222 04 12 8 5 19 9 7 7 1 28 9 2 2 8 5 1 912 16 95 9 8 83 93 93 785820 574 8183 553
147 213 4 9 82 8 2 52 89 9 0 87 944 5214 15 2394 19 4 811 14 1289 40 3 8 1285 74 865 38 0648 2769 8788
07313 0275 87278 9112 5528 3 5 12 44 17096 815 8917 5892 3918 7413 06956 009 6134 4522 58203 3653 725996
1 2 7 5 4413 91 62 3 5 99 9 2 8 1 28 7 0 8 4 5 9 306 92 45 2 8 77 64 67 871597 694 9123 556
124 124 5 9 12 3 2 45 81 9 6 92 987 6214 65 2374 13 2 562 64 8955 10 3 5 4539 65 615 72 9195 8015 4712
52319 1130 00869 8752 5761 6 8 18 98 60776 504 8910 9886 1215 4919 10309 569 5198 5802 80293 5153 225560
1 7 3 4 7123 95 14 5 5 42 0 7 6 8 23 9 5 1 7 5 8 582 18 98 2 8 54 52 24 891408 924 0923 059
523 123 5 8 02 4 6 13 79 9 3 82 887 5814 19 2315 84 9 978 19 0014 15 8 8 1289 12 405 15 0132 6517 8912
22343 0768 17605 6716 8681 6 5 12 98 19062 955 8912 7530 1315 6413 06225 128 6630 5952 84853 0153 925647
9 2 3 3 7128 45 07 0 5 98 9 2 9 9 19 9 6 0 4 5 9 912 12 48 7 8 74 68 54 446223 126 8920 657
123 173 5 9 12 6 5 52 89 4 8 82 988 1219 85 2895 07 3 992 64 8498 76 5 6 0555 12 808 10 8009 6772 6812
88743 4735 14215 3312 9971 8 8 12 94 46187 915 7912 9754 9294 6473 12265 724 5634 5317 63113 1923 125106
0 7 1 2 9793 40 79 9 9 18 0 2 4 8 28 9 6 1 5 5 9 929 12 47 9 9 84 89 23 897689 054 6847 598
323 193 5 9 19 6 2 75 66 3 1 82 187 8214 96 8714 62 9 903 10 9315 12 3 8 3464 28 444 19 2133 6999 8882
82318 1798 03295 8819 5880 6 5 12 98 76132 911 4619 4875 5299 5493 12193 124 7135 8802 53213 1153 005428
9 8 6 4 5123 48 58 8 5 22 9 2 5 3 70 9 5 1 6 6 1 992 12 45 3 8 57 16 20 867227 484 7096 536
120 159 5 7 40 8 2 52 85 4 9 12 885 4215 45 2909 13 9 919 94 1291 15 3 5 9885 18 813 42 4946 9610 0612
89126 8185 13705 8715 6121 3 5 88 88 12442 588 8612 7818 9241 4973 12225 027 5134 9317 30286 1163 175998
3 3 5 9 2123 45 22 8 5 12 7 2 9 8 56 9 2 2 8 6 1 572 68 46 5 0 22 16 23 899228 328 6423 557
783 153 5 8 27 9 5 82 89 9 5 36 578 1714 15 5909 72 9 922 14 9269 62 4 5 1989 17 516 12 7549 8797 7252
10357 1904 28935 6712 5150 3 5 12 98 85194 815 8812 9332 1515 5444 19282 829 7690 5018 55275 1850 105154
1 8 9 6 5173 47 12 9 5 18 9 2 8 1 28 6 2 4 4 6 3 217 99 95 5 5 24 88 23 946324 138 6125 056
527 122 8 9 98 8 2 59 87 7 9 92 982 1219 15 8814 69 4 993 94 6295 12 9 5 9289 89 715 52 3942 8103 7312
17986 1138 13615 6712 5129 7 8 70 99 92582 819 6912 6852 1317 6363 92068 324 6131 3312 53273 1183 651827
1 7 8 7 5193 75 92 4 0 12 9 8 7 1 24 9 4 1 8 5 1 113 71 75 9 8 25 58 60 881227 326 8523 657
126 723 8 9 12 2 0 22 06 8 9 99 685 1269 16 9974 12 4 916 14 5215 12 3 0 5689 86 715 12 9963 7812 6012
29833 9186 13789 8742 4126 3 5 12 98 12799 434 8078 8172 1285 9413 82212 726 9196 6314 53318 1164 965188
9 2 3 5 6193 95 92 9 5 13 9 2 8 1 46 7 7 3 6 5 6 312 28 15 9 8 14 83 93 896629 114 8123 559
023 563 5 9 12 8 9 92 79 9 1 42 985 6294 15 2314 14 4 012 13 6215 18 3 9 7899 72 465 96 0135 8788 8728
12394 8935 16229 8565 9921 5 5 16 99 60588 805 1778 8817 1115 5615 18203 124 5172 0619 58913 1688 561193
6 6 3 4 5923 47 12 5 5 88 9 0 7 8 29 9 2 9 4 5 1 992 22 49 9 7 24 82 99 891827 558 8263 606
58 123 5 4 52 8 1 12 79 8 1 80 784 1854 18 2314 72 4 997 84 4610 52 3 5 1464 52 619 90 6142 8612 8913
50413 1182 13215 7702 5428 6 9 19 55 82172 715 2915 9682 7297 0823 92215 129 8174 5378 53703 1153 125838
6 2 3 4 5123 05 66 8 1 12 3 2 8 3 48 0 2 0 4 5 7 989 42 45 4 9 74 12 27 261629 174 7720 556
109 328 5 9 12 8 2 42 85 1 6 83 987 2218 19 5018 52 9 916 34 1619 49 3 1 1288 69 958 78 6145 5619 8198
15369 2795 13214 8912 7121 0 5 52 99 12665 475 8917 6912 0995 5718 18959 188 0139 5912 55213 1629 925349
4 2 5 5 7927 81 12 7 7 17 9 6 6 1 98 9 7 6 4 5 1 994 14 45 8 8 70 16 46 731243 149 7193 756
529 323 5 4 12 8 2 19 81 7 6 82 989 1114 15 2894 12 9 967 84 1810 17 3 5 5280 16 417 59 8145 8332 8312
12943 5736 13013 8769 5576 9 5 12 93 05390 615 5978 4312 8595 9810 92234 124 5138 4362 96997 6785 939898
6 2 3 4 0193 45 17 8 5 97 5 5 8 1 90 8 2 1 4 5 1 515 78 46 9 5 24 03 29 801223 720 6188 536
723 123 5 9 91 3 8 82 87 5 1 88 608 5214 45 2380 82 4 992 71 1608 04 7 8 1269 13 435 14 2895 8912 5712
72356 1640 16805 9713 1197 3 4 11 96 52182 483 4516 6862 0418 3213 95219 123 5135 4372 53293 1753 925178
1 7 3 4 9173 45 92 8 5 10 5 1 5 7 24 7 0 8 4 5 1 069 96 55 9 8 54 17 67 899823 924 0143 597
775 161 5 9 59 8 2 16 66 6 1 85 887 1814 15 5244 60 4 913 52 7055 12 4 2 7489 82 813 16 6146 8792 9912
14318 5144 70715 8717 3921 3 6 82 94 64042 635 6652 9202 8219 5013 29215 120 5134 6308 64489 1126 115124
7 2 9 4 5128 85 10 0 8 14 9 5 7 7 03 8 5 9 6 0 1 913 46 43 9 8 94 12 83 091223 126 3923 556
123 123 5 9 18 8 2 12 89 3 1 72 189 1228 13 2514 19 5 518 54 0224 99 3 8 1759 38 415 72 2145 6648 8964
85717 1135 53015 8712 8791 7 5 17 88 70901 113 8612 9871 6298 2443 92715 120 5164 5313 93216 1159 675491
6 2 2 3 5523 45 92 9 1 18 9 2 9 6 28 9 9 9 6 8 8 882 12 49 9 3 64 18 87 691225 224 8126 066
727 723 5 9 18 9 2 47 89 8 6 57 987 1219 05 1614 12 4 912 34 1258 67 5 0 1289 44 015 52 0945 4712 2854
02313 1137 18286 8782 8864 3 5 99 98 12952 895 7592 1816 1215 5413 19915 194 9134 5362 34209 9153 129188
1 8 9 9 5761 95 72 1 5 57 9 0 0 1 76 9 2 1 8 5 1 917 36 46 9 7 78 12 64 491023 927 4863 556
698 123 5 9 72 8 3 28 70 3 4 87 686 1264 05 2322 82 3 912 18 8678 82 3 5 1299 12 405 14 2945 8732 5892
14313 9435 13219 3742 5164 3 5 18 68 76109 714 8918 7818 8215 3413 12218 187 9034 9374 63216 1174 522790
1 2 8 9 5323 49 17 3 0 12 0 2 7 1 28 7 9 1 8 5 1 612 52 58 9 8 24 47 23 891223 925 7469 254
873 622 5 9 12 8 2 12 89 0 7 39 907 1206 15 2396 87 4 912 14 7244 72 3 6 4286 12 419 13 2648 7794 6805
42313 0955 67276 6712 9458 0 5 94 58 12856 956 8912 9502 1817 5460 62219 784 5557 5312 69283 1163 128190
1 3 9 4 7085 98 92 8 5 52 9 7 0 7 28 9 8 1 4 6 1 512 17 85 9 0 54 12 23 891699 129 8723 556
320 173 2 9 89 7 0 72 89 8 8 82 387 3717 89 5314 77 5 912 13 1690 72 5 9 1285 52 416 62 2143 0882 8922
92398 8936 14215 8763 6926 5 5 16 98 77802 715 7578 3615 1666 5413 60060 124 5159 5312 53819 1398 125198
1 2 3 4 9727 48 16 4 5 17 6 4 8 1 28 9 3 1 7 5 2 872 36 05 9 8 95 14 74 897623 124 8225 356
121 195 8 9 14 0 6 12 59 9 5 82 947 1223 15 9368 74 4 912 16 8295 19 0 5 0960 14 473 10 8493 8496 2911
17517 0735 12615 8718 5181 3 5 19 98 92452 810 8902 9014 1611 5717 17844 174 7934 5614 53799 1187 109938
8 7 9 0 9120 45 02 2 4 19 6 6 9 1 25 8 2 2 8 5 1 602 12 75 9 9 54 69 23 766289 174 4203 757
56 179 5 9 82 8 9 92 99 5 1 88 989 8314 65 2614 92 6 909 05 1015 62 3 8 2284 35 419 12 6145 4797 6922
77313 8738 99285 8712 9701 7 5 71 78 95842 819 3912 9851 1290 5433 72248 178 5134 7384 53314 1993 729618
8 3 3 4 5127 75 72 5 7 99 6 2 7 9 78 2 6 1 7 2 9 612 94 99 9 5 21 62 53 856629 924 7013 576
175 143 5 9 22 8 7 96 83 0 2 12 957 1718 15 0296 12 0 289 12 3215 66 6 5 1289 52 785 13 5143 8780 5175
13110 1133 14959 7710 5779 3 5 13 70 12752 855 2932 5897 6832 0008 22295 120 5739 1018 43819 6493 725499
1 2 7 8 5028 45 14 5 5 62 9 2 0 4 22 9 3 8 4 9 1 080 79 45 9 8 24 12 46 191827 179 8103 556
023 623 6 9 18 8 2 19 89 3 1 82 989 7016 75 6569 86 6 914 14 8914 17 5 6 1289 69 410 82 9945 8792 2902
44683 1085 63895 8719 8525 3 5 73 90 10120 663 6760 7819 9995 5908 52730 624 8980 6312 95167 1995 125338
1 8 3 6 9923 45 16 4 5 18 5 0 6 2 48 5 6 7 4 9 7 812 15 85 3 5 27 18 23 897829 176 8163 056
523 125 5 9 12 8 3 15 99 5 1 91 907 7914 22 2777 86 1 794 34 1215 10 9 5 1580 12 615 07 2947 1712 8812
12961 1138 14228 8792 5886 0 5 52 98 12269 885 8512 3952 6510 4616 82464 136 5134 3313 53813 8358 656199
5 5 3 6 7123 55 12 3 9 52 5 2 0 1 57 5 5 7 5 5 1 717 22 95 7 9 35 02 89 861833 924 8723 586
183 564 6 9 62 8 2 12 83 9 1 89 987 9211 13 1504 82 4 999 14 9709 12 3 5 9787 83 450 16 2875 8615 6919
59318 5135 63215 8742 3121 3 8 28 62 53 851223 114 3123 576
164 529 4 7 19 9 8 82 87 9 6 29 976 9514 25 8394 02 4 914 18 9015 83 5 5 1089 40 415 12 9135 0012 8018
29528 4945 14817 8592 5285 4 8 18 35 12132 815 9782 9781 1235 5324 12915 179 4175 0518 57244 4179 685108
4 0 8 4 6728 99 78 5 5 12 0 2 2 5 22 9 2 9 4 9 5 912 82 85 9 9 25 82 23 741225 624 5647 616
923 189 5 9 16 9 7 16 69 5 1 82 633 9214 15 2314 12 4 910 18 8285 72 1 4 1486 92 914 79 2949 5722 5917
58346 9135 93895 2767 5141 9 2 79 68 82199 815 9919 9812 1881 5498 92216 129 4409 8869 59716 7114 175790

22863 6154 83259 8511 5152 3 6 12 79 12434 863 8968 9982 1235 9573 84037 903 5144 9382 81812 1153 125178
5 2 5 4 5923 05 82 5 6 88 6 9 1 7 98 0 0 6 7 5 1 212 19 44 9 8 89 17 88 599227 126 8923 053
719 978 9 2 36 1 2 12 89 4 0 82 967 8834 18 7354 17 3 915 14 1415 17 3 5 2979 72 414 15 1199 8715 4462
02393 5165 13425 8512 6105 8 5 63 08 94677 076 6212 9672 1795 5016 92212 124 5834 3402 93269 6196 125185
3 2 3 4 5128 42 12 5 5 82 9 1 1 1 06 9 2 1 4 9 1 382 12 21 9 8 24 08 29 595243 129 9147 506
76 189 5 8 24 8 7 60 88 0 9 82 987 9847 35 2917 12 9 796 14 1928 12 8 5 6287 92 505 12 9746 8704 8799
15003 1135 13293 7719 5281 4 6 42 98 78642 116 8919 7362 1015 4415 11888 775 0844 8385 53864 3473 136890
1 1 9 8 5923 25 82 5 5 52 7 6 6 7 28 9 6 1 1 5 6 082 12 15 9 8 20 12 03 891224 888 8124 576
123 975 9 3 68 8 2 16 85 9 2 86 787 7838 95 2374 12 4 612 24 6215 10 0 5 0225 10 412 19 3865 5719 8902
10363 1778 13680 8798 6269 9 5 72 78 15159 818 9877 9812 1418 7713 12835 424 7777 9712 53218 1909 383178
7 5 5 0 9143 45 15 6 5 11 9 2 3 9 25 9 2 1 4 5 1 682 19 64 3 8 94 98 23 093723 124 8605 557
720 523 5 9 14 3 2 18 69 8 1 62 987 1214 95 3304 18 5 019 14 1388 12 9 4 1687 86 405 92 8145 9723 0913
72380 9535 88015 8732 5151 4 5 92 98 12189 816 9917 9812 0611 5017 17297 224 5134 5592 53779 7153 125158
1 9 3 7 9372 45 10 7 5 12 9 2 7 1 28 5 8 1 9 7 1 932 82 09 5 4 58 12 93 398223 124 8123 596
159 023 0 7 15 8 6 12 07 5 9 54 987 7204 85 2944 18 4 973 65 9279 12 3 5 1289 36 411 17 2085 8717 5972
12813 1465 10245 6702 0625 3 5 12 98 12892 818 8918 9672 1714 5918 58995 915 5194 0382 23208 1373 025100
1 7 3 0 5189 65 54 5 5 02 9 5 9 3 43 5 8 1 7 5 1 992 92 75 9 8 28 32 08 091229 097 8767 949
116 173 5 6 36 8 2 06 80 9 8 82 979 1819 05 2514 14 4 918 14 1215 12 3 5 9289 92 585 16 2143 8796 6972
17033 1935 93218 7574 8887 3 0 79 98 12982 837 8993 9817 1691 5019 68815 849 5833 5000 93262 1529 990782
3 2 8 4 4796 40 08 2 5 12 9 9 7 1 26 9 2 8 4 5 9 912 12 63 6 9 24 13 95 891063 518 9123 538
553 193 2 9 79 6 3 48 80 5 9 59 587 1784 65 9954 12 7 912 18 1214 22 3 5 7989 42 419 82 2143 8714 8402
19678 0176 13919 8742 9466 3 3 82 68 18992 815 8910 6314 5295 6913 72008 404 5934 9410 03283 1853 985158
4 5 3 4 4183 35 11 5 7 42 7 9 2 1 25 9 9 3 4 0 1 962 42 47 9 5 26 76 23 392373 068 1926 977
193 993 9 9 92 8 2 65 61 3 1 07 589 4217 15 2869 72 4 972 44 9285 14 3 6 1689 07 515 10 2075 8799 0308
73387 0046 10215 7345 0321 6 5 47 95 19192 915 8202 6828 1293 5499 82095 124 5504 5392 54753 1153 125613
1 0 9 7 7193 05 92 0 5 18 9 5 3 7 28 9 9 1 9 0 1 702 02 06 9 8 24 68 03 868093 823 8023 796
123 113 6 0 13 6 9 18 87 9 1 82 087 2214 15 9324 92 7 986 64 7295 14 3 5 9265 02 416 22 6105 5788 8613
45310 1165 84568 9612 4781 3 5 12 28 32121 758 7512 0614 1066 5443 02215 624 8864 8316 97276 3653 525984
3 2 3 4 8423 45 82 5 0 62 4 8 7 6 76 9 2 6 4 5 1 912 42 28 2 8 29 12 23 898553 934 6127 546
199 629 9 9 52 8 2 31 59 4 8 82 683 9094 10 2314 18 4 942 19 1265 12 3 5 6084 17 518 79 2895 7752 8612
17813 4135 47233 6995 3984 3 5 29 96 67129 319 8919 9219 1415 4283 76648 124 5134 5872 83213 8083 425377
9 2 7 0 6152 45 89 7 5 48 9 2 4 1 58 3 2 1 4 5 1 852 18 91 9 1 94 42 23 591223 129 4264 896
123 927 5 8 12 5 9 16 39 6 6 17 987 7911 18 0816 82 4 949 15 8265 47 8 5 1356 16 015 08 2149 4818 6918
3 2 3 4 1149 39 22 4 5 12 9 9 5 7 08 9 5 1 4 5 3 013 95 77 9 8 20 12 98 897223 278 8928 553
527 163 5 9 72 7 2 12 89 9 3 58 554 1918 14 5394 12 4 018 14 8615 52 2 2 9852 96 419 38 2106 8705 8919
12213 4105 70314 5797 5020 3 3 13 92 12199 856 8212 6879 1510 9413 12293 770 5974 8662 53213 1153 520567
1 6 0 4 5523 79 02 5 4 82 9 2 7 9 48 8 6 5 4 7 1 912 12 85 9 8 77 82 23 847723 124 8609 569
56 923 5 0 79 3 2 16 49 0 1 82 987 1914 05 2306 12 1 782 74 9566 12 0 6 1274 12 495 60 2880 8718 9915
45385 1145 17295 5777 0125 8 6 12 08 03282 517 8912 9822 3975 2393 82016 780 7439 6695 53013 0853 128258
1 2 7 8 5786 65 15 9 4 12 9 5 7 1 20 6 3 5 3 5 6 313 97 82 9 8 74 19 25 899227 324 0939 996
123 827 9 7 62 8 6 16 67 9 1 44 287 1206 87 2384 82 5 992 19 5254 72 8 9 1289 49 719 64 7078 8732 5018
72389 3486 15298 8212 3851 6 8 13 90 12778 770 0827 9114 2255 5469 11219 022 6134 5472 07063 5476 157128
1 7 3 4 5124 49 77 3 1 84 9 4 5 1 28 9 2 9 8 5 1 916 92 46 6 8 89 77 84 894327 193 5123 754
616 709 5 9 12 8 4 52 59 5 1 82 967 1424 08 9357 39 4 909 88 6705 89 3 5 9288 18 885 12 6145 2219 4918
15315 1939 63523 9742 5121 8 5 76 67 82887 805 8379 9835 1465 5493 12292 469 3137 6652 29015 1153 165193
8 2 3 4 9023 67 90 5 5 12 9 6 6 1 99 9 9 8 4 5 4 919 62 25 9 6 28 12 27 991435 524 8125 854
128 183 7 9 72 8 2 12 88 8 2 86 987 0259 76 2312 78 8 917 87 1598 14 5 5 1459 82 415 16 9173 8212 1882
13313 1155 13815 4849 5871 0 5 75 94 42074 920 8982 8840 4515 5413 12218 114 4128 5392 07313 1157 125198
8 9 0 7 5113 51 11 7 0 85 4 9 2 9 68 9 2 1 4 5 4 962 42 49 9 8 24 30 29 851623 994 8148 696
195 423 4 9 12 2 2 17 47 9 1 82 889 7864 11 2439 12 3 410 33 1255 17 3 0 1589 12 375 11 2145 5702 7912
12398 7185 53915 0762 8129 3 6 92 68 22192 490 4967 2814 3666 5416 18773 104 9938 3615 53213 7976 175158
1 4 3 5 7123 82 96 5 5 16 9 4 5 9 28 0 7 4 4 8 1 819 14 60 0 6 24 97 98 890283 127 8523 556
118 185 5 9 18 8 2 12 80 5 7 89 487 3914 78 6284 62 7 907 64 8515 42 3 5 4389 16 515 10 1965 8749 8152
13341 6735 13715 8755 5161 3 9 56 92 77169 215 0886 9882 6816 5873 42257 128 6834 5612 57715 1881 125805
4 9 5 4 2573 47 82 4 7 68 9 2 8 2 29 9 7 7 4 5 1 949 76 48 7 8 94 12 43 796073 164 8320 896
123 724 5 7 19 4 8 89 87 6 5 89 988 1059 17 4818 15 4 997 12 8215 51 8 5 7989 12 466 52 2808 8772 9912
82713 4635 63819 8792 5429 9 3 12 25 92412 686 5902 9018 9299 5663 18847 153 5194 9318 53253 1106 629598
9 8 3 6 5982 85 06 5 1 12 9 5 9 0 26 9 7 1 6 6 4 079 72 16 8 8 24 12 59 991423 324 8353 750
173 063 5 4 15 8 7 18 19 0 2 82 960 2284 76 6694 12 8 262 04 6016 82 3 5 1789 11 415 10 2948 0782 9033
12513 7835 14798 6912 5991 7 5 09 38 82962 794 8912 0812 8765 5799 22305 124 5931 5710 63696 8176 186999
1 0 3 2 9193 78 18 3 5 52 9 2 7 2 66 9 2 6 4 0 1 949 76 75 9 8 64 79 23 996424 147 4979 557
933 186 5 5 16 8 9 78 89 6 1 93 886 1239 15 7078 10 4 570 04 5707 82 4 5 4219 62 467 10 4745 8812 9919
12913 1185 19219 4716 5320 3 5 10 98 19107 919 0612 9812 7717 0318 63705 197 5134 5302 53203 1188 155138
1 9 7 9 2223 51 19 2 7 12 5 2 8 8 78 9 2 7 4 5 9 996 12 43 9 7 24 68 98 871023 474 6128 559
169 933 5 8 02 4 3 13 89 9 9 82 030 1674 15 6218 96 4 812 16 1035 12 8 5 6219 14 415 05 7179 8714 8912
19313 7492 13814 8712 5171 7 7 52 97 12149 816 8285 0862 7719 4848 12262 123 5166 4312 14213 1153 135878
3 2 6 4 4125 55 62 5 8 92 5 7 4 5 84 0 2 1 6 8 8 398 92 49 9 9 20 82 23 094263 075 8873 756
522 123 5 9 10 6 5 74 87 6 1 83 987 0774 85 8519 15 0 919 14 1215 94 9 9 1276 19 489 42 8585 9762 8998
82605 1735 74025 8712 5221 7 5 43 96 58182 990 8616 9376 1487 5407 12896 420 7139 5312 53213 2153 129798
7 2 3 5 5100 45 42 2 5 65 9 5 3 1 38 9 2 1 0 3 7 398 12 75 1 8 17 52 23 897923 123 7196 564
44 753 8 7 12 7 2 02 63 6 9 02 087 8012 35 7547 42 0 882 14 2418 12 8 5 7829 27 385 72 8045 8712 8912
14713 5155 11245 8612 5372 6 5 12 96 84192 355 7584 9632 1415 0413 12262 124 0174 5446 19213 7573 125798
9 5 3 4 5923 87 58 8 8 55 9 2 2 1 74 9 0 1 4 5 1 192 39 35 3 8 44 76 23 901268 574 9933 557
193 183 6 8 14 3 9 62 59 4 1 83 807 6217 65 3987 52 2 924 57 1299 19 3 6 5289 52 436 33 2145 7818 8562
62310 1165 57216 4719 4189 8 5 12 39 55464 815 0212 4889 1218 5769 17285 320 5174 6217 54915 1553 845198
1 6 3 4 7193 05 12 5 5 79 9 5 9 6 28 5 2 1 6 9 9 902 18 75 9 9 04 12 23 794429 129 8123 799
127 128 6 6 12 9 2 49 89 7 1 62 887 1714 75 2614 07 8 938 18 4515 92 6 5 6259 67 485 72 2447 8712 8002
67413 1035 13217 8899 5139 7 5 18 03 12119 375 9919 9912 9818 5093 92215 324 4133 5384 53543 7857 685980
7 7 3 3 5929 86 02 5 9 14 4 2 4 5 25 6 2 3 4 9 1 968 92 49 9 7 44 82 63 891383 827 8105 546
188 162 0 5 17 8 5 12 73 9 0 92 189 1558 19 2164 32 3 982 19 1165 19 3 5 7989 42 618 12 2145 8869 8998
36372 1735 15919 9719 5133 0 3 19 98 42822 310 8932 4814 4812 5896 69275 185 6034 2592 58610 1053 159801
7 2 3 8 7123 46 12 6 5 14 3 2 7 6 29 9 3 1 7 5 4 959 38 45 4 1 24 62 23 890273 191 5127 655
126 157 5 9 18 6 4 92 89 4 1 02 587 1893 96 5314 62 6 717 13 1915 12 3 5 7889 50 416 82 7105 9855 9932
18346 1645 18537 8712 5141 4 7 92 79 10682 814 8918 9878 6317 0497 12945 153 5539 5412 53239 2197 815149
3 6 3 8 5126 45 16 5 5 10 9 3 0 1 28 8 5 8 9 6 8 412 12 35 9 9 69 12 83 009720 100 9063 856
443 183 9 9 72 1 2 14 86 4 7 98 794 6946 85 6304 22 8 812 17 8214 96 3 7 1089 12 068 15 2245 8756 0912
12313 4105 46215 8786 5928 8 9 99 97 12084 685 0712 9819 5847 1483 62285 194 2132 3505 53649 8194 105198
1 5 9 9 9973 44 02 8 9 40 9 8 9 7 28 9 9 0 8 5 4 983 88 59 4 7 57 95 09 697042 124 8128 556
158 107 5 9 86 8 0 19 89 9 0 67 882 1254 15 7414 62 3 917 17 1235 89 8 9 1936 14 455 52 5148 8502 8912
79370 8585 03818 8717 0129 3 7 89 98 45162 809 8962 6817 5607 5683 83911 324 2100 5312 96213 8156 798897
2 9 0 6 5823 48 27 5 5 13 8 9 7 8 28 5 3 0 6 5 5 929 10 86 9 6 54 42 75 198955 176 0123 267
189 123 5 9 61 8 2 09 99 5 7 92 009 7794 65 6394 97 0 072 44 2211 32 3 8 9784 52 017 72 2145 8912 6972
12318 1035 53895 8717 9120 7 0 05 88 62176 518 8847 0129 9965 1543 15295 629 3999 8912 53216 8054 828144
5 2 3 8 5606 48 42 4 2 92 6 7 7 9 99 8 4 9 6 7 1 912 97 25 9 4 27 97 22 891303 162 9123 856
643 123 2 0 12 8 4 12 85 6 1 82 477 0794 19 2714 90 4 917 77 4239 17 7 8 1586 72 415 53 2649 0742 7912
15650 4197 23715 9578 5929 3 5 12 68 72995 815 4412 9812 7483 7714 19615 124 5137 5312 53613 4153 924108
4 2 9 2 5187 48 94 9 0 12 9 7 6 8 78 4 5 7 4 5 7 250 19 80 7 4 49 22 92 891849 728 8353 546
123 527 5 9 92 8 7 98 56 4 0 82 352 1018 15 2317 77 2 762 04 7274 10 0 5 1885 92 149 92 2045 6762 8752
98313 1199 36519 5792 9699 8 5 19 96 58178 675 0312 9812 4235 5961 72810 188 5834 5712 52203 5167 728198
9 2 3 4 1868 80 22 5 7 50 9 2 1 9 63 9 6 6 8 9 1 516 16 45 8 8 37 99 10 590323 126 6164 566
126 271 6 9 67 8 3 10 84 5 7 84 697 9286 14 8384 12 7 902 17 1519 94 2 9 7289 82 485 10 0815 5732 4442
12343 1835 13465 6012 8847 3 8 02 72 82156 815 8919 4814 1075 6893 17216 798 9134 1618 89294 7153 925018
8 7 2 3 5128 46 15 5 5 96 3 5 7 1 39 9 4 9 2 5 1 912 15 35 6 7 38 12 92 095823 174 8228 859
57 722 5 6 91 8 9 72 65 2 1 82 987 1214 99 2337 12 0 822 94 1715 79 7 5 1286 57 415 42 2791 4914 8900
22513 1709 15296 2586 5402 8 5 12 98 38322 515 0798 0714 1595 9417 39575 106 5024 4612 56072 1753 585108
1 2 0 0 4149 58 13 5 5 17 8 2 8 7 57 9 2 9 9 8 1 962 12 45 9 9 52 83 03 696748 829 8263 746
193 307 5 7 00 8 9 01 85 0 1 42 962 9294 18 2317 10 7 912 84 8612 90 3 5 6846 12 497 11 7145 4444 8982
06315 6095 53205 9910 9161 3 5 12 98 75917 497 5714 8818 1919 5810 72215 124 5106 4710 53913 1105 551199
1 2 5 0 5136 48 18 0 5 16 4 2 9 1 28 8 8 4 9 5 1 988 82 68 9 8 28 92 96 595225 927 7369 555
023 493 5 3 12 8 2 84 89 3 1 85 687 8464 19 2374 64 5 911 64 0218 14 3 6 1457 18 949 62 2345 8712 7972
12611 1370 23415 8610 5127 3 5 12 94 12138 481 8912 9912 1010 5463 12898 927 9934 5397 43073 1193 548998
1 2 3 4 3173 40 92 9 8 19 9 2 4 4 28 7 7 8 2 5 9 692 12 48 8 1 84 17 63 791923 464 8523 556
123 543 5 9 55 8 2 12 05 2 7 82 987 1288 68 5284 19 9 502 30 1015 30 8 5 1259 64 084 12 4245 0942 6682
76898 1832 13903 7848 0140 3 9 22 92 12980 815 8912 7855 2215 5413 67116 104 5878 5372 69216 8661 075198
1 9 9 8 5873 84 12 5 8 12 9 2 9 8 88 9 2 0 4 5 1 712 12 45 5 3 74 62 28 818223 869 8923 546
883 177 5 7 99 8 2 82 93 7 1 08 385 7294 17 2964 12 4 216 74 8228 11 9 5 1289 24 839 12 7195 8718 7412
88913 4139 12215 8382 2123 4 5 12 08 92134 960 0982 6611 1909 5763 82215 770 5934 5959 57283 9156 625199
1 2 3 7 5125 45 48 5 4 68 9 7 4 1 68 9 0 9 4 5 6 912 72 40 9 5 44 92 03 398428 024 8087 866
123 123 0 9 86 8 3 93 87 9 7 82 787 8314 68 5314 92 4 972 94 1294 92 0 7 8289 92 414 15 2790 1762 8914
12393 1122 12536 8072 5021 1 5 09 98 16170 838 7817 6912 3306 6410 12277 129 5583 5712 43287 1133 162508
1 2 2 3 4127 14 14 5 7 62 9 8 6 1 25 8 9 1 4 5 1 639 10 45 9 8 29 66 27 893323 124 8923 199
173 188 0 9 18 8 5 42 84 7 1 99 787 1854 45 1319 73 0 002 18 1285 06 4 5 8278 10 405 90 2179 0605 8992
42653 1960 13965 8773 9286 9 5 86 98 97141 885 7582 9254 1945 2276 35217 332 9164 8669 33615 1750 191598
1 7 8 4 9936 67 42 5 5 62 9 8 9 8 29 4 8 1 8 5 1 352 17 40 0 8 25 10 46 677468 688 3523 756
193 829 5 9 19 6 2 78 38 0 5 80 577 1516 11 7513 19 4 612 54 1515 15 0 6 7289 92 470 58 8157 8702 8942
18313 1969 13875 0512 5135 5 5 18 97 12076 812 8914 9376 8535 4503 60238 124 5934 5312 38239 5750 127398
5 9 9 4 8683 49 80 5 5 02 8 8 6 1 49 9 8 1 4 5 1 302 22 15 9 8 58 12 33 811223 947 9327 806
123 121 9 9 39 8 5 60 89 3 9 81 527 1319 55 8934 82 4 315 14 1275 10 3 9 1889 17 915 92 2199 8362 7912
08375 1434 53995 7012 5031 3 8 78 08 42151 855 4612 9798 9855 4463 03755 528 9334 5692 58853 1943 025498
8 8 3 4 5151 85 79 7 5 43 9 6 8 1 28 9 8 1 2 5 1 912 12 42 9 8 24 17 73 497623 124 2124 586
860 181 5 8 12 9 2 82 59 8 1 84 957 1434 15 0378 16 7 910 54 1615 19 6 9 8296 42 837 82 9248 5012 8912
18016 9735 14715 8718 3151 3 4 17 98 14892 055 8932 9342 5866 5993 82295 824 1141 3642 55588 1353 125197
8 7 3 4 3163 95 72 5 5 82 0 9 6 8 29 8 9 9 4 9 8 919 62 45 9 8 64 12 03 931744 124 8123 556
162 723 5 9 19 8 8 82 89 3 6 54 987 6214 66 3417 12 5 914 14 7245 87 3 6 1279 52 412 92 2067 8700 8312
12013 1177 15874 8718 4821 3 7 12 98 12722 515 4012 9404 1292 5416 66719 128 8199 5312 55263 8653 625114
6 6 3 9 6197 75 12 5 5 42 5 2 2 9 20 0 9 1 4 9 8 512 14 99 9 8 92 92 23 398920 725 8923 856
60 155 5 9 16 8 1 12 84 6 0 92 997 1614 25 7367 15 5 042 12 5965 12 8 7 1189 61 915 18 8942 8419 9996
85310 1130 10810 8792 5921 3 5 12 94 15085 889 8919 7812 1949 5913 18271 124 5894 3312 67213 1153 121764
2 7 3 4 5483 45 77 5 5 05 9 7 9 8 27 9 8 1 4 1 1 912 12 95 3 4 29 19 23 597273 794 8628 952
073 123 5 7 74 8 2 12 85 4 1 80 980 1214 55 7327 12 4 932 41 1215 12 8 5 7249 76 499 76 2145 0812 8917
34217 1935 23218 8016 7124 3 9 43 78 12172 855 8959 9066 6695 5613 52219 894 5934 5372 93208 1958 686068
1 2 3 8 8920 55 12 5 5 40 9 2 7 1 75 9 9 8 5 5 8 019 72 92 5 8 24 14 23 751793 126 5133 556
989 713 5 9 42 8 8 12 58 9 1 42 967 1773 80 9966 12 5 612 04 1215 12 3 9 8789 12 855 77 7177 8772 2912
18313 1875 15818 8769 5786 9 7 95 44 32192 711 8911 7865 1090 5313 62255 146 9128 5912 83213 5823 175398
9 2 7 5 8728 45 12 5 4 71 9 4 5 8 98 8 4 2 8 5 1 618 22 08 9 8 38 62 23 163266 624 6126 558
366 665 0 9 12 8 2 12 87 0 1 84 586 3673 15 9457 16 6 483 14 7085 12 3 8 1983 12 498 95 2175 8212 8929
10373 1975 23215 4892 9178 3 4 15 98 92193 885 8906 9842 5205 5413 78264 724 3784 5018 53313 1555 235100
4 2 8 5 2028 96 10 9 5 34 9 2 8 6 26 9 2 2 4 5 1 916 32 77 9 6 86 87 42 894215 182 7124 454
123 833 1 1 10 4 9 15 62 9 1 89 909 1515 47 1350 19 4 682 04 0217 59 4 7 1220 92 415 18 2240 6912 8915
02874 7195 13615 7822 6181 3 5 24 90 19452 915 1810 9813 4275 9596 15225 927 6938 2414 51213 1297 503195
3 7 3 4 8390 15 42 0 8 15 6 2 2 6 27 9 8 4 6 7 8 912 06 35 8 8 59 10 28 591962 724 8123 559
196 225 0 5 72 9 2 12 89 2 1 87 367 1214 39 9314 12 4 918 24 1718 19 8 5 1884 67 975 53 3145 5812 8998
02783 1535 18219 8727 5661 1 1 98 59 12967 385 6402 4110 1725 1916 33275 823 8194 0910 75862 1153 129088
8 2 7 1 5124 45 12 6 8 33 5 1 9 5 25 9 2 5 3 8 6 072 12 46 9 5 74 62 73 195269 184 9135 556
723 757 5 4 92 8 2 12 69 1 9 98 982 1594 18 2318 42 8 911 15 1974 17 3 5 1299 39 410 12 7156 8115 7912
75348 2635 13310 8736 5121 4 3 12 91 16162 813 8940 9876 5217 5460 88000 324 8003 7619 53709 7558 384394
1 2 8 2 9929 45 12 8 6 62 9 2 8 1 08 9 6 3 4 4 9 712 98 45 9 8 24 96 21 731723 064 8193 358
753 943 5 5 19 8 7 12 87 5 2 62 965 3218 35 2290 77 4 122 14 5215 72 3 6 2507 17 415 62 2542 8712 8813
02313 1835 13285 9069 5871 3 5 16 99 14042 915 0912 5860 1217 3353 12215 679 3197 7412 89213 1188 755126
1 2 9 4 5135 00 22 5 5 12 9 2 2 1 24 5 7 7 4 7 8 948 03 90 9 8 94 74 05 491225 114 4927 595
123 123 5 9 12 9 7 07 67 2 9 88 450 9214 80 2314 18 4 949 82 1315 12 6 9 1780 15 465 66 2175 8862 8868
07368 1309 13217 8762 9431 9 4 65 34 15152 462 8002 9519 1255 5943 12295 125 9014 9362 54233 1714 425168
0 6 4 4 5797 45 19 5 5 12 9 2 6 5 08 9 2 3 9 3 1 962 08 59 6 4 44 12 23 191984 194 9128 766
663 156 1 5 12 8 0 69 79 5 8 82 477 1214 89 2714 28 4 911 74 1218 12 2 5 9266 17 415 19 2148 8292 8022
53995 5664 47212 7812 6121 3 5 32 96 22192 619 8902 9437 1319 9119 17915 184 5134 2312 73264 1933 725138
1 2 3 4 3389 03 87 6 6 88 3 7 6 9 28 9 6 1 7 8 4 514 13 60 5 4 24 14 87 887893 104 8923 556
123 898 7 9 19 8 2 52 89 9 1 89 990 7015 19 2397 97 9 675 15 4615 22 7 5 3289 98 319 67 2845 8342 8719
92373 1139 13265 8712 8097 3 8 44 68 62292 339 8916 9642 1215 5166 12610 364 8174 5412 67217 1186 827195
5 7 9 5 5178 45 22 5 5 10 8 0 2 5 21 9 2 2 4 5 4 482 17 45 9 8 24 18 26 891928 197 8121 456
56 113 6 0 10 7 2 58 99 9 1 83 586 9274 56 2314 82 4 995 95 1215 12 3 5 1288 66 419 58 3882 9416 8412
42013 6132 77615 3872 5181 2 8 46 94 52942 611 8794 7227 3293 5429 42965 491 5134 5017 96016 1153 765198
5 2 8 2 7120 27 10 5 9 42 6 3 8 6 78 9 7 1 6 5 4 781 56 94 9 8 87 17 28 291020 696 3123 555
626 603 5 6 04 8 1 12 88 1 9 72 087 1634 98 2304 67 3 912 19 7285 17 7 5 1287 19 423 12 2649 8772 5012
67913 1139 76215 5740 5622 8 5 12 08 52177 615 8012 9862 1295 6413 32577 774 5139 5312 50294 6143 795198
3 2 3 6 5889 25 12 0 5 02 9 5 9 1 77 8 2 8 4 5 8 917 12 85 9 9 29 52 43 097225 652 8923 981
148 853 9 0 02 6 6 12 04 2 2 19 977 4314 15 2919 12 7 959 64 1575 82 6 5 6219 72 415 16 0545 7712 0989
35315 9939 13913 8957 5891 5 6 52 90 02670 016 8712 6613 1038 9483 16912 142 5166 5079 33659 1050 925990
1 5 9 5 2807 95 61 5 6 15 9 2 5 4 76 8 2 1 4 5 1 915 16 65 8 8 76 32 27 598222 996 8123 856
126 167 5 2 72 8 8 95 09 4 9 83 986 1294 55 7378 12 4 512 15 9236 62 5 5 5487 12 415 98 2195 7766 1410
12363 1135 88655 8722 6106 3 7 12 96 12982 676 7577 4817 1410 5413 82879 594 5534 5334 55725 9991 188146
6 2 8 5 1335 05 12 3 9 28 9 2 5 2 18 9 8 1 9 9 1 558 04 95 9 7 72 54 23 801123 944 5889 486
125 423 6 9 16 8 2 11 87 9 5 45 986 6239 15 2314 46 4 910 94 1293 10 7 0 5089 12 405 10 2140 4812 8602
16490 6135 13265 0772 5455 4 0 02 88 02900 295 8912 6315 5210 2416 82218 100 5345 7314 53297 2143 025798
1 0 0 4 5223 46 55 5 7 19 9 2 7 1 76 8 2 1 9 7 3 062 76 97 9 6 74 12 29 886399 128 5996 550
193 193 5 6 67 7 7 92 84 1 1 81 987 1888 44 2947 12 3 912 15 1356 13 6 7 3296 19 118 12 2135 8752 8437
02379 1140 23216 6718 7921 5 1 89 94 58198 313 8892 7512 1015 5413 15810 424 6134 5719 03237 6198 125508
7 5 6 4 0624 35 16 5 5 12 9 2 4 7 78 6 8 1 4 5 1 966 73 48 9 8 94 12 28 361227 949 8123 556
473 173 5 2 62 9 9 92 09 9 1 84 947 1066 37 0314 91 4 946 82 4215 13 8 5 6269 15 695 82 2105 3992 9372
12933 7735 15211 8911 9020 5 7 89 68 16102 415 7915 5962 2263 5413 18615 624 5684 5319 43213 0168 125894
1 9 3 4 5526 46 13 6 8 18 9 2 5 8 18 9 2 1 0 3 1 919 39 48 9 8 24 12 43 791223 129 8123 567
823 223 5 9 70 9 3 58 99 6 1 08 970 1604 15 2344 16 4 906 14 6256 12 9 5 9709 68 910 46 7145 7796 6897
18818 1105 33710 7787 5181 5 4 92 68 12392 877 8790 8817 1215 5413 02915 926 5569 5317 99213 7193 129139
1 5 4 2 5322 45 62 5 5 19 9 6 0 1 28 9 2 1 5 5 7 856 52 40 3 9 94 92 73 871023 136 7798 756
192 183 3 2 42 8 2 14 69 2 3 82 789 6904 19 2367 18 9 986 94 1295 12 3 5 1066 49 416 22 2035 5862 8189
18413 8039 17219 8772 5421 3 8 12 69 70866 775 7912 8862 8965 5414 14932 524 3184 0814 54319 4853 197178
1 5 4 1 1103 75 95 9 5 48 7 2 0 1 20 7 9 1 4 5 1 389 53 45 9 7 44 82 22 248825 745 7783 558
924 195 5 9 18 6 9 63 84 9 0 52 988 1047 19 2694 13 0 912 16 7815 45 9 5 1587 50 515 12 8100 5714 5962
12313 0125 53215 6558 1121 6 5 83 98 12148 515 4012 9912 1585 5487 43647 128 9036 8384 51217 6767 126194
1 8 3 4 5124 25 12 8 5 06 9 2 4 7 94 0 2 7 3 9 0 809 52 95 6 8 53 18 83 599223 894 8123 550
143 923 5 9 77 8 0 92 79 5 1 82 658 8210 89 7374 82 9 837 16 1215 74 0 5 7687 62 995 32 4145 6252 8982
82113 1925 98216 8817 5141 3 9 15 93 62502 889 5976 6800 6214 2407 62295 684 8996 9619 28215 0783 917198
8 2 6 9 8497 42 17 5 2 12 9 2 2 1 29 9 3 7 4 5 5 354 16 65 7 7 24 18 23 376253 462 8124 866
43 829 5 9 14 4 2 85 89 0 1 97 830 1814 10 4914 17 9 812 04 7615 72 3 0 5249 18 814 12 7845 0310 9418
16453 4137 36207 6502 7121 0 6 72 08 12698 815 8944 8812 1415 5450 72712 198 5149 6312 83255 1053 165408
1 2 9 2 9106 90 16 5 0 63 0 2 3 5 28 1 0 6 9 1 1 312 15 85 6 8 29 97 75 571490 194 8123 416
743 427 8 9 02 5 0 68 19 7 0 62 987 6619 16 2366 92 4 997 65 1229 29 3 7 1405 12 913 69 2145 8903 8910
83483 4435 63715 0715 5195 3 5 19 99 58982 014 9913 9612 7015 9463 94293 129 5389 6312 37263 1954 995028
1 5 3 4 5097 94 06 3 9 07 9 6 9 1 28 9 0 1 4 6 6 790 14 85 4 6 29 90 95 691523 120 2188 066
123 977 6 5 12 7 7 10 82 7 8 52 999 8516 15 6714 94 4 994 44 2517 12 6 0 1264 32 404 13 9196 8062 4412
32315 7435 17274 8709 4019 3 5 92 94 18161 815 3912 9048 1205 2414 60547 824 5064 7619 55273 9102 995498
1 0 6 4 0523 75 88 8 6 12 0 4 8 8 95 9 2 4 6 5 4 604 02 40 9 4 87 92 53 599063 195 4135 556
128 128 5 4 12 8 7 94 09 7 0 23 989 7286 15 2858 16 4 912 14 5949 69 3 5 1769 92 440 17 7749 8762 8912
12013 1834 03266 9742 5823 5 9 82 69 12752 810 2919 9865 1275 0503 14215 109 7164 5389 97254 1853 137197
1 2 3 7 5463 45 67 5 5 42 4 8 9 9 99 5 4 1 0 7 1 912 32 41 9 8 22 10 23 801263 623 3123 596
189 113 5 3 12 0 6 74 26 9 1 82 980 1016 09 2364 12 1 882 13 0888 30 7 5 1533 12 619 12 7702 6752 4998
86515 0037 33505 8712 5023 9 5 32 38 16169 816 6912 9812 8215 2493 76213 924 5719 8313 54213 1693 125198
5 2 6 8 5547 95 92 9 3 12 9 3 3 8 26 5 8 1 7 5 8 459 19 46 9 8 84 65 47 891329 928 6128 576
528 118 5 9 82 7 0 12 89 7 7 72 588 5934 25 6344 72 5 996 54 2215 92 2 8 5980 29 975 11 8696 8966 8919
13246 4135 53241 8312 5323 3 8 39 80 12542 815 8912 7115 6828 5419 40216 129 5154 4312 53214 1188 897959
6 0 9 4 6123 95 12 5 0 22 4 0 1 1 28 4 3 1 6 9 6 912 00 99 9 4 94 92 23 804718 184 8193 494
123 163 9 7 12 8 2 32 52 6 7 62 487 9513 15 4314 56 8 910 14 1458 12 3 5 1709 12 415 55 9727 8812 6919
12991 1131 93417 8712 5629 4 6 12 59 12092 844 8412 9812 6705 5483 38555 717 5185 7319 53813 4147 524128
1 7 0 9 5423 45 18 4 9 19 5 2 9 0 75 9 2 1 8 5 1 332 82 45 9 8 06 12 66 394493 722 8423 055
222 173 5 9 82 8 2 12 19 4 3 85 949 1484 19 0319 92 4 512 94 2615 87 7 5 1987 92 477 72 9608 3733 8918
82393 1166 67815 8766 5881 3 8 78 98 17144 715 8012 6872 4526 5719 77249 127 7134 5342 53213 1156 123008
8 5 3 4 8123 47 18 5 5 19 9 9 0 1 20 5 9 9 6 5 1 012 99 49 9 8 65 12 73 252983 084 7203 956
123 928 8 9 22 8 2 92 78 1 5 82 982 9963 19 0384 42 9 899 34 1218 12 4 5 5394 80 488 34 2625 9617 5812
22373 1133 83515 8795 5721 3 8 12 98 16787 818 4917 9898 4885 5713 02615 164 6744 9718 33603 1193 130458
1 4 3 6 2157 35 19 0 5 17 6 8 9 6 25 9 9 1 9 4 1 982 72 87 9 8 28 12 93 881224 128 8793 006
243 123 2 9 10 8 3 76 83 6 4 82 685 8274 55 5364 12 4 989 94 9415 83 3 5 1799 42 451 79 2149 9712 8418
62514 1977 43219 8302 6081 3 5 12 58 12474 598 8732 9697 5217 5453 18274 136 5170 5312 03218 5993 065168
1 5 3 4 5133 10 12 5 5 92 9 2 2 1 58 5 9 1 5 5 9 810 15 58 9 8 83 42 93 891823 127 0177 556
123 449 5 3 73 7 5 18 64 5 2 88 687 1814 15 2614 10 5 408 19 1217 60 3 5 6249 15 845 93 9684 8462 0978
98315 3656 15795 8492 8721 3 5 92 18 79542 815 8499 9494 6217 0513 72217 629 5171 7717 20948 1157 905145
3 5 3 4 7886 49 84 5 5 42 9 2 8 0 23 3 2 1 4 5 7 949 89 57 9 9 49 82 33 891299 194 9073 546
65 126 5 9 12 8 2 61 89 6 7 85 957 7624 18 5374 47 6 317 14 9594 12 3 7 1579 62 415 12 2185 0652 8416
44355 2435 73610 8719 5577 0 0 90 36 12972 415 8942 4812 1215 0413 15219 123 5174 0312 50269 1357 925148
1 8 9 9 5143 45 16 7 2 76 4 2 0 4 28 9 9 1 9 8 1 916 10 65 8 8 27 69 23 891224 186 0123 656
453 823 5 8 69 0 4 49 99 1 9 82 689 9919 15 9383 19 4 512 94 1395 18 9 5 1289 22 400 46 9165 1472 8956
88853 7135 83575 1975 9427 3 8 12 58 78102 605 9212 5872 1255 5417 72215 724 3258 5312 53753 7157 725198
9 4 8 3 5943 40 44 5 5 02 9 1 6 4 28 4 2 1 6 5 1 958 70 75 4 1 94 00 93 771223 174 8179 566
193 120 5 9 58 8 7 60 89 1 1 85 887 6214 13 2844 12 0 276 14 1976 10 3 6 5697 12 455 75 2165 9719 8512
12913 0195 17215 0714 0775 3 5 92 94 62452 865 5952 9816 1215 5416 18275 104 5197 5002 73303 1198 995798
1 6 3 4 5733 85 20 5 5 79 6 1 5 5 54 9 9 1 6 5 9 412 17 85 9 8 54 18 23 821923 126 8009 597
196 123 7 5 57 7 0 62 81 0 9 82 767 1214 17 3327 96 7 515 14 7217 68 4 5 1266 18 405 97 2145 5102 9918
12993 1915 58897 0712 9356 3 9 80 18 89182 914 8112 1802 2215 5825 69219 120 5164 6916 97213 6763 585898
1 2 3 8 4123 45 75 4 1 69 5 2 9 4 77 9 7 2 0 5 1 972 72 27 9 0 24 12 63 595983 194 8909 578
159 028 5 9 14 8 4 12 89 3 8 82 487 1897 15 2359 18 4 972 64 7225 97 1 5 1285 95 773 12 2990 8714 9915
12315 9130 83218 4934 5361 3 8 12 76 72172 518 8709 9602 1888 5493 18075 589 9934 6348 53949 9193 159808
5 8 3 9 5823 43 04 1 9 92 9 2 5 9 38 9 6 1 8 2 6 612 92 46 9 8 24 10 88 889884 944 8023 550
159 123 6 9 77 1 2 12 65 3 7 48 727 8496 25 2219 39 6 469 18 6925 16 3 5 1299 12 315 92 6745 7029 7977
42313 1859 17215 1772 4115 3 5 42 98 78562 905 2579 9817 5858 2413 88412 929 5180 5345 55119 1153 929598
8 7 9 4 7675 95 82 5 7 80 9 2 4 7 60 9 5 1 4 2 5 562 52 41 1 8 25 18 43 898524 694 8115 956
845 729 5 3 92 8 9 12 89 5 8 87 357 9214 16 2314 25 8 988 33 1895 12 8 9 6266 07 456 12 2193 6368 4982
12583 5395 75915 8118 5026 4 7 18 98 72102 875 8980 9307 8276 3869 87775 645 5834 4288 53113 9133 566158
9 2 2 7 5523 05 12 9 0 17 0 4 8 1 58 9 2 1 4 5 1 012 40 93 9 8 34 82 22 091723 823 3426 454
883 123 1 9 82 9 7 19 89 8 1 82 970 1244 85 4814 19 7 818 04 0715 82 8 9 6870 92 415 12 2894 7712 8992
18983 8935 78219 9790 3927 3 5 96 98 12052 715 2784 9212 1895 9465 49215 294 5604 8097 98390 5153 122148
8 2 2 4 5123 75 89 5 5 10 5 2 7 1 88 7 7 1 3 3 4 916 15 42 7 7 24 66 59 839267 222 9026 596
133 143 5 9 82 8 0 69 88 3 1 34 989 9214 14 2376 32 4 612 39 1210 50 4 5 8989 69 595 04 8165 8710 8712
18313 1788 18145 8022 5181 9 5 29 55 16306 815 9642 8512 1285 5413 75216 723 5189 5307 53611 9113 126110
2 9 4 9 0623 69 12 9 4 80 9 9 9 8 48 5 4 1 4 4 1 016 92 38 9 7 94 13 35 397223 395 3703 986
173 168 3 5 20 8 2 62 89 6 7 89 087 1219 55 9315 19 4 972 97 1615 83 1 5 5259 82 615 16 6139 8816 9517
19693 0467 13968 6752 4181 9 5 76 93 82887 315 8811 5892 6875 6493 12218 124 5294 5717 73253 1753 105598
5 9 8 8 0368 05 78 1 5 12 9 2 4 7 28 8 2 9 8 5 7 914 62 79 9 0 20 12 86 857263 196 1126 556
129 479 7 8 62 8 8 95 89 5 1 92 957 1214 10 5314 52 3 268 07 1915 82 6 3 9539 82 415 02 8145 8738 8892
12793 6116 73295 7872 8981 3 8 88 98 12138 860 7992 9062 1568 3463 17155 169 5838 5312 58713 1699 764389
1 6 3 4 9023 95 72 5 9 19 9 2 7 5 29 8 2 1 4 5 4 377 78 80 8 2 24 17 83 851808 679 1686 546
54 177 9 6 12 8 6 13 99 9 1 69 986 6296 18 9916 82 4 963 74 1220 72 3 0 4266 83 410 12 2190 7919 8980
18513 1117 83237 3712 7001 9 9 12 98 82187 915 7882 3749 1815 3418 72988 129 9544 5012 78080 1459 135146
7 6 9 6 5423 77 53 1 9 12 9 2 9 5 58 0 8 6 4 2 1 995 19 48 4 7 24 92 22 896825 822 5823 056
402 453 5 0 12 6 8 89 80 8 2 83 689 8570 75 3310 12 6 919 14 6016 15 3 5 8849 12 585 42 0189 8487 2916
01313 1935 13295 8759 5129 8 9 92 42 72198 819 8937 9813 1215 3664 95275 124 0784 8393 85213 0350 190298
7 2 3 8 9012 15 06 5 3 00 4 2 0 9 28 4 5 5 0 5 9 332 12 75 9 9 29 12 28 892729 127 5996 155
020 523 8 0 22 6 5 12 59 3 1 83 889 8218 15 7315 02 1 774 18 7295 86 3 5 9260 78 415 18 5195 8735 8712
77398 4135 10955 7572 8371 9 5 92 94 52132 890 0992 7992 1293 5413 86885 128 9134 5612 95273 4859 799178
7 7 9 4 8183 45 10 5 5 69 0 2 3 5 78 9 1 1 5 9 8 915 12 46 9 8 61 12 23 494623 924 9193 557
129 103 8 9 12 8 9 92 99 9 9 12 787 1250 98 7814 18 4 912 15 1715 12 3 5 4307 22 415 12 2179 0718 9814
10340 8221 25932 8912 5167 9 5 30 98 92292 875 9912 9692 7017 7693 13205 124 8134 6012 54270 8856 128198
1 2 7 4 5124 56 12 5 5 92 9 2 9 5 04 9 2 5 4 9 9 912 90 65 8 8 28 52 23 894973 128 8182 886
924 594 5 8 32 8 2 80 08 3 1 82 967 4265 16 7310 79 9 972 79 4265 93 3 5 3909 42 414 72 9640 5719 8972
42693 1133 10102 9212 0027 3 3 17 98 12162 948 4892 4004 0215 5916 12875 126 1947 8789 43218 8358 327198
4 2 2 6 5153 00 15 4 5 16 9 2 8 1 98 9 0 1 8 7 4 912 17 99 9 8 24 11 28 890727 644 7259 550
186 123 9 5 85 8 2 17 86 8 1 87 989 3911 15 2187 12 4 975 06 0175 19 9 3 5699 62 563 15 2241 8812 3852
76599 1155 13213 9983 5181 4 9 12 98 17512 425 8712 7812 6338 7410 16813 620 5434 1310 56703 1689 925576
1 2 8 6 8923 65 12 5 5 51 8 2 8 6 46 5 2 5 3 7 0 412 32 45 7 8 27 98 23 691623 125 8123 858
164 543 8 9 17 8 2 87 89 8 5 82 766 1314 10 4359 12 4 912 14 1245 16 7 5 8271 03 915 49 5945 8792 9342
16613 1166 18242 6760 0121 3 9 15 38 92288 838 5412 4812 6095 9270 18218 939 5834 5312 53563 1813 026390
5 2 7 9 6129 85 56 5 6 88 3 2 5 7 24 9 5 5 4 2 1 982 12 41 3 7 84 98 26 095227 124 4321 856
323 157 9 9 62 8 5 32 87 5 7 82 987 1394 26 0914 16 4 910 24 9255 12 9 5 9273 16 413 82 2840 8774 8018
67563 8765 14474 8761 5721 3 5 88 99 12178 714 8914 5656 1257 6086 12790 124 5184 5318 47328 6104 166185
1 2 3 9 6159 85 96 3 2 97 9 8 9 1 78 3 2 1 6 5 2 912 62 76 0 8 25 93 73 891289 120 9723 588
623 020 9 8 15 8 4 15 89 9 8 72 287 0014 85 2577 59 7 912 18 4685 15 0 8 5739 12 977 36 3655 8012 9996
42740 9778 43295 8012 5429 0 5 17 06 12162 673 8212 6818 1615 8609 12842 924 5134 8793 53419 0358 016198
1 2 3 4 5121 45 12 4 0 16 6 9 0 9 63 9 2 1 9 0 6 918 32 43 9 9 06 02 23 691623 928 8723 853
053 823 5 0 17 8 2 12 38 7 1 04 189 5601 16 0344 12 4 908 18 1255 92 3 5 1284 12 415 73 2685 8710 4915
12399 8100 70219 8012 5527 0 5 72 58 94169 915 8718 8846 4865 5517 12285 184 9634 5380 33133 1953 927998

18335 1435 90275 8772 3583 4 5 12 98 16578 274 9016 9614 1515 5403 87358 926 6695 9472 56293 4154 134178
9 6 6 4 2624 81 22 0 0 00 6 0 9 9 28 9 2 1 4 7 7 917 12 90 9 8 98 62 83 891223 189 5023 658
023 724 5 8 52 8 7 85 49 6 1 42 088 6285 09 2314 12 5 998 14 9266 08 0 6 0269 32 498 12 4175 5912 4945
09348 1435 56215 8972 9721 3 5 16 92 32807 615 3913 2877 1619 8814 81215 994 7134 9636 62213 7673 424178
1 5 7 4 5180 60 17 5 5 16 4 9 4 6 45 9 5 2 4 5 6 912 68 95 8 8 24 59 73 331093 024 5623 556
74 129 8 7 12 8 2 12 83 6 1 02 789 1689 85 5374 15 8 115 74 9209 82 3 5 1980 62 419 02 7077 6712 4244
16359 8802 80215 9543 8123 4 5 59 98 18176 717 8012 9669 9895 5405 13919 166 4109 9810 53617 8153 915198
7 8 9 4 6923 45 19 5 8 12 0 5 8 2 78 9 2 1 4 4 4 917 92 45 9 8 04 12 20 891631 629 5128 056
728 169 6 9 17 8 5 12 72 8 1 84 880 1260 05 2914 98 6 392 93 1215 12 3 8 9755 12 490 15 2155 3679 8988
52773 1139 53213 9962 2628 4 2 32 91 92150 895 9912 7012 1865 5993 02809 908 0180 6332 73343 9153 128979
1 6 3 8 5866 65 12 5 8 62 9 0 9 1 18 5 2 5 6 5 1 612 50 05 9 8 60 10 53 871223 194 0653 376
993 923 4 8 82 8 2 12 87 7 8 32 998 1984 50 2316 12 4 610 99 1806 95 8 5 3744 02 915 15 2794 5942 8735
12999 9149 18244 0919 8821 8 4 12 96 02182 410 8714 9822 7217 0713 72211 824 5034 5610 59533 6133 662898
1 5 3 4 4346 65 51 2 5 10 9 2 0 9 27 8 7 7 7 5 4 712 95 46 9 8 99 13 23 046228 809 8504 356
133 023 6 9 90 8 8 98 89 0 5 82 485 8612 19 6316 12 4 612 14 7215 10 2 7 6274 19 535 60 2195 0792 0512
13303 9885 13632 9812 9771 4 5 12 98 95182 785 8493 9713 9740 9419 99215 974 7136 5352 97713 9191 625154
1 2 3 4 5129 64 14 6 5 95 8 2 7 4 88 9 8 1 4 8 1 912 43 43 9 8 30 12 45 885224 124 8123 674
729 169 1 9 02 8 2 07 29 2 1 92 686 2514 20 2214 02 4 913 11 7997 46 6 5 1287 96 415 12 2000 8482 8926
19983273 205198
3 2 8 1 2829 85 43 5 5 95 9 8 9 1 08 9 0 6 4 0 9 914 32 42 9 8 24 62 23 979263 787 6926 546
628 123 5 9 27 9 2 17 82 9 9 82 755 7614 75 2518 58 5 910 19 3265 12 3 5 2288 12 695 19 6145 9312 8712
12387 1170 68218 8780 4139 2 6 12 79 00199 208 8992 0872 1918 7413 12215 144 6734 5315 93205 1557 675181
2 9 3 9 5123 44 40 5 0 15 9 0 8 1 78 9 8 1 6 5 9 080 12 15 5 5 24 19 30 091529 106 5122 556
186 123 8 0 57 3 2 16 86 6 1 42 926 1999 19 0375 18 5 815 04 1810 22 7 9 5280 12 915 97 2952 6862 3942
99349 8185 63295 9718 5161 5 5 12 96 18972 315 8210 9812 1295 5443 78378 324 9134 8317 73213 7175 825758
7 2 0 4 5529 35 18 5 5 92 9 4 9 0 29 5 2 2 8 5 1 702 52 98 8 8 79 12 73 893523 424 8120 786
723 173 4 9 72 8 2 13 89 6 1 88 886 9217 75 6329 12 4 915 95 1287 97 5 7 3987 12 715 72 2145 9172 3982
52718 3135 18015 9916 7310 8 5 80 28 12179 845 8959 9818 0376 0043 12268 147 6139 6512 63253 7186 205398
9 8 9 4 7003 75 12 5 5 62 9 0 5 9 77 9 2 8 9 9 1 712 22 88 7 6 44 19 87 858263 148 6162 056
59 823 1 9 89 8 2 14 07 3 1 89 987 0913 05 0729 14 6 910 29 1215 55 1 5 9087 90 417 18 9943 0018 8902
62368 1135 03215 0790 7121 4 3 84 98 52092 825 8948 9012 4908 5213 99615 824 5138 7992 46413 6059 021168
1 2 4 4 5924 46 38 4 9 17 4 2 4 0 29 0 7 7 8 5 1 012 13 05 9 0 53 62 29 892323 757 7821 595
733 828 7 8 14 8 4 52 79 5 5 89 680 1924 95 7964 82 8 914 18 1215 12 3 9 0289 12 495 17 2140 8717 3919
12433 5114 13410 6785 7126 7 3 12 98 88322 875 8910 9816 1605 5906 16535 109 2244 5388 79693 1113 183127
9 2 0 4 9533 45 12 7 5 69 5 2 9 0 28 8 2 1 7 5 8 910 16 43 7 8 64 32 23 611929 124 9983 576
190 923 5 9 99 8 2 19 39 9 1 88 987 1814 15 1174 19 4 512 94 4455 10 8 5 8202 12 945 62 2945 8712 8872
92914 5188 13416 3910 5141 3 9 80 99 15132 815 1919 9019 7269 5410 66985 934 5139 5346 59736 0113 975198
1 9 3 5 2893 95 12 5 1 19 9 2 9 1 28 6 2 1 8 2 1 182 32 75 6 6 28 12 23 991413 724 8669 956
196 173 7 9 62 2 2 42 96 9 7 72 907 1276 97 2646 72 4 812 74 2985 72 3 5 1180 86 261 12 4145 8742 0979
07497 1133 78865 8117 5191 7 5 12 97 79102 428 8015 5817 1895 8973 12215 124 9168 5317 53519 1153 746198
1 2 3 3 9483 45 76 3 5 62 9 4 9 1 27 9 7 1 4 5 8 292 09 45 9 8 74 62 23 885223 864 8028 456
728 927 5 4 80 0 3 17 82 6 1 80 887 1029 85 8914 43 0 912 11 5295 13 0 9 9289 12 415 52 5208 2782 8618
38519 1687 53299 7793 5621 6 5 82 98 86999 510 8972 9916 9215 5418 12275 423 5634 5742 73630 1763 129978
1 2 5 4 5073 25 15 5 5 62 9 2 5 7 08 9 5 7 0 4 1 912 12 45 9 0 94 18 29 761321 384 8123 456
125 928 5 9 29 8 2 92 89 6 1 89 787 1284 19 8313 95 4 912 14 1244 73 0 2 5285 12 416 15 2795 8793 9912
92812 1935 77299 7712 5144 4 0 12 97 12172 315 7112 9812 4797 8863 17715 139 5084 5317 93289 1152 155803
8 6 7 4 5027 45 12 4 9 95 8 2 3 1 76 9 2 1 9 9 9 015 82 42 7 8 24 63 04 998328 129 8129 576
765 514 6 9 12 8 3 92 09 9 9 89 997 1584 85 5384 82 1 972 06 4013 78 3 9 1289 14 415 40 9150 8716 8310
87713 1238 03910 6742 5121 6 5 72 93 04892 818 4259 9810 9210 5903 18296 108 5566 9385 58173 1158 622098
6 7 1 4 5698 40 10 5 5 82 9 5 9 6 22 9 2 1 4 9 3 512 80 49 7 8 27 12 93 899225 724 1705 358
855 171 2 9 96 0 0 95 89 6 1 95 537 6764 15 2044 92 4 752 14 1279 94 3 5 1290 15 424 19 6945 1762 0612
99313 9130 00265 6998 5501 3 5 18 49 94109 815 8919 9550 1995 0715 02245 689 5734 5313 59213 1193 825140
1 7 4 7 5107 07 10 7 9 12 9 2 7 1 27 9 2 1 4 7 1 409 42 55 8 8 99 10 28 691625 873 7171 549
523 183 5 6 02 8 2 01 46 4 1 98 587 1619 95 0319 57 4 977 14 5918 92 1 5 8879 72 496 82 8105 5812 4912
29212 1884 92215 9788 5941 3 5 12 98 16114 705 9880 9816 1272 8619 12216 124 5154 5380 42889 5963 182112
6 2 3 4 5143 47 78 2 5 10 6 6 6 8 28 1 5 1 0 4 5 810 18 42 2 9 29 78 23 881249 664 9193 576
653 026 5 9 89 8 2 12 87 8 3 89 087 8990 27 2348 12 4 792 13 1013 82 3 5 1289 03 419 07 2145 5989 8902
12867 6139 73008 8917 5941 6 5 99 85 43172 805 9985 1687 0213 2098 38695 826 7199 0399 27298 4153 826800
4 4 8 8 5136 18 12 8 1 12 9 3 9 1 24 9 2 1 4 5 1 913 98 25 9 8 27 19 23 877283 124 8133 566
623 223 5 8 12 8 2 82 80 2 0 52 785 1467 15 2311 15 4 912 94 1316 87 3 0 9875 70 462 77 8185 8519 8912
89694 0135 17280 8717 5161 9 7 84 99 72632 565 8412 9418 9219 0529 95814 124 7034 9398 53269 1183 365093
1 2 3 4 5273 45 18 5 5 12 0 4 3 3 88 5 3 1 4 5 7 902 12 47 3 2 24 82 28 887223 674 8123 554
39 644 5 9 72 8 3 12 49 7 1 82 299 6706 15 7414 88 5 916 14 1289 19 0 4 0087 08 417 17 9145 8842 8212
12314 8695 93075 8462 9111 3 2 36 95 82960 719 8612 9886 9397 3413 57048 179 9794 9324 53288 1153 125595
9 2 5 4 5916 45 10 8 5 12 9 4 8 1 89 7 2 9 4 9 1 712 12 05 9 8 95 17 03 591623 137 8163 039
523 173 8 9 06 8 2 12 89 8 7 02 985 9219 19 2314 12 4 987 13 1715 82 9 5 7980 12 975 62 0245 8874 8912
10363 7039 47255 8469 6321 3 6 11 96 72662 545 8916 5812 5218 7639 22074 034 5104 5912 57289 1159 551898
9 4 4 6 5123 05 65 3 5 05 9 2 9 0 48 6 3 1 4 3 4 818 82 45 9 8 24 68 93 899225 125 8195 258
024 773 5 9 92 4 2 17 79 0 6 88 888 6207 15 2388 92 6 432 84 9925 36 5 5 2289 57 444 82 4595 8892 9912
18313 1135 67265 8742 5069 8 5 95 42 57192 445 4617 9860 6690 9413 12611 848 5137 5657 59690 1753 625348
9 2 2 9 5887 67 04 5 7 12 9 4 9 1 28 3 9 1 4 5 8 912 19 43 5 0 25 18 01 691793 378 8125 510
129 323 0 4 72 8 2 72 25 9 6 95 783 6276 45 5354 12 8 980 18 6286 13 3 5 6786 42 894 83 8145 7710 3818
19813 4001 03215 8616 5121 2 5 25 98 66944 815 2916 0840 1535 5619 02634 028 9862 9929 53387 8753 868168
5 3 3 4 3163 45 16 5 5 52 0 2 5 8 24 2 9 1 6 9 1 912 92 84 9 9 24 15 23 899249 900 8979 596
320 167 5 9 14 8 2 30 79 3 1 85 787 1214 08 6314 19 5 912 16 5247 79 3 5 4264 72 415 17 2847 5812 4927
12753 9138 88287 8371 9608 0 5 77 09 12566 888 9912 9718 1615 5815 12825 824 4134 5912 59218 8153 191678
6 5 0 3 6103 46 17 5 7 92 9 3 0 0 28 9 2 7 0 5 1 919 12 46 7 8 32 12 23 057206 944 9191 556
323 923 5 0 10 5 2 12 89 0 1 82 987 1854 17 2388 12 0 993 94 9665 17 3 9 1839 45 797 90 9753 3912 6906
12417 9168 13115 8716 7120 5 9 06 98 96885 015 8913 9800 0815 5693 10038 933 6033 1355 89154 9552 129698
1 2 9 4 5093 45 12 5 5 36 9 9 7 7 44 9 2 1 1 5 1 958 92 65 6 8 97 02 93 891958 624 8073 750
125 117 2 9 93 8 2 12 88 9 4 69 889 1019 98 2314 15 4 059 14 7277 53 3 7 1279 78 415 19 2168 8712 9812
12012 1557 93615 8742 7984 3 7 88 98 65102 491 8952 0852 1715 5413 88855 109 5774 5317 83217 0146 935998
1 2 3 4 5579 37 82 7 5 10 5 2 0 7 28 8 6 7 4 0 0 316 69 40 8 5 20 63 28 899227 124 8928 556
123 663 5 9 78 9 2 12 48 8 1 72 986 1045 96 2340 92 4 869 13 1715 10 8 0 6269 12 413 12 9135 8752 9910
77308 1639 13905 8612 5561 3 5 14 48 12397 815 8919 0819 1215 1007 02235 597 5536 0315 63213 5883 128558
2 2 7 6 5523 45 82 9 5 12 6 2 7 0 20 9 2 9 4 9 0 912 13 34 9 8 94 13 89 491603 184 9124 589
423 073 6 6 96 6 2 82 84 5 1 70 974 1214 15 2387 16 8 919 14 1295 12 8 5 3216 68 415 52 3172 8786 0002
17743 1335 69218 7702 5156 3 5 19 98 62654 213 3912 9812 1718 1469 16777 000 7494 5810 41019 7053 122192
9 2 7 6 0127 46 32 3 4 12 9 2 1 0 28 9 8 5 9 5 7 906 92 48 8 5 23 00 23 376833 174 8189 596
923 129 3 7 32 8 2 11 79 6 1 86 807 8618 64 0364 18 4 918 84 1275 62 3 5 1887 17 675 19 2995 8759 5848
12716 6787 13412 8517 5521 3 5 08 93 96185 998 7463 9886 8215 5513 42878 157 4144 7622 02277 5883 127598
9 8 9 0 5729 42 12 5 9 62 3 2 3 9 98 9 2 1 7 7 1 012 12 45 8 8 20 14 63 961233 744 8799 555
118 773 5 4 32 8 8 72 54 0 1 82 987 8711 38 9054 16 9 912 14 5256 82 3 9 1489 12 415 97 0045 8815 5712
42310 1835 48215 8752 5161 6 5 42 39 42172 875 8712 9618 6789 6483 14215 163 8984 2372 57913 6704 785398
5 2 3 4 5123 02 12 8 3 12 8 7 4 1 58 9 9 5 4 9 1 823 76 40 9 0 24 12 37 593869 824 9743 446
87 825 5 9 13 8 0 42 89 3 7 44 928 9919 15 0384 10 4 902 04 7005 72 2 5 1288 13 515 32 2955 8774 8882
12398 3535 13206 9744 5020 3 7 12 98 86922 957 8912 9852 6285 8019 12110 128 5172 5312 53213 8151 365999
9 2 5 9 5993 55 31 5 8 19 9 5 8 1 28 6 4 1 4 9 1 851 02 99 6 8 84 73 34 051206 189 6125 058
127 157 5 9 82 8 0 18 99 7 1 61 977 9919 18 6324 02 4 816 34 1296 64 3 6 6589 02 165 19 8402 5987 8402
19317 1305 18550 9795 5181 3 8 12 98 18175 818 8512 5992 5305 5403 10938 824 5935 8312 82507 4100 527998
1 2 3 4 5193 86 10 5 3 02 4 6 0 3 17 9 9 7 4 5 1 760 12 45 0 8 34 18 80 897818 826 8002 027
163 623 4 5 91 7 0 17 39 5 1 87 967 8279 29 2364 12 4 452 98 1255 18 3 7 6269 92 805 92 7160 9719 6022
17318 4879 93435 8983 7121 5 5 92 98 12982 619 8957 2512 1225 5717 02337 154 0439 5395 73206 1683 187757
6 9 3 8 5723 95 12 5 5 19 9 9 9 1 20 6 3 0 4 5 1 479 16 45 9 0 58 72 23 897293 127 9543 550
163 763 3 9 45 8 9 12 87 7 1 99 967 5205 65 2916 15 4 972 68 4298 10 8 5 1889 12 430 02 2155 7612 8972
12373 1734 10265 8351 8621 3 5 80 85 74152 819 6502 0592 1655 7417 98215 526 5787 4310 53219 1183 315198
1 5 7 9 5120 08 32 5 6 12 9 2 7 1 78 5 8 6 5 5 1 939 17 55 9 8 23 52 83 699827 206 7426 606
573 919 5 4 39 4 8 90 86 7 1 82 905 6064 15 6471 64 5 912 92 1798 19 6 5 1247 02 713 12 2105 8992 0012
16316 8175 13277 2212 8551 3 5 75 98 12679 985 8992 9617 2273 5873 14265 924 5004 9162 58716 1789 129145
1 8 5 6 9583 45 12 5 1 77 4 2 7 1 22 9 3 3 8 6 1 517 99 49 9 8 79 12 23 893670 324 7993 536
123 150 5 4 12 8 9 12 39 8 1 62 887 1294 15 0314 04 5 952 36 8245 72 3 5 9389 32 789 15 2730 8718 7714
54416 8145 13987 8877 1161 3 5 66 89 12182 715 8002 9372 1896 5787 12217 188 5085 5318 59713 4758 129798
7 6 9 9 7847 56 87 0 8 72 0 0 7 0 28 3 2 1 4 9 8 992 11 05 9 4 48 72 23 893183 179 8993 586
137 125 5 0 52 8 8 09 84 4 1 82 901 8219 92 1375 38 4 984 14 1215 86 9 4 9884 15 674 82 2595 8019 2912
62016 9937 16269 8091 5128 3 6 86 97 12192 197 8900 7917 8255 5413 62893 104 1136 5747 64243 0649 176679
1 2 7 8 9723 49 12 5 9 12 5 2 6 1 66 6 2 1 7 5 4 792 10 85 9 8 27 10 03 641023 025 8483 456
129 563 9 8 92 8 0 19 89 6 1 82 900 4214 85 6314 12 4 518 51 5276 12 3 9 3880 95 415 12 6135 9238 9998
59713 1687 17015 9712 3051 4 6 58 98 71088 815 8977 8097 7212 0414 78985 944 5134 5716 54616 1953 125148
1 6 2 4 9820 45 12 7 5 72 9 7 2 4 27 7 2 1 4 4 9 713 06 45 9 8 64 72 70 887823 704 7569 156
999 583 6 9 42 8 2 69 39 9 1 35 906 1234 37 4818 82 7 998 10 1219 12 3 7 8859 11 918 14 2143 8982 6202
42313 1135 16215 9772 0071 6 5 97 97 15192 817 8062 7812 3263 2607 12217 124 4156 5319 73873 1253 065193
8 7 9 6 0856 49 19 8 5 02 9 8 3 5 28 8 2 1 7 5 3 953 12 99 9 8 98 07 23 236973 904 8723 506
118 957 0 9 99 8 9 32 88 9 0 95 997 1227 75 7317 07 4 202 94 3297 12 3 7 0287 12 405 32 2948 8215 7314
12066 9175 93210 0752 6128 3 5 02 66 18197 818 7502 9918 3285 5483 69215 799 7134 5472 53444 1563 882198
5 2 3 4 1143 48 16 5 9 18 4 2 7 9 66 9 2 1 4 8 1 817 19 50 9 8 74 12 78 591223 124 2129 552
543 126 8 9 79 8 2 65 82 6 1 82 987 3006 25 2858 16 4 016 14 1246 12 3 5 0995 97 015 12 2198 8960 8312
12612 0155 95216 8782 5271 3 8 72 67 42885 155 8967 6642 1795 6413 12288 128 7185 1757 53503 1159 925199
1 7 3 4 5063 65 52 8 5 12 9 8 0 5 50 7 2 1 4 5 8 515 17 40 9 8 28 82 05 891940 326 3827 579
57 113 2 0 72 9 2 46 88 0 1 18 909 5218 08 2014 17 4 947 89 6915 12 1 8 1286 50 665 12 9145 8777 5912
92003 6635 61093 8322 8920 3 5 72 98 97846 718 8377 7902 1205 0712 50255 129 0130 5792 29393 8653 179198
2 2 3 4 2166 68 60 8 9 72 9 7 5 1 28 9 6 0 4 8 5 612 17 41 4 9 76 13 69 651459 193 8043 996
123 593 9 6 10 8 4 12 80 7 5 92 687 7214 65 2375 72 2 782 14 1514 12 3 5 1249 18 915 26 5640 9718 8912
14383 4135 73215 8712 8026 5 5 63 50 12176 819 8912 4862 1510 6415 64215 545 1634 5215 26013 8150 125498
1 2 9 4 5163 54 09 6 6 92 9 5 7 1 68 4 2 1 4 0 3 592 06 45 8 5 24 12 87 501629 176 8689 956
793 623 5 6 69 8 4 98 39 9 0 59 989 3880 15 2384 16 4 907 34 1085 65 4 5 7977 12 618 12 2295 9416 5914
94883 4955 63265 8912 5845 8 5 14 54 90482 905 0932 9899 3715 8433 12215 827 5564 5377 59913 1853 925998
4 1 6 4 9529 15 92 5 5 84 9 2 8 1 26 5 8 3 7 5 1 112 52 45 9 5 63 92 73 991773 124 6173 006
855 720 5 9 12 6 2 76 59 9 9 89 997 4924 65 2984 12 4 578 99 7019 67 3 7 8384 62 415 15 4612 7312 8873
19393 9505 85313 8515 9123 9 5 88 48 02735 895 8412 7155 9715 8413 54275 123 5534 6412 63219 1453 525196
0 8 6 8 6123 99 88 5 5 82 7 2 8 9 41 9 6 1 7 5 3 919 60 47 9 8 24 18 23 698733 924 9929 557
197 924 5 8 10 4 7 19 39 7 8 82 988 1216 75 2314 17 6 812 76 1795 12 7 1 4246 16 416 18 2540 8880 9818
19103 1185 13465 0392 5021 3 0 14 38 52142 515 8982 3826 4819 5013 17275 124 5101 5312 63218 1453 075188
9 5 5 4 5023 45 12 5 5 19 9 3 6 1 28 6 7 1 9 5 2 912 16 48 7 0 54 02 27 921829 785 5789 669
825 705 5 9 12 0 8 12 89 0 1 88 924 1014 85 5319 92 4 923 54 1265 11 3 6 1789 12 415 12 2348 9712 7989
12413 1589 16285 8753 7021 3 5 19 58 70539 058 9762 9875 1814 5853 18588 524 5134 8331 08218 1945 622139
1 8 4 6 3023 83 62 5 8 75 8 2 9 6 28 7 0 7 5 0 2 912 92 49 5 5 54 78 56 711223 169 8143 957
628 324 8 4 14 9 5 12 80 8 8 52 327 7917 14 9714 82 6 912 12 0919 99 5 7 1208 49 458 63 2749 8719 6452
12358 1192 14265 8710 5892 3 8 42 95 19784 910 6992 2817 1299 5488 12258 924 8139 5842 83813 9758 665168
7 4 9 7 5823 48 23 4 5 16 9 2 3 7 58 8 8 5 7 5 2 458 62 42 9 9 44 92 24 690224 184 8174 556
129 328 5 0 92 2 3 32 89 8 1 99 988 1484 13 6814 16 8 712 19 4015 69 9 5 1270 17 473 11 2845 8192 8514
62913 1179 74515 8714 5120 3 8 12 98 62892 810 7912 9552 0265 8910 82215 768 7534 3972 97043 3653 196098
1 2 3 8 8128 84 32 5 4 92 8 7 6 5 19 7 3 5 8 5 1 469 15 48 9 6 24 10 23 891249 194 5580 658
129 173 5 5 78 9 2 12 85 7 9 82 598 1200 15 4516 14 4 989 73 7717 19 9 5 7286 12 405 15 9245 8912 8010
35576 0385 03978 8352 3148 0 5 02 98 02972 315 8992 0817 4245 1413 12085 137 2936 9313 56215 1853 128164
8 2 8 4 2023 88 12 5 9 70 0 2 0 2 08 9 7 1 7 5 9 994 92 96 8 7 27 60 79 880827 109 8353 295
127 992 1 9 12 6 2 84 89 3 2 82 953 0614 15 0314 12 6 582 15 1434 22 3 7 1799 92 415 37 7640 8816 7910
17643 8135 18018 8698 5021 9 6 78 38 09866 885 8972 7819 1214 7453 18805 924 5834 5302 03413 1153 922119
1 5 7 8 5653 95 62 9 0 12 2 2 8 8 08 0 2 1 6 5 7 712 77 46 8 8 28 12 88 596973 174 8127 556
194 456 9 9 82 9 2 12 87 7 1 84 976 1234 15 2810 92 7 910 84 1245 18 3 4 0289 19 117 18 4649 6719 0988
14317 0535 63205 1722 5181 0 7 12 90 12042 557 0719 2818 1231 5416 90239 258 5934 7332 59213 7336 723198
9 2 3 7 5193 09 82 4 9 59 5 8 6 1 78 0 2 1 6 5 5 912 71 45 9 8 85 19 82 896790 100 8327 814
99 967 5 2 42 5 8 22 89 0 2 22 480 6614 17 8554 91 9 265 06 6615 12 5 5 9783 10 415 12 2179 8712 8314
84874 9155 53235 5272 5925 3 8 19 97 10178 016 3979 9792 1756 5493 87215 338 5139 7602 59216 0879 125193
5 3 3 4 5123 71 51 6 5 68 9 7 8 1 05 9 4 0 4 5 8 918 82 45 8 7 24 12 58 791283 337 6129 526
823 923 5 3 10 0 2 72 89 7 3 92 896 1816 15 2310 62 6 796 14 1885 12 3 7 1276 12 499 91 2146 8785 8112
98899 1777 96212 8766 5909 3 0 17 98 19932 865 7911 6819 8975 8436 18275 183 6134 4312 74593 1703 926193
7 2 3 4 5120 48 12 0 2 12 5 2 9 1 70 8 4 1 9 5 1 092 12 83 9 9 44 68 23 791073 534 8849 556
133 823 7 3 19 8 2 12 99 5 1 87 287 1284 15 9388 12 9 999 54 7035 48 3 2 3289 22 885 10 6107 9512 8912
17313 1136 13995 8719 5685 8 5 82 98 12307 880 5671 4812 4215 5474 52265 124 7194 8076 59213 5581 145198
5 2 2 6 6829 65 15 5 4 92 9 1 0 1 77 7 9 3 3 9 4 912 29 08 4 8 29 16 28 870216 187 8123 556
545 103 5 9 62 9 7 12 39 7 9 82 919 1014 89 2317 19 2 613 97 1815 92 5 5 7289 39 390 15 0024 8756 9908
62610 8165 15830 9712 8881 3 2 12 98 50788 865 8812 5612 7210 5458 56497 524 5134 5012 53813 3862 137198
1 9 7 9 2143 72 12 5 5 14 9 9 7 5 28 0 2 1 9 5 7 562 14 55 9 8 74 12 26 899263 126 9723 259
223 173 5 9 52 8 9 56 82 2 1 82 987 1218 15 8514 02 4 912 28 0715 04 3 5 1999 54 454 12 2198 8715 8918
96934 1438 13262 5692 7100 2 5 60 78 12142 874 8917 9619 8715 4348 17455 324 7134 5810 53269 3123 827798
1 6 3 1 7128 43 97 5 8 16 9 2 3 9 77 6 2 3 8 6 7 672 85 93 7 0 75 18 28 809993 927 8224 553
565 127 5 6 95 8 7 12 86 7 1 84 970 8864 15 4610 98 4 912 35 1259 12 3 5 8989 98 415 72 2195 6712 8479
92380 9165 19215 8618 5105 6 5 12 98 52916 815 8912 9888 0715 9478 52855 484 5100 5952 81210 4157 495898
1 6 3 8 9923 72 92 3 5 82 4 5 8 1 59 6 2 7 4 6 9 681 10 35 9 8 94 62 73 891273 104 8528 376
923 105 0 9 12 9 5 52 32 7 1 89 327 1854 16 6074 42 4 012 71 1868 29 5 6 8089 72 719 13 2945 8712 8998
13314 1130 63848 4882 5128 5 5 18 97 12172 813 8802 2856 5285 2819 99119 324 5134 8066 55219 1656 125198
9 7 3 7 5523 65 15 9 7 92 9 2 0 6 29 5 2 1 9 6 1 610 16 74 8 8 54 12 88 821026 867 8177 546
660 193 9 9 11 8 2 88 04 2 7 40 987 1694 16 2314 62 4 910 15 1275 12 5 7 1489 86 414 92 9645 8982 8717
19323 6130 13285 4732 3679 4 5 17 38 72282 947 2996 2852 1283 6013 12516 024 4819 5312 84314 1173 195498
1 2 3 4 5193 84 60 5 5 32 9 7 8 4 28 9 2 6 4 7 1 897 92 58 4 9 26 72 03 497236 626 5797 844
476 473 5 5 38 8 1 12 80 4 8 32 285 1264 59 2316 87 0 401 44 1615 12 5 5 1269 10 485 12 8145 1782 7912
12313 4138 16718 8010 5179 9 5 62 87 82158 815 8942 5930 1515 4469 17275 724 6394 9397 64211 1353 185158
9 0 9 5 5120 45 10 8 4 12 0 2 8 6 45 9 2 7 0 5 1 532 22 47 9 6 34 18 63 861260 734 5125 896
839 623 5 4 92 8 2 12 85 8 1 62 767 1308 95 2316 12 4 912 65 1217 12 7 5 1278 89 739 17 2185 8013 5952
46390 0188 19905 8512 4191 0 5 37 78 82887 816 8992 0613 8215 5953 52290 968 5184 5312 87203 1453 054896

47397 1588 13215 8554 5424 8 0 12 68 00182 815 7952 9960 8815 9496 51223 724 5194 5805 53213 7653 125989
8 5 8 4 5123 75 32 5 6 86 9 2 3 1 28 9 8 8 4 5 9 907 55 55 9 8 74 93 54 899888 134 6989 525
933 154 7 9 10 8 2 35 89 5 1 42 781 9528 15 2574 15 4 966 14 9212 12 3 4 6287 12 715 26 5135 8912 8916
12711 9135 29831 8712 4181 8 9 48 68 14410 845 9710 9812 5205 8447 71218 925 8117 5674 99633 1153 525195
9 2 3 4 3173 98 22 4 6 52 9 2 0 1 38 5 2 8 4 8 1 114 82 49 0 5 24 93 03 899159 924 4753 876
57 983 5 9 12 8 2 32 88 7 1 42 897 4278 69 2614 06 4 919 14 1213 82 5 3 1289 16 485 55 3745 9756 8912
12313 4545 13840 8035 5191 6 5 12 79 82153 876 8686 7012 1202 7463 12255 197 5094 7912 58887 0159 195878
1 9 6 9 5285 35 12 2 5 30 9 0 0 8 27 0 3 1 1 5 9 946 12 45 5 5 24 99 73 798223 184 5143 527
383 683 7 9 16 7 8 24 82 8 1 88 907 1904 15 9014 12 4 510 19 1275 16 3 9 1209 10 405 82 2195 8719 8905
12353 9798 93272 8612 5529 3 5 19 40 12842 924 9912 9812 7818 0441 18210 194 7734 9397 97867 7458 126108
9 2 5 8 5123 90 12 8 0 82 5 2 3 4 46 9 2 1 4 6 7 982 17 95 7 3 20 32 27 557029 127 8024 056
123 913 5 5 19 8 2 62 89 7 7 84 784 1304 15 2314 79 4 372 54 1815 15 6 5 8282 12 410 19 3145 8792 8972
84960 1137 16214 7716 7129 0 6 62 98 52172 995 9979 5712 9845 5853 76579 124 5134 3346 73218 1189 835896
1 9 9 4 9023 92 77 6 2 12 9 2 7 3 28 9 4 8 0 5 1 718 72 87 0 8 34 11 48 997863 824 8388 886
523 023 9 9 82 8 5 22 89 4 1 77 967 1018 59 7335 12 0 982 14 9278 62 3 5 9353 12 806 82 8277 8705 8915
32313 1430 33285 9552 5821 3 4 12 90 06812 519 3982 9853 0418 8433 62217 926 4634 7469 53210 1473 177828
8 2 6 2 5223 42 14 5 9 19 3 9 0 9 29 8 8 1 4 5 6 762 92 55 6 8 47 12 63 899233 724 7045 556
822 873 5 7 32 3 7 19 87 7 8 05 385 0597 15 7316 16 4 912 14 1215 55 3 5 4385 12 015 12 7245 6798 8712
12313 1333 19714 8012 5171 3 7 82 68 12802 815 8984 9812 3255 2419 37216 154 4148 5899 53210 9198 135199
5 9 3 4 3824 49 32 8 9 99 1 2 6 8 68 7 9 1 4 9 4 012 18 45 9 8 29 18 00 745928 587 8193 819
622 127 5 1 66 7 2 13 59 5 1 82 888 5118 02 2880 16 4 912 95 1395 12 3 5 9277 12 716 26 4147 8719 8190
92587 1980 10710 8708 5821 6 0 19 98 92292 815 8912 7012 9895 5469 89955 174 8252 5272 53219 9953 545879
1 7 3 4 4670 47 12 1 3 17 9 2 5 1 28 9 2 8 9 5 6 322 18 45 8 5 29 42 88 801558 168 8123 556
473 103 8 7 60 8 9 02 89 7 9 84 897 1660 15 6814 12 4 912 78 7285 10 3 5 0081 05 215 12 5146 8981 7818
12098 1836 16255 8062 5428 3 2 18 98 15702 237 8912 9512 5718 5419 17085 124 5194 5315 83593 1153 154139
5 5 0 4 5173 37 16 5 9 84 9 2 9 1 29 9 0 6 4 5 7 112 19 58 6 8 77 18 61 895293 449 1823 559
439 991 5 9 89 8 7 02 89 2 5 82 982 1204 15 8580 12 4 908 14 1217 19 5 4 1985 99 625 82 4743 1712 8948
12997 1030 18099 8812 5984 3 5 02 99 12175 513 5959 9012 4075 9548 16215 264 7648 9912 53213 6103 125866
1 2 5 4 5140 15 15 5 5 12 9 8 9 9 13 3 2 6 4 1 1 314 10 40 9 8 97 12 73 791483 128 8165 556
673 195 5 4 02 8 2 98 09 8 1 86 994 0215 95 2614 82 6 912 14 1595 16 3 5 1285 85 418 52 8585 6072 0612
30307 1139 93255 8702 5130 3 6 15 95 97180 817 8919 5517 3695 8873 40815 628 5834 3017 13357 7293 125731
1 8 6 4 7123 95 82 5 7 52 9 2 7 9 21 4 2 1 4 5 9 962 12 40 8 6 44 27 29 891423 129 9828 876
193 120 9 9 61 6 7 01 69 8 8 82 868 7214 85 2754 13 4 550 15 2235 12 3 8 9259 34 615 12 2949 7746 5392
1 0 3 7 3023 49 72 5 4 17 9 2 5 1 42 9 7 9 7 5 1 912 15 49 9 8 71 79 25 283024 109 8523 556
103 193 7 9 03 8 2 12 89 6 0 62 970 1014 59 2312 12 4 719 04 6793 07 3 6 7787 26 969 59 2945 8916 8984
77085 1235 76819 8792 8781 3 5 52 88 72207 704 7362 9812 1217 3213 92715 163 4864 5703 03363 8170 023738
7 9 9 4 5523 41 07 5 5 10 7 3 9 1 48 3 8 3 4 8 9 952 79 45 4 8 47 18 13 881983 124 8597 556
85 423 4 3 94 8 2 18 59 5 6 52 119 4934 73 2312 88 4 919 78 1246 82 9 5 6283 02 445 61 0949 8712 4482
82018 1937 48245 0796 9567 3 5 19 58 12182 025 0656 9612 1210 5413 02015 284 5222 8315 93089 3883 123110
1 5 3 0 5026 45 15 5 9 12 6 9 9 5 28 1 2 1 4 5 0 769 12 45 9 5 67 12 03 853284 920 7523 017
426 196 5 9 15 6 6 69 89 8 1 01 930 7724 95 2968 12 4 946 44 1210 22 3 5 1759 86 490 16 2969 9879 9072
12390 6134 63948 3713 5128 3 6 12 37 17182 815 8610 8816 8215 5913 12449 225 7735 9292 53017 1109 105115
1 5 3 4 5123 97 95 5 7 12 0 2 8 1 48 0 5 2 7 5 1 912 16 55 7 5 24 66 23 861539 134 3123 250
593 913 8 9 46 8 2 86 38 8 1 52 988 5290 45 0384 12 4 919 74 2817 91 6 5 5489 05 479 12 7045 7722 8911
92375 3135 13299 6982 6521 3 5 12 98 05106 835 8875 9932 1255 7413 52286 193 9136 9313 43403 0199 375793
7 2 3 4 6528 45 92 9 5 12 6 2 0 6 26 9 2 1 2 9 1 932 72 47 9 8 24 19 28 997523 120 5178 655
005 425 6 9 92 8 2 16 99 7 3 07 987 9874 77 2314 11 4 912 88 6249 14 7 8 5995 44 419 76 2746 2778 3982
12643 4135 16969 0769 5547 3 5 58 88 01152 475 9909 9818 9295 5579 02588 669 5133 4012 33818 1163 025898
9 9 3 4 5126 42 12 5 0 68 8 3 8 3 43 9 8 9 5 7 1 912 12 49 7 2 24 16 74 791963 124 5722 538
629 518 5 3 12 7 8 89 69 8 1 82 383 8262 85 0619 15 0 912 68 1219 15 1 8 1489 82 717 64 5179 8192 6712
62313 1136 97115 9796 7128 3 5 12 48 02741 817 8987 9812 9463 5836 12115 574 3184 5360 93213 0158 128198
7 2 6 5 5129 29 52 5 7 18 9 7 0 1 28 9 2 1 4 5 1 710 92 45 7 6 54 62 24 081823 126 8531 546
117 163 6 9 12 8 2 80 87 8 3 10 987 7232 10 8913 17 6 219 04 5214 12 3 0 6206 12 698 21 2985 0860 9892
32693 1978 13715 8717 5779 0 0 10 69 19195 810 8919 0657 5715 8963 80915 624 5514 2314 53274 9073 625148
8 2 4 8 5193 55 12 4 5 18 9 7 9 1 68 8 6 5 6 5 1 899 12 45 9 9 74 10 29 699734 684 8123 556
173 098 5 9 16 9 2 12 89 8 8 67 987 1087 16 8317 12 4 414 74 1218 67 6 5 9073 12 510 62 2374 8726 8912
17313 9635 73213 8912 5171 5 7 15 98 72162 565 8949 3892 3218 6419 82585 124 0195 9745 23667 1653 075141
1 2 3 4 5163 65 19 8 8 89 8 2 9 8 68 7 4 9 4 5 1 905 83 42 1 8 09 82 23 867924 927 8151 556
893 170 4 7 30 8 2 12 89 7 1 98 987 1514 09 2717 11 8 881 54 2819 12 3 7 1382 29 567 10 2359 8802 4918
22308 1167 63215 0017 5121 8 8 10 98 92102 817 8816 3012 6015 6006 42275 765 0534 5913 53318 1553 183198
1 9 6 6 5183 75 72 5 7 12 9 3 9 1 20 9 2 1 7 5 1 652 82 69 0 8 47 03 73 476006 126 8933 498
967 923 7 9 12 8 5 10 69 5 8 97 137 8764 95 7362 72 7 912 13 1274 72 7 5 1229 36 027 11 8046 7118 0785
13739 1335 87335 1712 8807 1 0 62 94 07152 879 8970 8921 1298 5513 12266 996 8164 5585 43113 4953 625549
1 6 3 4 5804 45 37 5 5 35 9 2 4 1 47 0 2 5 8 5 1 912 97 45 0 8 94 74 17 899254 126 8103 606
923 163 4 9 14 8 6 62 84 8 1 39 977 1218 11 2814 96 5 810 39 1773 13 3 5 6290 62 485 12 9345 9912 8817
94914 7135 14313 7732 6128 2 5 48 99 32732 888 8920 9858 9215 5474 22310 824 6884 4373 87623 1153 185199
0 2 3 5 5043 45 87 5 8 92 9 2 7 1 74 9 2 1 4 5 1 972 18 05 0 7 24 18 27 893853 144 6800 456
963 820 5 5 11 8 2 72 89 9 1 82 603 1319 95 8314 92 0 968 16 9318 42 3 5 1983 83 935 12 9145 8688 8689
12117 1145 65918 8719 5198 3 6 12 99 92972 895 6808 9918 9757 6310 19215 218 5934 7312 50213 4463 195384
5 2 9 5 4122 48 62 5 5 17 7 9 7 1 28 9 2 6 4 4 9 985 77 75 0 3 84 96 26 891729 534 0228 706
59 614 5 5 99 2 0 70 79 4 3 95 964 5214 76 2314 12 0 933 14 0919 42 3 5 1244 42 513 32 3995 8719 6812
52313 7995 93992 3782 5981 3 9 52 99 12192 815 0917 9712 1516 5903 02215 420 7759 7317 54215 1103 835168
1 3 7 4 5808 44 17 5 4 87 9 3 9 1 28 0 2 1 7 5 8 998 12 83 8 8 99 72 68 795527 185 8673 556
539 128 5 9 13 8 2 92 89 9 8 82 927 1517 35 2304 92 8 918 94 3214 72 0 7 5839 02 113 10 6145 8386 8900
40309 3791 19815 8998 5931 9 7 89 97 58432 870 6575 9899 7985 8416 95815 024 0134 5929 53217 1151 192198
9 2 9 4 0148 48 80 5 5 12 9 8 7 3 28 3 2 3 6 8 1 582 10 35 7 8 94 92 23 891728 185 0883 803
667 977 4 9 99 8 8 42 69 6 1 38 629 1214 57 1894 18 9 910 96 1280 18 3 5 1289 96 745 62 2125 8340 8317
15394 1735 07215 6729 6181 7 0 85 98 18084 832 3912 8852 9315 4490 85215 124 0534 5689 93913 5350 135190
1 8 3 4 6173 49 12 5 5 95 8 7 6 1 28 9 2 6 4 6 1 472 77 05 9 4 54 72 78 891279 124 8723 253
606 103 5 9 14 8 2 22 59 7 8 36 964 1804 09 2315 39 4 916 19 4713 12 9 6 1689 30 419 12 8145 6812 8586
14953 1136 77618 8619 5896 8 8 52 98 92992 915 8984 5812 1734 1955 12715 484 5124 5387 53553 4355 199195
8 2 3 0 5193 45 17 5 5 03 9 0 0 5 29 8 2 0 9 8 1 312 13 97 9 8 04 52 50 881140 614 6526 859
725 125 9 2 16 8 7 12 29 9 6 42 869 1254 45 2394 62 9 722 19 3975 19 3 5 5284 12 889 15 2347 6812 0814
83919 9165 19218 4788 6861 3 7 67 68 02142 813 2982 0749 9015 7586 17684 134 5133 0316 53813 1753 385188
1 4 8 4 4163 05 72 5 3 62 0 2 8 1 48 0 5 9 4 5 3 949 12 79 9 3 19 92 25 961273 623 8527 546
154 469 5 9 19 8 2 10 84 7 2 82 987 1616 94 8314 14 5 952 16 5217 72 3 7 1086 92 915 16 8145 6712 8992
13313 1133 60203 2912 5521 3 5 62 94 92389 919 8984 9818 1415 5413 62209 793 5954 5562 56290 9053 125438
7 2 6 4 1199 29 18 5 5 60 9 2 9 1 98 2 5 1 4 2 5 552 12 87 8 4 70 17 21 721304 194 8953 558
718 653 5 8 19 0 8 12 89 6 5 42 082 1185 94 2578 16 6 618 49 1715 92 3 1 5589 50 412 14 6145 8712 8972
12509 1419 53219 8717 5120 3 5 12 94 19867 713 9972 8810 1215 5413 20290 126 7104 5502 58213 1753 125968
1 4 3 9 5686 45 92 7 5 19 9 2 4 8 88 9 7 8 4 5 1 932 89 96 6 7 29 12 23 791923 125 8324 596
987 124 2 8 10 8 4 15 89 7 7 80 979 1217 88 2365 12 4 019 16 6269 84 8 5 1589 62 444 19 3947 6119 8494
52793 7439 83395 6714 5121 3 5 32 98 95142 465 8513 8812 1615 0870 12215 128 0038 8310 63713 5053 125178
9 2 5 7 0129 35 22 7 5 68 9 8 8 1 57 3 2 1 4 9 1 877 82 44 8 7 24 23 23 078223 928 9121 756
173 423 5 0 78 8 2 03 09 7 1 82 997 1265 99 2319 22 0 582 07 1285 12 0 5 5288 64 475 79 6157 8782 0712
12310 9865 63218 6912 5781 8 7 48 98 22146 828 3993 9749 9245 5902 10717 105 9135 5068 03513 1973 625143
1 2 8 5 5458 44 12 5 7 12 9 2 7 0 98 5 2 4 1 3 1 966 10 46 8 9 33 82 93 861574 124 7151 576
023 883 5 9 12 8 5 19 89 8 1 86 506 1224 15 9314 12 9 918 94 9279 19 3 3 4688 19 485 70 8199 0716 9992
02513 1893 93045 8712 5161 3 5 79 38 12006 994 7312 3880 9263 6413 17985 254 5104 6385 53723 8050 694928
1 9 0 8 5623 40 16 5 2 52 9 2 6 4 28 9 9 3 7 9 7 772 72 57 9 9 24 02 26 991829 194 8155 595
193 163 8 9 12 8 2 46 89 8 8 02 987 4324 09 8144 12 8 997 59 5267 02 3 5 1389 92 510 05 7942 9212 1637
18266 4879 33015 8762 5577 3 8 12 38 15159 875 8936 7846 6284 6917 64277 695 5434 3379 61273 7480 098198
5 2 3 4 3123 96 12 0 0 12 9 2 7 0 28 3 5 1 4 5 1 972 16 06 7 8 47 19 73 898223 178 6687 406
59 103 5 9 16 8 2 02 86 6 7 80 937 1388 15 2084 72 4 918 36 6215 12 4 5 8287 19 642 15 2145 8713 8916
63853 0775 13715 0712 5171 0 7 18 88 14192 865 8919 8712 1055 5213 12215 123 5538 5317 06203 1553 175947
8 2 5 6 6123 40 12 7 7 02 9 2 3 3 27 8 5 8 4 5 3 912 93 92 9 9 29 12 61 890223 904 8196 536
163 920 8 7 82 8 8 14 77 9 9 85 987 4644 16 6368 16 4 819 57 0295 04 3 8 0289 42 417 62 2198 7712 8815
67913 5175 72255 2749 0157 8 5 12 98 33692 918 9866 9812 1615 6796 75215 120 9946 5095 53417 2909 825098
1 9 6 4 5833 95 52 5 4 12 6 2 5 8 79 0 2 9 4 1 6 912 32 46 9 8 24 12 22 835800 124 6123 557
553 183 6 6 12 8 2 14 83 9 9 88 987 6704 08 2968 10 4 912 14 8035 19 5 2 1297 12 455 12 2167 9816 8872
19317 4976 03519 8859 5191 3 5 12 84 13422 819 2910 0819 1615 4485 12055 124 2794 1716 50583 4753 625198
6 9 3 4 3100 65 22 5 3 12 9 2 7 9 93 9 2 1 4 1 7 812 12 91 9 0 27 82 29 898729 125 7436 766
729 123 7 9 52 8 7 82 86 6 6 92 827 1514 02 3364 28 4 968 05 6756 12 3 6 1289 18 415 99 5185 8916 8900
92013 5745 12058 8792 9999 6 5 09 28 12113 288 8912 9856 1415 5479 99496 174 9734 5370 53610 6055 137990
5 2 6 8 6128 45 02 7 5 69 9 2 6 1 90 4 9 1 0 7 5 902 37 48 6 8 28 06 23 493242 174 8728 550
123 933 5 3 12 1 0 12 99 8 1 82 788 6894 85 9760 19 4 965 89 3255 70 6 5 0087 16 057 52 2155 8562 7912
12312 1108 63232 8815 7540 5 5 12 96 57182 576 5714 0816 1415 7404 82215 564 8414 7396 53866 0865 178279
5 2 3 0 5226 05 19 0 7 10 8 2 9 1 28 9 6 8 1 5 7 858 52 55 7 8 26 12 93 691683 127 8123 556
186 015 3 9 12 8 9 12 81 7 6 17 380 6884 15 3354 18 5 783 08 9215 17 3 5 1284 85 418 12 8145 4317 8912
15319 3888 88219 7799 5821 7 4 82 48 82065 815 6812 4812 0412 5419 12205 129 5339 4336 53163 6453 126198
1 9 9 9 1193 45 72 6 5 02 5 6 4 1 08 8 9 1 4 5 7 472 85 95 5 8 99 12 27 561360 350 8724 466
820 423 5 9 39 8 2 97 89 5 1 82 887 7216 65 2314 16 2 912 13 5979 82 7 2 1509 79 419 12 2115 4015 8469
12316 6934 45417 8719 5162 3 0 12 86 12862 861 1602 5812 1586 6518 12965 185 9940 5338 03604 9118 135198
7 3 3 3 5923 45 59 5 9 04 9 7 8 0 78 4 8 7 4 2 8 953 12 48 9 3 04 10 23 818033 838 8123 973
913 473 5 9 12 8 1 82 50 8 8 89 788 1730 15 2090 92 8 982 97 1604 32 9 8 1287 97 475 00 3605 5788 0311
30302 7735 33808 8712 5121 3 0 32 98 76052 305 4303 6596 6576 5493 29719 964 6096 5366 98273 1133 735799
1 7 9 4 1620 49 52 0 4 52 9 8 4 1 28 7 8 3 4 5 1 412 39 46 9 2 24 18 73 841223 828 7687 589
427 543 5 8 62 7 2 18 87 6 1 12 987 1924 85 2357 19 9 692 65 1215 12 3 8 1069 77 475 98 3149 8792 8865
26843 4880 93481 1782 7921 6 7 10 90 14187 210 4652 8872 0568 7453 12766 124 5037 5807 56213 6183 885098
1 2 3 4 9127 97 12 7 5 51 9 5 2 7 48 5 6 8 4 9 9 619 92 45 8 8 04 12 53 991525 124 8863 756
629 423 5 5 02 5 4 14 89 8 9 82 697 7484 94 2614 15 7 483 34 1281 72 3 7 1229 12 495 62 8545 3312 8414
80313 1137 94110 0718 3903 3 5 32 98 84988 815 8942 8646 1215 5717 18205 889 5494 7112 59217 1159 785967
4 6 3 0 5083 25 19 5 5 73 2 6 9 1 28 9 6 7 6 5 0 086 42 49 9 6 24 12 28 921229 774 8173 556
123 455 7 8 16 2 7 92 69 9 1 92 047 2315 21 1934 97 4 222 04 1953 14 3 5 7284 19 485 12 7645 8728 1902
12303 5672 13145 8739 5182 3 6 12 93 02185 015 8802 9812 1085 5488 12281 620 0405 3773 43216 9191 825198
1 5 8 4 5523 35 12 3 8 60 3 3 9 7 29 7 7 1 4 5 1 292 18 45 0 8 24 66 29 811223 122 8359 856
58 123 5 9 62 8 2 52 09 7 1 82 782 0214 15 4359 78 9 986 44 1297 89 3 9 1559 16 495 15 2545 8702 8712
17317 4195 73216 8719 2181 3 6 12 56 18522 805 9012 9483 4210 5494 22618 145 5139 5312 05273 6557 120194
3 0 5 4 5903 05 92 4 9 52 9 0 6 3 28 9 2 1 4 7 0 939 18 37 1 9 28 72 23 887223 926 8893 157
223 783 9 0 52 8 2 09 89 4 1 98 981 5776 76 2716 98 2 782 16 1686 12 8 5 1999 12 410 14 2475 9912 8712
70383 7837 99515 8517 4126 0 5 16 98 15132 894 0915 4782 1429 4813 10214 165 8554 5314 74213 1686 059178
1 2 5 4 3124 75 92 8 8 12 3 2 5 9 29 9 9 1 7 2 0 842 12 75 7 8 88 26 27 895298 924 0173 870
273 186 5 9 86 8 9 84 32 9 1 56 787 1092 18 2384 77 4 688 38 1998 62 3 5 0599 12 468 12 5045 1612 8314
15015 1630 11998 8772 6129 4 6 18 88 10147 895 5912 7188 9345 9413 72975 228 5488 2314 59211 1153 865198
1 5 7 6 7824 50 66 5 5 82 3 8 9 5 28 8 2 8 4 5 3 919 16 55 7 8 04 62 53 146723 084 8481 106
183 183 5 9 15 0 2 88 84 1 6 86 987 7264 18 2786 12 4 805 74 1615 12 9 1 1784 12 370 31 2185 8752 3212
12373 6435 87684 8482 4190 8 9 17 48 17186 815 8912 9817 9215 8413 31215 159 5130 9312 58615 1393 165895
1 2 3 4 5125 45 97 3 5 12 5 0 0 1 28 9 7 1 4 9 8 334 95 43 5 8 38 62 93 981247 124 8166 556
243 039 9 9 18 8 3 12 87 8 1 89 987 9218 75 9314 32 4 912 13 4212 17 7 5 1779 32 716 17 6184 5715 8912
62313 9577 15265 8765 5821 3 5 12 88 69171 689 8572 9819 1915 2443 05207 528 5954 4862 93213 4153 126728
9 6 3 4 5105 75 12 5 3 72 6 2 8 1 88 9 2 1 8 5 9 918 62 49 9 0 24 18 63 894203 124 0954 557
723 928 7 2 12 0 2 14 89 6 1 82 787 8084 16 2357 12 4 995 14 7266 10 4 2 1223 65 452 32 2168 8722 8610
93863 9435 14915 6773 6186 3 7 69 98 69179 815 8912 9892 1610 5515 16285 124 5534 5016 57289 5050 125464
1 2 3 4 4703 49 86 5 0 28 7 6 9 1 98 9 7 1 5 9 1 899 15 44 6 8 44 10 81 491933 119 8955 556
183 623 3 9 16 8 2 62 89 9 6 46 947 1297 35 5318 12 4 818 94 1898 26 3 6 1299 12 655 72 2840 6412 0902
59313 1177 19215 9712 9121 6 5 12 98 82192 885 8670 9916 1215 5483 12895 688 5839 4872 53618 6158 125198
3 2 6 4 5153 95 08 6 5 12 7 3 9 9 24 9 2 9 5 5 1 912 12 45 8 8 83 12 23 875525 124 8126 656
113 123 4 9 76 8 8 63 69 8 1 62 017 1264 15 3318 42 9 917 94 8296 12 9 5 1489 12 915 14 2745 8511 7612
16318 1156 16917 3512 2171 3 7 19 98 43162 866 9312 9812 0286 5410 92516 684 5233 5112 53213 1959 390248
9 0 9 4 5729 45 15 5 5 63 9 2 9 4 88 9 7 7 3 4 1 958 12 57 9 7 34 17 63 095223 990 8688 856
990 796 1 9 84 9 5 06 89 0 1 82 987 1224 88 8344 62 5 953 14 1917 10 6 5 9969 82 388 90 0345 8712 9919
22376 9878 63817 6417 5128 4 6 97 90 12642 516 8926 6512 6510 5413 96213 864 8144 8357 83073 3169 139555
6 2 3 4 5499 95 72 5 0 24 9 2 6 7 98 6 2 1 8 9 1 992 78 49 5 8 77 37 23 896623 524 8121 956
983 593 5 9 72 8 4 30 86 8 9 57 867 1214 15 2316 12 9 418 14 7013 04 3 5 1279 00 468 12 2145 0018 8982
58313 4199 09285 8708 5122 3 6 17 98 10155 646 4918 7817 5755 5443 11815 632 5134 5582 50847 9941 128188
0 2 1 8 8023 78 09 5 5 90 7 2 7 1 67 9 8 8 3 5 5 655 92 99 9 5 54 12 22 850220 125 3123 956
177 127 9 9 72 8 9 12 89 9 1 82 579 1244 73 7019 02 4 712 14 9415 18 3 5 9289 12 914 42 8185 8799 1638
14438 1747 16297 2012 9841 5 5 12 79 92852 954 8802 7262 2615 4718 82410 994 4184 5532 59213 9490 165793
1 9 3 6 9023 75 62 5 5 10 9 2 5 8 05 2 2 9 4 5 8 972 42 40 9 8 25 19 11 291273 254 4115 566
56 824 4 4 52 7 9 12 88 7 1 82 967 1014 15 8694 02 4 914 18 1417 12 8 8 1245 85 417 10 0346 8914 8998
12313 7375 03235 7710 5121 4 7 62 78 82142 888 8912 3812 9215 5412 32579 456 5734 5312 53269 7183 195698
0 2 5 2 5173 33 12 1 5 12 9 9 5 1 28 9 2 6 4 5 1 612 50 49 9 8 74 19 83 572299 755 6183 553
123 625 8 9 02 0 2 84 75 1 2 82 583 3215 55 2864 95 4 675 84 7565 12 3 5 6278 12 415 12 5755 8909 9652
46313 1431 13213 8022 5163 4 5 42 98 72182 815 5962 9716 8879 7409 50719 164 7103 0912 88413 6107 920177
1 2 3 6 0928 47 76 7 6 22 8 2 7 1 28 9 4 1 7 7 1 652 14 42 5 6 24 85 25 798922 125 4193 566
694 723 4 9 14 8 9 92 95 8 1 89 987 1784 87 7364 12 4 019 49 7715 08 6 5 7645 19 084 08 2157 7512 8412
74363 1085 85018 8516 7125 4 5 98 55 52075 615 8919 9882 9217 5983 76729 142 9108 5312 76263 9103 185188
4 2 3 5 5620 49 02 7 5 12 9 2 4 2 25 9 3 7 4 5 5 977 14 66 7 1 94 95 23 891245 424 7179 586
723 729 8 9 18 8 7 12 80 0 1 02 983 1444 59 9076 72 4 522 17 1218 69 5 7 3279 12 415 12 9515 8740 8210
10200 8715 23217 7370 5199 6 5 32 40 19826 815 9962 9819 7822 5413 08275 113 5434 5382 63113 9623 929898
6 2 3 7 5123 45 12 5 6 62 3 2 7 1 28 3 2 9 6 9 1 969 14 05 6 6 24 12 93 851281 228 9798 053
433 128 4 3 12 7 4 72 98 2 4 82 957 1524 05 2310 16 4 919 18 7014 12 7 9 8488 72 491 32 2548 8712 8192
19457 1135 19953 9742 5111 3 8 02 99 12185 875 8912 6447 1095 0776 16215 659 5944 6318 59993 8656 147580
9 6 7 7 6193 45 12 5 9 79 8 2 2 8 68 9 9 1 4 5 1 912 14 55 5 5 84 19 33 897886 194 8933 253
823 123 7 9 14 8 6 09 88 6 7 88 977 8984 14 4819 81 6 716 64 1615 82 5 9 8009 17 417 02 7748 8912 8992
83114 1235 73215 8604 8121 3 4 13 98 82202 815 8972 7113 1425 9476 82913 128 8564 6369 56523 1744 300187
1 2 3 9 5123 95 72 6 5 13 2 6 9 3 95 7 2 9 0 5 1 912 92 56 8 9 31 13 23 609959 124 7123 590
403 991 9 0 69 8 3 17 89 3 8 12 587 1914 15 8376 12 4 997 37 1215 53 9 4 4659 82 395 18 9942 8712 3939
12313 1495 76010 8712 9135 3 5 67 88 12185 276 8911 9824 1365 9413 42209 134 7159 6318 97269 1159 145108
8 6 5 3 5120 45 70 5 6 32 9 2 0 1 29 9 0 1 4 9 9 992 62 46 7 7 24 10 73 491027 124 8628 556
187 273 5 9 02 9 2 12 89 8 1 89 680 3946 52 6354 02 4 319 19 2619 72 7 5 0280 40 989 46 0645 8737 8918
19813 1130 77315 8792 5121 6 4 36 68 72198 863 9972 1982 1317 5423 95285 174 5284 0378 53913 0129 835198
1 7 6 4 5170 45 14 5 5 12 9 2 3 1 68 9 7 5 4 5 1 910 12 23 4 8 44 52 58 811223 120 8023 559
125 843 4 0 12 2 1 92 99 8 1 96 900 1294 30 9684 89 4 982 84 1275 12 3 5 4706 52 415 15 6747 5708 7913
02683 9195 73215 5717 4134 3 5 82 96 12742 715 8112 8892 1485 5793 10288 740 8136 7078 58040 1853 105891
1 6 7 6 5903 45 67 5 5 07 9 9 4 5 53 9 9 3 4 9 1 015 02 48 2 7 28 82 23 847523 127 8092 556
025 191 5 9 57 8 8 16 79 7 1 89 987 1214 10 3339 17 4 612 24 1355 12 8 6 9598 12 415 12 8135 0714 0097
12861 1139 47275 8512 9127 8 5 12 98 12168 860 8418 6812 2205 5488 59477 124 5428 9312 08019 1939 824008
1 0 3 7 5056 05 17 5 9 62 7 2 3 1 23 9 2 1 3 5 1 614 92 47 7 8 74 06 92 891843 964 8123 521
823 123 7 3 12 8 2 69 83 6 1 87 987 0201 98 9816 18 4 982 14 1516 19 8 8 1277 66 415 12 2049 8962 7642
14313 6335 13518 8712 4494 9 3 12 07 82608 810 8913 4317 8915 6813 88219 160 0962 8382 65143 6827 025188
4 2 3 4 8173 85 92 5 7 42 4 2 0 1 24 9 0 1 4 0 1 912 12 45 9 8 44 12 73 895276 670 7625 357
40 193 8 9 14 5 7 84 98 4 8 66 979 7214 86 5284 82 7 215 98 7255 58 4 9 7450 52 415 12 2595 8804 2965
12715 8195 13916 8062 2676 4 4 12 97 58562 735 8992 9812 1218 8483 92915 048 0949 5372 56565 9130 123799
5 6 7 4 6163 45 99 5 6 16 4 9 8 0 25 9 2 1 5 5 4 912 02 96 8 8 24 12 73 891227 824 6228 557
523 885 9 9 16 0 6 18 89 7 7 62 987 6289 97 2315 17 5 878 24 1105 12 7 5 4279 97 465 12 8695 3518 8486
42113 7035 15615 6791 6171 4 0 18 54 10960 915 8960 8892 1068 9413 92215 884 5144 9682 53219 7897 145106
1 9 3 4 9023 70 78 0 5 02 8 2 6 1 27 9 9 9 3 8 1 598 42 47 7 8 24 12 28 898866 674 8175 526
723 750 5 3 18 8 2 18 85 8 1 68 489 7416 45 0314 12 9 929 14 1279 12 8 5 1389 77 475 12 6595 8516 1612
89113 1745 33265 8619 9125 3 5 02 90 10744 877 9762 9812 7248 5513 18755 124 9534 0612 83213 1653 575898
1 0 4 4 4127 45 61 5 3 10 6 2 5 6 26 9 8 0 5 5 1 772 12 62 9 5 90 18 23 331653 724 0123 246
123 629 5 9 82 8 2 88 49 9 6 82 182 1287 95 9314 12 4 972 44 1215 12 8 5 1289 85 115 88 4816 8759 8926
18253 1170 03115 9718 5176 0 8 92 98 82493 845 8937 9652 1215 2430 12285 728 5134 5782 21817 9133 165198
1 2 3 4 0523 11 17 0 5 12 9 3 7 1 08 6 9 9 7 7 8 070 82 45 9 0 25 15 28 089828 529 8113 579
323 623 7 9 18 9 8 14 59 6 8 44 990 1119 05 2014 12 8 912 09 9610 12 4 5 1289 12 415 42 4165 8314 7012
28715 1180 19245 7540 6821 3 8 02 98 32184 845 8977 4319 7285 5613 82515 124 5194 8345 00210 1196 668190
7 2 8 4 9609 25 62 8 5 18 9 2 8 1 29 9 8 9 4 5 1 713 12 46 8 3 24 19 77 897225 824 8143 556
429 195 8 8 01 9 8 92 77 2 6 24 987 3364 88 2395 14 8 612 00 1615 22 3 5 0069 19 490 86 2837 8782 8617
59310 6975 83215 7749 4124 0 5 02 89 14178 815 8272 9893 1495 8676 84995 029 5190 5382 51218 1166 023197
8 2 1 4 9124 47 12 6 5 72 5 7 9 1 29 0 9 1 8 7 4 988 28 45 2 8 24 13 23 685823 124 8823 853
523 823 5 9 92 8 2 12 89 3 1 19 977 9294 84 2693 11 4 392 34 0229 99 3 5 6989 92 215 12 7245 8312 0917
92313 7835 17015 6702 5924 3 5 10 28 15193 875 4772 9812 1095 5903 05515 124 6764 5379 59053 1093 126198
9 2 8 0 5153 15 12 5 5 12 2 7 5 8 67 9 2 1 4 5 1 972 12 46 9 8 34 16 89 096627 127 5194 994
925 123 7 9 62 8 9 12 09 8 1 52 987 1914 72 8354 17 8 499 76 1205 96 6 5 1949 19 255 91 8190 7952 8918
18384 1195 14245 7715 5027 3 8 42 98 51859 959 8012 9812 1215 5416 17238 194 5132 8306 50513 1199 125788
2 0 0 7 5122 45 42 6 5 12 9 2 9 6 29 9 9 0 9 5 5 632 12 15 7 9 27 12 23 741498 428 2099 656
565 069 0 9 99 9 9 12 39 6 1 02 586 1210 84 2154 84 4 792 19 2915 19 8 6 1256 12 498 12 2245 5999 7909
12303 1638 13315 8936 1131 3 6 62 92 12899 896 8585 9864 1598 8905 12585 824 4137 5802 53771 9762 125991
7 2 0 4 8173 27 76 5 5 12 9 9 2 1 18 4 2 4 8 5 1 922 19 47 6 8 24 57 24 790807 924 9124 096
705 175 5 8 09 2 9 13 89 7 9 06 586 1428 45 9292 60 8 362 14 1217 19 6 7 1243 12 475 62 7989 8717 8912
62013 7735 74657 8392 5121 3 5 12 95 84922 885 8972 9452 5209 6470 12275 165 9189 0012 83203 9184 525105
1 2 3 9 9124 41 05 6 0 15 6 2 7 4 40 9 9 0 8 5 1 962 72 85 2 0 78 10 43 801853 404 8129 999
913 323 7 8 02 8 9 92 89 6 8 92 987 1064 45 6594 10 8 112 18 9875 72 5 5 0282 18 885 12 2648 8519 8912
12513 1175 65611 6425 8921 9 6 18 98 15196 855 7912 0402 1275 8414 05285 724 5934 5328 58217 1615 168078
1 0 9 4 6123 49 19 5 8 12 2 2 7 6 21 9 7 1 0 6 3 718 88 50 7 2 27 12 26 897826 179 8125 756
78 121 9 8 92 8 8 12 45 8 7 82 187 7816 19 6314 12 8 918 14 5915 40 3 9 7341 02 419 62 8165 4892 7452
22349 1445 83219 8742 7161 4 5 27 58 26716 725 8617 9862 1403 5588 12215 149 5876 5979 53293 8153 190198
8 2 5 7 5924 98 12 5 3 15 9 0 8 5 29 9 2 1 1 6 4 422 07 48 9 0 28 52 23 891723 127 8923 394
826 563 9 9 18 7 2 59 89 2 1 82 984 8146 85 0314 77 4 916 73 4652 42 7 5 4289 14 415 93 5672 8712 8914
12816 1135 80295 8962 1021 9 5 78 98 19189 318 8012 9802 7815 5410 17205 124 1834 3842 93513 8963 935688
1 2 4 4 3823 40 42 5 5 52 9 4 8 4 28 9 2 1 4 8 7 797 35 69 4 7 29 12 75 534223 169 8526 036
230 177 8 6 12 8 2 12 89 5 5 98 980 0204 19 9949 92 4 612 18 9535 79 3 4 1699 11 415 69 3549 5913 8919
82033 0606 73717 7772 7118 6 1 82 97 95276 988 4972 9742 1206 5717 16011 125 5154 7814 83217 7156 557297
1 2 0 4 5683 45 97 7 5 10 9 2 6 1 28 9 2 1 4 6 9 962 82 45 7 8 27 52 25 371229 334 8122 516
183 123 5 0 72 8 2 46 87 2 1 88 883 3299 15 2004 12 4 992 16 1228 96 8 5 1569 16 474 42 2845 8718 5912
12599 1130 23615 8712 5121 5 8 15 08 17102 835 8912 9115 8287 8817 11243 154 7144 1362 53304 1650 725378
8 9 3 6 7829 45 14 5 5 10 0 7 6 9 26 6 2 9 6 4 1 988 11 46 9 8 25 02 28 994926 027 4120 556
188 683 5 0 12 2 2 12 46 9 9 82 967 1204 99 2314 60 1 912 78 6245 15 9 5 1189 17 698 92 2145 5426 3515
12338 1335 67715 3712 5471 3 1 12 98 54599 865 0575 0039 1214 5417 12225 920 8137 8492 13519 1693 194106
9 8 0 0 5147 41 39 5 4 12 9 2 7 6 78 9 3 1 6 8 1 632 19 55 4 8 99 11 29 341223 194 0190 506
923 923 5 9 72 7 2 71 99 5 3 52 397 1989 80 7587 18 4 914 74 9958 12 7 5 7788 42 355 48 2195 2072 8913
68393 1635 78595 8838 5444 8 5 62 88 65191 810 8917 9812 6265 5366 85215 124 5134 0332 53611 4055 185197
8 0 7 3 8888 43 10 5 5 32 9 6 9 9 65 3 2 1 4 5 1 952 18 47 9 8 29 19 23 891281 745 8829 558
759 123 0 9 11 8 7 82 08 9 1 22 587 9208 97 2314 17 4 914 74 1919 64 3 5 8369 02 878 13 8145 8779 8978
12819 1153 19315 8832 7101 9 8 09 48 16148 885 8875 9435 1215 5719 17235 129 8084 9067 24213 1883 950578
0 2 6 9 9163 38 12 8 8 15 7 2 8 1 20 6 2 1 4 5 8 912 27 48 9 8 29 49 28 880248 194 8833 559
723 883 7 9 12 8 9 12 82 1 7 52 947 2438 15 2820 35 8 573 19 1290 90 3 2 1788 18 308 19 2945 5680 8412
52903 3734 43936 8738 5623 5 5 18 08 82182 980 8813 9872 1215 6813 67688 198 3434 5382 77413 4173 125188
7 2 3 4 4023 97 72 0 7 65 9 2 4 9 08 9 2 1 4 5 1 967 17 49 9 6 54 82 88 491273 124 8157 559
573 820 5 9 15 8 6 12 67 3 6 82 987 4514 15 2610 19 9 988 18 1096 12 3 8 1286 12 919 42 3189 6552 8955
82303 5539 13258 4712 5421 3 9 62 98 52102 817 8942 9512 7275 5413 99519 624 5974 6432 53889 1899 140158
1 2 5 4 5123 09 22 5 5 11 9 2 7 1 20 9 2 1 5 4 4 956 13 86 6 8 95 12 29 890623 324 6523 502
753 975 6 2 19 0 2 62 88 8 1 02 589 9815 11 3714 12 7 472 15 1115 95 6 9 8947 18 499 18 1148 8718 8114
10813 7735 13289 8992 5269 3 5 62 98 93171 816 6531 9817 8276 8413 06706 122 0005 4392 09211 7303 927098
4 2 9 4 9111 45 72 9 5 11 5 4 6 1 87 8 2 1 4 3 7 910 52 44 9 8 34 17 50 891263 194 5193 456
184 123 4 9 85 6 2 83 95 9 1 82 977 1234 77 6744 52 9 912 37 5744 72 3 9 1989 99 785 82 9745 8512 0119
10392 1177 13292 8457 7109 9 5 18 98 17183 859 8903 9920 1616 5418 12808 924 5954 5316 93695 0149 735899
1 2 9 4 5863 65 32 5 7 72 9 2 9 1 17 6 9 1 6 1 1 305 12 75 9 5 28 12 13 401523 124 8623 650
57 123 3 9 14 8 6 67 79 7 1 82 582 1934 15 8864 98 5 969 17 7095 18 3 3 1939 12 418 18 7145 8782 0915
19315 9835 19368 8710 9174 9 5 75 98 32962 895 2919 9965 6219 9493 92715 134 5107 6362 99213 1043 729258
1 0 3 6 8424 89 10 9 7 72 9 9 2 1 28 5 2 1 7 5 1 955 19 75 9 0 74 03 99 091623 466 8129 056
126 057 5 9 41 3 7 11 67 8 3 92 787 1934 17 2304 92 4 982 14 1610 18 3 5 1903 16 215 12 2908 8674 8780
02483 1630 16015 8782 8750 5 5 16 90 82880 715 8992 6182 4215 5463 35217 184 5714 5319 73619 8150 775448
8 2 3 6 9623 45 13 9 5 62 9 2 8 7 78 7 6 3 4 5 8 919 72 75 4 8 26 12 93 826823 764 8193 578
193 026 5 5 65 8 2 15 24 8 9 02 757 9614 89 2381 89 4 932 54 1205 65 8 0 1869 67 419 06 2545 8772 8062
14333 0734 90045 4110 5821 4 5 17 97 18782 055 0892 9503 1815 5412 98687 984 5934 5092 53227 5199 988863
1 8 3 4 5873 20 10 6 5 11 9 8 8 7 28 9 2 3 7 8 8 857 72 45 6 8 84 12 22 994223 359 8127 157
626 522 0 9 16 8 2 10 66 8 1 84 387 1264 30 8314 79 5 892 85 7205 02 8 6 1252 08 375 11 2075 8712 8142
19365 9435 13815 8082 8921 8 5 16 98 12005 084 5811 9192 1815 2443 82975 924 7132 5300 56683 1126 623198
8 2 7 4 5913 45 89 4 6 82 6 9 4 1 26 7 2 3 6 5 1 782 12 44 6 4 89 02 20 204523 526 8723 509
126 321 5 1 82 8 2 19 52 5 1 62 987 7604 15 7324 01 0 912 14 1829 82 9 5 8289 12 897 62 0845 8768 8515
19313 0194 13269 9963 5121 0 5 22 98 92192 816 4902 9862 1015 5413 76299 123 9134 0317 64013 1557 199198
7 3 5 1 5127 44 12 5 0 56 9 8 3 6 59 9 2 0 8 5 5 719 12 77 8 8 29 17 27 899823 948 8685 756
427 183 4 9 12 7 8 15 79 0 8 86 987 7294 16 2898 92 4 912 44 1819 12 3 2 0289 62 094 32 2975 2712 4712
15873 7135 19210 8713 5143 4 5 40 56 12178 465 2658 9842 1504 5403 16203 117 6133 3312 02713 1153 625192
4 2 9 4 5103 46 02 5 5 94 0 2 0 2 59 9 6 1 5 5 0 519 72 44 5 8 89 14 03 884254 234 8390 516
633 127 9 8 02 6 2 13 88 7 7 88 883 8577 15 2378 12 4 917 34 1218 12 7 6 4009 82 257 12 0145 8812 3917
12535 1135 63895 7892 5881 3 5 12 98 52997 897 8912 9844 7215 5370 07417 724 7604 8270 54653 3353 445199
3 9 3 8 0673 36 42 5 2 74 9 3 0 1 82 9 4 1 4 7 7 912 82 95 5 9 04 16 23 876283 320 3620 536
189 993 5 9 79 8 2 32 86 3 1 05 699 7004 59 9349 47 3 992 76 6590 32 3 5 1889 16 415 32 2175 8259 1997
06319 6152 13027 8742 5124 8 8 12 98 12107 813 4917 9272 1215 7743 72215 824 5034 9318 95213 9145 923197
1 1 4 4 5907 05 13 8 8 82 5 2 4 0 28 9 2 1 7 5 1 762 12 55 9 8 23 18 16 821273 124 9466 046
523 103 8 9 95 9 0 12 49 5 7 89 900 1214 16 2317 15 4 890 68 0275 02 9 5 9649 36 616 92 7343 6769 8619
62693 8138 93315 7714 6021 3 6 13 98 77312 910 9919 9817 8085 5719 14115 078 5610 5912 00813 1353 119674
1 8 3 4 5119 45 15 5 5 82 3 2 3 1 36 6 5 1 4 5 9 708 12 45 5 7 72 15 71 860220 526 8183 397
178 184 5 9 12 0 5 16 85 6 1 08 988 6570 15 6387 72 4 942 53 1235 31 3 5 1275 12 415 15 6745 8788 5082
12993 8133 13215 8716 5129 7 5 38 90 19186 715 8938 6372 2215 5416 12290 899 5504 7312 99319 0432 768908
12713 0435 70286 7777 5324 3 2 17 66 75182 845 8992 9995 1762 5933 17214 529 2157 9352 95213 8853 126198
