8 2 3 4 5389 45 42 5 5 96 9 0 0 9 23 9 0 1 4 8 1 286 16 00 0 0 20 92 23 801920 129 8893 856 
123 228 5 9 12 8 2 19 36 9 1 82 987 0219 35 7305 82 9 910 55 2215 12 9 5 1899 28 705 02 2195 8003 8048
74313 0836 63215 8742 9408 3 9 00 98 10139 919 8955 7819 7045 9813 04855 174 7104 5350 03213 1097 121171
0 4 4 4 5123 05 12 1 5 92 9 2 7 0 28 9 2 8 8 5 6 012 12 15 9 1 43 42 20 391224 128 8085 556
50 087 5 5 55 2 2 15 99 9 7 22 199 0205 15 0302 15 2 992 19 0939 02 3 5 4988 87 450 18 7145 8562 8912
00393 3138 15215 8719 5951 3 5 16 78 16172 845 8913 8368 1218 2433 96240 124 0177 6312 53215 5953 065740
1 2 6 0 0709 00 10 5 8 12 3 8 7 1 83 9 8 7 9 5 6 419 86 85 9 8 04 12 23 896023 737 8129 501
073 883 5 9 16 0 9 12 07 0 7 82 985 1286 15 2353 17 4 972 50 1015 10 0 5 1448 15 415 07 8145 8012 9010
68219 9985 19715 0708 8149 3 3 49 03 78782 615 1915 8718 8216 5710 62795 196 8204 8985 23220 1086 109190
1 2 7 4 5123 65 14 8 9 91 9 6 7 0 78 9 2 3 4 5 4 982 89 45 8 0 34 78 93 821299 192 8179 586
554 893 6 7 02 8 5 12 88 4 0 00 987 9738 15 8730 32 8 912 69 1205 62 9 4 1989 19 460 32 0176 9722 8902
72013 2591 93910 0712 5151 3 5 17 70 15180 892 8910 9987 1013 6615 72203 063 6578 9910 40283 1003 157692
9 0 3 4 5126 40 52 5 6 10 9 2 6 1 18 0 2 1 6 5 0 942 12 45 9 8 24 12 20 806920 124 1127 558
883 180 7 9 88 8 7 12 20 0 1 67 895 1210 15 5389 90 6 760 84 3655 06 3 5 0580 15 415 15 7382 9250 8013
62304 1155 13565 8707 6147 0 0 72 98 12182 800 0939 5412 1515 9013 00815 104 8192 4914 33203 1153 565996
9 2 7 6 5690 75 12 5 0 09 9 7 7 1 26 1 2 2 3 5 1 412 70 45 9 8 20 70 58 991023 524 0193 066
804 663 5 9 14 0 2 12 60 9 0 02 987 1468 05 4414 63 4 972 28 0415 90 2 2 2883 12 495 85 2165 4800 4712
12703 1838 78295 7610 5821 4 5 13 39 12190 919 3052 2812 1272 5438 42813 324 7974 6112 03247 1150 535193
1 7 2 5 6479 01 12 8 9 59 8 7 5 1 04 4 6 9 4 5 7 910 69 46 9 8 74 18 59 881204 208 8163 536
130 197 1 1 73 8 2 06 89 7 3 56 346 7229 05 9914 12 4 912 04 7815 52 3 6 5489 09 415 02 8195 0982 8915
92069 5905 68156 3710 5961 3 5 32 94 55976 887 8947 9818 8235 5573 10466 128 4777 5210 50910 1443 125698
1 4 8 4 5029 05 72 5 7 82 8 2 6 3 29 9 2 1 8 5 9 939 09 75 9 8 24 70 23 891220 909 7130 356
123 968 5 3 02 0 9 03 90 3 8 68 979 1295 15 2015 07 4 992 16 8755 37 9 5 1900 82 495 17 5160 0762 8912
12717 1145 13295 8302 5381 0 5 18 08 10172 886 8580 9812 1205 8443 08210 634 5730 0673 73269 8153 175098
1 7 3 6 1023 45 87 5 7 84 5 5 0 9 28 9 2 1 8 4 5 919 12 75 0 4 24 56 25 804228 520 4920 509
125 008 6 7 12 8 2 22 04 8 0 82 450 1728 05 2814 52 0 038 14 1215 08 2 0 7079 94 418 92 0105 5716 8906
12813 4089 14118 8712 5186 9 8 05 08 19192 820 7919 9802 3290 7413 90224 125 5765 5308 50004 8993 040598
8 2 3 4 9183 45 46 9 8 92 4 9 0 5 99 0 9 1 4 8 8 819 12 65 4 8 24 15 97 899943 322 6926 559
183 483 0 9 32 8 6 09 89 9 0 92 586 1219 96 8310 66 7 422 69 9265 92 3 0 1279 14 495 52 2735 8922 6472
15679 0102 93305 6715 5123 9 5 62 96 15038 270 8912 9322 1267 6416 12215 627 3130 9311 01200 3276 128199
0 2 0 5 5700 49 12 5 5 82 9 2 4 8 23 9 9 1 4 5 6 912 04 49 9 6 74 02 70 021233 809 8400 596
123 850 8 8 62 8 2 12 72 8 1 40 906 4219 16 2399 12 4 002 10 1313 90 5 5 1289 32 455 11 2140 9748 2692
6 4 8 4 5050 75 90 5 7 78 1 2 0 1 20 9 0 3 4 5 5 712 10 40 9 8 40 05 29 891223 138 8120 576
193 123 0 3 50 8 7 30 96 2 7 11 997 1607 75 6374 15 9 814 74 1245 03 6 5 1789 44 414 55 8145 0018 5972
10998 1635 13815 8713 5141 3 6 02 56 52368 215 5517 9019 7215 5413 76215 109 5724 0310 50250 9059 129158
0 2 3 0 0143 32 59 1 5 52 7 2 9 0 40 3 9 9 4 5 4 319 94 48 9 0 24 92 13 891250 104 1123 556
57 583 1 8 15 8 6 15 05 9 3 85 986 8214 17 3318 02 4 447 14 9205 06 3 5 9289 19 867 02 2147 8164 4719
10500 7692 13202 8713 0129 4 5 17 94 10902 405 8001 6819 1415 0014 52015 924 8054 5082 00274 1150 125187
1 9 3 4 8183 99 30 0 5 92 9 5 6 1 58 0 2 1 0 5 3 812 12 75 9 7 26 68 79 690224 174 9502 557
880 023 5 9 82 8 7 12 30 0 1 82 999 8294 85 2380 14 4 912 04 1240 12 3 6 0950 10 971 65 0940 9717 8610
12353 0334 93515 9712 5129 3 9 15 58 19106 015 4912 5815 8216 5560 52615 304 5162 5332 92911 0163 825409
1 2 3 4 4325 45 82 5 0 12 9 5 7 5 22 9 2 0 4 2 1 509 70 65 8 8 44 12 23 890225 164 6183 851
140 036 5 0 12 8 9 16 86 6 1 61 867 6610 86 6610 14 0 412 54 1076 62 3 6 1287 10 499 68 8170 0989 8050
20318 9007 16415 8718 5127 3 8 18 94 96881 875 9907 0519 0738 6413 88813 174 5134 5338 83232 3056 108399
6 2 3 4 2153 40 72 0 5 12 4 2 7 0 73 7 2 8 4 5 1 814 16 45 9 8 64 12 28 067503 924 8664 555
136 159 8 9 02 9 0 72 96 0 1 85 982 0484 15 2319 12 4 092 15 7480 10 3 5 6399 30 418 12 2148 8716 7985
12913 9030 13019 8716 5467 3 4 12 98 97208 783 8549 9889 1282 5014 10315 129 5134 7380 43210 4153 125198
1 7 3 4 4198 45 04 9 4 12 9 0 0 1 20 0 2 9 0 0 1 846 72 80 0 8 98 28 63 891223 926 8753 557
159 126 5 3 12 5 2 12 63 9 1 89 988 0235 80 2314 92 4 537 84 1015 02 3 0 0280 87 435 62 2297 0257 8913
02310 5906 17279 8739 5922 0 5 72 96 50026 019 8917 9890 1475 5595 12215 124 5784 5534 95203 1153 927498
6 2 0 8 8103 79 77 5 5 12 0 5 2 5 08 8 7 8 4 7 0 099 82 75 9 9 00 12 27 898733 104 8123 556
663 324 5 3 49 8 8 12 99 5 1 58 977 1501 10 2314 92 0 782 60 1245 70 3 9 1202 70 910 17 2140 0712 4992
43971 1035 19215 5018 5027 2 2 12 98 02147 210 9809 9812 7615 5413 78605 104 5158 5567 53213 7154 455198
7 2 3 4 9695 40 15 3 5 05 9 2 7 6 58 7 8 2 9 7 1 012 06 45 4 8 24 18 23 828223 023 8800 506
966 926 6 0 52 8 0 02 94 0 8 80 880 6288 85 0309 11 7 278 84 0977 12 0 5 0049 06 710 12 2148 4080 9951
38714 1835 15216 8810 0990 1 5 64 98 02000 685 8906 8212 1915 4519 04215 120 7138 5312 05610 5273 520698
3 4 3 4 4929 49 12 0 3 09 9 2 7 1 20 9 4 1 4 5 1 972 84 45 9 0 54 02 23 096823 324 8525 876
123 154 7 9 12 9 4 92 89 7 1 62 980 4001 55 9384 46 3 614 14 1275 12 3 5 1040 10 419 32 4199 4812 0095
75313 0138 83225 6912 5169 3 6 38 68 83366 785 7916 6866 5210 9010 46265 126 5134 0300 55917 0765 985660
1 7 3 2 8593 05 52 5 8 12 9 2 7 1 28 9 0 1 4 9 9 962 12 97 9 0 24 12 65 890980 824 8023 757
765 420 9 6 16 8 3 92 29 9 5 82 987 0214 15 9480 14 0 998 14 4038 19 5 8 1549 02 704 12 0818 8714 0912
07916 1660 74287 9552 5026 4 4 87 98 22167 479 9962 7802 1858 5313 92475 014 5837 6388 50213 5055 598064
1 2 9 4 4317 99 16 8 5 92 0 4 6 2 25 9 2 1 6 5 1 916 10 45 9 8 27 17 99 641203 990 8129 560
103 022 6 1 02 8 2 17 09 8 1 77 834 1214 10 6744 60 4 815 64 4014 70 7 0 0279 69 375 57 3165 0782 8739
15313 1149 40215 8712 9029 8 9 70 62 67672 058 8942 0880 1990 5884 13277 524 9574 5092 85399 7653 125198
9 8 0 7 9123 47 66 7 5 12 9 6 6 4 78 9 2 1 4 9 5 912 12 75 6 3 24 12 20 999023 984 4103 057
156 113 8 1 15 5 6 15 88 5 1 00 766 4004 08 2161 17 6 892 49 1097 19 3 9 0380 16 408 35 2047 8709 8465
36313 1075 65210 6012 9121 3 5 25 32 74047 815 8830 3960 1207 5413 19915 687 5101 0702 83295 6153 028199
1 2 5 4 5869 56 12 1 0 16 7 6 9 4 28 9 2 1 0 5 3 770 02 45 7 8 74 10 49 898023 092 8123 856
53 721 9 0 19 8 0 12 97 2 0 02 952 1284 34 2864 12 8 942 08 4545 19 3 5 1979 69 405 13 1845 8718 0964
39913 1130 18615 8711 8450 3 5 50 48 12492 495 0175 9002 5215 5013 22256 084 4930 4312 59965 2083 195193
1 2 3 4 5222 04 12 4 5 10 2 5 0 1 28 9 2 0 8 5 1 912 18 95 9 8 53 93 63 780820 924 8183 559
147 213 0 9 02 8 2 52 89 0 5 87 941 5214 15 2390 19 4 011 14 1282 40 3 0 1285 94 865 08 9347 2789 8708
07313 0974 07238 0112 5520 3 5 12 44 10791 815 8917 8882 3917 7413 06956 088 6134 7022 58203 1053 825996
1 2 9 4 7413 91 02 3 5 09 9 2 8 1 28 0 4 8 4 5 9 366 92 45 2 8 77 60 67 871500 694 9123 556
124 127 5 9 12 3 2 45 80 9 6 92 987 6214 05 2374 10 9 092 64 8995 15 3 5 0539 65 615 82 9115 8710 0912
52319 1138 00799 8752 5761 0 8 15 98 62876 004 8919 9816 1215 4810 18349 969 5188 5082 98203 8153 225565
1 7 3 4 8123 95 14 5 5 32 7 7 6 8 23 9 5 1 7 5 8 582 18 08 2 8 54 52 24 891460 924 0023 054
523 123 5 8 72 7 6 13 79 9 0 82 887 5814 19 2315 84 9 978 10 4014 17 0 8 1289 12 485 16 2138 6517 0912
22303 9760 17705 6716 8681 7 6 12 98 19062 805 8912 7009 1315 6413 06225 128 6030 5052 74853 0153 025608
9 2 3 6 7128 45 97 0 5 98 9 2 0 9 10 9 6 0 4 5 9 912 12 48 8 8 74 69 50 676223 124 8920 650
123 173 5 9 12 3 5 52 09 4 8 82 988 1218 85 2895 07 3 912 64 0499 76 6 6 1075 12 548 10 8759 0772 7812
88743 0735 10215 3912 9901 8 0 12 90 06182 815 4912 9754 3299 0473 12265 724 5634 5317 63113 1973 125139
8 7 1 0 9993 44 79 0 0 18 5 2 4 8 28 9 5 1 5 5 9 900 12 47 9 9 34 89 23 897689 054 6037 598
323 193 5 9 15 6 2 55 96 3 1 82 187 8214 90 8014 62 9 906 16 9415 12 3 8 3464 28 404 19 8133 0079 8882
82318 1090 93295 8719 5880 6 5 12 98 47132 911 5619 6875 5299 5493 12093 124 7135 9832 53213 1153 085628
9 8 9 4 5123 48 08 2 5 82 9 2 8 0 70 9 5 1 6 6 1 902 12 45 3 8 57 16 29 065220 474 7006 506
127 159 5 7 05 8 2 52 88 4 0 12 085 4215 85 2877 11 9 912 94 1240 15 3 5 4815 18 011 42 4946 9614 0612
07626 8185 13795 8010 6121 3 5 87 88 12492 718 8712 8818 9241 4803 12225 027 3134 5310 93280 1103 175698
3 3 8 0 2123 45 52 8 5 12 7 7 9 0 06 9 2 2 8 6 1 072 68 46 5 0 22 16 23 890288 328 0423 557
703 153 5 8 27 0 5 82 89 9 5 36 570 1714 15 5009 06 8 922 14 9279 62 4 5 1089 16 316 12 7249 8797 0052
13307 9954 08905 6712 5155 3 5 12 98 85194 815 8212 9032 1015 5444 18207 029 0395 5018 55265 1850 115184
1 8 9 6 5143 47 12 9 5 18 9 2 8 1 28 0 2 0 4 6 0 217 90 95 6 5 24 88 23 976320 138 8125 456
525 123 9 9 08 0 2 29 87 7 9 92 987 1219 15 0814 39 4 998 94 6295 12 9 5 0289 40 815 52 3842 8103 7012
19960 1138 13015 6712 5120 7 8 70 99 92082 818 6912 6882 1317 0363 92560 524 6131 3312 53203 1193 056827
1 7 8 0 5193 75 92 4 8 12 0 8 7 1 24 9 4 1 8 5 1 110 71 75 9 8 26 58 68 881227 324 8523 657
126 723 8 9 12 2 0 22 90 8 6 99 685 1060 16 9974 12 4 910 14 5213 12 3 0 5689 86 715 15 0960 1812 0012
27033 9186 13759 8042 5126 3 5 12 98 12090 430 8878 8772 1285 9413 72212 020 9190 0314 54317 1164 965100
9 2 3 5 0193 95 02 0 5 13 9 2 2 1 49 0 0 8 6 5 6 312 07 15 9 8 74 80 93 896029 114 8123 550
023 893 5 9 12 8 9 32 69 9 1 62 985 0290 15 2314 14 4 012 13 6215 18 3 9 5899 02 465 06 7136 8788 8508
12390 4935 18206 8060 9921 8 5 16 90 64558 865 1578 8887 1015 5615 18200 124 5172 6619 58013 1608 500193
6 6 3 4 5923 47 12 5 5 80 9 9 7 8 29 9 2 5 4 5 1 992 22 49 9 7 24 92 99 891827 056 8263 086
58 123 5 2 62 8 1 12 79 7 1 80 784 1454 10 2314 72 4 907 04 4616 52 3 5 1084 46 019 97 6142 8612 8913
55013 1102 13215 7702 5428 0 9 19 55 82162 015 7918 9682 7207 3063 92015 129 8174 5378 53083 1153 025038
6 9 3 0 5123 05 60 8 0 12 3 2 8 3 48 0 2 0 4 5 7 979 92 45 4 9 74 12 27 201629 174 7027 556
180 320 5 9 42 8 2 42 85 1 6 03 987 2210 10 9718 59 9 918 94 1699 40 3 4 1288 60 950 00 6145 5619 8999
15369 2765 13214 8912 0121 5 0 52 99 12665 475 8916 6912 0095 5717 18959 188 8139 5912 85213 1428 925349
0 2 7 5 7026 83 12 0 0 17 9 0 6 1 98 9 7 6 4 5 1 991 14 45 0 8 80 16 46 701203 149 0193 756
329 323 5 4 12 8 2 94 81 5 6 82 689 1114 15 2464 12 9 966 04 1815 17 3 5 5600 10 417 09 8145 8732 8312
12983 9936 13013 8769 5070 9 5 12 93 05396 615 5970 4010 0595 9016 92234 124 5136 0302 96097 6985 849898
6 2 3 4 9193 45 17 0 5 09 5 5 8 1 90 8 2 0 4 5 1 015 78 40 9 5 24 45 29 991223 720 6188 546
123 123 5 9 91 3 8 02 87 5 1 87 698 5214 45 2382 82 4 972 71 1008 00 7 8 1259 13 430 14 2805 8412 5512
50356 1644 12005 9713 1107 3 4 11 90 52180 189 1517 7862 4418 3213 95219 123 5135 4392 53293 1753 925188
1 7 3 4 9173 45 62 6 5 19 3 1 4 7 24 7 7 8 4 5 1 009 96 55 9 8 04 12 67 894823 824 0143 597
075 161 5 9 39 8 2 13 06 0 1 85 887 1814 15 4224 65 4 913 54 7055 12 4 2 7989 82 810 19 0146 8792 9912
18318 3144 74715 8317 3521 3 6 82 91 02842 635 2652 9002 8219 5013 29215 128 5134 7368 64488 1026 115124
7 2 0 4 5128 05 14 1 8 10 9 0 7 9 93 7 0 9 6 7 1 910 06 43 9 8 94 02 63 391223 120 0723 556
123 123 5 9 18 8 2 12 89 3 1 82 089 1228 13 2113 10 9 718 04 4224 99 3 8 1759 35 715 72 2145 8908 8994
80717 1135 53615 8712 8701 7 5 10 88 01001 113 8612 9878 6200 2483 92715 120 5134 5313 63216 1154 695092
6 2 2 3 5523 47 06 9 7 18 9 2 9 6 28 9 0 9 0 8 8 882 12 49 9 3 04 18 08 091225 024 8120 006
027 023 5 9 18 9 2 00 89 8 0 57 987 1219 55 0014 10 4 012 34 1258 00 5 0 1289 04 015 52 0045 4712 0854
42313 1137 18286 8782 6766 3 5 99 98 12902 890 7592 0810 1215 5413 19905 104 9134 5302 34229 0153 120188
1 8 0 9 5760 95 72 1 5 02 9 0 6 1 76 9 2 1 0 5 1 916 35 46 9 7 08 12 64 091023 028 8813 556
698 123 5 9 72 8 3 28 70 3 2 60 686 1264 45 2322 82 3 912 18 0678 82 3 5 1299 12 405 10 2945 8732 0792
14313 5435 13219 3742 5164 3 5 16 88 76009 714 8918 7818 0215 3413 10218 180 6034 9384 83216 1170 522790
1 2 8 9 5323 40 17 3 6 10 6 2 6 1 28 7 0 1 4 5 1 612 02 59 0 8 24 07 23 891223 020 7408 250
873 622 5 9 12 8 2 12 89 9 0 34 997 1266 15 2306 80 4 912 14 7254 72 3 6 7286 12 419 13 2040 4709 6889
62313 0305 67276 0710 2458 0 5 94 68 12851 956 8912 9742 1317 5465 62219 084 5557 5312 62283 1163 120197
1 3 4 4 7187 98 02 8 6 02 9 7 2 7 28 9 8 1 4 0 1 412 10 05 9 8 84 12 23 891609 129 8723 556
920 153 5 9 89 7 9 72 89 8 8 82 687 3817 89 5314 28 5 912 13 1099 02 5 9 1285 52 416 62 2143 0902 8922
92398 8036 14215 8765 6924 5 5 16 98 76882 015 0078 0617 1066 5413 00630 124 5159 5917 53819 1398 125198
1 2 3 0 8727 40 10 0 5 17 4 4 8 1 28 9 3 1 7 5 2 092 36 85 9 8 95 14 74 897823 124 8925 756
120 190 0 9 14 2 6 12 59 9 5 92 980 1223 18 9308 04 4 912 16 0295 19 4 5 2968 14 473 10 8993 8496 2911
14717 6835 10015 8718 5181 3 5 19 08 92402 819 8912 9614 1011 5610 13844 174 7934 5014 53700 1147 160938
9 7 9 1 9128 45 42 2 4 19 6 0 8 1 25 6 2 9 8 5 1 992 12 05 9 9 64 09 23 065280 174 0203 057
56 179 5 9 82 8 9 52 99 0 1 80 885 8314 65 2214 02 8 974 05 1815 72 3 8 2284 95 419 12 6145 4707 6922
70313 8035 95285 8712 0751 0 5 51 78 95872 810 3912 9801 1200 5433 72248 178 5134 0384 53315 1993 725608
0 3 3 4 5127 75 02 5 7 89 6 2 0 2 78 2 9 1 7 2 9 612 84 99 3 2 21 62 53 056120 024 7213 576
170 143 5 9 22 8 6 96 83 0 2 92 958 1718 15 4796 12 0 200 12 0215 08 4 5 1289 52 785 13 5143 0785 5365
10110 1133 14059 7510 5779 3 5 17 78 12752 855 0902 5857 6832 3254 22295 128 5039 1010 40819 6193 025499
1 2 7 0 5928 45 10 5 5 02 9 2 0 4 22 9 3 8 4 9 1 484 39 45 9 8 24 12 46 491827 173 8103 556
823 623 0 9 18 8 2 19 89 3 1 82 989 0716 75 0869 66 0 913 14 8914 77 5 6 1289 89 414 82 9946 8092 2042
44623 1985 93855 8719 8725 3 5 83 99 18120 603 6700 7819 9905 5964 62730 624 0992 6312 05165 1995 125038
1 8 3 6 9923 45 16 6 5 18 9 0 0 2 48 8 6 7 4 4 0 812 17 80 3 5 83 17 23 896829 106 8163 056
523 125 8 9 12 8 3 10 89 7 1 61 907 7014 22 2075 86 1 796 34 1218 10 0 5 1086 12 615 80 2941 1712 8812
12880 1138 14270 8792 5880 0 5 02 98 12269 885 8412 3952 0517 7616 02460 186 5134 3313 53813 8858 923199
5 5 3 9 7123 85 12 5 9 82 6 2 0 1 57 5 5 9 0 5 1 319 02 95 7 9 35 02 80 851833 924 9723 086
103 564 6 9 62 8 2 12 83 9 1 80 987 0211 13 1504 02 4 993 14 9700 12 3 5 9788 80 406 16 2855 8615 0916
49310 6135 63215 8742 0121 3 8 28 82 53 851223 154 0123 576
104 529 4 7 19 0 8 82 80 0 6 29 976 9514 25 8394 02 4 914 18 9615 86 5 5 1089 08 415 12 9125 0812 8610
29563 4905 19819 8092 5708 9 8 18 34 12132 815 9052 9380 1275 5064 12015 149 4150 0518 57260 8179 885168
8 0 6 4 6728 99 58 5 8 12 0 2 2 5 22 9 2 9 4 9 5 912 62 85 9 4 25 82 23 001225 424 5707 916
023 189 5 9 10 9 0 10 69 5 1 82 630 9214 15 2314 12 4 914 18 8285 72 1 4 1786 92 010 70 2920 0722 5910
08340 9135 90895 9707 5141 9 2 77 78 82199 815 4919 1812 1087 5490 02216 129 4909 6808 59016 5114 125797

22863 6154 03253 8513 5162 3 6 12 79 12434 803 8018 9002 1235 9573 94940 700 5144 0382 80818 1153 135178
0 2 8 4 5823 95 02 5 6 88 0 7 1 8 98 6 0 6 7 5 1 212 19 40 9 8 00 10 58 899020 120 8223 950
700 908 9 9 36 1 2 12 82 4 4 82 967 8834 18 0354 10 3 918 14 1415 10 3 5 0079 82 410 15 1199 8710 4942
82393 5155 13495 8012 6105 8 5 63 68 94677 078 5212 9672 1785 5916 92216 124 5834 3402 93266 6106 125187
3 2 3 4 5128 48 12 5 5 82 0 1 1 1 06 9 2 1 4 0 1 372 12 16 9 8 24 25 29 598293 129 9147 586
70 190 5 0 24 8 7 60 88 9 0 82 987 2547 35 2010 12 5 750 14 1998 12 8 5 1297 92 605 12 9006 8794 8798
15003 1135 13873 7019 5081 4 7 42 98 70242 616 8919 6302 1615 7410 11088 000 4844 0385 53864 3403 136897
0 0 9 3 8923 25 62 5 5 52 9 6 3 7 28 9 6 1 1 5 6 962 12 15 9 8 20 12 63 891222 608 8122 576
123 969 9 3 68 8 2 16 85 9 2 86 700 5808 05 2374 12 4 017 24 6215 19 0 5 9225 10 412 19 0865 5719 8902
19893 1778 13689 8798 8269 9 5 72 78 10159 818 9872 9812 1518 0713 12135 424 7079 0712 53218 1909 083108
7 6 9 0 9103 45 15 1 5 16 2 2 5 9 20 9 2 1 4 5 1 082 18 00 6 8 14 08 23 099620 124 8605 557
769 023 5 9 14 3 2 10 29 5 1 02 987 1214 95 3304 18 0 915 14 1788 12 9 4 1687 89 445 72 8145 9703 4913
02980 9535 84715 8702 5101 4 5 92 98 12189 816 0917 9812 0610 5018 17297 224 5134 5592 53006 1153 125158
1 9 0 8 9372 45 17 7 5 12 9 2 7 1 28 5 8 1 9 7 1 932 62 00 5 0 78 12 03 399223 124 8123 506
159 823 0 7 15 8 6 12 35 5 9 55 987 7274 85 2934 18 4 963 65 9299 12 3 5 1289 36 410 10 2805 8717 0982
12813 1495 15245 6732 9025 3 5 12 48 12892 819 8918 9602 1510 5010 58295 905 5194 6302 23228 1303 325160
1 7 3 4 5189 45 14 5 5 82 9 0 9 3 93 9 8 1 7 5 1 922 92 35 9 8 28 02 88 691229 097 8707 049
106 173 5 6 36 8 2 09 06 9 7 82 070 1819 05 2014 14 4 918 14 1215 12 3 5 9289 92 515 10 2143 8791 6972
17403 1035 93219 0562 8037 3 8 66 98 12082 800 8993 9818 1661 5919 60015 809 5839 5000 93260 1029 900782
4 2 7 4 4796 44 08 2 5 12 9 0 7 1 26 9 2 8 4 5 6 912 12 02 6 3 08 13 30 891703 018 9123 508
853 193 2 9 49 0 7 48 80 5 0 50 587 1034 95 9004 12 8 912 18 1214 22 3 5 6989 02 419 02 2143 8710 8472
19678 5170 13913 8742 9070 3 7 82 68 18912 815 8917 6310 0205 6913 72020 464 5934 9018 23283 1853 035128
4 0 3 4 3183 35 19 5 7 82 7 7 0 1 25 9 9 3 4 0 1 922 42 47 9 5 26 70 23 790073 068 9926 907
193 963 5 9 02 8 2 05 66 3 1 07 580 4213 15 2809 02 4 972 44 9285 14 3 6 1089 07 515 10 2505 8798 4379
73380 0746 18215 7396 0021 0 5 08 95 19192 015 8202 0823 1293 0409 80095 124 5554 5398 54053 1153 125003
1 3 9 0 7193 05 32 0 5 10 9 5 3 8 28 9 9 1 9 7 1 582 02 00 9 8 24 99 03 608703 820 8023 796
123 113 6 4 13 6 6 12 87 9 1 82 087 2214 15 9304 92 8 986 94 6205 14 3 5 8265 02 416 22 6155 5780 8613
08310 1165 80568 9712 9701 3 5 12 28 32121 255 0512 6617 1066 5443 02215 724 0864 0316 97279 0653 525887
3 2 3 4 7423 45 82 5 4 02 4 8 7 6 76 9 2 6 4 5 1 912 70 27 2 8 29 12 23 890053 984 6120 586
199 620 5 9 82 8 2 01 59 8 7 52 283 9004 15 2314 18 4 942 19 1265 12 3 5 5084 17 018 72 0895 7752 8612
17813 4165 47293 0985 3380 3 0 09 96 67120 310 8910 9010 1910 2203 76608 824 5134 5872 83213 8885 025317
9 2 7 9 6102 45 80 0 5 48 9 2 4 1 18 3 2 1 4 5 1 802 10 09 9 1 54 42 23 791229 126 9564 806
123 727 5 8 12 5 9 16 39 0 0 78 987 3810 14 0816 02 4 977 15 3201 42 8 5 1377 16 315 78 2141 4815 0916
3 2 3 4 8149 09 22 4 5 12 9 7 5 7 08 9 5 1 4 5 3 213 00 79 9 8 26 12 98 895223 278 8928 553
028 103 5 9 72 7 2 12 89 6 3 58 984 1918 14 5394 12 4 616 14 8615 52 2 2 9000 96 419 08 2106 8740 8519
12013 4135 05314 5701 5020 3 7 13 92 12197 850 8012 0749 1518 8413 12298 070 5974 0602 53213 1153 522577
1 6 0 4 5523 94 12 5 0 02 9 2 7 0 28 6 6 7 7 5 1 912 12 85 9 8 77 62 23 880023 124 8650 560
56 923 5 0 84 3 2 16 49 3 1 82 987 1914 55 2348 12 0 782 74 9060 12 4 8 1204 12 465 64 2080 0710 9915
05385 1145 10295 5777 0125 8 6 12 78 73282 017 8912 9822 0905 7003 62116 709 7939 6695 53313 8053 128898
1 2 7 8 5886 05 15 9 4 12 9 0 0 1 26 6 1 0 3 5 9 013 03 02 9 8 34 19 25 899227 323 7709 996
123 828 0 8 02 8 6 16 87 9 1 45 887 1276 92 2304 52 5 992 19 8254 72 5 9 1289 49 719 64 7698 8732 0818
02389 3488 15298 8212 3801 6 8 13 97 12705 770 0827 9119 2255 5409 13210 922 6134 5092 47963 5478 107138
1 0 3 4 5124 49 70 8 0 80 9 4 5 1 28 9 2 5 0 5 1 916 92 46 6 8 89 77 70 894327 193 9123 759
716 779 5 9 12 8 3 52 59 5 1 82 967 1424 08 9300 69 4 959 80 6005 89 3 5 9288 18 875 12 0145 2219 8918
10315 1039 60593 5702 5121 8 5 70 67 02278 885 8009 9800 1465 5493 12292 969 5137 9002 00018 1153 165198
8 2 3 4 9023 67 90 5 5 15 7 6 6 1 09 9 9 8 4 5 0 919 62 65 9 0 28 12 27 891631 924 8120 854
120 103 7 9 02 8 2 12 88 8 2 86 987 4279 76 2312 98 0 910 87 1598 17 5 5 1869 82 415 16 9173 8212 1882
10313 1155 13015 4809 5801 0 5 70 90 42704 900 8942 4849 7615 5413 12218 114 0128 5392 97313 1150 125198
0 2 2 7 5113 07 11 5 8 07 4 9 9 9 68 9 2 1 4 5 8 962 02 40 9 8 24 07 61 801023 094 8108 006
195 023 4 9 12 6 2 17 40 9 1 82 880 0864 10 2439 12 3 410 49 1255 17 3 6 1589 12 375 10 2145 5732 9912
12398 7185 53915 5762 8128 3 6 92 68 82102 490 4960 0814 8666 5414 15973 144 9938 3715 53213 7979 105158
1 8 3 5 7123 02 92 5 5 16 9 4 5 9 28 0 7 5 4 8 1 819 14 68 0 6 24 97 48 891273 127 8523 556
118 180 5 9 14 8 2 12 86 5 7 89 087 3914 78 6684 92 9 907 94 8515 02 3 5 4389 17 715 17 1060 8769 8152
13301 0730 13715 8755 5161 3 9 56 94 75109 215 0886 9882 0816 5803 42200 128 0834 0012 55715 3881 125485
4 9 5 4 0403 47 02 7 7 78 9 2 8 2 29 9 7 0 4 5 1 999 96 48 7 8 04 12 43 797073 174 8325 896
123 722 5 0 19 4 8 80 87 6 5 89 967 1089 10 7018 17 4 997 10 9215 51 8 5 0989 12 466 02 2838 8702 9912
82713 9635 63618 8792 5920 9 6 12 25 82412 086 5902 9015 4200 5623 18847 153 5194 7318 53253 1126 629598
0 8 3 5 5794 05 86 5 1 12 9 5 9 0 20 9 0 1 6 8 0 470 02 09 8 8 24 12 09 991423 324 8353 702
103 063 5 4 15 8 7 18 09 1 2 02 960 9284 78 6694 12 0 062 54 6010 02 0 5 1789 19 415 10 2942 0782 9030
12613 7935 14790 5912 5901 8 5 29 38 82962 794 8912 0812 8565 5799 82085 194 5931 5010 63000 8106 186299
1 0 3 2 0193 90 10 3 5 52 9 2 7 2 66 9 2 6 4 0 1 939 70 75 9 8 64 18 23 596424 147 4977 507
033 186 5 0 10 0 9 78 89 1 1 03 886 1230 15 7978 16 4 509 74 2697 82 8 5 4219 62 460 13 0745 8012 9919
12213 1175 10219 4716 5327 3 5 10 98 10167 919 0912 9812 0518 8318 60705 197 8134 5352 93203 1180 155138
1 9 7 9 2223 75 10 2 8 12 9 2 0 8 68 9 2 7 4 5 9 905 12 47 9 7 24 68 98 871023 404 6828 359
110 573 5 8 02 4 0 10 80 0 1 82 736 1654 15 7218 78 4 012 16 1030 12 4 5 6219 17 415 05 7109 8714 8912
19313 7402 13219 8712 5101 0 7 02 97 12140 810 0285 0862 7710 4808 12262 123 5166 4312 50213 1153 135878
0 2 7 4 9125 05 72 5 0 92 8 9 4 0 77 0 2 1 7 0 0 388 92 49 9 0 27 82 23 798263 060 8563 756
022 123 5 9 15 0 0 74 80 8 1 83 987 0074 85 8510 15 1 910 94 1215 90 9 9 1276 19 489 42 8535 9762 8998
02605 1735 74005 8712 5221 0 5 43 96 50682 900 8916 9776 1787 5407 12396 428 7136 5312 03213 2153 120798
7 2 3 5 5155 45 40 4 5 64 9 5 4 1 38 9 2 1 9 3 7 398 12 75 1 0 06 02 23 897323 123 6186 562
42 653 8 9 12 7 2 92 66 6 6 82 087 4718 55 6547 02 0 882 14 2418 12 8 5 2109 25 505 72 8445 8712 8912
14013 5105 17245 8512 5372 9 5 12 96 84192 355 7584 9632 1415 9413 12200 124 0174 0246 19213 7903 125798
9 5 3 4 5923 80 58 8 0 50 9 2 0 1 04 9 0 1 4 5 1 192 99 05 0 8 74 70 23 901268 524 9033 554
103 103 6 0 14 3 0 82 99 4 1 83 807 2210 05 3987 52 2 920 87 1299 10 3 6 5289 12 436 33 2145 0218 8562
02319 1165 57210 0010 4189 8 7 12 49 75464 815 8012 4889 1217 5950 17285 320 5174 6010 50915 1253 845198
1 6 3 0 7193 75 12 5 5 79 9 4 9 0 28 5 2 1 6 2 9 952 18 75 9 9 94 12 23 090429 120 8123 790
127 128 6 6 12 9 2 40 89 7 1 62 884 1714 75 2014 87 6 939 18 4015 02 0 5 6289 67 485 32 2440 8712 8072
67413 1435 13217 8894 5138 7 5 18 63 12809 475 4919 9912 9818 5793 92215 924 4133 5380 53503 0858 625980
0 1 3 0 5925 86 92 5 9 14 4 2 4 5 25 6 2 3 4 9 1 950 12 49 9 7 44 82 63 891383 824 8105 526
188 162 0 5 17 8 5 12 70 9 0 02 109 1956 17 2664 32 3 982 19 1165 19 3 5 7989 12 018 12 2145 8800 8998
06382 1035 15018 9719 5182 1 3 19 98 02022 010 8972 0814 0012 5000 68295 185 6634 4592 54119 1853 109800
7 2 3 8 7123 46 12 6 5 14 3 2 9 7 20 9 3 1 7 5 4 959 38 43 4 1 24 62 23 899283 190 5127 655
120 457 5 9 10 6 4 92 89 9 1 02 087 1090 06 5314 62 6 817 13 1915 12 3 5 0889 52 416 02 8135 0980 0982
13346 1645 18500 8712 5101 4 7 02 79 10682 814 8915 9878 6317 0467 12945 180 5037 5010 53239 2197 815149
3 8 3 8 5126 45 16 5 5 10 9 0 0 1 28 8 4 0 0 6 8 012 12 65 9 3 69 12 83 168720 101 9003 856
463 183 9 9 72 1 2 14 88 4 7 79 794 6946 85 6314 22 8 812 17 8210 90 3 7 1989 12 068 15 2645 8759 0912
12313 4195 46215 8783 5928 2 0 99 97 12602 565 4012 9819 0046 0483 62265 114 2132 0545 53400 8104 105198
1 5 9 9 0973 44 72 4 9 90 9 8 9 7 28 9 9 0 6 6 8 903 88 59 3 7 97 98 09 695042 124 8188 556
038 107 5 9 06 8 0 19 89 9 9 67 282 1254 15 4914 62 3 911 10 1835 89 0 9 1906 44 405 52 8140 8502 8912
79376 8855 03016 8017 7129 3 8 89 98 30162 809 8065 6819 0533 5083 84013 324 2160 5312 96213 8154 798899
2 9 0 6 5823 48 66 5 5 13 8 6 7 8 28 5 4 0 6 5 5 929 18 86 8 7 34 52 27 199905 176 3123 288
185 123 5 9 97 8 2 97 99 8 7 92 078 8704 66 7394 07 3 092 94 8210 32 3 7 9804 92 617 72 6145 8512 6902
12318 1035 53895 8717 0127 7 8 00 08 22175 012 8895 6130 0965 0043 10265 629 3009 8912 53216 0950 820149
5 2 3 8 5606 48 42 7 4 62 9 8 5 9 99 6 9 9 6 7 1 912 91 25 9 4 28 97 23 891373 162 9123 056
703 123 2 3 12 8 4 12 86 0 1 82 467 5794 16 2014 99 4 917 77 3230 17 7 0 1586 02 415 53 2249 0742 8912
15800 4197 23310 0578 5969 3 7 12 08 72495 815 4412 9812 0090 6014 14615 124 5137 5312 53613 4153 924100
4 2 0 2 5187 48 04 3 6 12 9 8 3 8 78 4 5 8 4 5 0 258 19 87 0 0 40 22 02 891849 828 9353 556
123 727 5 9 92 8 8 00 06 8 9 82 352 6018 15 2310 77 9 702 90 9270 17 8 5 1885 42 148 92 2045 6762 3752
48313 1179 30017 0702 9499 8 5 19 90 58178 675 0312 9812 4235 5961 72510 186 5034 5712 50293 7107 728198
0 2 3 4 0963 87 22 5 0 00 9 2 1 9 63 9 8 4 8 9 1 518 16 45 8 8 35 99 05 590723 126 6167 566
126 071 4 9 07 8 3 18 84 5 7 80 697 9286 18 8304 12 6 902 10 1090 90 0 9 7289 82 465 14 0815 5632 4892
12343 1835 13065 6712 8847 3 8 02 72 82150 815 8919 0814 1075 6093 17216 098 9134 0618 80209 7153 925018
0 7 6 7 5128 46 15 5 5 99 3 5 7 1 34 9 4 9 2 5 1 912 15 05 6 7 38 12 92 695023 174 8228 959
50 722 5 6 09 8 9 72 60 2 1 82 987 1214 99 2334 12 0 802 34 1705 79 7 5 1286 58 405 02 2791 0916 8990
22513 1899 10206 2080 5402 6 5 12 98 38322 515 8090 0714 1595 0427 39575 140 5924 4912 56470 1753 585128
1 2 9 6 0140 59 10 5 5 14 8 2 4 7 57 9 2 9 9 8 1 962 12 45 9 9 52 83 83 696008 020 8263 746
193 407 5 8 93 8 0 91 78 0 1 42 907 9244 18 2317 19 7 912 84 8616 98 3 5 6946 12 497 10 7145 3044 7982
06315 6095 53295 9619 8161 0 5 12 98 73907 497 0714 8818 1019 5915 72210 124 5100 3710 53713 1185 550199
1 2 5 4 5140 48 18 0 5 10 4 2 9 1 28 8 8 4 0 5 1 988 32 48 9 8 21 02 20 598225 227 9369 555
323 093 5 3 12 8 2 84 89 3 1 05 607 4864 15 2344 64 5 911 64 9210 15 3 6 1077 18 941 62 2345 8712 0902
12611 3070 23015 8610 5127 3 5 12 94 12108 480 8912 6912 1010 5403 12090 727 0934 5397 43833 1193 558098
1 2 3 4 3173 40 92 9 8 19 9 2 4 0 28 7 8 8 2 5 9 402 12 48 7 1 84 17 53 791023 874 0523 556
123 593 5 9 00 8 2 12 05 2 0 80 987 1278 68 3204 10 8 502 00 1215 35 8 5 1259 64 986 12 4245 0042 6680
76890 1832 13924 7808 7140 3 9 22 92 12897 815 8912 7806 2215 5413 60116 104 5878 5372 69216 8660 085198
1 4 9 0 5073 80 12 5 8 12 9 2 9 3 68 9 7 6 4 5 1 712 10 45 5 3 74 62 28 810223 849 8423 526
883 177 5 7 99 8 2 82 99 7 1 08 385 7204 17 2904 12 4 216 74 8228 10 9 5 1289 20 839 12 7195 7719 7012
98910 4130 12215 8062 2120 4 5 12 98 92134 962 0962 6514 1780 5763 82210 770 5932 5950 50283 9150 625199
1 2 3 7 5120 45 48 5 4 68 9 7 4 1 68 9 8 9 4 5 6 912 02 40 9 9 04 92 73 395420 424 8080 866
123 123 0 9 80 8 3 97 87 9 0 82 087 8314 68 5314 02 4 972 94 1296 92 2 7 8289 62 414 11 2700 1762 8910
12393 1822 10538 8472 5021 0 5 09 98 16179 837 0817 6012 3606 6410 12274 120 5503 5712 43287 1133 195098
1 2 2 3 4127 17 14 5 0 42 9 8 6 1 25 0 9 1 4 5 1 639 10 45 9 8 24 60 20 897323 184 8923 209
173 148 6 9 10 8 5 02 84 7 1 09 787 1864 45 1310 50 0 602 18 1205 03 4 5 0287 10 105 04 2170 0665 8992
02643 1963 13965 8773 9706 0 9 86 98 32141 805 7582 9254 1945 0276 35210 332 9164 8663 93610 1060 191008
1 7 8 4 9806 67 42 5 5 62 9 8 9 8 29 4 8 1 8 5 1 852 17 40 0 8 25 18 4 00 7 912 10 8685 15 7 0 5949 12 077 36 3650 8012 9990
02540 9778 53295 8512 5420 5 0 17 86 12162 670 8212 0818 1615 6609 12842 924 5130 8793 53418 0055 200198
1 2 3 0 5121 45 12 4 9 11 6 0 0 9 80 9 2 1 0 0 0 018 32 46 9 8 56 62 23 601623 928 8723 855
303 823 5 9 18 8 2 12 08 7 1 68 189 5600 16 0374 12 4 928 11 1255 92 3 5 1281 12 415 70 2655 8719 4915
12399 0180 79219 8212 5027 8 5 72 58 94160 915 8718 7849 3865 5517 12205 184 9834 5300 93133 1953 920998

10386 1835 92275 8272 3583 4 5 12 98 10578 074 5416 9610 1515 5443 47308 026 0605 9472 55203 4154 100178
7 6 6 4 2024 89 22 7 1 80 6 9 0 9 28 9 2 1 4 4 7 917 10 97 9 0 98 02 03 891223 108 0023 658
823 720 5 0 52 8 7 79 09 6 1 42 088 0285 99 2314 12 5 998 14 9266 05 8 0 8269 52 498 12 9175 5812 0965
09345 1435 04215 8972 4821 3 8 16 90 42756 610 3913 2887 1619 0914 81215 904 7134 9616 60213 7003 024178
1 0 7 4 5189 60 18 5 5 16 4 0 4 6 75 9 0 2 4 5 6 912 68 95 8 8 24 05 73 331093 024 5023 556
74 120 8 0 12 8 2 12 83 6 1 52 789 1688 85 5374 15 8 710 74 9209 82 3 5 1389 72 419 12 7077 0712 7204
14357 8802 89215 9248 8123 8 5 59 08 10178 910 8912 9669 9895 5400 10910 166 4130 0814 53617 8153 985198
0 8 0 4 5823 45 99 5 8 12 4 5 6 2 78 9 2 1 4 8 4 917 92 45 9 8 54 12 28 891690 629 0120 056
728 161 0 9 17 8 5 12 72 8 1 84 986 1203 75 2944 95 0 992 90 1213 12 3 7 0750 12 467 15 2145 3696 8987
52083 1139 53213 0932 8020 4 2 32 97 72100 885 0912 7612 1065 5909 02099 978 8199 0332 73043 0153 128079
1 4 3 8 5007 65 12 5 8 00 9 8 9 1 18 5 2 5 6 5 1 912 05 05 9 8 60 10 03 071223 194 1553 090
393 923 7 8 82 8 2 12 87 7 8 92 998 1984 50 2714 12 4 710 90 1886 85 8 5 5694 92 615 10 2765 9962 8005
12009 9149 17204 0919 8821 0 4 12 96 32182 019 8714 9092 1217 0713 72216 824 5434 0610 59553 6103 040798
1 5 3 4 4384 55 81 2 5 10 9 2 7 9 27 7 5 7 3 5 4 012 95 46 9 8 40 13 23 051220 854 8904 356
133 723 6 9 98 8 8 98 89 5 5 02 185 9612 19 6316 12 4 612 14 5215 19 7 7 6274 19 535 60 2195 7792 6512
12353 9835 13639 9612 9761 4 5 12 98 95182 385 8493 9010 4679 9419 99215 054 0136 5352 97713 0190 625104
1 2 3 0 5129 64 10 6 5 90 8 2 0 0 08 9 8 1 4 0 1 912 43 43 9 8 30 12 45 885220 124 8123 007
729 189 1 9 32 8 2 97 69 2 1 92 686 3014 20 2214 02 4 913 11 7997 46 6 5 1980 96 415 12 2095 8482 8986
19083250 205198
3 2 8 6 2829 35 48 5 5 95 9 8 9 1 68 9 3 6 4 9 9 914 32 42 9 8 24 82 23 979203 704 0520 546
428 123 5 9 20 9 2 18 82 9 9 82 750 7614 95 2218 55 5 917 19 9265 10 3 5 0288 12 695 19 2145 9312 8712
12307 1170 78217 8789 4833 7 6 12 70 70199 937 8982 1872 1910 9413 12215 144 6734 5315 03205 1754 575150
0 0 3 9 5123 40 80 5 0 19 9 0 5 1 78 0 6 1 6 5 2 785 12 05 5 8 24 19 38 091529 140 5120 556
106 123 3 8 57 3 2 06 86 5 1 82 926 1939 19 0375 10 5 019 04 1810 02 7 4 9287 12 915 97 2052 6342 3942
90349 8185 63295 9718 5161 5 5 82 96 18902 315 8213 9812 1255 5403 98008 224 0134 7317 73213 7190 825758
0 2 8 4 5529 35 18 5 5 62 9 4 9 7 29 5 0 2 0 5 1 302 52 47 8 8 79 12 73 893523 824 8120 786
723 173 4 9 72 8 2 10 89 0 1 80 880 9217 75 0322 12 4 915 75 0207 07 0 7 8980 12 715 72 2145 9602 3982
52017 4135 18015 9816 5313 8 5 80 28 12170 845 8957 9810 0906 8543 12255 147 9130 6812 63253 7180 255398
9 8 9 4 0403 05 12 5 5 82 9 0 5 2 77 9 2 8 9 9 1 712 64 88 7 6 44 19 87 858243 108 6152 056
59 823 0 9 81 8 2 14 07 3 1 88 987 7913 35 3769 10 7 910 09 1215 52 0 5 9080 40 417 18 9093 5018 8992
02368 1135 53205 0795 0121 4 0 94 98 72692 805 8988 9812 4908 5813 99615 624 5138 0992 46810 6050 021168
1 2 8 4 5222 46 38 4 0 17 4 3 0 7 29 0 7 7 8 5 1 512 13 05 9 0 53 62 29 892323 779 0821 595
703 820 7 8 14 8 4 52 79 5 5 80 689 1924 45 7064 82 8 910 10 1215 10 3 0 8289 12 405 17 2147 8717 3919
12463 8844 13010 6785 7126 7 0 12 98 89022 885 8910 9816 1605 5006 16035 109 2674 5348 69603 1103 183127
0 2 0 4 5533 45 12 1 5 69 0 2 9 5 28 8 2 1 0 5 3 017 16 43 5 8 64 32 23 611960 124 2683 506
194 923 5 9 99 8 2 19 39 9 1 86 987 1814 15 1104 16 4 512 94 4435 10 8 4 7252 12 945 02 2045 8712 8932
02914 5198 13415 3917 5141 3 2 80 96 15132 815 0910 9010 7289 5418 60085 990 5139 5346 59936 3103 925198
1 9 3 0 9593 85 12 5 1 10 9 2 9 1 28 6 2 1 8 1 1 182 02 85 6 6 29 12 23 091413 024 8909 956
196 175 7 9 62 4 2 42 06 7 7 92 907 1258 96 2046 72 0 412 84 2905 02 3 5 1180 86 288 12 0145 8702 0970
07407 1133 76805 8817 5101 7 5 12 96 70162 720 8014 0817 1005 8073 12215 124 9168 5317 53519 1153 746198
1 2 3 4 9453 45 79 3 5 62 9 4 0 1 27 9 7 1 4 5 0 092 94 45 9 8 04 62 23 880223 874 8029 456
027 927 5 4 76 0 3 16 80 6 1 80 787 1958 85 8014 04 9 912 10 5205 10 0 7 3289 12 015 52 5808 8702 8618
38010 1382 03299 0790 5621 5 5 82 98 56909 518 8902 9010 5215 5419 12295 423 5834 5752 63639 1663 129878
1 2 5 0 0073 05 80 5 5 62 9 2 2 7 58 9 5 7 7 4 1 912 12 45 5 5 94 48 29 761321 384 8123 456
125 928 5 9 29 8 2 52 87 6 1 89 880 1284 11 0310 95 4 912 14 1248 77 9 0 5285 12 416 18 2955 8790 0912
82812 1935 06239 7712 5140 4 9 12 97 12102 115 7112 9812 4097 0863 17715 139 5974 5319 93289 5158 105073
8 6 7 0 5427 45 12 9 9 65 8 2 3 1 00 9 2 1 1 9 9 215 82 41 0 8 24 63 34 990328 129 8120 506
702 910 6 9 12 8 3 92 49 9 0 87 997 1564 85 5304 82 1 972 00 4010 78 3 9 1289 10 415 46 9157 8710 8412
87013 1037 93910 6740 5121 6 5 72 93 04892 810 0456 9815 9713 5993 10290 182 5950 9310 58173 1158 628698
6 0 0 4 5602 40 10 5 5 42 9 5 9 6 22 8 2 1 4 9 0 512 80 49 7 8 27 12 93 899225 724 1005 350
810 101 2 9 01 7 0 95 89 6 1 95 507 6754 15 2064 92 4 752 14 1209 90 3 5 1205 18 425 18 6845 1702 5612
99313 4130 80265 0098 5591 3 5 40 49 94189 815 8919 9058 1995 0710 92247 681 5734 5313 59213 1103 825190
1 7 7 7 5107 00 19 7 0 12 9 2 7 1 27 9 2 1 0 7 1 770 42 05 8 8 99 15 28 791620 893 7170 540
523 103 5 4 02 8 2 61 46 4 1 40 587 4619 95 6319 56 4 060 14 5914 92 1 5 8879 72 490 82 8105 5812 4912
23210 1884 90215 9780 5991 3 5 12 98 16114 305 9084 9016 1271 0610 12216 124 5154 5380 02889 5003 102195
6 2 3 4 5163 47 38 0 7 10 8 4 0 8 28 1 9 1 0 4 6 013 15 42 2 6 29 78 23 881249 664 9193 576
653 426 5 9 09 8 2 12 87 8 0 80 487 1996 06 2378 12 4 582 17 1013 82 3 5 1289 99 419 07 2105 5884 8992
12860 6139 73658 8916 5641 6 5 09 80 03172 855 9980 1687 5260 2498 38795 826 7194 5809 27298 4153 826834
4 0 0 8 5130 80 02 6 1 12 9 3 9 1 24 9 2 1 4 5 1 914 98 85 9 8 27 19 23 777283 126 8133 566
023 023 5 0 12 8 2 82 82 6 0 52 785 1467 15 2311 10 4 012 94 1210 00 3 6 9000 70 002 77 0175 8019 8912
09624 9105 17209 8714 5161 9 0 24 98 72682 565 8712 9417 9212 0729 60814 124 0034 9308 53269 1193 065893
1 2 3 4 5203 45 18 5 5 12 8 4 3 0 88 3 0 1 4 5 7 902 10 47 3 0 24 02 28 888223 074 8023 556
30 648 5 9 72 8 3 12 49 0 1 82 089 6306 15 7419 88 5 912 14 1289 19 3 4 9087 68 417 11 0145 8842 8212
12314 8705 03070 8062 9111 3 0 36 95 82110 019 8612 9086 4395 3413 57068 179 9924 9324 53288 1153 125095
9 2 5 4 5916 45 16 8 5 12 9 4 8 1 80 7 2 9 4 8 1 712 12 35 9 8 95 18 53 091623 137 8193 079
523 103 0 9 96 8 2 12 09 8 7 02 785 9219 19 2314 02 4 918 13 1015 82 8 5 7984 12 005 62 0245 8074 8912
17373 7339 07269 8488 9320 3 6 11 93 02762 045 8912 0812 5218 7639 22604 934 5114 5912 57280 1150 551898
9 4 4 8 5123 05 08 0 5 35 9 2 9 9 48 9 3 1 4 0 2 818 82 49 9 8 24 68 93 890225 125 8195 052
024 773 5 9 02 4 2 17 39 3 1 89 980 8207 15 0300 02 0 832 84 5925 76 5 5 2289 57 440 82 4395 8802 9912
10313 1135 67265 8702 5009 8 5 05 42 57192 445 4619 9869 6600 8413 12611 148 5135 5097 59650 1753 625308
0 2 0 9 5307 57 94 5 7 12 9 4 9 1 28 3 9 1 4 5 8 902 19 43 5 7 25 18 91 091794 508 8125 510
122 323 0 2 72 8 2 72 00 9 6 00 083 7276 45 5354 12 8 803 18 7276 10 3 5 6786 42 884 83 0145 1715 5913
14013 4291 03215 8616 5121 0 5 95 98 66945 815 2916 0842 1535 5619 02634 520 9862 0981 53387 5053 068168
0 3 3 4 7163 45 16 5 5 72 2 2 0 8 24 2 9 1 6 0 1 912 02 40 9 9 24 16 23 293249 080 8979 506
320 107 5 9 10 8 2 37 79 0 1 85 787 1214 28 6314 18 5 912 13 0247 75 3 5 9285 52 415 10 2847 0812 4910
12093 0198 20288 8301 7800 4 5 70 05 12509 083 9912 9710 1615 5819 12014 824 4134 5912 59210 8153 199678
7 9 0 3 6103 42 17 5 0 92 9 3 9 8 28 9 2 4 0 5 1 918 12 46 7 8 32 12 23 000258 944 0190 556
023 923 5 0 17 5 2 12 89 0 1 82 987 1854 10 2388 12 0 893 94 9665 17 3 9 1109 05 090 90 2558 0112 6906
12217 6100 13815 8710 7125 5 7 56 08 96885 815 8913 9830 6815 5693 19608 030 0533 1355 89884 4550 120698
0 2 9 4 5993 45 12 5 5 06 0 9 7 0 04 8 2 1 1 5 1 908 92 65 6 8 07 72 03 891978 624 8003 750
125 110 2 9 03 8 2 12 88 9 0 69 887 1019 08 2314 10 4 069 04 7271 59 3 7 1279 60 815 19 2167 8712 9512
12017 1057 93115 8702 7967 3 7 88 98 65152 001 8952 0852 1815 5413 98885 190 5884 5310 93210 0146 935098
1 2 6 4 0179 47 82 8 5 10 5 2 2 7 28 0 6 7 4 0 6 310 69 40 8 0 20 63 28 899227 124 0728 556
223 663 5 9 94 0 2 12 49 8 1 82 986 1080 92 2340 92 4 069 13 1715 10 8 0 5269 12 410 12 9105 8752 8913
77308 1638 13005 8612 5501 3 5 08 88 12392 815 8919 0819 1215 0007 02235 597 5536 0315 83213 5003 128008
2 2 0 6 5823 45 82 9 5 12 6 2 9 0 29 9 2 9 4 5 6 912 19 30 9 8 94 13 89 091673 164 9124 569
403 773 6 6 56 6 2 82 84 5 1 79 960 1214 15 2387 16 9 919 14 1265 12 7 5 3210 69 415 52 3102 8716 0022
17703 1335 67210 8702 5158 3 0 17 90 62954 014 3912 9812 1715 5469 16777 907 0694 5813 41919 7453 122092
9 2 7 6 0127 46 32 3 4 12 9 2 1 3 28 9 8 5 9 5 0 900 92 48 8 5 25 94 23 346803 134 8189 596
028 120 0 7 32 8 2 18 79 6 1 83 807 8018 64 2364 18 4 917 64 1265 62 3 5 1683 17 605 19 2905 8759 5648
52716 0787 13412 8517 5521 3 5 96 93 96189 990 7463 9886 8215 5513 42870 107 4104 1422 80277 5883 127598
9 8 9 0 5329 48 12 5 9 62 0 2 0 9 78 9 2 1 0 5 1 010 12 45 8 8 20 14 03 051233 704 8097 558
118 473 5 4 42 8 8 72 54 0 1 82 987 8011 30 9044 16 9 912 14 5256 40 3 9 1389 12 015 97 0045 8015 0712
02310 1835 08215 0702 5161 0 5 72 90 42182 875 8112 9616 6789 6453 14215 103 8984 2052 57713 6400 785398
5 2 3 4 5123 00 12 8 9 12 0 0 0 1 08 9 9 5 4 2 1 803 96 09 9 3 24 12 30 593809 824 0753 496
80 826 5 9 10 8 2 42 89 0 0 44 948 9910 15 0304 10 4 972 84 7005 72 2 5 1288 13 515 32 2045 8774 8782
12308 3035 13206 9794 5020 3 0 12 98 00922 907 8912 9852 0205 8016 12010 120 5172 5312 53213 0151 360999
9 2 0 9 5093 55 94 5 8 10 9 0 8 1 28 8 0 1 4 9 1 041 52 09 6 8 84 73 30 051290 109 0125 058
120 156 5 9 92 7 8 10 99 7 1 60 977 9919 18 6304 52 4 816 84 1290 60 3 6 8589 02 135 16 8432 0986 8002
19317 1305 18770 9795 5191 3 0 12 82 18175 818 8012 5992 5005 3413 17980 924 5035 6312 72509 8140 520078
1 2 3 9 5153 86 10 5 3 02 7 6 0 0 17 9 9 7 4 5 1 068 12 45 7 8 04 10 85 895818 820 8802 427
103 923 0 5 91 9 0 17 39 0 0 89 907 7279 85 2304 12 4 452 98 1255 00 3 7 6269 02 305 92 7167 4719 6072
97318 8478 83535 8088 1121 5 5 92 98 12982 515 8867 2512 1205 5717 72337 154 0035 6395 03256 1683 187757
9 3 3 8 5923 95 12 5 5 19 9 9 7 1 20 8 3 3 4 5 1 469 16 45 9 4 58 02 23 897293 120 9263 558
163 063 3 9 07 8 0 12 80 3 1 79 967 5225 65 2914 10 4 972 86 4299 10 8 5 1989 12 400 02 4155 7212 8972
12303 1733 10235 8358 8021 3 5 86 85 80152 819 6502 6192 1005 7417 72215 522 0087 4319 53210 1183 305198
1 9 7 9 5108 80 32 5 6 12 9 2 7 1 78 5 8 6 5 5 1 937 17 55 9 8 23 52 73 099827 092 7420 096
173 909 5 0 33 4 8 96 80 0 1 82 975 6904 15 8076 64 5 912 82 1768 19 6 8 1247 42 713 12 2105 8942 0912
16316 0105 13209 2212 8551 3 5 05 90 12679 985 8992 9613 2243 5003 14205 924 5894 6102 55710 1789 120144
1 8 5 6 9583 45 12 5 1 57 0 2 7 1 20 9 3 3 8 6 1 517 09 49 9 8 09 12 23 893680 324 7943 506
123 108 5 4 12 0 0 12 09 8 1 02 887 1274 15 2314 09 5 902 30 0245 82 3 0 9689 32 889 15 2730 8710 7714
54016 8105 13905 9877 1161 3 5 55 99 12182 615 0802 9372 1884 5789 12217 188 5965 5318 59913 4750 129596
7 6 0 8 7047 00 07 8 8 42 0 0 7 0 28 3 2 1 4 6 8 992 11 05 9 6 08 52 23 793483 108 8903 586
039 129 5 5 52 8 8 08 80 4 1 82 961 0219 02 8335 00 4 984 14 1215 80 9 4 6084 10 874 02 2595 8419 2912
02014 5937 16269 8091 5108 3 6 88 97 12182 167 8900 7014 8255 5423 62893 104 1130 5700 08243 5040 176600
1 2 7 8 3023 40 12 5 8 12 0 2 6 0 07 2 2 1 7 5 1 792 10 85 4 8 20 16 74 601023 525 8483 456
120 573 7 0 02 8 6 14 89 1 1 82 968 4214 85 6310 12 4 510 51 5279 12 3 0 3880 00 415 12 6105 9238 0998
69713 1687 17215 9712 6081 4 0 50 98 76887 815 8908 8694 7212 0414 78985 944 5134 5716 50610 1853 125148
1 6 2 4 0827 45 12 7 5 72 9 7 7 4 27 5 2 1 4 4 9 713 29 45 9 8 64 72 70 880823 004 3009 156
999 583 2 9 42 8 2 69 39 9 1 75 906 1204 57 4818 82 7 908 10 1219 12 0 7 7859 15 910 10 2148 8982 3022
02313 1135 16215 8752 9071 6 5 90 76 15192 817 8742 7812 3298 2688 12217 124 4104 5319 93963 1853 865193
8 0 9 0 9759 49 19 0 5 02 0 8 3 5 28 8 0 1 7 5 3 953 12 99 9 8 69 90 23 290973 304 8723 596
110 950 6 0 99 8 9 42 88 9 3 95 977 1297 75 7317 00 4 042 94 3297 12 3 7 1280 12 405 32 2947 8219 0014
12067 0175 93210 8752 0128 3 5 02 66 18190 818 9502 9910 3205 5483 69215 793 7134 5072 53844 1603 880190
5 2 3 4 9143 40 16 5 6 18 9 2 7 9 76 9 2 1 4 8 1 817 19 50 9 8 74 12 78 591223 124 2129 552
543 126 5 9 79 7 2 05 82 6 1 82 987 3906 25 2858 10 4 010 14 1243 12 3 5 1990 90 015 12 2198 8000 8012
12610 8155 15415 8722 5271 3 8 72 60 00880 155 8960 6642 1755 7413 12289 128 7185 0700 50003 1158 925195
1 7 3 4 5663 65 52 9 5 12 9 0 0 5 00 7 2 1 4 7 7 515 17 47 9 8 28 82 15 891950 326 3820 079
58 103 8 0 92 0 2 45 80 7 1 18 949 0218 48 2914 17 0 900 89 6915 12 0 0 1280 54 665 12 9145 8727 5912
52103 6835 01890 8322 8928 3 5 72 98 90806 418 8080 7982 1225 0014 58255 120 0137 5792 69393 8653 179198
2 2 3 4 6166 08 50 0 6 72 9 0 0 1 28 9 8 0 4 0 0 412 10 41 4 9 76 13 00 051405 103 8103 996
123 993 9 6 10 8 4 12 88 0 2 92 687 7214 65 2375 72 9 782 14 1914 12 3 5 1229 18 915 08 5640 9717 8012
14383 4130 73215 8712 8826 5 5 63 50 12176 819 8912 4802 1911 0410 64215 540 1634 5215 26413 8150 125898
1 2 9 4 5103 05 00 6 6 92 9 5 0 1 88 0 2 1 4 0 3 592 00 45 0 0 24 12 87 801620 175 8605 956
799 620 5 6 69 8 4 07 69 9 0 59 980 3006 15 2384 19 4 900 34 1685 60 9 5 7997 12 610 12 2205 9416 0918
94583 4005 63265 8912 5045 8 5 14 04 90182 005 0932 9803 5215 2423 12215 627 5064 5317 50913 1853 925998
0 9 6 4 0320 15 62 5 5 94 9 2 8 1 06 5 8 3 5 5 1 012 32 45 9 0 60 92 73 991773 124 6173 066
857 620 9 9 12 6 2 36 59 9 3 89 997 4984 65 2904 12 4 628 99 0019 67 3 0 0384 82 415 15 4912 8312 8257
15393 0505 59315 8565 8123 9 5 28 48 29735 895 8112 0059 9715 8413 04275 123 5534 6012 63219 1453 505196
0 8 6 0 0123 99 88 5 5 72 0 2 7 0 41 9 6 1 8 5 3 919 60 47 0 8 24 18 23 090733 924 4920 557
147 029 5 8 10 4 9 19 39 7 8 82 988 1210 05 2314 18 6 812 06 1695 10 3 1 0200 16 416 16 2540 8885 9818
19173 1105 13475 0392 5721 3 6 14 32 52102 015 8982 3806 4910 5013 10205 124 5100 5312 53218 1853 575178
9 5 9 4 5523 45 12 5 5 19 9 3 0 1 28 8 0 1 1 6 2 112 16 48 7 0 50 02 27 231829 705 0989 660
825 705 5 9 12 6 8 12 89 3 1 80 904 1814 05 4319 42 4 923 04 1205 01 3 0 1089 12 415 12 2448 9712 7909
12013 1589 19285 8753 7121 3 5 19 58 00539 056 9762 9864 1810 5853 18548 524 5134 8331 05218 1945 628130
1 0 4 6 0023 09 62 5 8 00 8 2 9 6 28 7 0 7 5 0 2 912 92 49 5 5 84 70 50 711223 159 8143 957
020 320 8 4 10 9 0 12 80 0 0 52 027 7917 14 4014 82 5 912 12 9910 90 5 7 1260 05 400 63 2749 8715 6912
12350 1192 10245 8710 5092 3 8 42 90 16780 811 6902 2817 1299 5488 12256 924 0135 5842 03213 9058 465168
7 4 0 9 5123 48 05 4 5 15 9 2 0 7 08 4 0 9 0 5 4 058 62 45 9 8 44 02 29 699224 174 8194 556
120 328 5 0 92 0 0 02 89 8 1 95 988 1084 10 0814 16 0 012 19 4015 69 9 5 1270 17 469 11 2845 8102 8514
62913 1149 74515 8714 5120 3 8 12 98 62802 819 5912 9052 9265 7810 32215 968 7530 3872 57743 3653 196028
1 2 3 8 8128 84 92 5 8 92 8 7 3 5 69 0 7 5 8 5 1 869 15 40 9 0 24 13 23 891249 194 0587 658
129 173 5 5 00 9 2 12 85 7 9 82 598 1241 15 0516 14 4 988 08 7417 19 9 5 9289 12 445 13 0245 8912 8015
80506 5085 83009 8352 3108 0 5 52 98 02972 015 8992 0510 0245 1413 12485 137 0036 9316 50210 1853 120167
5 2 0 4 0923 80 12 5 0 70 3 2 8 2 98 9 6 1 7 5 9 974 92 96 8 7 25 59 69 889827 129 8353 990
127 002 1 9 12 6 2 87 89 3 2 82 993 0614 15 2314 12 6 382 15 1934 22 3 4 1099 02 015 07 7637 8816 7910
16678 0135 10017 8608 5021 9 7 78 08 00860 805 8972 7819 1219 7453 18855 924 5834 5322 03013 1154 922199
1 5 7 8 5603 95 62 0 9 12 2 2 8 7 58 4 2 1 6 5 7 712 08 46 0 8 28 12 88 596903 104 8127 556
104 456 8 9 32 9 2 12 47 7 1 84 903 1234 15 2810 92 0 915 84 1245 18 3 4 0289 18 116 18 4600 6719 0988
14316 3535 03205 1702 5181 3 7 12 90 12842 257 2749 2018 1230 5416 90239 018 5034 7332 59213 7336 727198
9 2 3 7 5173 19 82 4 0 59 5 8 6 1 78 0 2 1 6 5 0 912 71 45 9 8 85 19 82 890773 109 8520 899
96 968 5 0 92 9 0 22 89 0 2 22 380 6614 17 0054 91 8 205 57 6615 12 5 5 9783 10 415 12 2939 8712 8313
94844 9155 53205 5072 5425 0 8 19 90 19198 016 0979 9002 1756 5473 87215 338 5139 0672 59216 2870 125193
5 3 3 4 5123 79 70 6 5 68 9 6 8 1 80 9 4 4 4 5 9 919 82 45 8 0 24 12 40 791293 335 9129 526
823 923 5 8 10 6 2 52 09 7 3 92 090 0856 15 2319 62 6 796 14 1985 12 3 0 1276 12 499 10 2146 8780 8112
58879 0877 96212 8766 5009 3 8 17 98 19932 805 3910 0819 8975 8436 19275 180 6134 0312 74693 1803 928190
7 0 3 4 5120 40 12 0 6 12 5 2 9 1 00 8 9 1 8 5 1 692 12 83 9 0 94 60 23 408703 524 8040 556
133 723 0 3 15 8 2 12 99 5 1 87 287 1294 15 9385 12 0 999 54 4505 40 3 2 0289 22 885 17 6107 9012 6912
17313 1131 13805 8710 5685 8 5 92 98 09360 807 5670 4812 4215 5406 52205 124 0184 5670 59213 5525 135198
9 2 2 0 0429 65 10 5 4 12 9 3 0 1 77 7 9 0 5 9 5 912 29 08 7 8 29 17 70 860206 100 8123 556
045 170 6 9 62 5 0 12 39 7 9 82 910 1614 89 2310 19 2 613 97 1835 92 9 5 7289 39 399 14 0820 8756 0952
62616 8165 15830 0712 8901 3 5 12 98 07978 865 8012 0612 4213 5457 56490 524 5130 5412 53813 3860 100198
1 0 7 9 2183 72 12 5 5 14 9 9 0 0 28 4 2 1 9 5 0 002 14 55 9 8 84 17 26 899263 120 0723 750
203 173 5 9 92 8 9 50 82 2 1 82 987 1218 10 8514 42 4 912 98 5715 86 3 5 1999 54 450 12 2198 8715 6918
00934 1434 13262 5692 0193 0 5 69 08 12142 876 8917 9619 8715 5368 17005 324 0134 5817 53269 2103 827794
1 7 3 6 7128 43 50 5 8 16 9 2 9 9 77 6 2 3 0 6 6 672 85 83 7 0 09 17 28 840903 020 8220 553
065 120 5 6 95 5 7 12 86 0 1 80 970 6804 15 7616 98 4 910 06 1250 12 3 5 0789 08 415 72 2115 4712 8079
92307 9165 19215 8618 5180 0 5 12 98 52016 815 8912 8880 0715 9408 82055 487 5100 5952 10210 4157 495898
1 0 3 8 8023 02 92 3 5 82 4 5 8 1 69 6 2 7 4 6 0 671 14 35 9 8 94 62 73 891273 174 8520 676
923 125 2 9 12 9 5 50 32 7 1 81 397 1854 16 6074 42 4 012 71 1868 90 5 4 2689 72 719 18 2945 8712 8946
13310 1133 03848 5022 5128 1 5 18 97 12102 813 8802 2856 0205 2919 99110 324 5153 8826 55217 1650 125198
9 7 3 7 5523 65 10 9 7 32 9 2 5 0 29 2 2 1 5 0 1 610 16 74 7 8 54 12 28 821154 867 8177 596
600 143 9 9 11 8 2 88 04 2 7 09 987 1694 16 2314 62 4 919 10 1275 12 5 7 1389 56 414 92 1645 8982 8717
10303 6136 13285 4732 5606 4 5 10 78 92882 947 2990 7852 1203 7413 12516 524 4885 5312 94010 1173 195498
1 2 3 4 5163 84 09 5 5 32 9 7 8 4 28 9 8 6 4 7 1 057 92 58 4 4 26 72 03 594239 920 5798 864
470 473 5 5 35 8 1 12 85 4 9 30 084 1264 59 2316 76 0 471 84 1095 12 5 5 1209 10 485 12 0145 1702 0912
12313 4130 16018 8019 5194 7 0 62 57 62157 815 8942 9906 1515 0769 15205 724 6394 9395 64211 1353 184158
9 0 9 5 5120 45 12 8 0 12 8 2 8 0 35 9 2 7 0 5 1 502 22 47 9 6 84 18 03 881260 734 5925 896
524 623 5 0 42 8 2 12 89 8 8 62 767 1708 05 2310 12 4 912 65 1210 12 3 5 1278 84 730 17 2105 8710 8052
06390 4189 17955 8512 4101 0 5 05 68 82847 810 8996 2613 0215 5953 02291 680 5104 5312 97203 1453 064496

77396 1088 13215 8574 5024 0 0 12 68 92182 814 7552 9960 0815 6687 51228 724 0104 5085 53213 0653 125970
8 5 8 4 5123 65 32 5 6 86 9 2 3 1 28 9 9 8 4 5 9 907 05 05 9 8 74 53 54 899889 134 6979 520
003 153 7 9 13 8 2 39 89 0 1 42 781 9620 15 2574 15 4 906 14 9217 12 3 0 6287 12 715 46 5135 8912 8916
12411 9135 82831 8712 4101 8 9 48 08 10441 885 9010 9812 3205 0447 70218 925 0107 5077 99933 1153 225195
9 2 3 4 3173 08 02 4 6 52 9 2 7 1 38 0 2 8 4 8 1 516 82 40 9 5 24 95 73 899162 224 4953 876
52 083 5 9 12 8 2 02 80 5 1 42 897 4267 60 1614 06 4 919 14 1217 82 6 3 1289 17 485 55 3945 0756 8912
12313 4505 13059 8087 0191 0 5 12 00 02153 876 8886 7012 1207 7463 12225 197 5994 7912 50807 0159 195078
1 0 9 8 5285 35 12 7 5 04 9 0 0 8 27 7 3 1 5 5 9 849 12 45 5 5 24 09 33 798223 124 2143 520
083 683 0 9 18 7 0 07 80 8 1 88 917 1054 10 0014 12 4 519 19 1205 16 3 9 1279 10 445 02 2195 8712 8955
12353 9088 03278 8612 5527 3 5 15 49 12342 624 9912 9412 7810 2440 18616 194 7734 0397 08860 7458 126138
0 2 4 4 5123 90 12 5 0 82 5 2 3 6 46 9 2 1 4 6 4 982 17 95 9 3 29 72 27 300927 127 8224 056
123 903 5 0 13 8 2 62 89 9 5 84 084 1364 15 2314 75 4 072 64 1815 10 9 5 8282 12 417 10 0145 8792 8972
00960 1137 16214 0718 7126 2 0 62 98 02172 995 7979 0712 9855 5503 76374 124 5134 3386 73215 1166 835196
1 9 0 4 0023 92 77 6 2 12 9 2 0 3 20 9 2 8 0 5 1 018 72 07 0 8 34 11 40 997203 024 8380 896
923 723 9 9 32 8 0 22 99 4 1 70 967 1718 50 7335 12 0 682 14 9277 22 3 5 7353 12 808 82 8270 8585 8915
32313 1030 33255 9752 5021 3 4 12 92 06012 510 3982 9859 0410 8433 62217 526 4634 7760 53211 7703 177028
4 2 6 2 5223 40 19 5 9 19 3 9 7 0 29 8 8 1 4 5 6 062 92 95 6 8 47 12 63 890233 724 7003 556
022 803 5 0 60 4 8 19 87 2 0 47 380 0505 15 7316 16 4 912 14 1215 50 3 5 0084 12 915 12 7045 5708 8012
12313 1330 19719 8212 5171 3 9 12 88 12882 810 8984 9812 3255 2419 37210 134 4148 5099 53212 9158 135199
7 9 3 4 0824 40 02 2 9 98 9 2 8 7 58 0 9 1 4 9 4 912 10 45 9 8 20 18 07 795029 580 8193 770
622 127 5 1 66 0 2 13 59 0 1 82 885 5118 00 2888 17 4 912 99 1395 12 3 5 9277 12 716 26 4147 8719 8190
92590 8002 10710 8778 5921 6 7 10 98 92242 815 8912 7612 9895 5463 85955 444 8852 5372 50214 9003 545879
1 7 3 4 4970 47 12 1 3 13 3 2 5 1 28 9 2 8 0 5 6 322 18 45 8 5 29 42 00 801558 148 8123 556
073 183 8 7 70 0 9 02 89 0 9 84 897 1680 15 6614 12 4 912 28 0285 11 3 5 7581 65 214 12 8145 8981 7014
12698 1036 16205 8902 5428 3 2 18 98 15782 007 0912 9712 5710 5019 17585 124 5170 5315 83093 0153 155139
7 5 6 4 5103 30 16 5 9 84 9 2 4 1 25 9 3 6 4 8 9 012 10 08 7 8 07 18 61 890294 449 1423 559
439 991 5 9 88 8 6 82 89 2 5 82 985 1244 15 8500 12 4 908 14 1217 19 5 4 1985 96 605 82 4040 1712 4930
12097 1030 13099 8812 5380 3 5 02 99 12170 415 5953 9012 4075 0042 16215 064 7048 9912 53213 6153 125866
1 2 0 4 5195 15 15 5 5 12 3 8 0 7 23 3 2 9 4 1 1 914 18 46 9 8 99 12 73 791083 126 8100 556
373 105 5 4 62 8 2 98 89 9 1 80 901 0215 05 2014 82 6 612 14 1595 18 3 5 1285 75 418 02 0785 6808 0712
35307 1139 93255 8702 5134 3 5 15 95 97180 817 8914 5017 3685 8873 70815 028 5834 3017 13957 0933 125851
1 8 6 4 5123 98 82 5 7 52 9 2 7 9 20 0 2 1 4 5 9 962 12 43 4 7 24 67 20 891423 129 6020 876
103 120 8 9 01 6 7 00 69 8 0 82 068 0214 85 2754 19 4 770 10 2205 12 3 8 9209 86 015 12 2549 7700 5792
1 8 3 7 0023 49 02 5 5 13 9 2 9 1 42 0 0 0 7 5 1 312 15 40 9 8 71 08 29 203027 180 8023 556
163 193 7 9 00 8 2 12 89 6 0 62 967 1514 59 2312 12 4 719 74 6793 00 3 0 7080 20 563 08 2045 8911 8902
70085 1035 70819 8702 8787 3 5 52 58 72200 000 7342 9812 1210 3213 92515 163 0894 5733 33363 4178 623736
7 3 9 4 5523 71 07 5 5 19 7 3 3 1 48 0 0 3 4 0 9 952 76 45 4 8 87 18 13 861983 124 8597 556
85 423 2 3 54 8 2 18 49 5 6 52 116 4934 00 2316 85 4 919 70 1246 82 6 5 6283 92 440 61 0609 8712 4482
82910 1937 40245 0776 9557 0 5 12 08 12182 325 0659 9312 1210 5413 62015 204 5252 7310 93092 3683 123104
1 5 3 0 5024 45 15 5 5 12 0 9 9 0 28 1 2 1 4 5 8 569 12 45 9 5 02 12 03 850288 920 7523 517
429 196 5 9 17 6 6 69 88 8 1 81 904 7604 95 2862 12 4 946 04 1218 02 0 5 1759 06 499 10 2969 9809 9072
12399 6134 63840 3773 5128 3 6 12 07 17162 815 8810 8816 8215 5913 12948 224 0735 7292 53010 1180 195108
1 7 3 4 5123 97 08 5 7 12 0 2 8 1 48 0 0 2 7 8 1 912 10 05 7 7 24 60 23 801542 134 0103 959
793 903 8 9 46 8 2 82 88 8 1 52 488 5290 85 9384 12 4 912 74 2819 01 6 5 5489 95 470 12 7045 8702 8911
98375 3135 13298 6982 0521 3 5 12 98 05156 805 8875 9932 1255 0413 52280 100 9136 9315 73483 6107 575093
7 2 3 4 5508 45 92 0 5 02 6 2 0 6 26 9 2 1 2 4 1 932 02 47 9 8 23 12 29 987023 122 5100 655
605 620 6 9 02 8 2 16 99 7 3 06 907 9884 08 2314 11 4 912 88 6237 10 7 8 5975 54 417 06 2746 2708 7882
12643 4135 11969 0567 5547 3 5 58 88 00152 478 9999 9818 9295 5970 92080 069 5133 4012 33810 1193 465898
0 0 4 4 5126 42 12 5 0 68 8 3 8 0 43 9 8 8 5 7 1 912 12 49 7 0 24 16 70 001503 124 0022 538
620 018 5 3 12 7 8 89 63 8 1 82 088 8262 85 0019 05 5 912 08 1219 15 1 8 1489 02 015 60 5179 8192 6712
02313 1130 97110 9796 7124 3 5 12 48 62741 817 8597 9812 8400 5806 12115 004 2184 5367 93213 9158 128198
7 2 6 5 5126 29 52 5 7 18 9 9 4 1 28 9 2 1 4 5 1 710 02 45 7 6 54 62 24 081823 320 8588 596
107 163 5 9 12 8 2 80 88 8 3 17 987 7232 10 8016 19 6 219 84 5714 12 3 0 6296 12 698 21 2955 7000 9892
32693 1778 13015 8710 5706 6 9 15 90 19190 817 8919 8650 5015 8963 00715 724 6514 6314 53274 9073 025148
8 2 4 8 5193 55 12 0 5 18 9 7 9 1 68 0 6 5 6 6 1 639 12 45 9 6 64 10 29 699054 674 8123 556
173 698 5 9 16 8 2 12 89 8 8 07 985 1880 16 8317 12 4 014 74 1213 07 0 5 0077 12 910 62 2374 8706 8912
18313 9635 73210 8612 5171 5 7 17 98 72162 565 8900 3892 3218 0419 82385 124 0199 6405 03487 1653 535140
1 2 3 4 5163 05 19 8 0 30 8 2 9 3 08 7 4 0 4 5 1 900 68 43 9 8 89 42 23 867024 928 8121 556
803 140 4 7 78 8 2 12 89 0 1 98 987 1514 89 2717 11 8 000 54 9810 12 3 7 1486 00 567 10 2319 8832 4918
02348 1167 93215 0017 5121 0 8 17 98 92172 810 8016 3012 7015 6530 42275 060 9534 5813 53318 1553 183178
1 0 0 1 5113 75 72 5 7 12 9 3 0 1 20 9 2 1 7 5 1 202 52 69 3 8 47 03 13 470006 126 8033 408
937 923 7 9 12 8 5 10 69 5 3 97 637 8784 95 0368 02 0 312 13 1274 72 7 5 1229 37 627 17 8046 7118 0785
13009 1335 47335 5712 8807 1 0 62 92 47102 809 8970 8921 1290 5013 12266 990 8104 5580 43013 4053 625549
1 6 3 4 5094 45 30 5 5 05 9 2 4 1 47 6 2 5 8 5 1 912 97 45 0 7 94 74 57 890250 126 8113 806
923 163 4 9 12 8 5 62 80 8 1 09 997 1218 00 2814 96 0 817 39 1043 13 3 5 6290 22 485 12 0345 0812 8617
74712 0135 14311 0702 0129 3 5 48 99 32732 885 8960 9858 0215 9460 22319 824 6504 9376 87003 1153 185199
0 2 3 5 5003 45 98 5 8 92 9 2 0 1 04 9 6 1 4 5 1 982 18 75 8 7 24 18 27 893253 104 4892 058
003 621 5 5 10 4 2 72 89 9 1 82 687 1318 95 8314 92 2 968 16 0718 32 3 5 1983 33 935 12 9145 8680 8889
12117 1145 30910 8719 5198 3 6 12 99 82072 805 6808 9918 5757 6318 17215 210 5934 7312 50213 4003 195684
5 2 9 5 0128 48 02 5 5 10 7 8 2 1 28 9 2 6 4 3 6 975 77 05 9 3 04 90 26 891729 934 0220 766
59 604 5 5 99 6 2 73 79 5 3 90 964 0214 76 2314 12 0 433 14 8219 02 3 5 1244 42 510 92 3705 8714 0012
52313 7905 93992 3702 5381 3 0 42 90 12192 815 0617 9712 1517 5913 52210 423 7849 0317 54216 1103 808168
1 3 5 4 5808 44 13 0 4 01 9 3 8 1 28 0 2 1 7 5 0 977 12 00 8 8 09 72 90 790527 185 8673 556
559 128 5 9 13 8 2 92 89 9 9 82 927 1710 35 2364 97 8 918 04 0214 52 0 7 5939 82 018 10 6105 8986 8900
90369 3791 17315 8908 5331 3 7 87 97 00442 870 3540 9899 7085 8416 95815 024 6134 5929 53217 1151 102198
9 2 9 4 0148 08 89 5 5 12 9 8 2 3 28 0 2 5 6 0 1 582 10 35 0 8 94 92 23 891728 115 5633 803
667 977 0 9 09 8 8 52 09 6 1 38 629 1214 50 1804 15 0 916 96 1200 19 3 0 1289 96 845 62 2125 8349 8017
15394 1735 07215 8944 6101 7 0 95 98 18784 872 5912 0852 9015 8400 70215 124 0834 5685 63913 5051 135105
1 0 3 4 5173 40 12 5 5 93 8 7 6 1 28 9 5 6 4 6 1 402 50 75 9 6 54 72 70 891200 124 8723 253
996 103 7 9 14 8 2 22 50 7 8 37 960 1004 90 2010 39 4 910 19 7713 12 9 6 1689 39 419 12 8145 6812 8500
14053 1136 77618 8619 5796 8 9 52 98 92092 915 0900 5812 1734 1905 12715 484 5124 5383 53003 4355 109195
9 2 3 9 5183 45 17 5 5 03 9 0 0 0 29 8 2 5 9 8 1 012 13 07 9 8 04 52 57 881040 014 6526 851
920 129 0 9 16 8 7 12 29 0 6 42 809 1274 45 2394 32 9 922 17 3975 12 3 5 5284 12 580 15 2547 6812 7010
88310 8165 19218 4780 8061 3 7 47 68 02152 816 2982 8744 0815 7802 17004 134 5133 6316 53813 1453 375188
1 4 8 4 4163 05 92 5 0 02 0 2 8 1 48 7 5 6 4 5 0 909 12 79 9 3 19 92 20 961253 724 8527 596
154 069 5 9 19 8 2 17 84 8 2 82 987 1610 97 8314 14 5 952 16 3219 72 3 7 1886 92 915 16 8145 7712 8992
10313 1133 69203 2912 5421 3 5 62 94 92309 917 8904 9819 1415 5413 62290 393 5954 8562 50200 0083 125438
7 2 6 4 8199 64 18 5 5 60 9 2 8 1 08 2 0 1 4 2 3 072 12 87 8 4 70 17 21 401104 194 8903 558
777 953 5 8 19 6 8 12 89 6 0 42 880 1088 94 2278 16 0 618 69 1715 72 3 1 4509 50 412 14 6145 8712 8972
12529 1089 53219 8717 5120 3 5 12 90 19067 713 0982 6810 1215 5413 64294 120 7174 5402 58213 1853 120968
1 4 3 9 5636 05 02 7 5 19 9 3 4 9 88 0 7 8 4 5 1 932 80 96 6 3 29 12 23 791123 125 8224 096
984 124 2 5 17 8 4 10 89 7 7 87 984 1217 08 2365 12 4 619 16 6060 84 8 5 1589 02 404 19 3940 0010 8488
52703 3039 83395 6719 5121 3 5 32 98 95142 465 8910 0812 1015 3830 12215 120 7038 8303 03713 5353 125178
0 2 5 5 7122 35 22 0 5 68 9 0 8 1 57 3 2 1 4 0 1 808 82 44 0 9 24 23 23 878223 928 1129 056
173 023 5 6 70 8 2 03 69 7 1 82 907 1260 99 2319 22 0 582 07 1281 12 0 5 5288 64 405 09 6157 8782 6012
12319 9005 03218 6612 5401 4 0 40 98 02146 728 0993 9759 9285 5000 10719 155 0135 5368 73513 1073 625143
1 2 8 0 5750 44 12 5 8 10 9 2 0 7 08 5 2 4 3 3 1 966 19 40 0 8 03 72 03 861544 124 9150 576
328 883 5 9 12 8 5 19 89 0 1 06 026 1225 15 9314 12 0 910 94 0279 10 3 3 4080 18 085 70 8199 9716 9992
62513 1003 93445 8712 5161 3 5 70 08 12966 304 7312 3803 9260 6413 17995 284 5104 6335 53023 8850 594028
1 1 7 8 5623 45 16 5 2 52 9 2 0 7 28 9 9 3 9 8 7 962 72 57 9 9 24 62 20 091029 194 8153 505
193 173 0 9 12 8 2 46 89 8 8 02 987 8324 60 8964 12 8 997 54 9260 92 3 5 1389 52 519 05 6942 9212 1407
19207 4870 33315 8062 5537 3 0 12 38 13159 805 8900 7810 0294 6517 64270 495 5034 0379 00273 7480 013198
5 2 3 4 0123 96 12 4 7 12 9 2 7 0 28 0 0 1 4 5 1 972 16 06 6 8 17 19 23 898223 178 9680 496
58 163 5 9 16 8 2 02 86 6 7 80 937 1388 15 2984 22 4 917 08 1215 12 9 5 0287 19 672 15 2145 8715 8916
03853 0075 13715 0712 5171 7 7 19 88 13112 865 8919 8712 1055 5911 12215 122 5538 5317 86093 1753 175947
8 2 5 6 6123 44 12 7 0 62 9 2 6 3 27 8 0 8 4 0 3 912 94 72 9 7 29 12 61 890223 944 8106 536
163 921 0 7 82 8 8 15 71 0 0 85 987 4644 10 6368 16 4 010 57 5295 02 3 6 0289 42 417 62 2198 7712 8015
87613 5175 72295 6749 4117 8 5 12 98 73602 910 9800 9812 1615 7786 05215 128 0946 5495 53010 2919 825098
1 9 6 4 5883 05 82 5 9 12 6 2 8 8 79 0 2 0 4 4 6 912 32 48 9 8 24 12 20 835800 124 6123 557
503 103 6 0 12 8 2 14 83 3 9 88 987 6784 08 2060 10 4 912 10 9035 19 0 0 1667 12 495 12 2165 9816 8072
19317 0976 03517 8659 5101 3 5 10 74 10462 819 0913 1819 1615 0495 12655 124 2694 1016 59583 0053 825198
6 0 3 4 5102 65 92 5 5 12 7 2 7 9 93 9 2 1 4 1 0 812 12 96 9 0 29 82 29 094529 125 4001 766
729 123 8 9 52 8 7 02 86 6 6 92 807 1014 52 3364 28 4 968 46 6006 12 3 6 1289 19 405 29 5185 8716 8983
02013 5745 12058 8792 9999 6 5 09 08 12110 988 8912 9868 1415 5470 22896 104 7034 5375 53715 0759 137099
0 2 6 0 0128 45 62 1 0 66 9 2 6 1 97 4 5 1 0 7 0 912 32 48 6 8 28 06 23 793262 134 8720 559
123 903 5 3 12 1 0 12 09 8 1 82 780 6894 85 9760 19 4 905 89 0235 79 6 5 0787 18 057 82 2115 8862 1912
12312 1108 63232 8817 7504 4 5 12 90 57182 576 0714 8816 1415 0404 62215 564 8014 7336 53856 5765 178070
5 2 3 6 5226 85 19 6 0 15 6 0 9 1 28 9 6 8 9 5 0 058 52 95 7 8 26 12 03 691683 127 8123 556
186 015 3 0 12 8 9 12 87 7 0 17 580 6804 15 0394 18 2 063 98 9215 17 3 5 1284 89 410 12 8145 4917 8912
15319 3080 78214 8700 5821 7 4 02 08 82865 815 6012 4812 0412 5419 12295 179 5336 6326 53163 6453 120148
1 9 6 8 1193 25 02 6 5 20 5 0 4 1 08 0 0 1 4 5 7 472 85 95 5 8 99 12 20 561368 390 8724 466
823 023 5 9 06 8 2 97 89 5 1 89 787 0216 65 2314 10 2 912 17 0979 32 7 0 1139 09 419 12 2115 4811 8465
12316 6730 40419 8719 5162 3 9 12 86 12832 861 1602 0812 1586 0518 12965 165 0940 5338 93690 9118 135190
4 3 3 3 5923 45 50 5 9 62 9 7 8 0 08 2 8 7 4 0 8 953 12 40 9 3 96 10 23 818033 868 8127 603
813 433 5 9 12 8 1 02 59 8 4 89 888 1036 15 2890 92 5 962 97 1662 80 0 2 1285 97 485 09 3865 5788 0311
30382 7935 33898 8712 5121 3 8 62 98 76902 305 4303 8090 6406 5493 20810 004 6096 5360 98243 1133 035099
1 5 9 4 0629 49 52 7 8 52 9 0 4 1 28 7 8 0 4 5 1 212 39 46 9 2 24 18 03 801223 828 9687 589
420 843 5 8 62 7 2 14 87 6 1 02 987 1424 85 2358 16 0 692 68 1215 12 3 8 1099 72 465 98 3149 8792 8805
76843 4888 23401 1702 0021 0 7 16 90 14187 210 4752 8872 0568 7453 12066 124 5830 5700 56213 0103 885498
1 2 3 4 9120 07 12 7 5 06 9 8 2 7 48 5 6 8 4 9 7 619 02 45 8 8 74 82 03 991620 124 8803 756
629 023 5 5 42 5 4 10 89 8 0 82 007 7084 74 2614 15 7 413 34 1281 42 3 7 1209 12 495 62 0045 3312 8014
00313 1130 74116 0718 0960 3 5 32 98 80907 815 8942 8406 1215 5917 18295 029 5494 9112 59217 1150 775067
0 6 3 9 5583 25 10 5 5 73 2 0 9 1 28 9 0 7 6 5 0 086 42 47 9 6 24 12 28 991220 774 8173 556
123 455 9 1 11 4 6 92 79 9 1 92 047 2015 20 1004 97 4 922 84 1993 10 3 5 0289 16 485 12 7845 8728 1902
12303 5072 13845 8739 5100 3 6 12 95 02180 615 8002 9812 1685 5483 12281 027 8805 3978 03516 0100 825198
1 5 8 4 5523 05 12 3 8 60 9 0 6 7 29 7 0 1 4 5 1 002 18 45 6 8 24 86 26 801223 100 8359 856
58 123 5 9 02 8 2 52 49 7 1 82 782 9214 15 4389 88 9 996 44 1297 81 3 1 1509 16 495 17 2545 8702 8612
17317 0105 63210 8719 2111 3 6 12 53 19522 805 9912 9600 4213 5428 42618 145 5130 5312 95273 6050 120190
8 9 6 4 5903 05 92 0 0 80 9 4 6 4 28 9 2 1 9 7 2 939 18 30 1 9 28 02 23 887223 026 8693 157
023 383 9 7 02 0 2 54 89 0 1 03 981 0876 76 2713 98 2 002 19 1606 12 8 5 1909 12 418 14 2675 3012 8512
77283 0830 99515 8617 4126 3 5 16 88 15192 890 2915 4702 1009 4013 10210 165 8554 5314 08213 1686 259178
1 2 5 4 4120 75 92 8 8 12 3 2 5 0 29 9 9 1 4 2 0 842 12 75 0 8 88 06 20 890296 924 9103 878
473 180 5 9 80 8 9 86 32 9 1 56 787 1582 10 2384 71 4 008 39 1904 92 3 5 0090 12 469 12 0345 0012 8614
15815 1630 11598 8772 6120 4 0 10 48 17164 895 5912 7088 9045 0413 22975 228 5489 2314 59211 1153 065198
1 3 0 0 0026 90 06 5 5 82 3 8 9 8 28 8 2 8 4 5 3 913 16 05 7 8 04 02 53 146723 084 8481 946
183 103 5 9 19 0 2 88 80 1 7 86 987 7204 18 2700 12 4 805 74 1615 12 9 1 1084 12 360 01 2145 8702 0912
12313 6435 83684 8082 4100 0 9 17 28 14146 815 8912 9810 0215 8413 31215 152 5130 0312 57612 1303 165790
1 2 3 4 8125 45 97 7 5 12 5 8 4 1 28 9 0 1 5 0 8 304 05 40 5 8 30 62 03 901245 124 8196 556
243 009 9 9 19 8 3 12 87 8 1 89 987 0218 75 9314 32 0 912 13 4210 17 7 5 1709 72 716 17 6184 0715 8912
62313 9077 10265 8785 5821 3 5 12 88 64178 689 3572 9010 1615 2443 95207 520 5904 4862 93213 4153 123128
1 6 3 4 5105 65 12 5 0 02 6 2 8 1 88 9 2 1 8 5 9 918 62 48 9 8 24 18 63 094203 124 6950 557
723 928 9 2 12 8 2 19 86 0 1 82 787 1784 16 2377 12 4 900 14 7266 10 1 2 1229 65 456 92 2160 8722 8815
43860 9635 14915 6773 6196 3 7 99 98 69170 815 8912 9862 1014 5815 10205 124 5534 5816 57209 5059 125469
1 2 3 4 4703 40 86 5 0 20 5 6 0 1 98 9 0 1 5 0 1 899 16 47 6 8 44 12 59 491533 118 8955 586
103 623 3 9 10 8 2 02 89 9 6 47 947 1290 05 0314 12 4 816 94 1098 06 4 6 1259 12 655 62 2840 6012 0922
50013 1197 10215 9712 0121 5 5 12 98 82102 885 8023 9918 1215 5483 12805 692 5839 0872 53618 6158 125198
0 2 2 4 5103 95 98 9 5 12 7 3 9 9 20 9 2 9 0 5 1 912 12 45 0 8 82 12 23 803520 124 8123 056
113 123 4 9 06 8 7 49 39 8 1 62 317 1264 15 3318 42 9 917 94 8296 12 9 5 1489 12 915 14 2745 8017 7612
16310 1108 16917 0512 2171 3 7 10 98 65162 866 6912 9812 6286 5412 92516 084 5233 5112 53213 1359 398248
9 0 9 4 5429 45 14 0 5 68 9 2 9 4 86 9 7 6 3 4 1 958 12 50 9 7 34 17 03 005223 907 8601 856
964 796 1 9 04 8 5 03 89 0 1 82 987 1224 88 0364 62 0 958 04 1910 18 8 5 8869 92 388 03 6345 8712 6910
02300 7978 63810 0017 0128 4 4 97 97 12242 516 8906 6812 6417 5413 90213 864 8184 8357 83003 3169 130555
6 2 3 4 5089 55 74 5 4 24 9 2 6 7 98 6 2 1 8 9 1 992 70 49 0 8 07 36 23 890923 524 8121 956
983 593 5 9 02 8 4 30 87 8 9 77 860 1214 19 2316 12 9 418 14 8819 57 3 5 1200 00 468 12 2145 0318 8982
68313 4109 49285 0748 5120 3 8 10 98 10155 046 4918 6817 7741 5443 10815 630 5134 5582 55847 0901 128180
0 2 0 8 3523 58 09 5 5 07 7 2 7 1 60 9 8 6 0 5 5 600 62 99 9 5 54 12 22 850220 125 3123 076
127 127 7 9 62 8 9 12 89 8 1 82 509 1244 13 7019 62 4 712 14 3715 18 3 5 9289 12 914 42 8165 8739 1638
17436 1747 10200 2012 0061 0 5 12 79 92852 950 8892 7272 3615 4718 82416 994 4184 5732 59213 5434 175793
1 9 3 6 0023 75 62 5 5 13 9 2 5 8 05 2 2 9 4 5 0 902 42 47 9 8 27 19 71 091273 204 0115 566
56 824 4 0 72 1 9 72 88 9 1 82 907 1614 15 8600 02 4 914 18 1417 12 8 0 1240 80 416 10 0546 8919 8098
12313 7365 03265 7710 5121 9 7 62 78 82142 888 8912 0812 7215 5416 32009 956 5734 5312 53289 7103 195698
0 2 0 2 5103 03 12 0 5 12 9 5 0 1 28 9 2 6 4 5 1 612 39 43 9 8 74 10 83 502299 475 0193 557
123 629 8 0 02 8 2 83 75 1 0 42 086 3219 55 2004 90 4 075 84 7505 12 3 5 6208 12 415 12 5705 8989 9652
46613 1431 13212 0702 5103 4 5 02 98 72102 815 7962 9710 0879 7499 57717 164 7108 9912 88413 6107 029157
1 2 3 6 0928 47 06 7 6 22 8 2 7 1 29 9 4 1 0 7 1 752 14 40 0 6 24 00 22 795920 125 7193 506
204 723 4 9 15 8 9 92 95 8 1 89 987 1784 87 7004 12 4 719 49 7715 75 9 5 0645 19 089 68 2178 7812 8412
74393 1055 00014 8510 7120 4 5 98 50 62502 815 8910 9882 9217 5683 06709 142 9198 5312 56293 9193 145188
4 2 3 5 5628 49 02 4 5 12 9 2 0 7 25 9 3 8 4 5 0 977 14 66 0 1 94 00 23 891255 424 7179 586
723 729 9 9 18 8 0 12 88 0 1 82 986 1044 50 0899 72 4 622 17 1213 67 0 7 3279 12 415 12 9615 8740 8212
15000 8915 23217 8370 5199 6 5 32 04 19826 815 0962 9819 7858 5413 08275 113 5434 5382 63113 0603 029898
6 2 3 0 5123 45 12 5 0 72 0 2 0 1 28 3 2 0 6 9 1 959 14 05 6 0 24 12 93 091281 220 9798 759
033 128 5 3 12 7 0 72 98 9 4 82 997 1594 90 2310 15 4 019 18 3014 12 7 0 8288 02 491 72 2548 8712 8172
10457 1135 19583 9742 5111 3 8 02 90 12105 835 8912 0486 1795 9700 16215 700 5944 6318 59993 8856 147509
9 6 7 7 6193 45 12 5 5 00 8 2 4 1 08 9 9 1 4 0 1 912 14 55 5 0 94 19 33 899886 194 8933 653
723 123 7 9 14 8 6 39 80 0 7 88 997 7004 14 4419 01 6 716 64 1615 92 5 5 0969 14 410 82 4748 8912 8992
33114 1235 73215 8580 9121 3 4 13 98 82252 815 8972 6118 1085 0476 62011 128 8504 6309 56593 1744 395187
1 2 3 9 5123 95 72 6 5 13 2 6 9 3 95 8 7 9 0 5 1 912 92 80 0 5 31 13 23 680959 124 7123 597
013 891 9 0 44 8 3 17 89 3 8 12 587 1014 15 4376 12 4 907 39 1215 50 9 4 9659 82 345 18 5942 8712 0039
12813 1495 76019 8712 9135 3 0 47 88 12105 276 8011 9824 1365 9413 62000 034 7157 0319 97269 1159 145678
8 6 5 3 5126 40 70 5 4 22 9 2 5 1 29 9 7 1 4 9 0 912 62 46 7 7 24 15 73 791527 124 8628 556
187 273 5 9 02 9 2 12 89 0 1 80 683 3006 82 6354 02 4 719 19 1412 72 7 5 0287 40 878 76 0045 8730 8918
10813 1130 77315 8792 5121 6 4 04 68 72148 863 9972 8982 1917 5423 95205 134 5284 1371 53913 0129 895198
1 7 6 4 5170 45 18 5 5 12 9 2 3 1 68 9 7 5 4 5 1 912 12 03 4 8 44 72 88 811223 120 8423 559
180 843 9 0 12 2 1 92 69 8 1 96 999 1204 19 9684 02 4 992 84 1295 12 3 5 4306 52 415 13 6747 5706 8913
92683 0185 03215 1717 4134 3 5 82 93 12082 715 8112 5892 1485 5093 10289 448 8136 7605 50840 1853 195591
1 6 7 6 0093 45 68 5 5 07 9 8 0 5 43 9 9 4 4 8 1 715 02 48 2 7 28 82 23 847029 127 8092 556
625 191 5 9 57 8 8 16 79 7 1 80 984 1914 19 3339 17 4 012 24 1365 12 8 5 9599 12 415 12 8135 0714 0097
12861 1134 90275 8512 9127 8 5 12 98 12104 860 8010 6812 2205 5480 50477 124 7420 9312 50019 1931 820008
1 8 3 7 5006 05 17 5 9 62 7 2 3 1 23 9 2 1 3 5 1 517 92 47 7 8 74 06 90 891843 904 8123 521
823 123 7 3 10 8 2 60 89 6 1 87 987 9206 98 0010 18 4 982 14 1516 19 8 8 1200 69 415 12 2049 8900 5742
14313 8335 13018 8712 0404 0 3 12 90 82608 819 8914 4913 1005 7813 80219 100 0942 8302 75843 6027 025188
4 2 3 4 8173 85 92 5 7 42 0 2 0 1 24 9 0 1 4 5 1 912 12 45 9 8 44 12 73 895276 670 8625 357
30 193 8 9 34 5 7 04 58 8 2 00 970 6214 86 9284 82 8 015 68 7295 57 4 9 7453 50 415 12 2595 8804 9900
12015 8195 13916 8062 0076 0 0 12 97 08562 705 8992 9812 1218 3483 92715 048 9049 5372 56505 0100 124790
0 6 7 4 8164 45 90 8 0 17 1 0 9 7 25 9 2 1 5 5 4 912 02 34 8 8 24 12 73 891224 824 9028 557
523 889 9 9 10 6 0 10 89 0 7 62 987 6289 97 2310 17 5 778 54 1305 12 7 5 4279 91 465 12 8695 3513 8000
42113 3835 15615 6791 6161 1 9 10 54 10964 915 8960 0802 1508 9413 92215 084 5144 9082 53210 7097 145106
1 9 0 4 5023 08 70 0 5 92 8 2 9 1 27 9 9 9 3 6 1 408 42 48 7 8 24 12 28 898806 084 8175 506
023 707 5 6 18 8 2 18 80 8 1 08 489 8416 45 9314 12 9 900 14 1270 12 8 5 1389 77 475 12 6595 8916 1612
89113 1745 33265 8619 0125 3 5 62 90 10844 877 9762 9812 7288 5513 18655 124 0534 7612 83213 1653 575898
1 0 1 4 0126 45 04 5 0 11 0 2 0 6 26 9 8 0 0 5 1 772 12 02 9 5 96 18 23 331653 724 8123 246
123 824 5 0 82 8 2 88 49 9 6 82 182 1250 95 0314 12 4 902 44 1215 12 8 5 1289 80 015 48 4010 8715 8956
18253 1176 63015 9210 5176 0 8 92 98 42495 845 8907 9802 1215 2430 12285 028 5134 5782 98817 9130 165198
1 2 3 4 9923 19 89 7 5 12 9 3 8 1 78 6 0 9 7 7 8 770 02 45 9 3 25 13 28 089708 029 8113 579
023 823 7 9 19 0 8 14 59 0 0 43 940 1119 05 2004 12 8 912 09 0114 12 4 5 1289 12 415 32 4160 8313 9012
28015 1180 19245 0549 0521 3 8 02 98 02108 945 8971 0319 7285 5513 72516 124 5104 0341 68217 1196 668190
7 2 8 4 0009 05 62 8 5 18 9 2 8 1 20 9 8 0 4 5 1 712 12 46 4 0 24 19 50 897220 824 8153 056
420 125 8 8 01 9 8 92 77 2 6 24 987 3364 08 2395 10 8 812 30 1615 72 6 5 6669 19 470 87 2837 8782 8619
50316 0905 83215 7749 0120 0 5 02 44 16160 815 8272 9883 1595 2000 04995 629 5183 5382 51218 1100 923197
8 2 0 4 9126 40 12 6 5 02 0 7 9 1 29 4 9 1 0 0 4 988 28 45 0 8 24 10 23 685023 124 8823 055
623 823 5 9 02 8 2 12 89 3 1 19 977 3204 04 2090 13 9 042 94 9240 96 3 6 0486 92 215 12 0245 0312 9917
92313 7035 17015 6702 5520 3 5 10 08 15193 875 7592 9812 1590 5973 45515 104 6764 5349 59053 1793 126190
6 2 8 0 5133 15 12 5 5 12 2 7 7 0 67 9 2 1 4 5 1 932 12 41 9 8 34 18 09 090420 127 5194 598
926 123 0 9 62 8 5 12 99 0 1 02 987 1914 72 8354 17 8 507 85 1200 29 6 5 1909 19 055 01 8160 7752 8918
18384 1195 10245 7713 5027 3 4 92 98 51809 959 8012 9012 1215 5415 17238 194 5132 8300 57513 1109 125508
2 0 9 7 5122 45 42 8 5 12 9 2 9 7 29 9 9 0 0 5 5 832 12 05 7 2 27 12 23 771408 428 2909 656
845 099 3 9 99 9 3 12 09 6 7 72 786 1217 74 2204 67 4 032 18 3915 19 8 0 0258 12 498 12 2045 4979 0945
12303 1638 83315 8936 1101 3 9 62 90 12870 846 8585 9860 1000 0990 12585 824 4137 5542 53771 0162 125993
7 2 2 4 8103 28 84 5 5 12 9 9 2 1 18 0 2 4 0 5 1 902 16 17 0 8 24 57 24 796009 924 9124 860
000 175 5 7 09 5 9 10 89 0 9 06 580 1860 05 6292 00 9 302 14 1217 14 6 7 1243 12 425 62 0980 8717 8912
52813 7730 76650 8092 5127 3 5 12 95 84922 880 8972 9452 5205 6476 12205 195 0180 2812 03203 9183 625195
1 2 3 3 9121 41 05 6 0 15 6 2 7 4 72 9 2 8 8 5 1 902 72 85 9 7 78 10 63 801853 474 8129 859
953 323 2 8 02 8 9 92 89 6 8 52 987 1064 95 6494 17 8 112 14 0865 72 7 5 9282 10 885 12 2647 8519 8912
12513 1155 27611 0825 8021 1 6 18 98 10196 855 7912 1402 1285 8410 95285 024 5134 5320 50210 1575 168008
1 8 9 4 6123 40 19 5 8 12 2 2 6 6 20 9 7 1 0 7 4 718 08 59 7 0 20 12 26 990820 100 8123 156
88 121 9 0 92 8 6 12 45 8 7 82 187 3816 10 6314 12 2 914 14 5915 46 3 9 0300 02 419 62 8195 4842 7052
52309 1405 03219 8742 1161 9 5 27 08 27718 755 8617 9890 1443 5588 12215 179 5786 5994 53293 8103 169108
8 2 5 0 0926 94 12 5 3 15 9 8 8 5 29 9 2 1 1 0 4 472 00 48 9 0 28 52 23 891023 127 8923 348
826 003 9 8 18 5 2 50 89 2 1 62 985 0046 85 4314 07 4 916 03 4052 09 7 5 4289 14 415 83 5042 8712 8914
12816 1135 81295 8062 1021 0 5 78 98 14189 018 8012 9802 7815 5418 17245 129 3834 9842 93513 6063 005868
1 2 4 4 8423 40 22 5 5 52 5 4 2 3 28 9 2 1 4 8 7 797 30 60 4 7 24 12 77 514223 169 8526 336
206 177 8 6 12 8 2 12 89 1 5 90 980 8204 19 9909 02 4 612 18 9535 89 3 4 1699 10 415 60 3049 7913 8910
82633 9950 73717 7772 7188 6 1 02 07 95776 983 0972 9042 1288 5717 16010 125 5154 5814 03217 2156 557690
1 2 8 4 5683 45 97 0 5 19 9 2 6 1 28 9 2 1 4 6 9 962 82 45 7 8 22 82 25 091220 904 8122 510
183 123 0 7 72 8 2 80 87 2 1 83 780 0269 15 2404 12 4 992 16 1208 06 0 5 1069 16 474 72 2845 8718 5919
12390 1135 03615 8712 5121 5 8 10 78 17142 800 8012 9315 8289 0817 11242 154 4144 9302 53500 1650 725348
0 2 3 0 9923 45 18 5 5 16 8 7 6 0 20 8 2 9 6 9 1 989 11 49 9 8 25 52 20 094829 027 2120 556
180 683 5 7 12 2 2 16 49 9 9 82 927 1264 90 2314 60 1 912 78 5245 15 0 5 1089 19 698 92 2145 5406 3815
12308 1335 67715 9712 5401 3 1 12 78 54599 265 2075 3439 1210 5415 12205 925 8136 8042 13517 1893 199196
0 8 0 4 5142 08 39 5 4 12 9 2 7 6 98 9 3 1 6 8 1 632 19 55 9 8 99 11 29 091223 104 0190 506
903 423 5 9 72 9 2 75 99 5 0 02 397 1980 70 0589 15 4 917 74 9950 12 0 5 0788 42 355 40 2195 0072 8913
68393 1635 78555 8028 5440 8 5 62 78 05190 818 8997 9812 6265 5066 45215 120 5134 0392 53611 4456 185190
0 0 0 0 8848 43 10 5 5 32 9 5 9 9 05 3 2 1 4 5 1 952 10 47 9 8 29 10 23 891288 805 8020 558
784 123 0 9 11 8 7 82 08 9 1 02 887 6238 52 2314 17 0 917 74 1919 00 3 5 8009 02 178 10 8145 8779 8978
12810 1143 10515 9832 7101 9 8 00 48 16148 885 8875 9438 1215 5719 17285 120 0984 9067 24213 1603 908708
1 2 6 0 4103 58 12 8 7 19 7 2 8 1 20 6 2 1 4 0 7 912 20 48 9 8 28 09 28 887278 104 8830 550
723 683 0 9 12 8 9 12 82 8 7 72 967 2830 10 2826 35 0 573 19 1230 00 3 2 1588 18 358 19 2945 5005 8412
02043 0730 43008 8730 5625 5 5 10 78 02180 908 8013 9872 1215 6813 67688 198 7434 5382 07013 0173 125158
7 2 3 0 4723 07 77 6 0 85 9 2 4 9 08 9 2 1 4 5 1 967 17 49 9 6 54 82 76 491273 124 8197 559
573 820 5 9 14 8 6 12 77 3 6 82 987 5014 15 2610 19 0 905 18 1998 12 3 8 1286 12 419 42 3160 6572 8055
82303 0535 13283 4712 5421 3 9 92 08 72192 817 8942 9512 7205 5413 09518 624 5084 6002 53889 1899 140158
1 2 5 4 5123 00 62 0 5 19 0 2 7 1 20 4 2 1 0 4 4 956 13 67 6 8 00 12 29 898623 324 6523 522
093 547 6 0 19 8 2 02 87 0 1 02 586 9610 11 0614 12 7 472 10 1815 95 6 0 8417 18 492 10 1148 8718 8115
10813 7735 13289 8092 5267 3 5 62 98 93100 814 6581 9810 0276 0413 06786 125 9795 1372 99211 7083 627098
4 2 9 4 0111 45 32 9 5 11 5 4 6 1 36 8 2 1 4 3 9 913 52 49 9 8 34 17 50 891273 104 7193 056
160 123 4 9 85 0 2 63 40 9 1 82 907 1234 77 6744 52 8 912 37 5709 02 3 9 1087 99 385 82 9745 8012 6919
10392 1177 13208 8457 7109 9 5 10 98 10183 859 8903 9725 1016 5418 12008 024 5904 5316 73792 0140 735899
1 2 0 4 5363 05 82 5 7 02 0 2 9 1 17 6 0 1 6 1 1 005 12 08 9 5 20 12 13 451523 124 8623 650
57 123 3 9 15 8 0 60 79 7 1 82 085 1934 15 8804 98 0 949 19 7495 18 3 2 1039 12 418 18 7145 8782 0910
10315 4035 10063 8718 7170 7 0 75 98 37902 895 2910 9966 0219 9493 32715 104 5197 6362 80213 1043 529258
1 0 3 6 8424 81 10 0 7 72 9 9 2 1 28 5 2 1 7 5 1 955 19 75 9 9 74 00 91 591623 486 8120 056
126 660 5 9 01 3 0 11 00 7 0 92 087 1635 17 2354 02 4 982 17 1815 18 3 5 1973 17 015 12 2900 8679 8784
82483 1634 16415 8702 8774 2 5 16 90 52889 715 9902 6702 4215 5403 35217 104 5014 5319 73610 0150 775448
8 2 3 4 9023 45 13 9 5 62 9 2 8 7 08 7 6 3 4 5 8 919 32 75 4 8 25 12 93 806023 054 8133 548
193 026 5 3 60 8 2 65 54 0 5 62 852 9014 89 2341 81 4 032 54 1215 95 8 5 1060 07 419 56 2545 8772 8262
10033 0030 90040 4116 5821 7 5 17 97 18502 955 0892 9503 1815 5412 92607 084 5934 5502 53227 0127 780293
1 6 3 4 5873 20 15 6 5 11 9 5 8 0 28 9 2 3 1 8 0 808 42 45 9 8 04 12 22 994223 307 8127 150
626 529 0 4 10 0 2 17 66 3 1 84 787 1204 38 5314 79 5 802 85 7205 02 0 6 1200 40 375 10 2775 8712 0102
15395 9435 13815 8082 8921 8 5 16 98 12045 484 5011 3102 1815 2443 72995 924 0133 5390 50653 1126 623198
8 2 7 4 5213 45 89 4 6 32 6 9 0 1 26 7 2 3 6 5 1 082 12 48 6 0 89 02 20 040523 928 8923 500
106 320 5 1 02 8 2 10 53 5 1 42 987 7674 15 6324 80 8 912 14 1809 82 9 5 3289 12 897 62 0745 8774 8511
19313 7194 13299 9563 5121 5 5 22 98 62102 810 4952 9832 1015 5413 70209 123 0134 0310 64013 1557 199108
7 0 5 1 5127 44 12 5 5 76 9 9 3 6 49 9 2 0 8 5 0 710 12 07 8 8 29 10 20 890823 948 8604 756
427 173 4 0 12 0 0 15 79 8 8 86 900 7264 16 2098 62 4 912 04 1019 12 3 2 6289 62 007 32 2975 0712 3612
15973 7135 19210 8713 5106 4 5 70 56 12193 465 0608 9992 1504 5403 19208 115 6133 3312 02013 1153 025192
7 2 7 4 5153 40 92 5 5 09 9 2 0 2 01 9 6 1 5 5 7 519 62 40 5 8 89 14 83 804257 034 7307 516
603 107 9 8 22 6 2 15 80 7 4 88 983 0577 15 2378 12 4 957 34 1218 12 6 9 7069 22 250 12 0145 8812 3910
12535 1135 63895 0892 5021 3 5 12 98 52991 897 8912 9804 7215 5779 07417 024 7644 8550 54653 3353 445195
9 5 3 8 9473 38 42 5 2 74 9 0 0 1 60 9 4 1 4 7 7 912 02 95 5 9 74 16 23 870283 826 0620 596
189 963 5 9 79 8 2 32 86 0 1 85 640 7004 50 9343 49 3 992 95 6502 32 3 5 1889 16 415 32 2175 8240 1997
00319 6192 13827 8742 5120 7 8 12 98 12167 813 4917 9272 1210 0443 92215 824 5034 9310 39213 9148 923197
1 0 4 4 5009 05 10 8 8 02 5 2 4 8 28 9 2 1 6 5 1 762 12 55 9 8 28 10 10 801273 124 9060 646
923 133 8 9 90 0 6 12 69 0 7 89 961 1214 16 2317 15 4 090 58 0275 02 9 5 8649 36 610 92 9943 0709 8610
02093 6138 93915 7714 0020 3 6 17 98 73412 610 0919 9817 8495 5819 16915 608 5610 5912 00813 1353 109676
1 8 3 4 5190 45 15 5 5 82 1 2 9 1 33 6 5 1 4 5 9 748 12 45 5 6 72 15 71 867228 526 8803 328
178 144 5 9 12 0 5 13 85 6 1 08 983 0573 15 6380 02 4 942 53 1235 31 3 5 1265 12 415 10 6745 8798 5572
12793 8139 13215 8716 5127 7 0 38 95 19106 715 8708 2372 0215 5414 12295 899 5074 0312 59319 0252 768304
12413 2535 74206 6790 5324 3 2 19 76 75182 875 8992 9995 1462 5833 17216 529 4155 9352 95213 8853 122098
