8 2 3 4 5389 45 42 5 5 96 9 0 6 9 23 9 0 1 4 8 1 286 16 96 7 3 20 92 23 881920 129 8893 856 
123 228 5 9 12 8 2 19 36 9 1 82 987 6219 35 7325 82 9 910 55 2215 12 9 5 1899 28 795 22 2195 8013 8348
74313 8836 63215 8742 9408 3 9 74 98 10139 919 8955 7819 7045 9813 04855 174 7104 5350 93213 1697 121171
0 4 4 4 5123 05 12 1 5 92 9 2 7 8 28 9 2 8 8 5 6 712 12 15 9 1 43 42 20 391224 128 8085 556
54 187 5 5 55 2 2 15 99 9 7 22 199 0285 15 4302 15 2 992 19 9939 02 3 5 4988 87 457 18 7145 8562 8912
94393 3138 15215 8719 5951 3 5 16 78 16172 845 8913 8368 1218 2433 96244 124 5177 6312 53215 5953 565740
1 2 6 0 9709 00 18 5 8 12 3 8 7 1 83 9 8 7 9 5 6 419 86 85 9 8 94 12 23 896023 737 8129 581
073 883 5 9 16 0 9 12 07 8 7 82 985 1286 15 2353 17 4 972 55 1815 19 5 5 1448 15 415 47 8145 8012 9118
68219 9985 19715 0728 8149 3 3 49 63 78782 615 1915 8718 8216 5710 62795 196 8224 8985 23224 1086 109199
1 2 7 4 5123 65 14 8 9 91 9 6 7 5 78 9 2 3 4 5 4 982 89 45 8 3 34 78 93 821299 192 8179 586
554 893 6 7 12 8 5 12 88 4 4 05 987 9738 15 8732 32 8 912 69 1205 62 9 4 1989 19 460 32 6176 9722 8962
72313 2591 93910 0712 5151 3 5 17 70 15185 892 8919 9987 1513 6615 72203 763 6578 9912 44283 1503 157692
9 0 3 4 5126 44 52 5 6 19 9 2 6 1 18 0 2 1 6 5 7 942 12 45 9 8 24 12 27 886928 124 1127 558
883 180 7 9 88 8 7 12 20 9 1 67 895 1210 15 5389 94 6 760 84 3655 06 3 5 0586 15 415 15 7382 9258 8613
62304 1155 13565 8737 6147 8 0 72 98 12182 836 5939 5412 1515 9813 90815 104 8192 4914 33203 1153 565996
9 2 7 6 5691 75 12 5 0 79 9 7 7 1 26 1 2 2 3 5 1 412 72 45 9 8 20 75 58 991323 524 0193 066
804 663 5 9 14 8 2 12 60 9 8 62 987 1468 35 4414 63 4 972 28 9415 92 2 2 2883 12 495 85 2165 4864 4712
12723 1838 78295 7610 5821 4 5 13 39 12197 919 3052 2812 1272 5438 42813 324 7974 6112 03247 1150 535193
1 7 2 5 6479 01 12 8 9 59 8 7 5 1 44 4 6 9 4 5 7 915 69 46 9 8 74 18 59 881204 268 8163 536
130 197 1 1 73 8 2 06 89 7 3 56 346 7229 95 9914 12 4 912 84 7815 52 3 6 5489 29 415 62 8195 0982 8915
92869 5975 68156 3718 5961 3 5 32 94 55976 887 8947 9818 8235 5573 10466 128 4777 5210 50910 1443 125698
1 4 8 4 5029 05 72 5 7 82 8 2 6 3 29 9 2 1 8 5 9 939 79 75 9 8 24 70 23 891224 909 7130 356
123 968 5 3 02 5 9 23 94 3 8 68 979 1295 15 2015 77 4 992 16 8755 37 9 5 1994 82 495 17 5160 0762 8912
12717 1145 13295 8312 5381 9 5 18 98 15172 886 8580 9812 1265 8443 88218 634 5730 5673 73269 8153 175498
1 7 3 6 1923 45 87 5 7 84 5 5 7 9 28 9 2 1 8 4 5 919 12 75 0 4 24 56 25 814228 523 4920 579
125 978 6 7 12 8 2 22 44 8 9 82 450 1728 65 2814 52 4 238 14 1215 58 2 5 7979 94 418 92 3105 5716 8906
12813 4089 14118 8712 5186 9 8 05 98 19192 827 7919 9802 3299 7413 96224 125 5765 5348 58024 8993 946598
8 2 3 4 9183 45 46 9 8 92 4 9 7 5 99 5 9 1 4 8 8 819 12 65 4 8 24 15 97 899943 322 6926 559
183 483 4 9 32 8 6 09 89 9 5 92 586 1219 96 8310 66 7 422 69 9265 92 3 8 1279 14 495 52 2735 8922 6472
15679 0122 93305 6715 5123 9 5 62 96 15538 274 8912 9322 1267 6416 12215 627 3139 9311 31200 3276 128199
4 2 0 5 5706 49 12 5 5 82 9 2 4 8 23 9 9 1 4 5 6 912 94 49 9 6 74 72 75 021233 829 8405 596
123 850 8 8 62 8 2 12 72 8 1 48 956 4219 16 2399 12 4 592 17 1313 99 5 5 1289 32 455 11 2140 9748 2692
6 4 8 4 5550 75 90 5 7 78 1 2 6 1 28 9 7 3 4 5 5 712 19 47 9 8 47 75 29 891223 138 8129 576
193 123 7 3 50 8 7 34 96 2 7 11 997 1697 75 6374 15 9 814 74 1245 93 6 5 1789 44 414 55 8145 7018 5972
10998 1635 13815 8713 5141 3 6 42 56 52368 215 5517 9819 7215 5413 76215 199 5724 0310 56250 9059 129158
0 2 3 6 0143 32 59 1 5 52 7 2 9 0 45 3 9 9 4 5 4 319 94 48 9 8 24 92 13 891258 164 1123 556
57 583 1 8 15 8 6 15 85 9 3 85 986 8214 17 3318 02 4 447 14 9285 86 3 5 9289 19 867 82 2147 8164 4719
13500 7692 13262 8713 0129 4 5 17 94 13952 405 8781 6819 1415 0414 52715 924 8854 5082 09274 1150 125187
1 9 3 4 8183 99 30 7 5 92 9 5 6 1 58 6 2 1 8 5 3 812 12 75 9 7 26 68 79 692224 174 9502 557
880 723 5 9 82 8 7 12 33 6 1 82 999 8294 85 2387 14 4 912 84 1245 12 3 6 0956 10 971 65 6945 9717 8610
12353 0334 93515 9712 5129 3 9 15 58 19196 715 4912 5815 8216 5568 52615 374 5162 5332 92911 9163 825409
1 2 3 4 4325 45 82 5 0 12 9 5 7 5 22 9 2 0 4 2 1 579 70 65 8 8 44 12 23 895225 164 6183 851
145 936 5 5 12 8 9 16 86 6 1 61 867 6618 86 6610 14 6 412 54 1076 62 3 6 1287 17 499 68 8178 6989 8050
24318 9007 16415 8718 5127 3 8 18 94 96881 875 9947 0519 0738 6413 88813 174 5134 5338 83232 3756 148399
6 2 3 4 2153 43 72 0 5 12 4 2 7 0 73 7 2 8 4 5 1 814 16 45 9 8 64 12 28 967583 924 8664 555
136 159 8 9 02 9 0 72 96 4 1 85 982 8484 15 2319 12 4 992 15 7484 10 3 5 6399 38 418 12 2148 8716 7985
12913 9737 13819 8716 5467 3 4 12 98 97238 783 8549 9889 1282 5114 12315 129 5134 7380 43218 4153 125198
1 7 3 4 4198 45 84 9 4 12 9 4 5 1 20 7 2 9 0 0 1 846 72 88 0 8 98 28 63 891223 926 8753 557
159 126 5 3 12 5 2 12 63 9 1 89 988 0235 81 2314 92 4 537 84 1915 22 3 0 5280 87 435 62 2297 0257 8913
82310 5996 17279 8739 5922 7 5 72 96 57026 019 8917 9895 1475 5595 12215 124 5784 5534 95263 1153 927498
6 2 5 8 8103 79 77 5 5 12 6 5 2 5 58 8 7 8 4 7 0 899 82 75 9 9 00 12 27 898733 184 8123 556
663 324 5 3 49 8 8 12 99 5 1 58 977 1501 12 2314 92 9 782 60 1245 70 3 9 1202 71 914 17 2149 7712 4992
43971 1735 19215 5018 5027 2 2 12 98 52147 214 9809 9812 7615 5413 78605 194 5158 5567 53213 7154 455198
7 2 3 4 9695 40 15 3 5 05 9 2 7 6 58 7 8 2 9 7 1 012 06 45 4 8 24 18 23 828223 523 8890 506
966 926 6 0 52 8 0 02 94 0 8 84 880 6288 85 0309 11 7 278 84 3977 12 0 5 9649 06 715 12 2148 4587 9951
38714 1835 15216 8818 7990 1 5 64 98 02000 685 8906 8212 1915 4519 04215 120 7138 5312 05619 5273 520698
3 4 3 4 4929 49 12 0 3 09 9 2 7 1 20 9 4 1 4 5 1 972 84 45 9 1 54 82 23 196823 324 8525 876
123 154 7 9 12 9 4 92 89 7 1 62 984 4101 55 9384 46 3 614 14 1275 12 3 5 1048 18 419 32 4199 4812 5695
75313 3138 83225 6912 5169 3 6 38 68 83366 785 7916 6866 5210 9010 46265 126 5134 0305 55917 8765 985669
1 7 3 2 8593 35 52 5 8 12 9 2 7 1 28 9 8 1 4 9 9 962 12 97 9 7 24 12 65 897986 824 8223 757
765 428 9 6 16 8 3 92 29 9 5 82 987 5214 15 9483 14 0 998 14 4938 19 5 8 1549 82 744 12 7818 8714 0912
07916 1669 74287 9552 5026 4 4 87 98 22167 479 9962 7802 1858 5313 92475 714 5837 6388 54213 5055 598964
1 2 9 4 4317 99 16 8 5 92 6 4 6 2 25 9 2 1 6 5 1 916 10 45 9 8 27 17 99 641213 990 8129 565
143 022 6 1 02 8 2 17 99 8 1 77 834 1214 16 6744 69 4 815 64 4614 74 7 8 0279 69 375 57 3165 6782 8739
15313 1149 40215 8712 9029 8 9 79 62 67672 558 8942 1888 1990 5884 13277 524 9574 5092 85399 7653 125198
9 8 0 7 9123 47 66 7 5 12 9 6 6 4 78 9 2 1 4 9 5 912 12 75 6 3 24 12 27 999523 984 4183 057
156 113 8 1 15 5 6 15 88 5 1 89 766 4044 88 2161 17 6 892 49 1097 19 3 9 9380 16 408 35 2747 8709 8465
36313 1075 65210 6012 9121 3 5 25 32 74947 815 8839 3960 1267 5413 19915 687 5101 9752 83295 6153 028199
1 2 5 4 5869 56 12 1 0 16 7 6 9 4 28 9 2 1 3 5 3 773 82 45 7 8 74 10 49 898823 892 8123 856
53 721 9 0 19 8 3 12 97 2 0 02 952 1284 34 2864 12 8 942 48 4545 19 3 5 1979 69 405 13 1845 8718 3964
39913 1130 18615 8711 8458 3 5 55 48 12492 495 0175 9562 5215 5413 22256 784 4930 4312 59965 2983 195193
1 2 3 4 5222 04 12 4 5 16 2 5 1 1 28 9 2 0 8 5 1 912 18 95 9 8 53 93 63 786820 924 8183 559
147 213 0 9 82 8 2 52 89 0 5 87 941 5214 15 2390 19 4 011 14 1282 43 3 5 1285 94 865 08 9347 2789 8708
47313 1974 77238 0112 5522 3 5 12 44 10791 815 8917 8882 3917 7413 96956 288 6134 7822 58233 1153 825996
1 2 9 4 7413 91 02 3 5 09 9 2 8 1 28 6 4 8 4 5 9 366 92 45 2 8 77 60 67 871510 694 9123 556
124 127 5 9 12 3 2 45 83 9 6 92 987 6214 95 2374 18 9 892 64 8995 15 3 5 8539 65 615 82 9115 8716 0912
52319 1138 60799 8752 5761 8 8 15 98 62876 694 8919 9816 1215 4818 18349 969 5188 5482 98203 8153 225565
1 7 3 4 8123 95 14 5 5 32 7 7 6 8 23 9 5 1 7 5 8 582 18 08 2 8 54 52 24 891469 924 0823 054
523 123 5 8 72 7 6 13 79 9 6 82 887 5814 19 2315 84 9 978 18 4014 17 5 8 1289 12 485 16 2138 6517 8912
22303 9765 17705 6716 8681 7 6 12 98 19862 865 8912 7409 1315 6413 06225 128 6530 5852 74853 0153 025608
9 2 3 6 7128 45 97 0 5 98 9 2 0 9 10 9 6 8 4 5 9 912 12 48 8 8 74 69 50 676223 124 8928 650
123 173 5 9 12 3 5 52 79 4 8 82 988 1218 85 2895 07 3 912 64 9499 76 6 6 1775 12 548 16 8759 2772 7812
88743 5735 10215 3912 9901 8 0 12 91 86182 815 4912 9754 3299 4473 12265 724 5634 5317 63113 1973 125139
8 7 1 8 9993 44 79 7 7 18 5 2 4 8 28 9 5 1 5 5 9 900 12 47 9 9 34 89 23 897689 754 6737 598
323 193 5 9 15 6 2 55 96 3 1 82 187 8214 90 8714 62 9 906 16 9415 12 3 8 3464 28 454 19 8133 0079 8882
82318 1590 93295 8719 5880 6 5 12 98 47132 911 5619 6875 5299 5493 12493 124 7135 9832 53213 1153 185628
9 8 9 4 5123 48 88 2 5 82 9 2 8 2 73 9 5 1 6 6 1 922 12 45 3 8 57 16 29 665229 474 7536 576
127 159 5 7 05 8 2 52 88 4 4 12 985 4215 85 2877 11 9 912 94 1240 15 3 5 4815 18 011 42 4946 9614 0612
07626 8185 13795 8610 6121 3 5 87 88 12492 718 8712 8818 9241 4853 12225 027 3134 5313 93280 1103 175698
3 3 8 0 2123 45 52 8 5 12 7 7 9 8 66 9 2 2 8 6 1 072 68 46 5 5 22 16 23 890288 328 0423 557
703 153 5 8 27 4 5 82 89 9 5 36 570 1714 15 5089 06 8 922 14 9279 62 4 5 1989 16 316 12 7249 8797 0952
13307 9954 08905 6712 5155 3 5 12 98 85194 815 8212 9532 1015 5444 18207 729 0395 5418 55265 1850 115184
1 8 9 6 5143 47 12 9 5 18 9 2 8 1 28 9 2 0 4 6 4 217 90 95 6 5 24 88 23 976320 138 8125 456
525 123 9 9 48 0 2 29 87 7 9 92 987 1219 15 0814 39 4 998 94 6295 12 9 5 0289 40 815 52 3842 8193 7012
19965 1138 13215 6712 5120 7 8 70 99 92682 818 6912 6882 1317 2363 92561 524 6131 3312 53203 1193 056827
1 7 8 0 5193 75 92 4 8 12 4 8 7 1 24 9 4 1 8 5 1 110 71 75 9 8 26 58 68 881227 324 8523 657
126 723 8 9 12 2 9 22 93 8 6 99 685 1968 16 9974 12 4 916 14 5213 12 3 7 5689 86 715 15 8960 1812 0712
27033 9186 13759 8042 5126 3 5 12 98 12596 437 8878 8772 1285 9413 72212 924 9190 0314 54317 1164 965103
9 2 3 5 8193 95 02 9 5 13 9 2 2 1 49 0 0 8 6 5 6 312 77 15 9 8 74 89 93 896029 114 8123 550
023 893 5 9 12 8 9 32 69 9 1 62 985 9299 15 2314 14 4 012 13 6215 18 3 9 5899 92 465 96 7136 8788 8508
12397 4935 18206 8864 9921 8 5 16 90 64558 865 1578 8887 1515 5615 18209 124 5172 6619 58813 1698 580193
6 6 3 4 5923 47 12 5 5 80 9 9 7 8 29 9 2 5 4 5 1 992 22 49 9 7 24 92 99 891827 056 8263 086
58 123 5 2 62 8 1 12 79 7 1 89 784 1454 18 2314 72 4 997 74 4616 52 3 5 1684 46 019 97 6142 8612 8913
55013 1102 13215 7722 5428 7 9 19 55 82162 015 7918 9682 7227 3063 92015 129 8174 5378 53083 1153 025138
6 9 3 9 5123 65 68 8 8 12 3 2 8 3 48 8 2 9 4 5 7 979 92 45 4 9 74 12 27 201629 174 7027 556
180 327 5 9 42 8 2 42 85 1 6 83 987 2210 18 9718 59 9 918 94 1699 40 3 4 1288 63 955 49 6145 5619 8999
15369 2765 13214 8912 8121 5 0 52 99 12665 475 8916 6912 0895 5717 18959 188 8139 5912 85213 1428 925349
8 2 7 5 7326 83 12 8 0 17 9 5 6 1 98 9 7 6 4 5 1 991 14 45 0 8 80 16 46 781293 149 9193 756
329 323 5 4 12 8 2 94 81 5 6 82 689 1114 15 2464 12 9 966 84 1815 17 3 5 5698 14 417 09 8145 8732 8312
12983 9936 13913 8769 5770 9 5 12 93 75396 615 5979 4118 9595 9016 92234 124 5136 3342 96097 6985 849898
6 2 3 4 9193 45 17 1 5 09 5 5 8 1 95 8 2 0 4 5 1 015 78 49 9 5 24 45 29 991223 720 6188 546
123 123 5 9 91 3 8 02 87 5 1 87 698 5214 45 2382 82 4 972 71 1098 10 7 8 1259 13 438 14 2865 8412 5512
50356 1644 12005 9713 1167 3 4 11 97 52180 189 1517 7862 4418 3213 95219 123 5135 4392 53293 1753 925188
1 7 3 4 9173 45 62 6 5 19 3 1 4 7 24 7 7 8 4 5 1 809 96 55 9 8 94 12 67 894823 824 4143 597
075 161 5 9 39 8 2 13 06 5 1 85 887 1814 15 4224 65 4 913 54 7055 12 4 2 7989 82 810 19 0146 8792 9912
18318 3144 74715 8317 3521 3 6 82 91 62842 635 2652 9972 8219 5013 29215 128 5134 7368 64488 1026 115124
7 2 8 4 5128 65 14 1 8 19 9 7 7 9 93 7 8 9 6 7 1 918 86 43 9 8 94 02 63 391223 121 6723 556
123 123 5 9 18 8 2 12 89 3 1 82 089 1228 13 2113 10 9 718 44 4224 99 3 8 1759 35 715 72 2145 8908 8994
80717 1135 53615 8712 8751 7 5 15 88 01001 113 8612 9878 6210 2483 92715 126 5134 5313 63216 1154 695092
6 2 2 3 5523 47 06 9 7 18 9 2 9 6 28 9 0 9 0 8 8 882 12 49 9 3 04 18 58 891225 624 8129 706
027 823 5 9 18 9 2 00 89 8 4 57 987 1219 55 7014 12 4 012 34 1258 00 5 0 1289 04 015 52 8345 4712 0854
42313 1137 18286 8782 6766 3 5 99 98 12972 895 7592 0810 1215 5413 19985 184 9134 5392 34229 2153 128188
1 8 0 9 5760 95 72 1 5 02 9 3 6 1 76 9 2 1 0 5 1 916 35 46 9 7 08 12 64 991823 228 8813 556
698 123 5 9 72 8 3 28 70 3 2 60 686 1264 45 2322 82 3 912 18 6678 82 3 5 1299 12 405 10 2945 8732 0792
14313 5435 13219 3742 5164 3 5 16 88 76009 714 8918 7818 0215 3413 10218 181 6034 9384 83216 1178 522799
1 2 8 9 5323 44 17 3 6 10 6 2 6 1 28 7 3 1 4 5 1 612 02 59 4 8 24 07 23 891223 928 7468 250
873 622 5 9 12 8 2 12 89 9 5 34 997 1266 15 2306 84 4 912 14 7254 72 3 6 7286 12 419 13 2740 4709 6889
62313 0375 67276 6712 2458 3 5 94 68 12851 956 8912 9742 1317 5465 62219 984 5557 5312 62283 1163 120197
1 3 4 4 7187 98 42 8 6 02 9 7 2 7 28 9 8 1 4 7 1 412 10 05 9 8 84 12 23 891699 129 8723 556
920 153 5 9 89 7 9 72 89 8 8 82 687 3817 89 5314 28 5 912 13 1099 02 5 9 1285 52 416 62 2143 5962 8922
92398 8036 14215 8765 6924 5 5 16 98 76882 615 0078 5617 1066 5413 00630 124 5159 5917 53819 1398 125198
1 2 3 2 8727 44 10 0 5 17 4 4 8 1 28 9 3 1 7 5 2 092 36 85 9 8 95 14 74 897823 124 8925 756
129 194 0 9 14 2 6 12 59 9 5 92 989 1223 18 9388 34 4 912 16 0295 19 4 5 2968 14 473 10 8993 8496 2911
14717 6835 10415 8718 5181 3 5 19 08 92402 819 8912 9614 1811 5614 13844 174 7934 5014 53799 1147 162938
9 7 9 1 9128 45 42 2 4 19 6 6 8 1 25 6 2 9 8 5 1 992 12 05 9 9 64 69 23 165280 174 8203 557
56 179 5 9 82 8 9 52 99 0 1 83 885 8314 65 2214 62 8 974 05 1815 72 3 8 2284 95 419 12 6145 4797 6922
70313 8035 95285 8712 0751 0 5 51 78 95872 813 3912 9801 1232 5433 72248 178 5134 0384 53315 1993 725668
1 3 3 4 5127 75 02 5 7 89 6 2 4 2 78 2 9 1 7 2 9 612 84 99 3 2 21 62 53 756127 024 7213 576
177 143 5 9 22 8 6 96 83 0 2 92 958 1718 15 4796 12 9 270 12 0215 08 4 5 1289 52 785 13 5143 7785 5365
18115 1133 14859 7519 5779 3 5 17 78 12752 855 0902 5857 6832 3254 22295 128 5439 1915 40819 6193 025499
1 2 7 0 5928 45 19 5 5 02 9 2 0 4 22 9 3 8 4 9 1 484 39 45 9 8 24 12 46 491827 173 8153 556
823 623 7 9 18 8 2 19 89 3 1 82 989 8716 75 0869 66 0 913 14 8914 77 5 6 1289 89 414 82 9946 8792 2042
44623 1985 93855 8719 8725 3 5 83 99 18120 673 6700 7819 9905 5964 62734 624 0992 6312 05165 1995 125738
1 8 3 6 9923 45 16 6 5 18 9 0 0 2 48 8 6 7 4 4 0 812 17 85 3 5 83 17 23 896829 106 8163 456
523 125 8 9 12 8 3 17 89 7 1 61 947 7014 22 2075 86 1 796 34 1218 19 0 5 1986 12 615 83 2941 1712 8812
12886 1138 14279 8792 5880 0 5 02 98 12269 885 8412 3952 8517 7616 92460 186 5134 3313 53813 8858 923199
5 5 3 9 7123 85 12 5 9 82 6 2 0 1 57 5 5 9 5 5 1 319 02 95 7 9 35 02 80 851833 924 9723 586
143 564 6 9 62 8 2 12 83 9 1 82 987 0211 13 1574 72 4 993 14 9725 12 3 5 9788 80 456 16 2855 8615 5916
49315 6135 63215 8742 5121 3 8 28 82 53 851223 154 6123 576
104 529 4 7 19 8 8 82 89 0 6 29 976 9514 25 8394 02 4 914 18 9615 86 5 5 1889 08 415 12 9125 5812 8612
29563 4985 19819 8792 5708 9 8 18 34 12132 815 9752 9387 1275 5064 12015 149 4150 2518 57269 8179 885168
8 0 6 4 6728 99 58 5 8 12 4 2 2 5 22 9 2 9 4 9 5 912 62 85 9 4 25 82 23 001225 424 5707 916
023 189 5 9 10 9 8 10 69 5 1 82 638 9214 15 2314 12 4 914 18 8285 72 1 4 1786 92 010 77 2920 9722 5915
28340 9135 98895 9787 5141 9 2 77 78 82199 815 4919 1812 1487 5497 02216 129 4979 6808 59716 5114 125797

22863 6154 63253 8513 5162 3 6 12 79 12434 803 8018 9492 1235 9573 94947 700 5144 0382 87818 1153 135178
0 2 8 4 5823 95 72 5 6 88 9 7 1 8 98 6 8 6 7 5 1 212 19 40 9 8 09 12 58 899020 129 8223 957
708 988 9 9 36 1 2 12 82 4 4 82 967 8834 18 0354 19 3 918 14 1415 12 3 5 1479 82 410 15 1199 8710 4942
82393 5155 13495 8812 6105 8 5 63 68 94677 078 5212 9672 1785 5916 92216 124 5834 3482 93266 6166 125187
3 2 3 4 5128 48 12 5 5 82 0 1 1 1 56 9 2 1 4 5 1 372 12 16 9 8 24 25 29 598293 129 9147 586
70 195 5 0 24 8 7 60 88 9 0 82 987 2547 35 2118 12 5 759 14 1998 12 8 5 1297 92 605 12 9346 8794 8798
15303 1135 13873 7919 5781 4 7 42 98 70242 616 8919 6302 1615 7410 11888 500 4844 2385 53864 3443 136897
0 0 9 3 8923 25 62 5 5 52 9 6 3 7 28 9 6 1 1 5 6 962 12 15 9 8 20 12 63 891222 608 8122 576
123 969 9 3 68 8 2 16 85 9 2 86 709 5808 95 2374 12 4 017 24 6215 19 5 5 9225 14 412 19 3865 5719 8902
19893 1778 13689 8798 8269 9 5 72 78 16159 818 9872 9812 1518 7713 12135 424 7679 0712 53218 1909 883108
7 6 9 0 9193 45 15 1 5 16 2 2 5 9 21 9 2 1 4 5 1 482 18 00 6 8 14 08 23 099620 124 8605 557
769 923 5 9 14 3 2 15 29 5 1 02 987 1214 95 3304 18 9 915 14 1788 12 9 4 1687 89 445 72 8145 9793 4913
42980 9535 84715 8702 5101 4 5 92 98 12189 816 9917 9812 9616 5018 17297 224 5134 5592 53946 1153 125158
1 9 0 8 9372 45 17 7 5 12 9 2 7 1 28 5 8 1 9 7 1 932 62 07 5 0 78 12 73 399223 124 8123 536
159 823 0 7 15 8 6 12 35 5 9 55 987 7274 85 2934 18 4 963 65 9299 12 3 5 1289 36 410 18 2805 8717 0982
12813 1495 15245 6732 9025 3 5 12 48 12892 819 8918 9662 1510 5010 58295 975 5194 6342 23228 1313 325161
1 7 3 4 5189 45 14 5 5 82 9 0 9 3 93 9 8 1 7 5 1 922 92 35 9 8 28 42 88 691229 697 8787 049
106 173 5 6 36 8 2 09 06 9 7 82 878 1819 05 2614 14 4 918 14 1215 12 3 5 9289 92 515 19 2143 8791 6972
17493 1235 93219 0562 8837 3 8 66 98 12082 800 8993 9818 1661 5919 67215 809 5839 5268 93268 1829 980782
4 2 7 4 4796 44 98 2 5 12 9 0 7 1 26 9 2 8 4 5 6 912 12 52 6 3 58 13 30 891713 018 9123 508
853 193 2 9 49 0 7 48 88 5 0 50 587 1534 95 9714 12 8 912 18 1214 22 3 5 6989 82 419 52 2143 8713 8472
19678 5170 13913 8742 9079 3 7 82 68 18912 815 8917 6319 4205 6913 72920 464 5934 9118 23283 1853 735128
4 4 3 4 3183 35 19 5 7 82 7 7 0 1 25 9 9 3 4 4 1 922 42 47 9 5 26 72 23 790073 768 9926 977
193 963 5 9 02 8 2 05 66 3 1 07 583 4213 15 2809 02 4 972 44 9285 14 3 6 1089 47 515 10 2535 8798 4379
73380 4746 18215 7396 0021 0 5 78 95 19192 615 8202 3823 1293 0409 80095 124 5554 5398 54353 1153 125003
1 3 9 1 7193 75 32 9 5 15 9 5 3 8 28 9 9 1 9 7 1 582 72 60 9 8 24 99 03 698783 820 8023 796
123 113 6 4 13 6 6 12 87 9 1 82 587 2214 15 9304 92 8 986 94 6295 14 3 5 8265 02 416 22 6155 5785 8613
08319 1165 80568 9712 9701 3 5 12 28 32121 255 0512 6617 1066 5443 82215 724 6864 7316 97279 0653 525887
3 2 3 4 7423 45 82 5 4 92 4 8 7 6 76 9 2 6 4 5 1 912 73 27 2 8 29 12 23 890053 984 6129 586
199 620 5 9 82 8 2 01 59 8 7 52 283 9784 15 2314 18 4 942 19 1265 12 3 5 5584 17 918 72 0895 7752 8612
17813 4165 47293 7985 3387 3 0 49 96 67120 310 8910 9610 1910 2243 76658 824 5134 5872 83213 8885 225317
9 2 7 9 6172 45 85 5 5 48 9 2 4 1 18 3 2 1 4 5 1 802 19 09 9 1 54 42 23 791229 126 9564 806
123 727 5 8 12 5 9 16 39 4 9 78 987 3819 14 0816 02 4 977 15 3201 42 8 5 1377 16 315 78 2141 4815 0916
3 2 3 4 8149 39 22 4 5 12 9 7 5 7 08 9 5 1 4 5 3 213 70 79 9 8 26 12 98 895223 278 8928 553
028 183 5 9 72 7 2 12 89 6 3 58 984 1918 14 5394 12 4 616 14 8615 52 2 2 9761 96 419 98 2106 8749 8519
12313 4135 95314 5701 5020 3 7 13 92 12197 850 8012 4749 1518 8413 12298 274 5974 4682 53213 1153 522577
1 6 4 4 5523 94 12 5 8 92 9 2 7 8 28 6 6 7 7 5 1 912 12 85 9 8 77 62 23 880023 124 8657 561
56 923 5 0 84 3 2 16 49 3 1 82 987 1914 55 2348 12 0 782 74 9760 12 4 8 1284 12 465 64 2580 0713 9915
05385 1145 11295 5777 8125 8 6 12 78 73282 017 8912 9822 9985 7003 62116 709 7939 6695 53313 8853 128898
1 2 7 8 5886 05 15 9 4 12 9 9 0 1 26 6 1 0 3 5 9 013 73 02 9 8 34 19 25 899227 323 7799 996
123 828 0 8 52 8 6 16 87 9 1 45 887 1276 92 2304 52 5 992 19 8254 72 5 9 1289 49 719 64 7698 8732 5818
82389 3488 15298 8212 3801 6 8 13 97 12785 771 6827 9119 2255 5409 13219 922 6134 5792 47963 5478 197138
1 4 3 4 5124 49 77 8 4 80 9 4 5 1 28 9 2 5 0 5 1 916 92 46 6 8 89 77 74 894327 193 9123 759
716 779 5 9 12 8 3 52 59 5 1 82 967 1424 88 9390 69 4 959 80 6145 89 3 5 9288 18 875 12 0145 2219 8918
15315 1039 60593 5782 5121 8 5 74 67 02278 885 8309 9802 1465 5493 12292 969 5137 9002 00018 1153 165198
8 2 3 4 9523 67 99 5 5 15 7 6 6 1 09 9 9 8 4 5 9 919 62 65 9 0 28 12 27 891631 924 8120 854
120 103 7 9 52 8 2 12 88 8 2 86 987 4279 76 2312 98 0 916 87 1598 17 5 5 1869 82 415 16 9173 8212 1882
10313 1155 13815 4809 5801 4 5 78 90 42724 956 8942 4849 7615 5413 12218 114 5128 5392 97313 1150 125198
1 2 2 7 5113 07 11 5 8 97 4 9 9 9 68 9 2 1 4 5 8 962 02 43 9 8 24 57 61 881023 294 8188 956
195 023 4 9 12 6 2 17 40 9 1 82 880 0864 16 2439 12 3 410 49 1255 17 3 6 1589 12 375 12 2145 5732 9912
12398 7185 53915 5762 8128 3 6 92 68 82102 493 4960 0814 8666 5414 15973 144 9938 3715 53213 7979 105158
1 8 3 5 7123 92 92 5 5 16 9 4 5 9 28 0 7 5 4 8 1 819 14 68 2 6 24 97 48 891273 127 8523 556
118 184 5 9 14 8 2 12 86 5 7 89 087 3914 78 6684 92 9 907 94 8515 02 3 5 4389 17 715 17 1263 8769 8152
13391 0730 13715 8755 5161 3 9 56 94 75109 215 0886 9882 0816 5863 42293 128 0834 6612 55715 3881 125485
4 9 5 4 1483 47 32 7 7 78 9 2 8 2 29 9 7 7 4 5 1 999 96 48 7 8 94 12 43 797073 174 8325 896
123 722 5 8 19 4 8 82 87 6 5 89 967 1089 10 7018 17 4 997 19 9215 51 8 5 5989 12 466 42 2838 8782 9912
82713 9635 63618 8792 5924 9 6 12 25 82412 486 5902 9815 4206 5623 18847 153 5194 7318 53253 1126 629598
0 8 3 5 5794 95 86 5 1 12 9 5 9 9 20 9 8 1 6 8 4 470 52 69 8 8 24 12 99 991423 324 8353 772
173 063 5 4 15 8 7 18 09 1 2 02 960 9284 78 6694 12 7 662 54 6019 02 7 5 1789 19 415 17 2942 0782 9736
12613 7935 14796 5912 5901 8 5 29 38 82962 794 8912 8812 8565 5799 82885 194 5931 5010 63760 8106 186299
1 3 3 2 6193 90 16 3 5 52 9 2 7 2 66 9 2 6 4 3 1 939 76 75 9 8 64 18 23 596424 147 4977 507
033 186 5 1 10 0 9 78 89 1 1 53 886 1230 15 7978 16 4 569 74 2697 82 8 5 4219 62 469 13 0745 8912 9919
12213 1175 17219 4716 5327 3 5 10 98 17167 919 9912 9812 0518 8318 60705 197 8134 5352 93293 1180 155138
1 9 7 9 2223 75 10 2 8 12 9 2 9 8 68 9 2 7 4 5 9 905 12 47 9 7 24 68 98 871723 474 6828 359
119 573 5 8 02 4 4 13 89 6 1 82 736 1654 15 7218 78 4 812 16 1438 12 4 5 6219 17 415 65 7129 8714 8912
19313 7402 13219 8712 5141 1 7 62 97 12140 818 6285 2862 7717 4808 12262 123 5166 4312 58213 1153 135878
7 2 7 4 9125 05 72 5 9 92 8 9 4 6 77 0 2 1 7 0 0 388 92 49 9 2 27 82 23 798263 868 8563 756
622 123 5 9 15 3 4 74 80 8 1 83 987 6074 85 8510 15 1 910 94 1215 90 9 9 1276 19 489 42 8535 9762 8998
02605 1735 74605 8712 5221 0 5 43 96 56682 950 8916 9776 1787 5467 12396 428 7136 5312 03213 2153 120798
7 2 3 5 5155 45 40 4 5 64 9 5 4 1 38 9 2 1 9 3 7 398 12 75 1 3 46 02 23 897323 123 6186 562
42 653 8 9 12 7 2 92 66 6 6 82 087 4718 55 6547 72 0 882 14 2418 12 8 5 2119 25 555 72 8445 8712 8912
14713 5135 17245 8512 5372 9 5 12 96 84192 355 7584 9632 1415 9413 12270 124 0174 4246 19213 7933 125798
9 5 3 4 5923 88 58 8 0 53 9 2 0 1 94 9 6 1 4 5 1 192 99 05 4 8 74 70 23 961268 524 9833 554
153 103 6 0 14 3 0 82 99 4 1 83 877 2210 15 3987 52 2 920 87 1299 17 3 6 5289 12 436 33 2145 9218 8562
02319 1165 57215 0910 4189 8 7 12 49 75464 815 8712 4889 1217 5959 17285 327 5174 6716 50915 1253 845198
1 6 3 0 7193 75 12 5 5 79 9 4 9 6 28 5 2 1 6 2 9 952 18 75 9 9 94 12 23 095429 120 8123 790
127 128 6 6 12 9 2 40 89 7 1 62 884 1714 75 2014 87 6 939 18 4615 92 4 5 6289 67 485 32 2446 8712 8772
67413 1435 13217 8894 5138 7 5 18 63 12899 475 4919 9912 9818 5793 92215 924 4133 5380 53503 3858 625980
7 1 3 3 5925 86 92 5 9 14 4 2 4 5 25 6 2 3 4 9 1 950 12 49 9 7 44 82 63 891383 824 8105 526
188 162 0 5 17 8 5 12 70 9 0 02 189 1956 17 2664 32 3 982 19 1165 19 3 5 7989 12 018 12 2145 8883 8998
76382 1235 15818 9719 5182 1 3 19 98 02622 910 8972 9814 0012 5700 68295 185 6634 4592 54119 1853 109898
7 2 3 8 7123 46 12 6 5 14 3 2 9 7 26 9 3 1 7 5 4 959 38 43 4 1 24 62 23 899283 199 5127 655
129 457 5 9 15 6 4 92 89 9 1 52 887 1590 76 5314 62 6 817 13 1915 12 3 5 0889 52 416 82 8135 0980 2982
13346 1645 18580 8712 5151 4 7 02 79 10682 814 8915 9878 6317 3467 12945 185 5837 5418 53239 2197 815149
3 8 3 8 5126 45 16 5 5 10 9 0 6 1 28 8 4 5 9 6 8 012 12 65 9 3 69 12 83 168720 101 9003 856
463 183 9 9 72 1 2 14 88 4 7 79 794 6946 85 6314 22 8 812 17 8219 98 3 7 1989 12 068 15 2645 8759 9912
12313 4195 46215 8783 5928 2 0 99 97 12642 565 4812 9819 0046 0483 62265 114 2132 9545 53484 8104 105198
1 5 9 9 0973 44 72 4 9 95 9 8 9 7 28 9 9 1 6 6 8 943 88 59 3 7 97 98 09 695042 124 8188 556
338 107 5 9 96 8 8 19 89 9 9 67 282 1254 15 4914 62 3 911 10 1835 89 0 9 1906 44 405 52 8147 8592 8912
79376 8855 03016 8717 7129 3 8 89 98 38162 889 8465 6819 0533 5083 84013 324 2162 5312 96213 8154 798899
2 9 0 6 5823 48 66 5 5 13 8 6 7 8 28 5 4 9 6 5 5 929 18 86 8 7 34 52 27 199995 176 3123 288
185 123 5 9 97 8 2 97 99 8 7 92 078 8784 66 7394 87 3 092 94 8219 32 3 7 9804 92 617 72 6145 8512 6982
12318 1035 53895 8717 8127 7 8 05 88 22175 812 8895 6139 9965 0943 10265 629 3239 8912 53216 2950 825149
5 2 3 8 5666 48 42 7 4 62 9 8 5 9 99 6 9 9 6 7 1 912 91 25 9 4 28 97 23 891373 162 9123 056
733 123 2 3 12 8 4 12 86 4 1 82 467 5794 16 2314 99 4 917 77 3230 17 7 4 1586 62 415 53 2249 9742 8912
15850 4197 23310 0578 5969 3 7 12 08 72495 815 4412 9812 9793 6014 14615 124 5137 5312 53613 4153 924103
4 2 0 2 5187 48 04 3 6 12 9 8 3 8 78 4 5 8 4 5 9 258 19 87 3 9 40 22 02 891849 828 9353 556
123 727 5 9 92 8 8 35 06 8 9 82 352 6018 15 2310 77 9 702 90 9270 17 8 5 1885 42 148 92 2945 6762 3752
48313 1179 30617 0702 9499 8 5 19 91 58178 675 0312 9812 4235 5961 72517 186 5834 5712 50293 7107 728198
8 2 3 4 1963 87 22 5 0 97 9 2 1 9 63 9 8 4 8 9 1 518 16 45 8 8 35 99 85 599723 126 6167 566
126 071 4 9 07 8 3 18 84 5 7 88 697 9286 18 8304 12 6 902 18 1496 94 8 9 7289 82 465 14 6815 5632 4892
12343 1835 13065 6712 8847 3 8 92 72 82150 815 8919 8814 1075 6093 17216 798 9134 0618 86299 7153 925818
7 7 6 7 5128 46 15 5 5 99 3 5 7 1 34 9 4 9 2 5 1 912 15 95 6 7 38 12 92 695023 174 8228 959
50 722 5 6 09 8 9 72 64 2 1 82 987 1214 99 2334 12 0 802 34 1735 79 7 5 1286 58 405 02 2791 7916 8999
22513 1899 14226 2388 5462 6 5 12 98 38322 515 8098 8714 1595 4427 39575 148 5924 4912 56473 1753 585128
1 2 9 6 9140 59 14 5 5 14 8 2 4 7 57 9 2 9 9 8 1 962 12 45 9 9 52 83 83 696008 020 8263 746
193 407 5 8 93 8 0 91 78 0 1 42 977 9244 18 2317 19 7 912 84 8616 98 3 5 6946 12 497 10 7145 3044 7982
76315 6695 53295 9619 8161 7 5 12 98 73957 497 0714 8818 1019 5915 72215 124 5190 3711 53713 1185 556199
1 2 5 4 5141 48 18 0 5 10 4 2 9 1 28 8 8 4 0 5 1 988 32 48 9 8 21 02 20 598225 227 9369 555
323 593 5 3 12 8 2 84 89 3 1 45 667 4864 15 2344 64 5 911 64 9213 15 3 6 1077 18 941 62 2345 8712 0902
12611 3374 23015 8610 5127 3 5 12 94 12158 483 8912 6912 1614 5403 12090 727 7934 5397 43833 1193 558098
1 2 3 4 3173 47 92 9 8 19 9 2 4 9 28 7 8 8 2 5 9 472 12 48 7 1 84 17 53 791023 874 5523 556
123 593 5 9 00 8 2 12 45 2 9 80 987 1278 68 3254 15 8 502 67 1215 35 8 5 1259 64 986 12 4245 0742 6685
76890 1832 13924 7898 7148 3 9 22 92 12897 815 8912 7806 2215 5413 60116 104 5878 5372 69216 8660 085198
1 4 9 1 5873 80 12 5 8 12 9 2 9 3 68 9 7 6 4 5 1 712 19 45 5 3 74 62 28 817223 849 8423 526
883 177 5 7 99 8 2 82 99 7 1 58 385 7254 17 2904 12 4 216 74 8228 10 9 5 1289 28 839 12 7195 7719 7212
98919 4130 12215 8062 2120 4 5 12 98 92134 962 0962 6514 1787 5763 82219 778 5932 5956 50283 9150 625199
1 2 3 7 5125 45 48 5 4 68 9 7 4 1 68 9 8 9 4 5 6 912 02 40 9 9 04 92 73 395420 424 8480 866
123 123 9 9 84 8 3 97 87 9 0 82 487 8314 68 5314 02 4 972 94 1296 92 2 7 8289 62 414 11 2702 1762 8910
12393 1822 10538 8472 5021 0 5 39 98 16179 837 7817 6112 3606 6418 12274 127 5503 5712 43287 1133 195098
1 2 2 3 4127 17 14 5 9 42 9 8 6 1 25 4 9 1 4 5 1 639 18 45 9 8 24 66 20 897323 184 8923 209
173 148 6 9 10 8 5 02 84 7 1 09 787 1864 45 1310 51 3 642 18 1205 93 4 5 8287 14 105 94 2177 0665 8992
92643 1963 13965 8773 9776 0 9 86 98 32141 805 7582 9254 1945 0276 35218 332 9164 8663 93619 1860 191108
1 7 8 4 9806 67 42 5 5 62 9 8 9 8 29 4 8 1 8 5 1 852 17 40 0 8 25 18 4 90 7 912 19 8685 15 7 0 5949 12 777 36 3653 8212 9990
02540 9778 53295 8512 5429 5 7 17 86 12162 679 8212 7818 1615 6669 12842 924 5130 8793 53418 5655 200198
1 2 3 6 5121 45 12 4 9 11 6 9 9 9 80 9 2 1 9 0 6 018 32 46 9 8 56 62 23 641623 928 8723 855
303 823 5 9 18 8 2 12 68 7 1 68 189 5670 16 0374 12 4 928 11 1255 92 3 5 1281 12 415 75 2655 8719 4915
12399 4180 79219 8212 5527 8 5 72 58 94160 915 8718 7849 3865 5517 12255 184 9834 5343 93133 1953 920998

19386 1835 92275 8272 3583 4 5 12 98 10578 874 5416 9610 1515 5443 47368 026 7605 9472 55273 4154 180178
7 6 6 4 2324 89 22 7 1 87 6 9 1 9 28 9 2 1 4 4 7 917 19 97 9 7 98 02 13 891223 158 0723 658
823 720 5 7 52 8 7 79 09 6 1 42 288 8285 99 2314 12 5 998 14 9266 55 8 8 8269 52 498 12 9175 5812 0965
89345 1435 04215 8972 4821 3 8 16 90 42756 618 3913 2887 1619 8914 81215 904 7134 9616 60213 7063 024178
1 0 7 4 5189 69 18 5 5 16 4 0 4 6 75 9 3 2 4 5 6 912 68 95 8 8 24 05 73 331393 924 5723 556
74 127 8 8 12 8 2 12 83 6 1 52 789 1688 85 5374 15 8 712 74 9209 82 3 5 1389 72 419 12 7077 0712 7254
14357 8872 89215 9248 8123 8 5 59 08 15178 918 8912 9669 9895 5465 10910 166 4130 0814 53617 8153 985198
5 8 9 4 5823 45 99 5 8 12 4 5 6 2 78 9 2 1 4 8 4 917 92 45 9 8 54 12 28 891698 629 3120 056
728 161 6 9 17 8 5 12 72 8 1 84 986 1293 75 2944 95 0 992 94 1213 12 3 7 9754 12 467 15 2145 3696 8987
52683 1139 53213 0932 8826 4 2 32 97 72100 885 0912 7612 1065 5909 82899 978 8199 9332 73743 0153 128879
1 4 3 8 5007 65 12 5 8 00 9 8 9 1 18 5 2 5 6 5 1 912 15 45 9 8 60 19 13 471223 194 1553 790
393 923 7 8 82 8 2 12 87 7 8 92 998 1984 59 2714 12 4 710 98 1886 85 8 5 5694 92 615 19 2765 9962 8985
12849 9149 17204 3919 8821 0 4 12 96 32182 419 8714 9692 1217 6713 72216 824 5434 0615 59553 6153 043798
1 5 3 4 4384 55 81 2 5 17 9 2 7 9 27 7 5 7 3 5 4 012 95 46 9 8 47 13 23 451226 854 8934 356
133 723 6 9 98 8 8 98 89 5 5 02 185 9612 19 6316 12 4 612 14 5215 19 7 7 6274 19 535 60 2195 7792 6512
12353 9835 13639 9612 9761 4 5 12 98 95182 385 8493 9319 4679 9419 99215 754 5136 5352 97713 1194 625104
1 2 3 5 5129 64 14 6 5 90 8 2 0 7 88 9 8 1 4 0 1 912 43 43 9 8 30 12 45 885220 124 8123 807
729 189 1 9 32 8 2 97 69 2 1 92 686 3114 20 2214 02 4 913 11 7997 46 6 5 1986 96 415 12 2495 8482 8986
19483250 245198
3 2 8 6 2829 35 48 5 5 95 9 8 9 1 68 9 3 6 4 9 9 914 32 42 9 8 24 82 23 979233 724 6520 546
428 123 5 9 20 9 2 18 82 9 9 82 750 7614 95 2218 55 5 917 19 9265 10 3 5 7288 12 695 19 2145 9312 8712
12397 1177 78217 8789 4833 7 6 12 70 75199 937 8982 1872 1910 9413 12215 144 6734 5315 03205 1754 575158
3 0 3 9 5123 40 87 5 9 19 9 7 5 1 78 0 6 1 6 5 2 785 12 85 5 8 24 19 38 691529 147 5122 556
156 123 3 8 57 3 2 06 86 5 1 82 926 1939 19 2375 19 5 219 04 1810 62 7 4 9287 12 915 97 2052 6342 3942
94349 8185 63295 9718 5161 5 5 82 96 18992 315 8213 9812 1255 5493 98808 224 9134 7317 73213 7199 825758
0 2 8 4 5529 35 18 5 5 62 9 4 9 7 29 5 0 2 7 5 1 392 52 47 8 8 79 12 73 893523 824 8128 786
723 173 4 9 72 8 2 17 89 8 1 86 889 9217 75 6322 12 4 915 75 0297 07 8 7 8986 12 715 72 2145 9662 3982
52517 4135 18815 9816 5313 8 5 87 28 12170 845 8957 9819 0906 8543 12255 147 9136 6812 63253 7188 255398
9 8 9 4 0403 05 12 5 5 82 9 5 5 2 77 9 2 8 9 9 1 712 64 88 7 6 44 19 87 858243 178 6152 056
59 823 0 9 81 8 2 14 87 3 1 88 987 7913 35 3769 10 7 910 29 1215 52 6 5 9080 42 417 18 9293 5018 8992
02368 1135 53205 6795 9121 4 5 94 98 72692 805 8988 9812 4968 5813 99615 624 5138 0992 46810 6050 021168
1 2 8 4 5222 46 38 4 0 17 4 3 7 7 29 9 7 7 8 5 1 512 13 25 9 7 53 62 29 892323 779 8821 595
703 820 7 8 14 8 4 52 79 5 5 80 689 1924 45 7964 82 8 911 10 1215 18 3 4 8289 12 405 17 2147 8717 3919
12463 8844 13017 6785 7126 7 0 12 98 89022 885 8918 9816 1605 5606 16535 109 2674 5348 69603 1183 183127
0 2 0 4 5533 45 12 1 5 69 0 2 9 5 28 8 2 1 0 5 3 917 16 43 5 8 64 32 23 611960 124 2683 506
194 923 5 9 99 8 2 19 39 9 1 86 987 1814 15 1164 16 4 512 94 4435 12 8 4 7252 12 945 02 2045 8712 8932
82914 5198 13415 3917 5141 3 2 89 96 15132 815 0913 9610 7289 5418 61085 990 5139 5346 59936 3103 925198
1 9 3 4 9593 85 12 5 1 13 9 2 9 1 28 6 2 1 8 1 1 182 02 85 6 6 29 12 23 091413 824 8909 956
196 175 7 9 62 4 2 42 86 7 7 92 907 1258 96 2046 72 0 412 84 2935 02 3 5 1185 86 288 12 0145 8702 0970
07407 1133 76875 8817 5101 7 5 12 96 72162 720 8914 5817 1945 8573 12215 124 9168 5317 53519 1153 746198
1 2 3 4 9453 45 79 3 5 62 9 4 9 1 27 9 7 1 4 5 9 992 94 45 9 8 04 62 23 880223 874 8429 456
227 927 5 4 76 6 3 16 80 6 1 80 787 1958 85 8714 04 9 912 10 5205 13 8 7 3289 12 415 52 5858 8702 8618
38010 1382 93299 0790 5621 5 5 82 98 56909 518 8902 9810 5215 5419 12295 423 5834 5752 63639 1663 129878
1 2 5 0 0973 05 80 5 5 62 9 2 2 7 58 9 5 7 7 4 1 912 12 45 5 5 94 48 29 761321 384 8123 456
125 928 5 9 29 8 2 52 87 6 1 89 880 1284 11 0314 95 4 912 14 1248 77 9 7 5285 12 416 18 2955 8790 0912
82812 1935 96239 7712 5146 4 9 12 97 12172 115 7112 9812 4097 4863 17715 139 5974 5319 93289 5158 155073
8 6 7 9 5427 45 12 9 9 65 8 2 3 1 00 9 2 1 1 9 9 215 82 41 0 8 24 63 34 990328 129 8122 506
702 910 6 9 12 8 3 92 49 9 6 87 997 1564 85 5364 82 1 972 64 4913 78 3 9 1289 17 415 46 9157 8712 8412
87113 1937 93917 6741 5121 6 5 72 93 04892 818 0456 9815 9713 5993 10290 182 5954 9310 58173 1158 628698
6 0 9 4 5602 40 10 5 5 42 9 5 9 6 22 8 2 1 4 9 6 512 80 49 7 8 27 12 93 899225 724 1375 350
816 101 2 9 01 7 0 95 89 6 1 95 507 6754 15 2964 92 4 752 14 1209 90 3 5 1285 18 425 18 6845 1702 5612
99313 4139 82265 8798 5591 3 5 40 49 94189 815 8919 9558 1995 0710 92247 681 5734 5313 59213 1103 825190
1 7 7 7 5107 06 19 7 8 12 9 2 7 1 27 9 2 1 5 7 1 770 42 05 8 8 99 15 28 791620 893 7170 543
523 103 5 4 92 8 2 61 46 4 1 47 587 4619 95 6319 56 4 960 14 5914 92 1 5 8879 72 498 82 8145 5812 4912
23210 1884 93215 9780 5991 3 5 12 98 16114 365 9884 9016 1271 0618 12216 124 5154 5389 02889 5603 102195
6 2 3 4 5163 47 38 0 7 19 8 4 5 8 28 1 9 1 0 4 6 413 15 42 2 6 29 78 23 881249 664 9193 576
653 426 5 9 09 8 2 12 87 8 0 85 487 1996 86 2378 12 4 582 17 1013 82 3 5 1289 99 419 57 2145 5884 8992
12860 6139 73658 8916 5641 6 5 99 89 03172 855 9980 1687 5260 2498 38795 826 7194 5809 27298 4153 826834
4 0 8 8 5130 80 72 6 1 12 9 3 9 1 24 9 2 1 4 5 1 914 98 85 9 8 27 19 23 777283 126 8133 566
723 423 5 0 12 8 2 82 82 6 7 52 785 1467 15 2311 10 4 412 94 1210 61 3 6 9008 79 092 77 6175 8319 8912
19624 9105 17209 8714 5161 9 0 24 98 72682 565 8712 9417 9212 7729 66814 124 0034 9388 53269 1193 065893
1 2 3 4 5203 45 18 5 5 12 8 4 3 9 88 3 0 1 4 5 7 902 17 47 3 0 24 92 28 888223 974 8923 556
30 648 5 9 72 8 3 12 49 0 1 82 089 6306 15 7419 88 5 912 14 1289 19 3 4 9887 68 417 11 0145 8842 8212
12314 8795 33070 8262 9111 3 5 36 95 82110 019 8612 9086 4395 3413 57968 179 9924 9324 53288 1153 125895
9 2 5 4 5916 45 16 8 5 12 9 4 8 1 80 7 2 9 4 8 1 712 12 35 9 8 95 18 53 091623 137 8193 079
523 103 9 9 96 8 2 12 59 8 7 02 785 9219 19 2314 82 4 918 13 1315 82 8 5 7984 12 005 62 0245 8974 8912
17373 7339 07269 8488 9320 3 6 11 93 02762 445 8912 9812 5218 7639 22604 934 5114 5912 57287 1158 551898
9 4 4 8 5123 95 08 0 5 35 9 2 9 9 48 9 3 1 4 1 2 818 82 49 9 8 24 68 93 894225 125 8195 052
924 773 5 9 22 4 2 17 39 3 1 89 980 8207 15 7394 42 9 832 84 5925 76 5 5 2289 57 445 82 4395 8802 9912
19313 1135 67265 8702 5609 8 5 55 42 57192 445 4619 9869 6600 8413 12611 148 5135 5897 59650 1753 625308
0 2 0 9 5397 57 94 5 7 12 9 4 9 1 28 3 9 1 4 5 8 902 19 43 5 7 25 18 91 891794 508 8125 518
122 323 7 2 72 8 2 72 00 9 6 50 083 7276 45 5354 12 8 853 18 7276 10 3 5 6786 42 884 83 4145 1715 5913
14513 4291 03215 8616 5121 9 5 95 98 66945 815 2916 9842 1535 5619 82634 526 9862 7981 53387 5053 668168
6 3 3 4 7163 45 16 5 5 72 2 2 3 8 24 2 9 1 6 0 1 912 02 46 9 9 24 16 23 293249 687 8979 506
328 107 5 9 10 8 2 37 79 1 1 85 787 1214 28 6314 18 5 912 13 0247 75 3 5 9285 52 415 10 2847 8812 4916
12993 9198 20288 8301 7800 4 5 72 05 12599 983 9912 9715 1615 5819 12014 824 4134 5912 59210 8153 199678
7 9 8 3 6153 42 17 5 7 92 9 3 9 8 28 9 2 4 0 5 1 918 12 46 7 8 32 12 23 700258 944 0193 556
323 923 5 0 17 5 2 12 89 0 1 82 987 1854 10 2388 12 5 893 94 9665 17 3 9 1109 05 890 93 2558 8112 6946
12217 6100 13815 8710 7125 5 7 56 08 96885 815 8913 9830 6815 5693 19608 030 8533 1355 89884 4555 120698
0 2 9 4 5993 45 12 5 5 06 5 9 7 0 04 8 2 1 1 5 1 988 92 65 6 8 07 72 63 891978 624 8003 758
125 114 2 9 03 8 2 12 88 9 0 69 887 1019 08 2314 10 4 069 04 7271 59 3 7 1279 60 815 19 2167 8712 9512
12017 1057 93115 8742 7967 3 7 88 98 65152 201 8952 0852 1815 5413 98885 199 5884 5317 93210 0146 935698
1 2 6 4 0179 47 82 8 5 15 5 2 2 7 28 0 6 7 4 7 6 315 69 44 8 8 25 63 28 899227 124 1728 556
223 663 5 9 94 7 2 12 49 8 1 82 986 1089 92 2342 92 4 069 13 1715 10 8 0 5269 12 416 12 9105 8752 8913
77308 1638 13005 8612 5531 3 5 08 88 12392 815 8919 0819 1215 1607 62235 597 5536 0315 83213 5703 128008
2 2 0 6 5823 45 82 9 5 12 6 2 9 4 29 9 2 9 4 5 6 912 19 30 9 8 94 13 89 091673 164 9124 569
463 773 6 6 56 6 2 82 84 5 1 79 968 1214 15 2387 16 9 919 14 1265 12 7 5 3210 69 415 52 3102 8716 3622
17703 1335 67210 8702 5158 3 0 17 90 62954 014 3912 9812 1715 5469 16777 907 9694 5813 41919 7453 122792
9 2 7 6 0127 46 32 3 4 12 9 2 1 3 28 9 8 5 9 5 0 940 92 48 8 5 25 94 23 346803 134 8189 596
028 120 8 7 32 8 2 18 79 6 1 83 857 8618 64 2364 18 4 917 64 1265 62 3 5 1683 17 695 19 2965 8759 5648
52716 0787 13412 8517 5521 3 5 96 93 96189 990 7463 9886 8215 5513 42873 107 4184 1422 89277 5883 127598
9 8 9 4 5329 48 12 5 9 62 0 2 8 9 78 9 2 1 0 5 1 210 12 45 8 8 24 14 03 051233 794 8797 558
118 473 5 4 42 8 8 72 54 5 1 82 987 8011 30 9844 16 9 912 14 5256 48 3 9 1389 12 615 97 8645 8015 0712
02310 1835 88215 0742 5161 0 5 72 94 42182 875 8112 9616 6789 6453 14215 153 8984 2652 57713 6409 785398
5 2 3 4 5123 00 12 8 9 12 0 4 0 1 08 9 9 5 4 2 1 803 96 09 9 3 24 12 30 593809 824 4753 496
88 826 5 9 18 8 2 42 89 8 0 44 948 9910 15 0344 16 4 972 84 7405 72 2 5 1288 13 515 32 2945 8774 8782
12348 3035 13276 9794 5620 3 7 12 98 00922 907 8912 9852 3205 8016 12010 121 5172 5312 53213 0151 360999
9 2 5 9 5093 55 94 5 8 10 9 9 8 1 28 8 0 1 4 9 1 041 52 59 6 8 84 73 33 951290 149 9125 158
127 156 5 9 92 7 8 19 99 7 1 69 977 9919 18 6344 52 4 816 84 1290 60 3 6 8589 02 135 16 8432 0986 8202
19317 1335 18773 9795 5191 3 0 12 82 18175 818 8012 5992 5005 3413 17989 924 5435 6312 72509 8140 520878
1 2 3 9 5153 86 19 5 3 52 7 6 0 0 17 9 9 7 4 5 1 068 12 45 7 8 04 10 85 895818 820 8862 427
103 923 6 5 91 9 8 17 39 5 0 89 917 7279 85 2354 12 4 452 98 1255 40 3 7 6269 02 375 92 7167 4719 6372
97318 8478 83535 8088 1121 5 5 92 98 12982 515 8867 2512 1205 5717 72337 154 7035 6395 43256 1683 187757
9 3 3 8 5923 95 12 5 5 19 9 9 7 1 26 8 3 3 4 5 1 469 16 45 9 4 58 92 23 897293 124 9263 558
163 963 3 9 07 8 8 12 88 3 1 79 967 5225 65 2914 17 4 972 86 4299 10 8 5 1989 12 406 92 4155 7212 8972
12303 1733 10235 8358 8821 3 5 86 85 80152 819 6572 6192 1805 7417 72215 522 0587 4319 53216 1183 365198
1 9 7 9 5108 81 32 5 6 12 9 2 7 1 78 5 8 6 5 5 1 937 17 55 9 8 23 52 73 099827 692 7429 096
173 909 5 0 33 4 8 96 80 9 1 82 975 6904 15 8576 64 5 912 82 1768 19 6 8 1247 42 713 12 2135 8942 6912
16316 0185 13209 2212 8551 3 5 15 90 12679 985 8992 9613 2243 5003 14255 924 5894 6102 55718 1789 120144
1 8 5 6 9583 45 12 5 1 57 0 2 7 1 25 9 3 3 8 6 1 517 09 49 9 8 69 12 23 893680 324 7943 596
123 188 5 4 12 0 0 12 09 8 1 02 887 1274 15 2314 09 5 992 30 9245 82 3 8 9689 32 889 15 2735 8713 7714
54016 8105 13975 9877 1161 3 5 55 99 12182 615 0862 9372 1884 5789 12217 188 5965 5318 59913 4750 129596
7 6 6 8 7047 88 07 8 8 42 9 0 7 0 28 3 2 1 4 6 8 992 11 05 9 6 98 52 23 793483 188 8983 586
039 129 5 5 52 8 8 08 80 4 1 82 961 7219 02 8335 00 4 984 14 1215 84 9 4 6784 10 874 02 2595 8419 2912
02014 5937 16269 8091 5138 3 6 88 97 12182 167 8900 7814 8255 5423 62893 104 1137 5708 98243 5040 176655
1 2 7 8 3423 40 12 5 8 12 9 2 6 7 07 2 2 1 7 5 1 792 10 85 4 8 25 16 74 601123 525 8483 456
121 573 7 0 02 8 6 14 89 1 1 82 968 4214 85 6319 12 4 510 51 5279 12 3 7 3880 38 415 12 6185 9238 0998
69713 1687 17215 9712 6581 4 5 50 98 76887 815 8908 8694 7212 0414 78985 944 5134 5716 58610 1853 125148
1 6 2 4 8827 45 12 7 5 72 9 7 7 4 27 5 2 1 4 4 9 713 29 45 9 8 64 72 78 888823 894 3099 156
999 583 2 9 42 8 2 69 39 9 1 75 946 1204 57 4818 82 7 908 10 1219 12 0 7 7859 15 917 17 2148 8982 3022
92313 1135 16215 8752 9071 6 5 98 76 15192 817 8742 7812 3298 2688 12217 124 4104 5319 93963 1853 865193
8 4 9 0 9759 49 19 3 5 02 0 8 3 5 28 8 8 1 7 5 3 953 12 99 9 8 69 92 23 295973 304 8723 596
110 959 6 9 99 8 9 42 88 9 3 95 977 1297 75 7317 10 4 042 94 3297 12 3 7 1280 12 405 32 2947 8219 7014
12067 7175 93210 8752 8128 3 5 02 66 18193 818 9592 9910 3275 5483 69215 793 7134 5072 53844 1663 880190
5 2 3 4 9143 40 16 5 6 18 9 2 7 9 76 9 2 1 4 8 1 817 19 50 9 8 74 12 78 591223 124 2129 552
543 126 5 9 79 7 2 25 82 6 1 82 987 3906 25 2858 15 4 010 14 1243 12 3 5 1995 90 715 12 2198 8080 8012
12610 8155 15415 8722 5271 3 8 72 68 30885 155 8968 6642 1755 7413 12289 128 7185 6768 50903 1158 925195
1 7 3 4 5663 65 52 9 5 12 9 6 0 5 00 7 2 1 4 7 7 515 17 47 9 8 28 82 15 891950 326 3822 079
58 193 8 7 92 0 2 45 80 7 1 18 949 8218 48 2914 17 0 966 89 6915 12 7 0 1280 54 665 12 9145 8727 5912
52103 6835 71897 8322 8928 3 5 72 98 94876 418 8982 7982 1225 0014 58255 129 0137 5792 69393 8653 179198
2 2 3 4 6166 08 50 4 6 72 9 4 0 1 28 9 8 9 4 0 0 412 18 41 4 9 76 13 00 051475 103 8193 996
123 993 9 6 10 8 4 12 88 0 2 92 687 7214 65 2375 72 9 782 14 1914 12 3 5 1229 18 915 48 5640 9717 8512
14383 4139 73215 8712 8826 5 5 63 54 12176 819 8912 4802 1911 0414 64215 540 1634 5215 26413 8159 125898
1 2 9 4 5103 05 70 6 6 92 9 5 0 1 88 0 2 1 4 0 3 592 00 45 0 0 24 12 87 801620 175 8665 956
799 620 5 6 69 8 4 37 69 9 7 59 987 3246 15 2384 19 4 900 34 1685 69 9 5 7997 12 615 12 2225 9416 8918
94583 4005 63265 8912 5045 8 5 14 14 97182 005 0932 9803 5215 2423 12215 627 5064 5317 58913 1853 925998
9 9 6 4 0320 15 62 5 5 94 9 2 8 1 86 5 8 3 5 5 1 012 32 45 9 3 60 92 73 991773 124 6173 066
857 627 9 9 12 6 2 36 59 9 3 89 997 4984 65 2904 12 4 628 99 0819 67 3 0 7384 82 415 15 4912 8312 8257
15393 0565 59315 8565 8123 9 5 28 48 29735 895 8112 0159 9715 8413 54275 123 5534 6012 63219 1453 505196
0 8 6 0 2123 99 88 5 5 72 7 2 7 0 41 9 6 1 8 5 3 919 60 47 7 8 24 18 23 791733 924 4920 557
147 629 5 8 18 4 9 19 39 7 8 82 988 1215 05 2314 18 6 812 66 1695 10 3 1 8280 16 416 16 2545 8885 9818
19173 1105 13475 3392 5721 3 6 14 32 52132 915 8982 3806 4916 5013 10205 124 5176 5312 53218 1853 575178
9 5 9 4 5523 45 12 5 5 19 9 3 8 1 28 8 0 1 1 6 2 112 16 48 7 0 55 02 27 231829 795 2989 660
825 705 5 9 12 6 8 12 89 3 1 89 974 1814 55 4319 42 4 923 04 1205 51 3 0 1089 12 415 12 2448 9712 7929
12913 1589 19285 8753 7121 3 5 19 58 08539 056 9762 9864 1817 5853 18548 524 5134 8331 65218 1945 628138
1 9 4 6 8023 09 62 5 8 07 8 2 9 6 28 7 0 7 5 0 2 912 92 49 5 5 84 78 54 711223 159 8143 957
627 327 8 4 10 9 6 12 80 9 0 52 027 7917 14 4614 82 5 912 12 9916 97 5 7 1262 85 443 63 2749 8715 6912
12359 1192 10245 8719 5092 3 8 42 99 16785 811 6902 2817 1299 5488 12256 924 9135 5842 03213 9058 465168
7 4 3 9 5123 48 75 4 5 15 9 2 0 7 78 4 0 9 2 5 4 058 62 45 9 8 44 02 29 699224 174 8194 556
120 328 5 9 92 8 5 02 89 8 1 95 988 1084 10 7814 16 7 712 19 4015 69 9 5 1270 17 469 11 2845 8172 8514
62913 1149 74515 8714 5126 3 8 12 98 62832 819 5912 9852 9265 7819 32215 968 7530 3872 57743 3653 196428
1 2 3 8 8128 84 92 5 8 92 8 7 3 5 69 1 7 5 8 5 1 869 15 40 9 0 24 13 23 891249 194 9587 658
129 173 5 5 09 9 2 12 85 7 9 82 598 1241 15 0516 14 4 988 08 7417 19 9 5 9289 12 445 13 8245 8912 8015
83566 5085 83009 8352 3108 9 5 52 98 02972 915 8992 0517 0245 1413 12485 137 4236 9316 53210 1853 127167
5 2 2 4 5923 83 12 5 0 77 3 2 8 2 98 9 6 1 7 5 9 974 92 96 8 7 25 59 69 889827 129 8353 999
127 102 1 9 12 6 2 87 89 3 2 82 993 9614 15 2314 12 6 382 15 1934 22 3 4 1499 82 615 37 7637 8816 7910
16678 2135 14017 8698 5021 9 7 78 08 00868 805 8972 7819 1219 7453 18855 924 5834 5322 03213 1154 922199
1 5 7 8 5603 95 62 0 9 12 2 2 8 7 58 4 2 1 6 5 7 712 08 46 3 8 28 12 88 596903 194 8127 556
194 456 8 9 32 9 2 12 47 7 1 84 953 1234 15 2816 92 0 915 84 1245 18 3 4 9289 18 116 18 4607 6719 0988
14316 3535 73215 1702 5181 3 7 12 90 12842 257 2749 2018 1237 5416 90239 018 5834 7332 59213 7336 727198
9 2 3 7 5173 19 82 4 7 59 5 8 6 1 78 2 2 1 6 5 4 912 71 45 9 8 85 19 82 890773 139 8524 899
96 968 5 3 92 9 4 22 89 0 2 22 389 6614 17 0054 91 8 205 57 6615 12 5 5 9783 10 415 12 2939 8712 8313
94844 9155 53205 5672 5425 1 8 19 90 19198 016 6979 9362 1756 5473 87215 338 5139 5672 59216 2872 125193
5 3 3 4 5123 79 79 6 5 68 9 6 8 1 87 9 4 4 4 5 9 919 82 45 8 8 24 12 41 791293 335 9129 526
823 923 5 8 10 6 2 52 79 7 3 92 098 7856 15 2319 62 6 796 14 1985 12 3 0 1276 12 499 10 2146 8788 8112
58879 0877 96212 8766 5089 3 8 17 98 19932 805 3910 0819 8975 8436 19275 180 6134 2312 74693 1803 928199
7 0 3 4 5129 40 12 0 6 12 5 2 9 1 00 8 9 1 8 5 1 692 12 83 9 4 94 60 23 418703 524 8844 556
133 723 0 3 15 8 2 12 99 5 1 87 287 1294 15 9385 12 0 999 54 4585 40 3 2 0289 22 885 17 6107 9412 6912
17313 1131 13805 8710 5685 8 5 92 98 09360 807 5677 4812 4215 5406 52295 124 7184 5676 59213 5525 135198
9 2 2 0 6429 65 12 5 4 12 9 3 8 1 77 7 9 5 5 9 5 912 29 88 7 8 29 17 70 860206 107 8123 556
345 170 6 9 62 5 0 12 39 7 9 82 910 1614 89 2310 19 2 613 97 1835 92 9 5 7289 39 399 14 0820 8756 0952
62616 8165 15830 0712 8901 3 5 12 98 37978 865 8512 0612 4213 5457 56490 524 5130 5412 53813 3864 100198
1 5 7 9 2183 72 12 5 5 14 9 9 5 0 28 4 2 1 9 5 4 002 14 55 9 8 84 17 26 899263 123 0723 750
203 173 5 9 92 8 9 59 82 2 1 82 987 1218 11 8514 42 4 912 98 5715 86 3 5 1999 54 450 12 2198 8715 6918
60934 1434 13262 5692 3193 0 5 69 08 12142 876 8917 9619 8715 5368 17805 324 0134 5817 53269 2103 827794
1 7 3 6 7128 43 55 5 8 16 9 2 9 9 77 6 2 3 4 6 6 672 85 83 7 0 09 17 28 849973 020 8224 553
965 125 5 6 95 5 7 12 86 6 1 85 979 6854 15 7616 98 4 911 76 1250 12 3 5 0789 98 415 72 2115 4712 8079
92307 9165 19215 8618 5180 0 5 12 98 52016 815 8912 8880 0715 9408 82655 487 5150 5952 10210 4157 495898
1 0 3 8 8023 82 92 3 5 82 4 5 8 1 69 6 2 7 4 6 0 671 14 35 9 8 94 62 73 891273 174 8529 676
923 125 2 9 12 9 5 55 32 7 1 81 397 1854 16 6574 42 4 012 71 1868 90 5 4 2689 72 719 18 2945 8712 8946
13310 1133 03848 5022 5128 1 5 18 97 12102 813 8852 2856 0235 2919 99117 324 5153 8826 55217 1655 125198
9 7 3 7 5523 65 10 9 7 32 9 2 5 4 29 2 2 1 5 0 1 619 16 74 7 8 54 12 28 821154 867 8177 596
609 143 9 9 11 8 2 88 64 2 7 59 987 1694 16 2314 62 4 919 19 1275 12 5 7 1389 56 414 92 1645 8982 8717
17383 6136 13285 4732 5676 4 5 14 78 92882 947 2998 7852 1263 7413 12516 524 4885 5312 94813 1173 195498
1 2 3 4 5163 84 79 5 5 32 9 7 8 4 28 9 8 6 4 7 1 057 92 58 4 4 26 72 03 594239 922 5798 864
471 473 5 5 35 8 1 12 85 4 9 30 084 1264 59 2316 76 0 471 84 1095 12 5 5 1239 10 485 12 0145 1782 0912
12313 4137 16018 8019 5194 7 0 62 57 62157 815 8942 9936 1515 0769 15205 724 6394 9395 64211 1353 184158
9 2 9 5 5123 45 12 8 1 12 8 2 8 0 35 9 2 7 0 5 1 522 22 47 9 6 84 18 33 881266 734 5925 896
524 623 5 0 42 8 2 12 89 8 8 62 767 1708 05 2311 12 4 912 65 1215 12 3 5 1278 84 731 17 2105 8719 8552
06390 4189 17955 8512 4101 7 5 55 68 82847 810 8996 2613 7215 5953 02291 689 5144 5312 97263 1453 064496

77396 1088 13215 8574 5424 4 0 12 68 92182 814 7552 9969 9815 6687 51228 724 0104 5885 53213 0653 125979
8 5 8 4 5123 65 32 5 6 86 9 2 3 1 28 9 9 8 4 5 9 967 05 05 9 8 74 53 54 899889 134 6979 524
903 153 7 9 13 8 2 39 89 0 1 42 781 9620 15 2574 15 4 996 14 9217 12 3 0 6287 12 715 46 5135 8912 8916
12411 9135 82831 8712 4101 8 9 48 48 10441 885 9910 9812 3205 9447 70218 925 0177 5777 99933 1153 225195
9 2 3 4 3173 68 02 4 6 52 9 2 7 1 38 0 2 8 4 8 1 516 82 40 9 5 24 95 73 899162 224 4953 876
52 083 5 9 12 8 2 92 80 5 1 42 897 4267 60 1614 46 4 919 14 1217 82 6 3 1289 17 485 55 3945 8756 8912
12313 4505 13859 8387 5191 0 5 12 00 12153 876 8886 7312 1207 7463 12225 197 5994 7912 57807 0159 195778
1 7 9 8 5285 35 12 7 5 44 9 4 0 8 27 7 3 1 5 5 9 849 12 45 5 5 24 09 33 798223 124 2143 527
583 683 0 9 18 7 5 77 89 8 1 88 917 1054 10 4914 12 4 519 19 1205 16 3 9 1279 18 445 02 2195 8712 8955
12353 9088 03278 8612 5527 3 5 15 49 12342 624 9912 9412 7816 2443 18616 194 7734 0397 88860 7458 126138
0 2 4 4 5123 98 12 5 2 82 5 2 3 6 46 9 2 1 4 6 4 982 17 95 9 3 29 72 27 305927 127 8224 256
123 943 5 9 13 8 2 62 89 9 5 84 784 1364 15 2314 75 4 072 64 1815 18 9 5 8282 12 417 19 9145 8792 8972
20968 1137 16214 0718 7126 2 0 62 98 92172 995 7979 7712 9855 5543 76374 124 5134 3386 73215 1166 835196
1 9 0 4 0823 92 77 6 2 12 9 2 8 3 29 9 2 8 3 5 1 318 72 07 5 8 34 11 46 997293 024 8389 896
923 723 9 9 32 8 0 22 99 4 1 70 967 1718 57 7335 12 9 682 14 9277 22 3 5 7353 12 888 82 8270 8585 8915
32313 1636 33255 9752 5021 3 4 12 92 56612 514 3982 9859 7415 8433 62217 526 4634 7769 53211 7763 177328
4 2 6 2 5223 44 19 5 9 19 3 9 7 0 29 8 8 1 4 5 6 662 92 95 6 8 47 12 63 890233 724 7003 556
922 873 5 0 66 4 8 19 87 2 9 47 380 7505 15 7316 16 4 912 14 1215 59 3 5 5884 12 915 12 7945 5708 8612
12313 1333 19719 8212 5171 3 9 12 88 12882 817 8984 9812 3255 2419 37210 134 4148 5099 53212 9158 135199
7 9 3 4 0824 42 02 2 9 98 9 2 8 7 58 5 9 1 4 9 4 912 19 45 9 8 20 18 57 795529 580 8193 770
622 127 5 1 66 0 2 13 59 5 1 82 885 5118 05 2888 17 4 912 99 1395 12 3 5 9277 12 716 26 4147 8719 8198
92596 8002 10718 8778 5921 6 7 18 98 92242 815 8912 7612 9895 5463 85955 444 8852 5372 55214 9793 545879
1 7 3 4 4974 47 12 1 3 13 3 2 5 1 28 9 2 8 4 5 6 322 18 45 8 5 29 42 94 831558 148 8123 556
473 183 8 7 79 0 9 02 89 5 9 84 897 1686 15 6614 12 4 912 28 0285 11 3 5 7581 65 214 12 8145 8981 7014
12698 1036 16205 8902 5428 3 2 18 98 15782 087 6912 9712 5710 5619 17585 124 5170 5315 83093 3153 155139
7 5 6 4 5173 37 16 5 9 84 9 2 4 1 25 9 3 6 4 8 9 012 10 78 7 8 07 18 61 895294 449 1423 559
439 991 5 9 88 8 6 82 89 2 5 82 985 1244 15 8509 12 4 978 14 1217 19 5 4 1985 96 655 82 4648 1712 4930
12097 1035 13499 8812 5380 3 5 02 99 12170 415 5953 9012 4075 5742 16215 764 7048 9912 53213 6153 125866
1 2 0 4 5195 15 15 5 5 12 3 8 8 7 23 3 2 9 4 1 1 914 18 46 9 8 99 12 73 791283 126 8139 556
373 165 5 4 62 8 2 98 89 9 1 85 901 8215 55 2814 82 6 612 14 1595 18 3 5 1285 75 418 72 8785 6898 7712
35337 1139 93255 8702 5134 3 5 15 95 97180 817 8914 5517 3685 8873 78815 628 5834 3117 13957 7933 125851
1 8 6 4 5123 98 82 5 7 52 9 2 7 9 20 0 2 1 4 5 9 962 12 43 4 7 24 67 29 891423 129 6028 876
103 124 8 9 01 6 7 00 69 8 0 82 068 4214 85 2754 19 4 770 13 2205 12 3 8 9289 86 915 12 2549 7756 5792
1 8 3 7 4023 49 02 5 5 13 9 2 9 1 42 0 7 8 7 5 1 312 15 40 9 8 71 08 29 263327 180 8023 556
163 193 7 9 08 8 2 12 89 6 0 62 967 1514 59 2312 12 4 719 74 6793 99 3 0 7282 23 563 88 2045 8911 8902
79885 1635 70819 8702 8787 3 5 52 58 72203 263 7342 9812 1210 3213 92515 163 0894 5733 33363 4178 623736
7 3 9 4 5523 71 07 5 5 19 7 3 3 1 48 0 0 3 4 3 9 952 76 45 4 8 87 18 13 861983 124 8597 556
85 423 2 3 54 8 2 18 49 5 6 52 116 4934 47 2316 85 4 919 73 1246 82 6 5 6283 92 448 61 6609 8712 4482
82910 1937 43245 0776 9557 0 5 12 68 12182 325 6659 9312 1218 5413 62715 204 5252 7310 93392 3683 123194
1 5 3 0 5024 45 15 5 5 12 0 9 9 5 28 1 2 1 4 5 8 569 12 45 9 5 02 12 03 850288 925 7523 517
429 196 5 9 17 6 6 69 88 8 1 81 934 7604 95 2862 12 4 946 74 1218 02 0 5 1759 06 499 16 2969 9859 9072
12399 6134 63848 3773 5128 3 6 12 67 17162 815 8819 8816 8215 5913 12948 224 0735 7292 53213 1180 195158
1 7 3 4 5123 97 08 5 7 12 0 2 8 1 48 3 0 2 7 8 1 912 19 45 7 7 24 66 23 801542 134 5193 959
793 953 8 9 46 8 2 82 88 8 1 52 488 5290 85 9384 12 4 912 74 2819 41 6 5 5489 95 479 12 7045 8702 8911
98375 3135 13298 6982 0521 3 5 12 98 65156 875 8875 9932 1255 0413 52280 120 9136 9315 73483 6187 575093
7 2 3 4 5508 45 92 0 5 02 6 2 9 6 26 9 2 1 2 4 1 932 02 47 9 8 23 12 29 987623 122 5190 655
605 620 6 9 02 8 2 16 99 7 3 56 907 9884 08 2314 11 4 912 88 6237 14 7 8 5975 54 417 76 2746 2798 7882
12643 4135 11969 0567 5547 3 5 58 88 18152 478 9999 9818 9295 5974 92982 469 5133 4812 33819 1193 465898
6 7 4 4 5126 42 12 5 0 68 8 3 8 6 43 9 8 8 5 7 1 912 12 49 7 0 24 16 75 001593 124 0622 538
620 018 5 3 12 7 8 89 63 8 1 82 388 8262 85 4019 05 5 912 08 1219 15 1 8 1489 92 115 60 5179 8192 6712
02313 1130 97110 9796 7124 3 5 12 48 62741 817 8597 9812 8400 5836 12115 004 2184 5367 93213 9158 128198
7 2 6 5 5126 29 52 5 7 18 9 9 4 1 28 9 2 1 4 5 1 710 92 45 7 6 54 62 24 081823 321 8588 596
107 163 5 9 12 8 2 86 88 8 3 17 987 7232 10 8116 19 6 219 84 5714 12 3 8 6296 12 698 21 2955 7800 9892
32693 1778 13015 8710 5746 6 9 15 99 19190 817 8919 8650 5715 8963 37715 724 6514 6314 53274 9673 025148
8 2 4 8 5193 55 12 3 5 18 9 7 9 1 68 7 6 5 6 6 1 639 12 45 9 6 64 15 29 699754 674 8123 556
173 698 5 9 16 8 2 12 89 8 8 07 985 1880 16 8317 12 4 014 74 1213 07 0 5 0777 12 918 62 2374 8796 8912
18313 9635 73210 8612 5171 5 7 17 98 72162 565 8986 3892 3218 7419 82385 124 4199 6405 53487 1653 535140
1 2 3 4 5163 05 19 8 2 30 8 2 9 3 08 7 4 0 4 5 1 968 68 43 9 8 89 42 23 867924 928 8121 556
803 140 4 7 78 8 2 12 89 0 1 98 987 1514 89 2717 11 8 900 54 9816 12 3 7 1486 00 567 10 2319 8832 4918
02348 1167 93215 0617 5121 9 8 17 98 92172 810 8816 3712 7215 6538 42275 964 9534 5813 53318 1553 183178
1 7 9 1 5113 75 72 5 7 12 9 3 1 1 27 9 2 1 7 5 1 202 52 69 3 8 47 03 13 477806 126 8833 478
937 923 7 9 12 8 5 10 69 5 3 97 637 8784 95 0368 02 9 312 13 1274 72 7 5 1229 37 627 17 8046 7118 0785
13909 1335 47335 5712 8887 1 8 62 92 47102 869 8977 8921 1290 5413 12266 990 8104 5580 43513 4053 625549
1 6 3 4 5694 45 30 5 5 05 9 2 4 1 47 6 2 5 8 5 1 912 97 45 3 7 94 74 57 896250 126 8113 806
923 163 4 9 12 8 5 62 80 8 1 99 997 1218 08 2814 96 9 817 39 1043 13 3 5 6290 22 485 12 0345 9812 8617
74712 0135 14311 6742 4129 3 5 48 99 32732 885 8963 9858 0215 9467 22319 824 6504 9376 87023 1153 185199
6 2 3 5 5403 45 98 5 8 92 9 2 0 1 84 9 6 1 4 5 1 982 18 75 8 7 24 18 27 893253 104 4892 558
523 621 5 5 10 4 2 72 89 9 1 82 687 1318 95 8314 92 2 968 16 0718 32 3 5 1983 33 935 12 9145 8682 8889
12117 1145 30919 8719 5198 3 6 12 99 82372 805 6858 9918 5757 6318 17215 210 5934 7312 59213 4053 195684
5 2 9 5 0128 48 72 5 5 10 7 8 2 1 28 9 2 6 4 3 6 975 77 75 9 3 74 95 26 891729 934 0229 766
59 684 5 5 99 6 2 73 79 5 3 90 964 4214 76 2314 12 0 433 14 8219 82 3 5 1244 42 513 92 3795 8714 7012
52313 7965 93992 3752 5381 3 6 42 95 12192 815 6617 9712 1517 5913 52210 423 7849 0317 54216 1103 848168
1 3 5 4 5808 44 13 4 4 01 9 3 8 1 28 0 2 1 7 5 7 977 12 90 8 8 79 72 90 790527 185 8673 556
559 128 5 9 13 8 2 92 89 9 9 82 927 1719 35 2364 97 8 918 04 0214 52 7 7 5939 82 218 19 6105 8986 8900
90369 3791 17315 8988 5331 3 7 87 97 03442 878 3540 9899 7785 8416 95815 024 6134 5929 53217 1151 102198
9 2 9 4 3148 08 89 5 5 12 9 8 2 3 28 4 2 5 6 0 1 582 18 35 5 8 94 92 23 891728 115 5633 803
667 977 0 9 09 8 8 52 69 6 1 38 629 1214 50 1844 15 4 916 96 1200 19 3 8 1289 96 845 62 2125 8349 8117
15394 1735 77215 8944 6161 7 0 95 98 18784 872 5912 5852 9915 8470 75215 124 4834 5685 63913 5151 135105
1 3 3 4 5173 40 12 5 5 93 8 7 6 1 28 9 5 6 4 6 1 492 59 75 9 6 54 72 76 891290 124 8723 253
996 193 7 9 14 8 2 22 59 7 8 37 960 1104 97 2813 39 4 910 19 7713 12 9 6 1689 39 419 12 8145 6812 8508
14853 1136 77618 8619 5796 8 9 52 98 92792 915 0993 5812 1734 1935 12715 484 5124 5383 53003 4355 189195
9 2 3 9 5183 45 17 5 5 03 9 0 8 0 29 8 2 5 9 8 1 012 13 07 9 8 24 52 57 881948 814 6526 851
922 129 0 9 16 8 7 12 29 6 6 42 849 1274 45 2394 32 9 922 17 3975 12 3 5 5284 12 586 15 2547 6812 7814
88313 8165 19218 4780 8161 3 7 47 68 82152 816 2982 8744 5815 7852 17024 134 5133 6316 53813 1453 375188
1 4 8 4 4163 45 92 5 5 22 0 2 8 1 48 7 5 6 4 5 0 959 12 79 9 3 19 92 24 961253 724 8527 596
154 069 5 9 19 8 2 17 84 8 2 82 987 1614 97 8314 14 5 952 16 3219 72 3 7 1886 92 915 16 8145 7712 8992
17313 1133 69203 2912 5421 3 5 62 94 92309 917 8904 9819 1415 5413 62295 393 5954 8562 50200 0083 125438
7 2 6 4 8199 64 18 5 5 68 9 2 8 1 08 2 9 1 4 2 3 572 12 87 8 4 77 17 21 471174 194 8923 558
777 953 5 8 19 6 8 12 89 6 3 42 880 1088 94 2278 16 9 618 69 1715 72 3 1 4569 50 412 14 6145 8712 8972
12529 1089 53219 8717 5128 3 5 12 90 19767 713 9982 6810 1215 5413 64294 120 7174 5402 58213 1853 120968
1 4 3 9 5636 05 82 7 5 19 9 3 4 9 88 5 7 8 4 5 1 932 80 96 6 3 29 12 23 791123 125 8224 096
984 124 2 5 17 8 4 10 89 7 7 87 984 1217 08 2365 12 4 619 16 6566 84 8 5 1589 02 474 19 3940 9914 8488
52763 3039 83395 6719 5121 3 5 32 98 95142 465 8919 9812 1015 3830 12215 125 7838 8373 23713 5353 125178
0 2 5 5 7122 35 22 0 5 68 9 9 8 1 57 3 2 1 4 6 1 848 82 44 4 9 24 23 23 878223 928 1129 056
173 923 5 6 70 8 2 63 69 7 1 82 907 1264 99 2319 22 0 582 37 1281 12 0 5 5288 64 405 79 6157 8782 6012
12319 9205 03218 6612 5401 4 5 41 98 02146 728 0993 9759 9285 5800 15719 155 0135 5368 73513 1473 625143
1 2 8 0 5751 44 12 5 8 10 9 2 9 7 08 5 2 4 3 3 1 966 19 40 0 8 93 72 43 861544 124 9154 576
328 883 5 9 12 8 5 19 89 0 1 76 026 1225 15 9314 12 9 910 94 0279 10 3 3 4080 18 385 70 8199 9716 9992
62513 1033 93445 8712 5161 3 5 75 08 12966 344 7312 3863 9267 6413 17995 284 5104 6335 53023 8850 594628
1 1 7 8 5623 45 16 5 2 52 9 2 0 7 28 9 9 3 9 8 7 962 72 57 9 9 24 62 23 991529 194 8153 505
193 173 2 9 12 8 2 46 89 8 8 82 987 8324 60 8964 12 8 997 54 9269 92 3 5 1389 52 519 75 6942 9212 1407
19207 4875 33315 8062 5537 3 9 12 38 13159 865 8940 7818 8294 6517 64278 495 5034 0379 27273 7488 713198
5 2 3 4 0123 96 12 4 7 12 9 2 7 6 28 0 0 1 4 5 1 972 16 86 6 8 17 19 23 898223 178 9680 496
58 163 5 9 16 8 2 22 86 6 7 86 937 1388 15 2984 22 4 917 58 1215 12 9 5 6287 19 672 15 2145 8715 8916
33853 0375 13715 6712 5171 7 7 19 88 13112 865 8919 8712 1655 5911 12215 122 5538 5317 86093 1753 175947
8 2 5 6 6123 44 12 7 0 62 9 2 6 3 27 8 4 8 4 0 3 912 94 72 9 7 29 12 61 895223 944 8106 536
163 921 4 7 82 8 8 15 71 6 5 85 987 4644 15 6368 16 4 710 57 5295 72 3 6 7289 42 417 62 2198 7712 8015
87613 5175 72295 6749 4117 8 5 12 98 73602 910 9806 9812 1615 7786 35215 128 0946 5495 53810 2919 825098
1 9 6 4 5883 05 82 5 9 12 6 2 8 8 79 0 2 0 4 4 6 912 32 48 9 8 24 12 25 835808 124 6123 557
573 123 6 4 12 8 2 14 83 3 9 88 987 6784 68 2560 10 4 912 10 9435 19 0 8 1667 12 495 12 2165 9816 8972
19317 9976 83517 8659 5101 3 5 17 74 10462 819 0913 1819 1615 0495 12655 124 2694 1016 59583 8853 825198
6 6 3 4 5102 65 92 5 5 12 7 2 7 9 93 9 2 1 4 1 9 812 12 96 9 8 29 82 29 094529 125 4451 766
729 123 8 9 52 8 7 62 86 6 6 92 807 1914 52 3364 28 4 968 46 6766 12 3 6 1289 19 405 29 5185 8716 8983
02713 5745 12058 8792 9999 6 5 79 68 12119 988 8912 9868 1415 5474 22896 154 7334 5375 53715 5759 137099
9 2 6 9 0128 45 62 1 0 66 9 2 6 1 97 4 5 1 4 7 9 912 32 48 6 8 28 36 23 793262 134 8728 559
123 903 5 3 12 1 7 12 39 8 1 82 787 6894 85 9764 19 4 905 89 0235 79 6 5 0787 18 057 82 2115 8862 1912
12312 1118 63232 8817 7584 4 5 12 90 57182 576 1714 8816 1415 7404 62215 564 8014 7336 53856 5765 178076
5 2 3 6 5226 85 19 6 0 15 6 0 9 1 28 9 6 8 9 5 8 858 52 95 7 8 26 12 03 691683 127 8123 556
186 115 3 0 12 8 9 12 87 7 0 17 580 6804 15 6394 18 2 363 98 9215 17 3 5 1284 89 410 12 8145 4917 8912
15319 3180 78214 8720 5821 7 4 92 08 82865 815 6712 4812 8412 5419 12295 179 5336 6326 53163 6453 120148
1 9 6 8 1193 25 02 6 5 20 5 0 4 1 08 1 0 1 4 5 7 472 85 95 5 8 99 12 26 561368 390 8724 466
823 123 5 9 06 8 2 97 89 5 1 89 787 7216 65 2314 18 2 912 17 8979 32 7 0 1139 49 419 12 2115 4811 8465
12316 6730 43419 8719 5162 3 9 12 86 12832 861 1692 9812 1586 6518 12965 165 0949 5338 93690 9118 135190
4 3 3 3 5923 45 50 5 9 62 9 7 8 0 88 2 8 7 4 0 8 953 12 48 9 3 96 17 23 818033 868 8127 603
813 433 5 9 12 8 1 02 59 8 4 89 888 1136 15 2890 92 5 962 97 1662 86 9 2 1285 97 485 09 3865 5788 0311
30382 7935 33898 8712 5121 3 8 62 98 76932 345 4343 8098 6486 5493 29819 954 6296 5366 98243 1133 835699
1 5 9 4 0629 49 52 7 8 52 9 0 4 1 28 7 8 0 4 5 1 212 39 46 9 2 24 18 93 851223 828 9687 589
420 843 5 8 62 7 2 14 87 6 1 32 987 1424 85 2358 16 7 692 68 1215 12 3 8 1099 72 465 98 3149 8792 8865
76843 4888 23481 1772 0621 3 7 16 90 14187 210 4752 8872 7568 7453 12066 124 5830 5700 56213 4103 885498
1 2 3 4 9128 67 12 7 5 06 9 8 2 7 48 5 6 8 4 9 7 619 02 45 8 8 74 82 03 991629 124 8803 756
629 523 5 5 42 5 4 12 89 8 8 82 007 7084 74 2614 15 7 413 34 1281 42 3 7 1209 12 495 62 8845 3312 8014
20313 1138 74116 0718 9965 3 5 32 98 80967 815 8942 8406 1215 5917 18295 029 5494 9112 59217 1150 775367
3 6 3 9 5583 25 15 5 5 73 2 7 9 1 28 9 9 7 6 5 0 786 42 47 9 6 24 12 28 991224 774 8173 556
123 455 9 1 11 4 6 92 79 9 1 92 947 2015 28 1064 97 4 922 84 1993 10 3 5 0289 16 485 12 7845 8728 1952
12303 5072 13845 8739 5108 3 6 12 95 92180 615 8002 9812 1685 5483 12281 427 8865 3978 03516 0100 825198
1 5 8 4 5523 05 12 3 8 60 9 9 6 7 29 7 9 1 4 5 1 082 18 45 6 8 24 86 26 851223 104 8359 856
58 123 5 9 02 8 2 52 49 7 1 82 782 9214 15 4389 88 9 996 44 1297 81 3 1 1549 16 495 17 2545 8732 8612
17317 0105 63214 8719 2111 3 6 12 53 19522 805 9912 9600 4213 5428 42618 145 5133 5312 95273 6657 126199
8 9 6 4 5903 95 92 5 2 87 9 4 6 4 28 9 2 1 9 7 2 939 18 36 1 9 28 52 23 887223 826 8693 157
223 383 9 7 02 0 2 54 89 5 1 43 981 9876 76 2713 98 2 602 19 1606 12 8 5 1979 12 418 14 2675 3312 8512
77283 0830 99515 8617 4126 3 5 16 88 15192 899 2915 4702 1909 4013 10210 165 8554 5314 08213 1686 259178
1 2 5 4 4120 75 92 8 8 12 3 2 5 0 29 9 9 1 4 2 0 842 12 75 8 8 88 96 20 890296 924 9103 878
473 180 5 9 88 8 9 86 32 9 1 56 787 1582 19 2384 71 4 798 39 1904 92 3 5 0490 12 469 12 0345 0012 8614
15815 1635 11598 8772 6125 4 9 19 48 17164 895 5912 7088 9645 8413 22975 228 5489 2314 59211 1153 065198
1 3 7 1 5026 90 06 5 5 82 3 8 9 8 28 8 2 8 4 5 3 913 16 45 7 8 14 02 53 146723 084 8481 946
183 153 5 9 19 0 2 88 80 1 7 86 987 7274 18 2720 12 4 855 74 1615 12 9 1 1484 12 368 21 2145 8792 8912
12313 6435 83684 8782 4169 6 9 17 28 14146 815 8912 9810 0215 8413 31215 152 5136 8312 57612 1353 165794
1 2 3 4 8125 45 97 7 5 12 5 8 4 1 28 9 0 1 5 0 8 304 95 40 5 8 32 62 93 901245 124 8196 556
243 009 9 9 19 8 3 12 87 8 1 89 987 0218 75 9314 32 7 912 13 4210 17 7 5 1709 72 716 17 6184 0715 8912
62313 9077 18265 8785 5821 3 5 12 88 64178 689 3572 9010 1615 2443 95237 520 5944 4862 93213 4153 123128
1 6 3 4 5185 65 12 5 4 82 6 2 8 1 88 9 2 1 8 5 9 918 62 48 9 8 24 18 63 094203 124 6950 557
723 928 9 2 12 8 2 19 86 0 1 82 787 1784 16 2377 12 4 909 14 7266 10 1 2 1229 65 456 92 2168 8722 8815
43860 9635 14915 6773 6196 3 7 99 98 69170 815 8912 9862 1014 5815 10205 124 5534 5816 57209 5959 125469
1 2 3 4 4743 46 86 5 4 26 5 6 0 1 98 9 0 1 5 0 1 899 16 47 6 8 44 12 59 491533 118 8955 586
113 623 3 9 10 8 2 02 89 9 6 47 947 1290 55 0314 12 4 816 94 1898 06 4 6 1259 12 655 62 2840 6012 0922
56913 1197 16215 9712 0121 5 5 12 98 82172 885 8823 9918 1215 5483 12805 692 5839 7872 53618 6158 125198
6 2 2 4 5103 95 98 9 5 12 7 3 9 9 20 9 2 9 9 5 1 912 12 45 0 8 82 12 23 803520 124 8123 056
113 123 4 9 26 8 7 49 39 8 1 62 317 1264 15 3318 42 9 917 94 8296 12 9 5 1489 12 915 14 2745 8717 7612
16310 1188 16917 0512 2171 3 7 19 98 65162 866 6912 9812 6286 5412 92516 784 5233 5112 53213 1359 398248
9 5 9 4 5429 45 14 0 5 68 9 2 9 4 86 9 7 6 3 4 1 958 12 50 9 7 34 17 83 965223 977 8631 856
964 796 1 9 64 8 5 03 89 5 1 82 987 1224 88 7364 62 6 958 04 1910 18 8 5 8869 92 388 03 6345 8712 6910
02308 7978 63818 0317 7128 4 4 97 97 12242 516 8956 6812 6417 5413 99213 864 8184 8357 83663 3169 130555
6 2 3 4 5089 55 74 5 4 24 9 2 6 7 98 6 2 1 8 9 1 992 79 49 9 8 77 36 23 890923 524 8121 956
983 593 5 9 32 8 4 32 87 8 9 77 860 1214 19 2316 12 9 418 14 8819 57 3 5 1298 04 468 12 2145 9318 8982
68313 4109 49285 3748 5127 3 8 10 98 10155 446 4918 6817 7741 5443 10815 631 5134 5582 55847 0901 128186
0 2 0 8 3523 58 09 5 5 37 7 2 7 1 68 9 8 6 9 5 5 600 62 99 9 5 54 12 22 850226 125 3123 976
127 127 7 9 62 8 9 12 89 8 1 82 509 1244 13 7019 62 4 712 14 3715 18 3 5 9289 12 914 42 8165 8739 1638
17436 1747 10200 2012 7461 7 5 12 79 92852 959 8892 7272 3615 4718 82416 994 4184 5732 59213 5434 175793
1 9 3 6 0423 75 62 5 5 13 9 2 5 8 05 2 2 9 4 5 0 932 42 47 9 8 27 19 71 091273 274 9115 566
56 824 4 0 72 1 9 72 88 9 1 82 967 1614 15 8650 72 4 914 18 1417 12 8 6 1249 84 416 10 5546 8919 8098
12313 7365 03265 7713 5121 9 7 62 78 82142 888 8912 0812 7215 5416 32009 956 5734 5312 53289 7103 195698
4 2 0 2 5103 93 12 5 5 12 9 5 0 1 28 9 2 6 4 5 1 612 39 43 9 8 74 10 83 502299 475 6193 557
123 629 8 7 32 8 2 83 75 1 0 42 586 3219 55 2004 96 4 075 84 7505 12 3 5 6288 12 415 12 5785 8989 9652
46613 1431 13212 0772 5103 4 5 02 98 72172 815 7962 9718 9879 7499 57717 164 7178 9912 88413 6107 029157
1 2 3 6 7928 47 46 7 6 22 8 2 7 1 29 9 4 1 9 7 1 752 14 49 9 6 24 69 22 795921 125 7193 516
294 723 4 9 15 8 9 92 95 8 1 89 987 1784 87 7704 12 4 719 49 7715 75 9 5 0645 19 089 68 2178 7812 8412
74393 1855 08014 8515 7127 4 5 98 55 62592 815 8917 9882 9217 5683 86709 142 9198 5312 56293 9193 145188
4 2 3 5 5628 49 02 4 5 12 9 2 7 7 25 9 3 8 4 5 9 977 14 66 0 1 94 50 23 891255 424 7179 586
723 729 9 9 18 8 8 12 88 8 1 82 986 1044 50 9899 72 4 622 17 1213 67 4 7 3279 12 415 12 9615 8740 8212
15007 8915 23217 8377 5199 6 5 32 04 19826 815 5962 9819 7858 5413 28275 113 5434 5382 63113 0603 829898
6 2 3 7 5123 45 12 5 0 72 0 2 0 1 28 3 2 9 6 9 1 959 14 95 6 3 24 12 93 691281 226 9798 759
733 128 5 3 12 7 3 72 98 9 4 82 997 1594 90 2310 15 4 019 18 3014 12 7 9 8288 02 491 72 2548 8712 8172
11457 1135 19583 9742 5111 3 8 42 95 12185 835 8912 7486 1795 9790 16215 707 5944 6318 59993 8856 147569
9 6 7 7 6193 45 12 5 5 48 8 2 4 1 28 9 9 1 4 8 1 912 14 55 5 5 94 19 33 899886 194 8933 653
723 123 7 9 14 8 6 39 80 7 7 88 997 7004 14 4419 11 6 716 64 1615 92 5 5 6969 14 416 82 4748 8912 8992
33114 1235 73215 8589 9121 3 4 13 98 82252 815 8972 6118 1885 0476 62811 128 8504 6309 56593 1744 395187
1 2 3 9 5123 95 72 6 5 13 2 6 9 3 95 8 7 9 0 5 1 912 92 80 0 5 31 13 23 687959 124 7123 597
613 891 9 9 44 8 3 17 89 3 8 12 587 1414 15 4376 12 4 907 39 1215 50 9 4 9659 82 345 18 5942 8712 7739
12813 1495 76019 8712 9135 3 2 47 88 12105 276 8011 9824 1365 9413 62865 034 7157 7319 97269 1159 145678
8 6 5 3 5126 40 70 5 4 22 9 2 5 1 29 9 7 1 4 9 9 912 62 46 7 7 24 15 73 791527 124 8628 556
187 273 5 9 82 9 2 12 89 0 1 80 683 3006 82 6354 02 4 719 19 1412 72 7 5 0287 41 878 76 0645 8730 8918
10813 1130 77315 8792 5121 6 4 94 68 72148 863 9972 8982 1917 5423 95225 134 5284 1371 53913 1129 895198
1 7 6 4 5174 45 18 5 5 12 9 2 3 1 68 9 7 5 4 5 1 912 12 73 4 8 44 72 88 811223 122 8423 559
180 843 9 7 12 2 1 92 69 8 1 96 999 1204 19 9684 72 4 992 84 1295 12 3 5 4396 52 415 13 6747 5796 8913
92683 9185 03215 1717 4134 3 5 82 93 12482 715 8112 5892 1485 5893 11289 448 8136 7655 53848 1853 195591
1 6 7 6 6093 45 68 5 5 07 9 8 0 5 43 9 9 4 4 8 1 715 72 48 2 7 28 82 23 847029 127 8092 556
625 191 5 9 57 8 8 16 79 7 1 83 984 1914 19 3339 17 4 612 24 1365 12 8 5 9599 12 415 12 8135 4714 0797
12861 1134 95275 8512 9127 8 5 12 98 12164 868 8018 6812 2295 5480 54477 124 7420 9312 50019 1931 828308
1 8 3 7 5056 65 17 5 9 62 7 2 3 1 23 9 2 1 3 5 1 517 92 47 7 8 74 06 90 891843 904 8123 521
823 123 7 3 14 8 2 63 89 6 1 87 987 9206 98 0812 18 4 982 14 1516 19 8 8 1279 69 415 12 2549 8943 5742
14313 8335 13818 8712 4474 5 3 12 93 82608 819 8914 4913 1005 7813 80219 169 5942 8362 75843 6327 025188
4 2 3 4 8173 85 92 5 7 42 0 2 0 1 24 9 0 1 4 5 1 912 12 45 9 8 44 12 73 895276 670 8625 357
30 193 8 9 34 5 7 04 58 8 2 90 978 6214 86 9284 82 8 815 68 7295 57 4 9 7453 50 415 12 2595 8824 9914
12415 8195 13916 8062 6976 7 0 12 97 78562 795 8992 9812 1218 3483 92715 048 9849 5372 56505 8170 124793
0 6 7 4 8164 45 90 8 0 17 1 8 9 7 25 9 2 1 5 5 4 912 82 34 8 8 24 12 73 891224 824 9528 557
523 889 9 9 17 6 0 19 89 9 7 62 987 6289 97 2315 17 5 778 54 1355 12 7 5 4279 91 465 12 8695 3513 8762
42113 3835 15615 6791 6161 1 9 10 54 10964 915 8960 9892 1508 9413 92215 084 5144 9882 53210 7997 145196
1 9 0 4 5023 08 70 9 5 92 8 2 9 1 27 9 9 9 3 6 1 448 42 48 7 8 24 12 28 898896 384 8175 536
023 777 5 6 18 8 2 18 86 8 1 58 489 8416 45 9314 12 9 970 14 1270 12 8 5 1389 77 475 12 6595 8916 1612
89113 1745 33265 8619 2125 3 5 62 97 10844 877 9762 9812 7288 5513 18655 124 0534 7612 83213 1653 575898
1 0 1 4 3126 45 64 5 4 11 9 2 0 6 26 9 8 7 0 5 1 772 12 92 9 5 96 18 23 331653 724 8123 246
123 824 5 3 82 8 2 88 49 9 6 82 182 1259 95 0314 12 4 902 44 1215 12 8 5 1289 89 115 48 4010 8715 8956
18253 1176 63715 9214 5176 0 8 92 98 42495 845 8907 9802 1215 2437 12285 028 5134 5782 98817 9133 165198
1 2 3 4 9923 19 89 7 5 12 9 3 8 1 78 6 0 9 7 7 8 776 72 45 9 3 25 13 28 089768 029 8113 579
923 823 7 9 19 0 8 14 59 8 0 43 947 1119 55 2034 12 8 912 09 0114 12 4 5 1289 12 415 32 4160 8313 9012
28415 1186 19245 9549 2521 3 8 02 98 02108 945 8971 0319 7285 5513 72516 124 5184 0341 68217 1196 668195
7 2 8 4 0159 05 62 8 5 18 9 2 8 1 20 9 8 0 4 5 1 712 12 46 4 0 24 19 53 897223 824 8153 056
420 125 8 8 01 9 8 92 77 2 6 24 987 3364 38 2395 17 8 812 37 1615 72 6 5 6669 19 470 87 2837 8782 8619
50316 5985 83215 7749 8124 0 5 02 44 16160 815 8272 9883 1595 2970 94995 629 5183 5382 51218 1100 923197
8 2 0 4 9126 40 12 6 5 52 7 7 9 1 29 4 9 1 9 8 4 988 28 45 9 8 24 10 23 685523 124 8823 055
623 823 5 9 62 8 2 12 89 3 1 19 977 3294 24 2798 13 9 542 94 9245 96 3 6 7486 92 215 12 0245 5312 9917
92313 7335 17815 6732 5528 3 5 17 88 15193 875 7592 9812 1599 5973 45515 104 6764 5349 59953 1793 126199
6 2 8 0 5133 15 12 5 5 12 2 7 7 9 67 9 2 1 4 5 1 932 12 41 9 8 34 18 09 090420 127 5194 598
926 123 3 9 62 8 5 12 99 0 1 42 987 1914 72 8354 17 8 507 85 1268 29 6 5 1909 19 255 01 8160 7752 8918
18384 1195 10245 7713 5827 3 4 92 98 51859 959 8012 9012 1215 5415 17238 194 5132 8388 57513 1179 125538
2 4 9 7 5122 45 42 8 5 12 9 2 9 7 29 9 9 0 0 5 5 832 12 65 7 2 27 12 23 771488 428 2909 656
845 599 3 9 99 9 3 12 09 6 7 72 786 1217 74 2204 67 4 732 18 3915 19 8 9 0258 12 498 12 2945 4979 9945
12303 1638 83315 8936 1101 3 9 62 95 12870 846 8585 9867 1907 8990 12585 824 4137 5542 53771 0162 125993
7 2 2 4 8103 28 84 5 5 12 9 9 2 1 18 0 2 4 3 5 1 962 16 17 0 8 24 57 24 796009 924 9124 860
007 175 5 7 59 5 9 10 89 0 9 66 587 1860 95 6292 08 9 302 14 1217 14 6 7 1243 12 425 62 4980 8717 8912
52813 7738 76650 8692 5127 3 5 12 95 84922 886 8972 9452 5215 6476 12295 195 6189 2812 93263 9183 625195
1 2 3 3 9121 41 05 6 0 15 6 2 7 4 72 9 2 8 8 5 1 922 72 85 9 7 78 10 63 801853 474 8129 859
953 323 2 8 52 8 9 92 89 6 8 52 987 1064 95 6494 17 8 112 14 0865 72 7 5 9282 19 885 12 2647 8519 8912
12513 1155 27611 0825 8921 1 6 18 98 10196 855 7912 1482 1285 8410 95285 124 5134 5320 50218 1575 168408
1 8 9 4 6123 40 19 5 8 12 2 2 6 6 23 9 7 1 0 7 4 718 98 59 7 5 20 12 26 990826 193 8123 156
88 121 9 0 92 8 6 12 45 8 7 82 187 3816 16 6314 12 2 914 14 5915 46 3 9 5396 02 419 62 8195 4842 7452
52309 1495 03219 8742 1161 9 5 27 98 27718 755 8617 9890 1443 5588 12215 179 5786 5994 53293 8103 169178
8 2 5 0 6926 94 12 5 3 15 9 8 8 5 29 9 2 1 1 7 4 472 98 48 9 0 28 52 23 891023 127 8923 348
826 003 9 8 18 5 2 57 89 2 1 62 985 5846 85 4314 97 4 916 03 4052 99 7 5 4289 14 415 83 5042 8712 8914
12816 1135 81295 8162 1921 5 5 78 98 14189 218 8912 9802 7815 5418 17245 129 3834 9842 93513 6063 005868
1 2 4 4 8423 49 22 5 5 52 5 4 2 3 28 9 2 1 4 8 7 797 30 60 4 7 24 12 77 514223 169 8526 336
206 177 8 6 12 8 2 12 89 1 5 96 980 8204 19 9999 82 4 612 18 9535 89 3 4 1699 11 415 67 3049 7913 8913
82633 9959 73717 7772 7188 6 1 82 77 95776 983 8972 9842 1288 5717 16110 125 5154 5814 03217 2156 557697
1 2 8 4 5683 45 97 0 5 19 9 2 6 1 28 9 2 1 4 6 9 962 82 45 7 8 22 82 25 791222 904 8122 510
183 123 9 7 72 8 2 87 87 2 1 83 780 5269 15 2474 12 4 992 16 1288 06 9 5 1069 16 474 72 2845 8718 5919
12390 1135 33615 8712 5121 5 8 17 78 17142 800 8012 9315 8289 0817 11242 154 4144 9342 53529 1650 725348
3 2 3 0 9923 45 18 5 5 16 8 7 6 5 20 8 2 9 6 9 1 989 11 49 9 8 25 52 20 894829 027 2120 556
186 683 5 7 12 2 2 16 49 9 9 82 927 1264 90 2314 64 1 912 78 5245 15 0 5 1489 19 698 92 2145 5496 3815
12398 1335 67715 9712 5401 3 1 12 78 54599 265 2975 3439 1210 5415 12205 925 8136 8042 13517 1893 199196
6 8 0 4 5142 08 39 5 4 12 9 2 7 6 98 9 3 1 6 8 1 632 19 55 9 8 99 11 29 391223 104 8190 506
903 423 5 9 72 9 2 75 99 5 2 02 397 1989 77 0589 15 4 917 74 9959 12 0 5 6788 42 355 40 2195 8072 8913
68393 1635 78555 8728 5440 8 5 62 78 05195 818 8997 9812 6265 5966 45215 125 5134 8392 53611 4456 185198
9 0 1 0 8848 43 10 5 5 32 9 5 9 9 75 3 2 1 4 5 1 952 18 47 9 8 29 16 23 891288 875 8025 558
784 123 0 9 11 8 7 82 08 9 1 02 887 6238 52 2314 17 4 917 74 1919 70 3 5 8309 02 178 17 8145 8779 8978
12810 1143 16515 9832 7131 9 8 04 48 16148 885 8875 9438 1215 5719 17285 120 8984 9067 24213 1603 908768
1 2 6 7 4153 58 12 8 7 19 7 2 8 1 20 6 2 1 4 0 7 912 26 48 9 8 28 79 28 887278 104 8838 553
723 683 7 9 12 8 9 12 82 8 7 72 967 2838 16 2826 35 8 573 19 1239 00 3 2 1588 18 358 19 2945 5905 8412
82043 3737 43008 8739 5625 5 5 10 78 12180 968 8013 9872 1215 6813 67688 198 7434 5382 37413 0173 125158
7 2 3 4 4723 07 77 6 8 85 9 2 4 9 08 9 2 1 4 5 1 967 17 49 9 6 54 82 76 491273 124 8197 559
573 820 5 9 14 8 6 12 77 3 6 82 987 5014 15 2617 19 9 945 18 1998 12 3 8 1286 12 419 42 3163 6572 8255
82373 0535 13283 4712 5421 3 9 92 08 72192 817 8942 9512 7205 5413 89518 624 5384 6002 53889 1899 141158
1 2 5 4 5123 98 62 0 5 19 0 2 7 1 20 4 2 1 0 4 4 956 13 67 6 8 00 12 29 898623 324 6523 522
093 547 6 8 19 8 2 02 87 0 1 02 586 9613 11 6614 12 7 472 10 1815 95 6 3 8417 18 492 10 1148 8718 8115
10813 7735 13289 8692 5267 3 5 62 98 93108 814 6581 9817 0276 8413 06786 125 9795 1372 99211 7083 627098
4 2 9 4 0111 45 32 9 5 11 5 4 6 1 36 8 2 1 4 3 9 913 52 49 9 8 34 17 59 891273 104 7193 056
161 123 4 9 85 8 2 63 48 9 1 82 907 1234 77 6744 52 8 912 37 5709 42 3 9 1087 99 385 82 9745 8612 6919
11392 1177 13288 8457 7109 9 5 19 98 15183 859 8913 9725 1616 5418 12048 224 5984 5316 73792 7140 735899
1 2 0 4 5363 05 82 5 7 02 9 2 9 1 17 6 8 1 6 1 1 005 12 98 9 5 29 12 13 451523 124 8623 655
57 123 3 9 15 8 0 60 79 7 1 82 485 1934 15 8894 98 8 949 19 7495 18 3 2 1539 12 418 18 7145 8782 0910
13315 4635 13063 8718 7171 7 5 75 98 37982 895 2916 9966 2219 9493 32715 104 5197 6362 86213 1943 529258
1 0 3 6 8424 81 18 0 7 72 9 9 2 1 28 5 2 1 7 5 1 955 19 75 9 9 74 10 91 591623 486 8125 056
126 668 5 9 91 3 0 11 00 7 7 92 087 1635 17 2354 72 4 982 17 1815 18 3 5 1973 17 115 12 2900 8679 8784
82483 1634 16415 8702 8774 2 5 16 91 52889 715 9982 6782 4215 5463 35217 104 5014 5319 73610 2156 775448
8 2 3 4 9523 45 13 9 5 62 9 2 8 7 68 7 6 3 4 5 8 919 32 75 4 8 25 12 93 806023 054 8133 548
193 826 5 3 61 8 2 65 54 4 5 62 852 9814 89 2341 81 4 032 54 1215 95 8 5 1063 77 419 56 2545 8772 8262
10233 1036 90049 4116 5821 7 5 17 97 18562 955 0892 9503 1815 5412 92677 084 5934 5502 53227 5127 781293
1 6 3 4 5873 25 15 6 5 11 9 5 8 0 28 9 2 3 1 8 6 888 42 45 9 8 04 12 22 994223 367 8127 150
626 529 2 4 10 4 2 17 66 3 1 84 787 1244 38 5314 79 5 832 85 7245 22 9 6 1209 40 375 10 2775 8712 0102
15395 9435 13815 8082 8921 8 5 16 98 12845 484 5011 3162 1815 2443 72995 924 4133 5390 50653 1126 623198
8 2 7 4 5213 45 89 4 6 32 6 9 0 1 26 7 2 3 6 5 1 782 12 48 6 3 89 72 25 049523 928 8923 504
166 320 5 1 22 8 2 10 53 5 1 42 987 7674 15 6324 80 8 912 14 1889 82 9 5 3289 12 897 62 4745 8774 8511
19313 7194 13299 9563 5121 5 5 22 98 62192 810 4952 9832 1415 5413 79289 123 0134 9315 64013 1557 199108
7 0 5 1 5127 44 12 5 5 76 9 9 3 6 49 9 2 9 8 5 0 717 12 77 8 8 29 10 27 891823 948 8604 756
427 173 4 0 12 7 9 15 79 8 8 86 900 7264 16 2998 62 4 912 54 1819 12 3 2 6289 62 017 32 2975 0712 3612
15973 7135 19210 8713 5186 4 5 78 56 12193 465 0648 9992 1504 5463 19208 115 6133 3312 82013 1153 025192
7 2 7 4 5153 41 92 5 5 09 9 2 0 2 51 9 6 1 5 5 7 519 62 46 5 8 89 14 83 894257 034 7307 516
683 117 9 8 22 6 2 15 80 7 4 88 983 0577 15 2378 12 4 957 34 1218 12 6 9 7069 22 253 12 3145 8812 3910
12535 1135 63895 0892 5121 3 5 12 98 52991 897 8912 9804 7215 5779 27417 924 7644 8557 54653 3353 445195
9 5 3 8 9473 38 42 5 2 74 9 0 5 1 68 9 4 1 4 7 7 912 62 95 5 9 74 16 23 876283 826 0627 596
189 963 5 9 79 8 2 32 86 3 1 85 648 7944 50 9343 49 3 992 95 6502 32 3 5 1889 16 415 32 2175 8240 1997
00319 6192 13827 8742 5120 7 8 12 98 12167 813 4917 9272 1213 0443 92215 824 5634 9310 39213 9148 923197
1 2 4 4 5029 65 17 8 8 02 5 2 4 8 28 9 2 1 6 5 1 762 12 55 9 8 28 11 15 801273 124 9060 646
923 133 8 9 96 3 6 12 69 3 7 89 961 1214 16 2317 15 4 690 58 6275 92 9 5 8649 36 617 92 9943 0709 8610
92093 6138 93915 7714 6920 3 6 17 98 73412 617 0919 9817 8495 5819 16915 608 5617 5912 96813 1353 179676
1 8 3 4 5195 45 15 5 5 82 1 2 9 1 33 6 5 1 4 5 9 748 12 45 5 6 72 15 71 867228 526 8803 328
178 144 5 9 12 9 5 13 85 6 1 28 983 0573 15 6380 82 4 942 53 1235 31 3 5 1265 12 415 14 6745 8798 5572
12793 8139 13215 8716 5127 7 3 38 95 19106 715 8758 2372 4215 5414 12295 899 5674 0312 59319 0252 768304
12413 2535 74206 6798 5324 3 2 19 76 75182 875 8992 9995 1462 5833 17216 529 4155 9352 95213 8853 122098
