8 2 3 4 5399 45 62 0 5 96 9 9 3 9 23 9 7 1 4 8 1 586 16 06 8 0 24 72 23 041927 129 8893 856 
123 228 5 9 12 8 2 19 36 9 1 82 987 0219 35 7825 82 0 914 55 4215 12 9 5 1809 41 795 42 2195 8898 8596
78313 9236 63215 8742 9438 3 9 00 98 48139 314 8985 7819 0745 9713 84055 174 3184 5358 73213 1067 128175
0 4 8 4 5123 45 12 4 5 92 9 2 7 6 28 9 2 8 8 5 0 612 12 85 9 1 40 42 28 091224 128 8985 556
57 787 5 5 55 2 2 15 89 9 7 02 198 8249 15 4392 15 2 992 19 3939 92 3 5 4988 87 403 18 0145 8562 8912
80393 3138 75215 8710 5051 3 5 16 48 10102 845 8913 8908 1218 2433 96248 124 9177 6312 53210 5953 065944
1 2 0 0 9740 49 19 5 8 12 0 7 7 1 83 9 2 7 9 5 6 410 86 85 9 8 04 12 23 893523 737 8128 509
093 853 5 9 16 0 7 12 00 6 7 92 981 1246 15 2323 17 4 972 50 1815 16 5 5 1648 13 415 67 6145 8412 0210
68219 9955 19715 6701 8149 3 9 49 03 48082 615 1914 8716 8216 5719 62795 193 8254 8986 23228 1056 199196
1 2 7 4 5123 19 18 8 5 91 9 6 7 7 78 9 2 3 4 5 4 922 19 45 1 0 34 78 93 891299 192 8177 586
554 853 6 7 72 8 5 12 88 4 4 56 987 9777 15 8730 82 8 912 69 1285 62 9 4 1989 19 436 32 4170 9722 8902
42010 2591 43518 0712 5151 3 5 17 76 15199 892 8915 9987 1613 6517 92209 763 6174 9911 49793 1643 157096
9 3 3 4 5126 46 52 5 6 10 9 2 6 1 68 0 2 1 0 5 0 942 12 45 9 8 24 12 20 876728 124 0127 558
863 430 8 6 78 8 2 14 26 8 1 66 895 1215 15 5379 92 6 762 84 9635 44 3 5 8587 15 415 15 7387 2252 8213
62384 1155 13585 8787 6147 7 9 72 98 12132 894 0939 5412 1515 9213 38815 184 8192 5914 33283 1153 595196
6 2 8 6 5690 75 12 5 5 99 9 0 7 1 27 4 2 5 9 5 1 412 79 45 9 8 25 09 58 491523 524 9193 066
899 663 5 9 19 3 2 12 60 9 7 72 987 1469 85 4714 65 4 972 28 7415 80 2 2 2083 12 495 65 2185 5686 4712
12703 1938 68295 0919 5821 4 5 13 39 12136 919 3652 8812 1262 5438 42818 324 7984 6112 33247 1150 535193
1 7 2 0 6970 91 12 8 9 62 7 3 5 1 34 4 6 9 4 5 2 917 89 46 9 8 64 18 09 841274 276 8163 536
135 197 6 1 73 8 2 53 89 7 9 56 092 7229 35 9414 12 4 912 04 7815 52 3 6 5489 09 415 92 5195 4352 5915
92869 5955 60176 3710 5961 3 5 32 94 56970 887 8947 9818 9265 5573 10466 128 4774 5210 58915 1043 125698
1 4 8 4 5528 95 22 5 7 82 8 2 7 3 29 9 2 1 8 5 8 939 89 75 9 8 24 93 23 891223 020 7137 356
123 468 5 8 72 9 9 41 99 3 9 68 974 1295 15 2917 67 8 992 16 8555 37 9 5 1928 82 405 13 6169 3762 8912
12717 1105 13295 8392 5351 7 5 18 08 17172 886 8586 9812 1235 8443 97212 634 5737 0173 73267 3152 175298
1 6 3 6 0423 45 89 5 7 84 9 8 0 9 28 9 2 1 8 5 5 919 12 75 6 9 24 56 25 854228 523 7928 529
125 708 6 5 12 8 2 22 97 0 9 82 050 1728 45 2814 52 6 678 14 1215 72 2 0 7879 94 418 92 8195 5716 6966
12713 4769 14018 8712 5185 9 8 75 78 19102 824 7919 9802 9290 5413 98206 127 5760 5308 50484 9993 848398
8 3 3 4 9183 45 46 9 8 92 4 9 3 5 99 0 9 1 4 8 8 816 12 65 9 8 24 16 97 899943 922 6922 559
183 403 0 9 32 8 6 36 89 8 9 72 588 1919 96 4310 66 3 022 69 9255 92 3 8 1279 14 495 52 2735 8922 6472
15679 5132 53395 6715 5122 9 5 62 96 15438 259 8912 9352 1267 6414 12215 823 3137 9319 31266 3276 128199
4 2 6 5 5728 49 12 5 5 82 9 2 0 3 20 9 9 1 4 5 6 912 04 49 9 6 74 02 79 991233 834 8806 596
123 654 8 7 22 8 2 12 72 8 1 08 916 1219 19 2322 12 4 092 18 1016 02 5 5 1289 32 445 11 2146 9748 2092
6 0 8 4 5659 75 86 5 7 88 1 2 9 1 23 9 6 3 4 5 5 012 18 44 9 8 40 97 27 891223 170 8129 576
193 123 7 3 57 8 7 35 94 4 7 51 997 1607 05 6374 15 9 816 94 1245 83 6 5 1089 40 410 05 8145 8818 8942
18998 1635 13815 8713 5131 3 6 52 56 52369 015 5817 9410 7215 5413 05215 139 5824 5319 59753 9056 126158
9 2 3 9 3103 38 09 1 5 56 2 2 9 8 89 0 9 9 4 5 4 310 94 40 9 3 24 92 83 891257 144 1123 556
55 583 1 8 10 8 6 11 84 8 3 85 986 8214 18 3318 92 4 447 14 9205 06 3 5 0289 19 527 62 2147 8860 6718
17528 7652 13202 8713 8129 4 5 93 94 18992 405 8973 5813 1415 6017 52015 724 8954 5782 30284 1150 125186
1 5 3 4 8193 90 36 0 5 92 9 7 8 1 68 5 2 1 9 5 3 612 12 95 2 7 26 68 99 690224 174 9592 557
875 629 5 9 82 8 7 12 38 2 1 82 991 8294 75 2370 14 4 912 14 1248 19 3 9 7950 16 791 65 9947 9113 8618
12353 0334 93515 9712 5124 3 9 10 58 19197 018 4912 5815 8218 5565 52615 334 5162 5332 62411 6163 825779
1 2 3 4 4325 45 82 5 5 12 9 5 7 9 22 9 0 8 4 6 1 550 57 65 8 8 44 12 23 894225 164 6183 851
149 036 5 0 12 8 8 18 89 0 1 81 867 6618 86 3217 10 9 412 04 1076 62 3 6 1287 15 494 69 9171 9909 8959
97314 9087 15415 8716 5127 3 8 18 94 96881 875 9987 7719 2738 9413 84819 174 5134 5338 03272 8356 108399
6 2 3 4 9153 49 72 4 5 12 4 2 1 9 74 7 2 8 4 5 1 010 16 45 0 8 64 12 28 564063 924 8554 555
138 150 8 9 82 9 0 72 96 1 1 85 982 7584 15 2319 12 4 092 15 7485 19 3 5 6399 35 418 12 2148 8716 7980
12513 7530 19919 9716 5407 3 4 15 98 97238 783 8549 9889 1282 5114 10315 129 5134 6380 43213 4153 125198
1 7 3 4 4198 45 54 0 6 12 9 7 7 1 23 9 2 9 8 4 1 146 72 86 6 8 58 28 73 861223 926 8753 559
159 120 5 0 12 5 2 12 63 9 1 99 985 4236 80 2314 92 4 538 84 1815 92 3 5 8285 87 405 62 2297 4251 8913
02319 7989 17279 8739 5820 6 5 72 90 50926 215 8919 9898 1475 5895 12215 124 5784 5534 35253 1153 927698
6 2 8 8 8103 09 77 5 5 12 5 9 2 6 68 8 3 8 4 9 9 699 82 75 9 9 05 12 25 890733 194 8123 556
663 324 5 3 45 8 2 12 89 5 1 38 977 1531 17 2314 62 9 782 83 1245 74 3 9 1275 87 710 17 2146 0712 4992
03971 1335 15215 4318 5827 2 0 12 98 42187 217 0859 9812 7615 5413 78675 144 5118 5571 53213 7154 455198
7 2 4 4 9695 49 15 3 5 05 9 2 7 6 58 7 8 0 9 7 1 012 59 45 4 8 24 18 23 828223 323 8009 546
566 926 6 7 52 8 4 52 64 8 8 82 808 6278 85 1079 11 7 276 84 5380 12 4 5 9409 55 189 12 2144 4788 9951
40794 1835 15216 8815 9918 1 5 84 98 62562 385 8976 8212 1115 4519 89215 125 7138 5312 45616 5233 527198
3 4 3 4 4928 42 12 9 3 87 9 2 7 1 20 9 4 1 4 5 1 992 84 45 9 0 54 52 23 397823 824 8525 676
123 154 7 9 12 9 4 92 89 0 1 92 989 7891 46 9384 07 3 614 14 1295 12 3 5 1047 17 019 32 4199 4812 8095
75113 2138 83225 6912 5169 3 6 39 88 83366 785 0916 5860 5215 9518 46295 127 5134 0348 55017 0796 905648
1 7 3 0 0523 95 52 5 8 12 9 2 7 1 28 9 0 1 4 9 0 962 12 90 9 6 24 12 65 895986 824 8723 737
725 424 4 1 16 8 6 92 29 5 5 82 987 8214 15 9499 14 2 998 14 6947 19 5 8 1549 52 744 12 3958 8716 6912
97916 1625 74277 9052 5026 4 4 87 98 22117 479 9962 7872 1858 5213 62375 004 5830 6388 52213 5255 548064
1 2 9 4 6317 99 16 8 5 92 9 4 6 2 25 9 2 1 6 5 1 916 19 45 9 8 27 17 99 441293 993 8129 568
166 322 6 0 02 8 2 19 67 8 1 77 630 1214 19 5744 68 4 915 64 6014 76 7 2 0209 89 572 57 3165 0782 8739
15313 1179 09215 8712 9529 8 7 07 62 67602 358 8942 0888 1993 5884 16277 524 9574 5793 85998 7653 125198
9 8 6 7 8123 47 66 7 5 12 9 6 9 4 28 9 2 1 4 9 6 912 12 75 6 3 24 12 20 992623 484 4133 957
157 183 8 1 14 7 6 15 88 5 1 81 706 4734 88 2898 15 6 892 49 1457 19 3 9 0683 14 008 20 2447 8749 8465
39313 1845 65218 6612 9121 3 5 25 32 24647 815 8838 0967 1299 5413 19915 686 5151 5602 83295 6153 028198
1 2 5 4 5969 56 12 1 6 16 7 7 4 4 28 9 2 1 3 5 3 776 82 45 9 8 44 11 95 894623 897 8123 856
55 720 6 9 19 8 9 12 97 2 0 02 958 1284 34 2864 12 8 942 78 4555 19 3 5 1979 69 495 10 1947 8718 4961
39113 1137 18415 8714 8905 3 5 52 98 12492 485 0179 9722 5215 5713 22295 784 4939 4312 59975 2683 195193
1 2 3 4 5222 04 12 8 5 19 9 7 7 1 28 9 2 2 8 5 1 912 10 95 0 8 83 93 63 785821 574 8183 553
147 213 4 9 82 8 2 52 89 9 4 87 944 5214 15 2304 19 4 811 14 1289 40 3 9 1285 04 865 38 0845 2769 8708
07313 6265 87208 9112 5528 3 5 12 44 17096 815 8917 5892 3918 7413 56956 009 6134 4522 58283 3653 725996
1 2 7 5 4413 91 92 3 5 09 9 2 8 1 28 4 6 8 4 5 9 346 92 45 2 8 77 60 67 871597 694 9123 556
124 124 5 9 12 3 2 45 81 9 6 92 987 6214 65 2374 13 2 562 64 8995 18 3 5 4539 65 615 82 9195 8115 0712
52319 1130 80069 8752 5761 6 8 18 98 68976 584 8918 9806 1215 4919 14309 069 5198 5802 85293 5153 225563
1 7 3 4 9123 95 14 5 5 42 0 7 6 8 23 9 5 1 7 5 8 582 18 08 2 8 54 52 24 891488 924 7923 059
523 123 5 8 02 4 6 13 79 9 3 82 887 5814 19 2315 84 9 978 16 9014 10 8 8 1289 12 405 15 7132 6517 8912
22343 0768 17665 6716 8681 6 5 12 98 19762 905 8912 7538 1315 6413 96225 128 6630 5952 54853 9153 525642
9 2 3 5 7128 45 97 0 5 98 9 2 8 9 19 9 6 0 4 5 9 912 12 48 7 8 74 60 59 476223 120 8920 657
123 173 5 9 12 6 5 52 89 4 8 82 988 1219 85 2895 47 3 992 64 8498 76 5 6 9595 12 408 10 8079 6772 6812
88743 0735 14215 3312 9971 8 8 12 94 46187 915 7912 9754 9294 6473 12265 724 5634 5317 63113 1903 125106
4 7 1 2 9093 40 79 9 9 18 9 2 4 8 28 9 6 1 5 5 9 929 12 47 9 9 84 89 23 897689 854 6847 598
323 193 5 9 14 6 2 75 66 3 1 82 187 8214 94 8714 62 9 903 12 9815 12 3 8 3464 28 444 19 2133 6979 8882
82318 1790 63295 8819 5880 6 5 12 98 76132 911 0619 8875 5299 5493 12193 124 7135 8052 53213 1153 005028
9 8 6 4 5123 48 58 0 5 22 9 2 5 3 70 9 5 1 6 6 1 992 12 45 3 8 57 16 27 869227 484 7096 596
120 159 5 7 40 8 2 52 80 4 9 12 885 4215 45 2969 10 9 910 94 1291 15 3 5 9885 18 813 42 4946 9613 0612
05126 8185 13705 8015 6121 3 5 48 88 12472 588 8012 7818 9241 4973 12225 527 6134 0317 90286 1163 175998
3 3 9 9 2123 45 22 8 5 12 7 2 9 0 06 9 2 2 8 6 1 572 68 46 5 0 22 16 23 899208 328 6423 557
783 153 5 8 27 9 5 82 89 9 5 36 578 1714 15 5989 72 9 922 14 9279 62 4 5 1989 17 616 12 7549 8797 5252
10357 2994 28955 6712 5150 3 5 12 98 85194 815 8212 9332 1515 5444 19282 829 7090 5618 55295 1852 185154
1 8 9 6 5173 47 12 9 5 18 9 2 8 1 28 6 2 9 4 6 3 217 99 95 5 5 24 88 23 906324 138 0125 056
528 122 8 9 98 0 2 59 87 7 9 92 982 1219 15 8814 69 4 994 94 6295 12 9 5 0289 89 715 52 3042 8183 7012
17986 1138 13615 6712 5129 7 8 78 99 92582 819 6912 6852 1317 6363 92068 324 6131 3312 53273 1183 051807
1 7 8 7 5193 75 92 4 0 12 9 8 7 1 24 9 4 1 8 5 1 110 71 75 9 8 25 58 60 881227 326 8523 657
126 723 8 9 12 2 0 22 06 8 6 99 685 1069 16 9974 12 4 916 14 5215 12 3 0 5689 86 715 12 5963 7812 6012
29233 9186 13709 8842 6126 3 5 12 98 12790 434 8678 8172 1285 9413 82212 720 9191 6314 53310 1164 965188
9 2 3 5 6193 95 72 9 5 13 9 2 0 1 46 7 9 3 6 5 6 312 48 15 9 8 14 83 93 896729 114 8123 559
523 563 5 9 12 8 9 92 79 9 1 42 985 6294 15 2314 14 4 012 13 6215 18 3 9 8899 72 465 96 8135 8788 8748
12394 3935 10229 8565 9921 5 5 16 99 68508 805 1778 8807 1115 5615 18208 124 5172 0619 58913 1688 561193
6 6 3 4 5923 47 12 5 5 88 9 0 7 8 29 9 2 8 4 5 1 992 22 49 9 7 24 82 99 891827 058 8263 606
58 123 5 3 52 8 1 12 79 8 1 80 784 1854 18 2314 72 4 997 04 4610 52 3 5 1464 52 619 97 6142 8612 8913
50013 1182 13215 7782 5428 6 9 19 55 82172 015 2910 9682 7297 4623 92215 129 8174 5378 53733 1153 125838
6 0 3 6 5123 75 66 8 1 12 3 2 8 3 48 0 2 0 4 5 7 989 42 45 4 9 74 12 27 261629 174 7720 556
179 328 5 9 12 8 2 42 85 1 6 83 987 2218 19 5018 52 9 910 34 1619 49 3 1 1288 69 954 78 6145 5619 8094
15369 2795 13214 8912 7121 2 5 52 99 12665 475 8910 6912 4995 5718 18979 188 0139 5912 55213 1629 925349
4 2 5 5 7927 81 12 7 0 17 9 6 6 1 98 9 7 6 4 5 1 995 14 45 8 8 78 16 46 731203 149 7193 756
529 323 5 4 12 8 2 19 81 7 6 82 989 1114 15 2894 12 9 967 84 1810 17 3 5 5240 10 417 59 8145 8332 8312
12943 5736 13013 8769 5576 9 5 12 93 75368 615 5978 4310 8595 9810 92234 124 5138 0302 96797 6785 939898
6 2 3 4 8193 45 17 8 5 97 5 5 8 1 90 8 2 1 4 5 1 015 78 46 9 5 24 03 29 701223 720 6188 536
023 123 5 9 91 3 8 02 87 5 1 88 678 0214 45 2380 82 4 992 71 1808 10 7 8 1209 13 439 14 2895 8912 5712
62356 1640 10845 9713 1197 3 4 11 96 52182 080 4516 6862 0418 3213 95219 123 5135 4342 53293 1753 925178
1 7 3 4 9173 45 82 8 5 19 5 1 5 7 24 7 0 8 4 5 1 369 96 55 9 8 54 17 67 899823 924 0143 597
775 161 5 9 59 8 2 16 66 6 1 85 887 1814 15 5244 60 4 913 52 7055 12 4 2 7489 82 813 16 6146 8792 9912
14318 0144 78715 8717 3021 3 6 82 90 64342 905 6652 9242 8219 5013 29215 122 5134 2308 64480 1026 115124
9 2 9 4 5128 45 10 7 8 14 9 5 7 0 03 8 0 9 6 4 1 913 46 43 9 8 94 32 03 491223 126 3923 556
123 123 5 9 18 8 2 12 89 3 1 72 685 1228 13 2414 19 0 518 54 0224 99 3 8 1759 38 415 72 2145 6748 8964
85717 1135 53015 8712 8791 7 5 17 88 70901 113 8612 9875 6202 2443 92715 129 5104 5313 93216 1159 605491
6 2 2 3 5523 45 93 9 1 18 9 2 9 6 28 9 9 9 6 8 8 882 12 49 9 3 64 18 87 591225 224 8121 666
727 723 5 9 18 9 2 47 89 8 6 57 987 1219 95 1214 12 4 012 34 1258 97 5 0 1289 34 815 52 7905 4712 2854
02313 1137 18286 8782 8864 3 5 99 98 12952 890 7592 1816 1215 5413 19945 104 9134 5362 34209 9153 129188
1 8 9 9 5760 95 72 1 5 40 9 0 7 1 76 9 2 1 0 5 1 917 30 46 9 7 48 12 64 891023 927 5863 556
698 123 5 9 72 8 3 28 72 3 4 87 686 1264 85 2322 82 3 912 18 8678 82 3 5 1299 12 405 14 2945 8732 0892
14313 8435 13219 3742 5164 3 5 18 88 76159 714 8918 7818 8215 3413 17218 180 9034 9304 63216 1170 522790
1 2 8 9 5323 49 17 3 0 12 0 2 7 1 28 7 9 1 3 5 1 612 52 53 9 8 24 47 23 891223 925 7465 254
073 622 5 9 12 8 2 12 89 0 7 30 997 1206 15 2396 87 4 912 14 7244 72 3 6 4286 12 419 13 2648 6764 6803
42313 8955 67276 6712 9458 6 5 94 58 12850 956 8912 9592 1817 5468 62219 784 5557 5312 69283 1163 123199
1 3 1 4 7085 98 02 8 0 02 9 7 7 7 28 9 8 1 4 0 1 512 10 85 9 0 54 12 23 891629 129 8723 556
320 173 2 9 89 7 6 72 89 8 8 82 387 3717 89 5314 77 5 912 13 1699 72 5 9 1285 52 416 62 2143 6942 8922
92398 8936 14215 8768 6926 5 5 16 98 70802 715 0978 3614 1066 5413 60860 124 5159 5312 53819 1398 125198
1 2 3 4 9727 48 16 6 5 17 0 4 8 1 28 9 3 1 7 5 2 872 36 05 9 8 95 14 74 897623 124 8225 356
120 195 8 9 14 0 6 12 59 9 8 92 947 1223 10 9368 04 4 912 16 0295 19 0 5 0966 14 473 10 8893 8496 2911
10017 0735 12615 8718 5181 3 5 19 08 92452 812 8972 9014 1611 5717 10844 174 7934 5014 53795 1177 109938
8 7 0 2 9123 45 82 2 4 10 6 6 9 1 25 8 2 2 8 5 1 652 12 75 9 9 44 69 23 760289 174 4203 757
56 179 5 9 82 8 9 92 99 5 1 80 389 8314 65 2614 92 6 909 85 1215 62 3 8 2284 35 419 12 6145 4797 6922
77313 8738 99285 8712 9701 7 5 71 78 05842 819 3912 9851 1290 5433 72248 178 5134 7384 53310 1993 729618
8 3 3 4 5127 75 72 5 7 09 6 2 7 9 78 2 6 1 7 2 9 612 94 99 0 5 21 62 53 856629 924 7213 576
170 143 5 9 22 8 7 96 83 1 2 62 950 1718 15 5296 12 0 289 12 3215 66 6 5 1289 52 785 13 5143 8789 5105
17116 1133 14959 7710 5779 3 5 13 79 12752 855 2902 5897 6832 0688 22295 125 5739 1218 43819 6403 425499
1 2 7 8 5528 45 14 5 5 62 9 2 9 4 22 9 3 8 4 9 1 680 79 45 9 8 24 12 46 691827 179 8103 556
923 623 6 9 18 8 2 19 89 3 1 82 989 7416 75 6569 86 0 914 14 8914 37 5 6 1289 29 410 82 9945 8792 2802
44683 1085 63805 8719 8025 3 5 73 90 11120 663 6709 7819 9995 5608 52730 624 0988 6312 95167 1995 125338
1 8 3 6 9923 45 16 0 5 18 0 0 6 2 48 5 6 7 4 4 0 812 15 80 3 5 27 18 23 897829 176 8163 056
523 125 5 9 12 8 3 15 09 8 1 91 957 7014 22 2070 86 1 794 34 1210 10 0 5 1580 12 615 07 2947 1712 8812
12962 1138 14228 8792 5886 6 5 52 98 12209 885 8012 3952 7510 4616 82469 136 5134 3313 53813 8358 557199
5 5 3 6 7123 85 12 8 9 52 2 2 4 1 57 5 5 7 5 5 1 717 22 95 7 9 35 52 89 861833 924 8723 506
183 564 6 9 62 8 2 12 83 9 1 89 987 9211 13 1504 82 4 999 14 9739 12 3 5 9783 80 450 16 2875 8615 6919
59319 9135 63215 8742 3121 3 8 28 62 53 851223 114 3123 576
184 529 4 7 19 9 8 82 87 9 6 29 976 9514 28 8394 92 4 914 18 9615 88 5 5 1889 40 415 12 9105 9812 8918
29508 4905 10817 8592 5280 4 8 18 35 12132 815 9732 9781 1235 5824 12015 179 4165 9518 57244 4179 685168
4 4 8 4 6728 99 78 5 5 12 0 2 2 5 22 9 2 9 4 9 5 912 22 85 9 6 25 82 23 741225 624 5647 016
923 189 5 9 12 9 7 10 69 5 1 82 630 9214 15 2314 12 4 910 18 8285 72 1 4 1486 92 919 70 2908 0722 5910
08346 9135 93895 2767 5141 9 2 79 68 82199 815 9919 9812 1981 5498 92216 129 4449 8899 59716 7114 175798

22863 6154 83253 8511 5102 3 6 12 79 12434 863 8968 9902 1235 9573 04537 003 5144 9382 81812 1153 125178
5 2 5 4 5923 45 82 5 6 88 6 5 1 7 98 0 9 6 7 5 1 212 19 49 9 8 09 17 38 599227 129 8923 553
719 978 9 2 36 1 2 12 89 4 3 82 967 8834 18 7354 17 3 915 14 1415 17 3 5 0979 72 414 15 1199 8714 4962
02393 5165 13405 8812 6135 8 5 63 88 94677 976 5212 9672 1795 5516 92212 124 5834 3472 93269 6196 125185
3 2 3 4 5128 42 12 5 5 82 4 1 1 1 06 9 2 1 4 9 1 382 12 44 9 8 24 98 29 599273 129 9147 536
76 189 5 8 24 8 7 66 88 0 9 82 987 0847 35 2617 12 0 706 14 1928 12 8 5 6287 92 005 12 9706 8704 8799
15003 1135 13293 7019 5781 4 6 42 98 70642 016 8919 7362 1815 4415 11888 785 0844 8385 53864 3403 136890
0 0 9 7 5923 25 82 5 5 52 7 6 6 7 28 9 6 1 1 5 6 082 12 15 9 8 27 12 03 891224 888 0124 576
123 970 9 3 68 8 2 16 85 9 2 86 781 7838 95 2374 12 4 612 24 6215 17 0 5 3225 10 412 19 8865 5719 8902
19763 1778 13689 8798 6269 9 5 72 78 15159 818 9870 9812 1418 8713 12235 424 7770 5712 53218 1969 083108
7 0 5 9 9143 45 15 6 5 11 9 2 3 9 25 9 2 1 4 5 1 082 11 54 4 8 94 98 23 090623 124 8605 557
728 523 5 9 14 3 2 16 99 0 1 02 987 1214 95 3364 18 7 819 14 1888 12 9 4 1687 86 405 92 8145 9723 6913
02386 9535 88815 8732 5151 4 5 92 98 12189 816 9917 9812 0611 5010 17297 224 5134 5592 53769 7153 125158
1 9 3 0 9372 45 12 7 5 12 9 2 7 1 28 5 8 1 9 7 0 932 82 59 5 4 58 12 93 398223 124 8123 596
159 623 7 7 15 8 6 12 87 5 9 54 987 7204 85 2944 18 4 973 65 9209 12 3 5 1289 36 415 17 2385 8717 5962
12813 1465 12245 6702 0625 3 5 12 98 12892 818 8918 9672 1817 5918 58995 965 5194 8302 23228 1373 025109
1 7 3 6 5189 65 94 5 5 92 9 5 9 3 43 5 8 1 7 5 1 992 92 75 9 8 28 32 78 991229 797 8767 949
106 173 5 6 36 8 2 30 85 9 8 82 979 1819 05 2814 14 4 918 14 1215 12 3 5 9289 92 585 19 2140 8796 6972
17033 1935 93218 7564 8007 3 0 79 98 12482 837 8993 9817 1691 5019 68815 879 5834 5030 93262 1429 933782
3 2 8 4 4796 48 98 2 5 12 9 9 7 1 26 9 2 8 4 5 9 912 12 60 6 9 29 13 95 891803 518 9123 538
253 193 2 9 89 6 0 48 85 5 9 59 587 1704 65 9954 12 7 912 18 1214 22 3 5 7989 02 419 82 2143 8719 8402
19678 1176 13913 8742 9460 3 3 82 68 18992 815 8915 6314 5235 6913 72608 454 5934 9419 03283 1853 985158
4 5 3 4 4183 35 11 5 7 02 7 9 9 1 25 9 9 3 4 0 1 962 42 47 9 5 26 76 23 992373 768 1926 977
193 993 9 9 92 8 2 35 61 3 1 07 589 4217 15 2869 72 4 972 44 9285 14 3 6 1789 87 515 10 2055 8799 6398
73387 5046 10215 7335 0021 6 5 47 95 19192 315 8202 6828 1293 8499 80095 124 5504 5390 54753 1153 125613
1 9 9 7 7193 65 92 5 5 10 9 5 3 7 28 9 9 1 9 0 1 602 02 86 9 8 24 64 93 868403 820 8723 796
123 113 6 8 10 6 9 18 87 9 1 82 987 2214 15 9324 92 0 986 64 7295 14 3 5 9265 72 416 22 6105 5780 8613
41310 1165 84568 9612 4701 3 5 12 28 32121 358 7512 0614 1066 5443 02215 624 8864 8316 97276 6653 525984
3 2 3 4 8423 45 82 5 0 62 4 8 7 6 76 9 2 6 4 5 1 912 42 28 2 8 29 12 23 898553 934 6127 546
199 620 3 9 52 8 2 31 59 4 8 52 683 9794 10 2314 18 4 942 19 1265 12 3 5 6984 17 918 79 2895 7752 8612
17813 4135 47223 6995 3984 3 5 29 96 67120 317 8919 9219 1415 0263 76608 124 5134 5872 83213 8083 025357
9 2 7 5 6152 45 89 7 5 48 9 2 4 1 58 3 2 1 4 5 1 852 18 97 9 1 94 42 23 591223 129 4264 896
123 927 5 8 12 5 9 16 39 6 6 17 987 6911 10 6816 02 4 969 15 8265 47 8 5 1356 16 915 78 2149 4818 6918
3 2 3 4 1149 39 22 4 5 12 9 9 5 7 08 9 5 1 4 5 3 913 90 70 9 8 26 12 98 893223 278 8928 553
727 103 5 9 72 7 2 12 89 9 3 58 054 1918 14 5394 12 4 018 14 8615 52 2 2 9452 96 419 78 2106 8799 8619
12213 4105 77314 5797 5728 3 0 13 92 12190 856 8212 0879 1519 9413 12293 773 5974 5062 53213 1153 526567
1 6 0 4 5523 79 82 5 4 82 9 2 7 9 48 8 6 5 4 7 1 912 12 85 9 8 77 82 23 847723 124 8609 569
56 923 5 3 08 3 2 16 49 8 1 82 987 1914 05 2306 12 1 782 74 9566 12 0 7 1274 12 495 68 2880 8718 9915
45385 1145 17295 5777 0125 8 6 12 88 03282 517 8912 9822 0985 2393 82116 788 7439 6695 53913 4853 128068
1 2 7 8 5086 25 15 9 4 12 9 5 7 1 27 6 3 5 3 5 6 313 97 80 9 8 94 19 25 899227 320 8909 996
123 820 9 3 12 8 6 16 47 9 1 44 987 1276 87 2384 82 5 992 19 7254 72 4 9 1289 49 719 64 7048 8732 5018
72389 3486 15298 8212 3801 6 8 13 91 12778 776 0827 9114 2255 5469 11213 022 6134 5772 87763 5476 157128
1 7 3 4 5124 49 77 3 0 84 9 4 5 1 28 9 2 0 9 5 1 916 92 46 6 8 89 73 64 894327 193 5123 754
616 709 5 9 12 8 4 52 59 5 1 82 967 1424 98 9357 39 4 909 80 6965 89 3 5 9288 18 885 12 6145 2219 4918
15315 1039 60503 9702 5121 8 5 76 67 82882 805 8379 9836 1465 5493 12292 069 3137 6052 29015 1153 165197
8 2 3 4 9023 67 90 5 5 17 9 6 6 1 99 9 9 8 4 5 6 919 62 25 9 6 28 12 27 091435 524 8125 854
128 183 7 9 72 8 2 12 80 8 2 86 987 6259 76 2312 98 8 914 87 1598 14 5 5 1059 82 415 16 9173 8212 1882
13313 1155 13815 4889 5871 3 5 75 94 42274 929 8982 8840 4515 5413 12218 114 4128 5392 37313 1150 125198
8 3 0 7 5113 59 11 7 7 85 4 9 2 9 68 9 2 1 4 5 0 962 42 49 9 8 24 39 25 851623 894 8108 096
195 923 4 9 12 9 2 17 47 9 1 82 889 7864 10 2439 12 3 416 33 1255 17 3 0 1589 12 375 10 2145 5702 0912
12398 7185 53915 7762 8129 3 6 92 68 32192 494 4967 2814 7666 5419 10773 104 9938 3615 53213 7970 165158
1 4 3 5 7123 52 96 5 5 16 9 4 5 9 28 0 7 0 4 8 1 819 14 60 5 6 24 97 98 890283 127 8523 556
118 180 5 9 18 8 2 12 80 5 7 89 087 3914 78 6284 60 0 907 04 8515 42 3 5 4389 10 515 10 1965 8749 8152
13301 0737 13715 8755 5161 3 9 56 92 77169 215 7886 9882 8816 5803 42257 128 6834 5612 57715 0881 125965
4 9 5 4 2543 47 82 4 7 68 9 2 8 2 29 9 7 7 4 5 1 909 16 48 7 8 94 12 43 793173 164 8320 896
123 724 5 7 19 4 8 88 87 6 5 89 988 1059 17 4018 15 4 997 12 8215 51 8 5 7989 12 466 52 2808 8772 9912
82713 8635 63810 8792 5428 9 3 12 25 02412 686 5902 9010 9209 5673 18847 153 5144 0318 53253 1146 629598
9 8 3 6 5982 35 66 5 1 12 9 5 9 4 28 9 8 1 6 6 4 079 72 06 8 8 24 12 59 991423 324 8353 759
173 063 5 4 15 8 7 18 19 4 2 82 963 2284 76 6694 12 0 062 04 6910 82 3 5 1789 11 415 18 2940 7782 9433
12113 7835 14798 6912 5901 7 5 59 38 82962 794 8912 7812 8165 5799 92005 174 5931 5710 63697 8176 186999
1 7 3 2 9193 78 10 3 5 52 9 2 7 2 66 9 2 6 4 5 1 949 70 75 9 8 64 79 23 996424 147 4979 547
933 186 5 5 16 8 9 08 89 6 1 93 886 1239 15 7978 19 4 576 04 7687 82 3 5 4219 62 447 13 4745 8812 9919
12913 1185 19219 4716 5329 3 5 10 98 19197 919 6012 9812 7710 8318 63705 197 5134 5382 53203 1180 155138
1 9 7 9 2223 50 10 2 7 12 0 2 0 8 78 9 2 7 4 5 9 996 12 48 9 7 24 68 98 871023 474 6128 559
169 903 5 8 02 4 3 13 89 9 9 82 230 1604 15 0218 96 4 812 16 1530 12 8 5 6219 10 415 85 7179 8714 8912
19313 7492 13814 8712 5171 7 7 52 97 12149 810 8285 0862 7715 4858 12262 123 5166 4312 14213 1153 135878
3 2 6 4 4125 55 62 5 8 92 5 7 4 5 89 4 2 1 6 8 8 898 92 49 9 9 20 82 23 090263 088 8873 756
522 123 5 9 17 6 0 04 80 9 1 83 987 9774 85 8519 15 9 919 14 1215 94 9 9 1276 19 489 42 8505 9762 8998
82675 1735 74025 8712 5221 7 5 43 96 59182 990 8616 9376 1887 5467 12896 420 7139 5312 53213 2153 129798
7 2 3 5 5190 45 40 2 5 65 9 5 8 1 38 9 2 1 0 3 7 398 12 75 1 8 17 52 23 897923 123 0196 564
43 853 8 0 12 7 2 42 60 6 9 02 687 8012 35 7547 02 0 882 14 2418 12 8 5 7809 27 385 72 8045 8712 8912
14713 5155 11245 8612 5372 6 5 12 96 84192 305 7584 9632 1415 0413 12263 124 0174 6446 19213 7773 125798
9 5 3 4 5923 87 58 8 0 55 9 2 2 1 74 9 0 1 4 5 1 172 39 55 3 8 84 76 23 901268 504 9933 559
183 183 6 8 14 3 9 62 09 4 1 83 807 7217 65 3987 52 2 920 57 1299 19 3 6 5289 52 436 33 2145 7818 8562
62315 1165 57216 4819 4189 8 5 12 39 55464 815 9212 4889 1218 5700 17285 320 5174 6217 54915 1553 845198
1 6 3 4 7193 05 12 5 5 79 9 5 9 8 28 6 2 1 6 9 9 972 18 75 9 9 94 12 23 794429 129 8123 799
127 128 6 6 12 9 2 40 89 7 1 62 887 1714 75 2614 07 8 938 18 4015 92 6 5 6259 67 485 72 2449 8712 8002
67413 1535 13217 8899 5139 7 5 10 83 12119 375 9919 9912 4818 5593 92215 324 4133 5386 53563 7857 685987
9 7 3 3 5929 86 02 5 9 14 4 2 4 5 25 6 2 3 4 9 1 948 82 49 9 7 44 82 63 891383 827 8105 546
188 162 0 5 17 8 5 12 79 9 0 92 189 1558 19 2164 32 3 982 19 1165 19 3 5 7989 42 618 12 2145 8869 8998
36372 1735 15919 9719 5133 0 3 19 98 42822 010 8932 4814 4012 5829 69275 185 6734 2592 58610 1053 109851
7 2 3 0 7123 46 12 6 5 14 3 2 7 9 29 9 3 1 7 5 4 959 38 40 4 1 24 62 23 898253 190 5124 655
126 157 5 9 18 6 4 92 89 4 1 02 687 1890 96 5314 62 6 717 13 1915 12 3 5 5889 50 416 92 0105 9880 9932
18346 1645 18537 8712 5161 4 7 92 79 10682 814 8910 9878 6317 2467 12945 153 5539 5410 53239 2197 815149
3 6 3 8 5126 45 16 5 5 15 9 3 0 1 28 8 5 8 9 6 8 012 12 85 9 9 69 12 83 003724 160 9043 856
473 183 9 9 72 1 2 14 86 4 7 98 794 6946 85 6384 22 8 812 17 8214 90 3 7 1089 12 068 15 2245 8756 0912
12313 4105 46215 8786 5928 8 9 99 97 12097 605 5712 9819 5847 1483 62205 164 2132 3525 53649 8194 175198
1 5 9 9 9973 44 02 8 9 40 9 8 9 7 28 9 9 0 8 5 0 983 80 59 0 7 57 95 89 697042 124 8188 556
158 177 5 9 26 8 5 19 89 9 0 67 882 1254 15 7714 62 3 917 17 1835 89 0 9 1936 04 435 52 9148 8512 8912
79370 8585 63818 8717 0129 3 7 89 98 45162 859 8962 6810 5600 5683 88911 324 2118 5312 96213 8155 790897
2 9 0 6 5823 48 27 5 5 13 8 9 7 8 28 5 8 0 6 5 5 929 10 86 0 6 04 42 05 199905 176 3123 267
187 123 5 9 61 8 2 09 99 5 7 92 429 7794 65 0394 97 0 072 44 2210 32 3 8 9634 52 017 72 2145 8912 6972
12318 1035 53895 8717 0126 7 2 95 88 22176 518 8847 9120 9965 0543 10295 629 3699 8912 53216 8652 828144
5 2 3 8 5006 48 42 4 2 92 6 7 7 9 99 8 4 9 6 7 1 912 98 25 9 4 27 97 20 891303 162 9123 856
643 123 2 8 12 8 4 12 85 6 1 82 477 0794 15 2714 99 4 917 77 4239 17 7 3 1586 72 415 53 2649 0742 7912
15650 4197 23015 9578 5929 3 5 12 68 72995 815 4412 9812 0403 0714 10615 124 5137 5312 53613 4153 924108
4 2 0 2 5187 48 94 9 0 12 9 7 6 8 78 4 5 0 4 5 0 250 19 80 7 4 49 22 82 891849 928 8353 596
123 527 5 9 92 8 7 98 56 4 0 82 352 1018 15 2317 78 2 762 74 7274 15 0 5 1885 62 149 92 2045 6762 8752
98313 1109 30519 5792 9699 8 5 19 98 58178 675 8312 9812 4235 5961 72819 180 5834 5712 52253 5167 728198
9 2 3 4 0168 80 22 5 7 50 9 2 1 9 63 9 6 6 8 9 1 516 16 45 8 8 37 09 10 596323 126 6164 566
126 271 0 9 67 8 3 12 84 5 7 84 697 9286 14 8384 12 7 992 17 1519 94 2 9 7289 82 485 12 2815 9732 4442
12343 1835 13465 6912 8847 3 8 52 72 82156 815 8919 4814 1975 6083 17216 798 9134 0618 89294 7153 925818
8 7 2 0 5128 46 15 5 5 96 3 5 7 1 30 9 4 7 2 5 1 912 15 05 6 7 38 12 92 095823 174 8228 859
50 722 5 6 91 8 9 72 65 2 1 82 987 1214 89 2337 12 9 802 04 1715 79 7 5 1286 57 415 42 2791 4914 8990
22513 1709 15296 2586 5472 8 5 12 98 38322 515 0998 5714 1595 9497 39575 146 5324 4612 56677 1753 585188
1 2 0 8 4149 58 13 5 5 17 8 2 8 7 57 9 2 9 9 8 1 962 12 45 9 9 52 83 03 696748 029 8263 746
193 887 5 7 00 8 9 41 80 0 1 42 962 9204 18 2317 10 7 912 84 8612 90 3 5 6846 12 497 11 7145 4944 8982
06315 6995 53275 9014 9161 3 5 12 98 75977 497 6714 8818 1519 5818 72215 124 5176 6010 53013 1105 551199
1 2 5 0 5146 48 18 0 5 16 4 2 9 1 28 8 8 4 0 5 1 988 02 68 9 8 28 92 95 595225 327 7369 555
623 093 5 3 12 8 2 84 89 3 1 85 677 8464 19 2374 64 5 911 64 7218 10 3 6 1457 18 949 62 2345 8712 7932
12611 0379 23415 8615 5127 3 5 12 94 12138 481 8912 9912 1716 5403 12898 927 2934 5397 43903 1193 508998
1 2 3 4 3173 48 92 9 8 19 9 2 4 4 28 7 7 8 2 5 9 092 12 48 3 1 84 17 63 791923 414 8523 556
123 543 5 9 95 8 2 12 45 2 6 82 987 1288 68 9284 17 9 532 70 1815 30 8 5 1259 64 084 12 4245 6942 6682
76898 1832 13993 7848 4140 3 9 22 92 12988 815 8912 7805 2215 5413 67116 104 5878 5372 69216 8668 675198
1 9 9 8 5873 84 12 5 8 12 9 2 9 0 08 9 9 0 4 5 1 712 12 45 5 3 74 62 28 818223 869 8623 596
883 177 5 7 99 8 2 82 90 7 1 08 385 7204 17 2984 12 4 216 74 8228 17 9 5 1289 24 839 12 7195 0718 7012
58913 4139 12215 8182 2123 4 5 12 08 92134 928 9982 6614 1929 5763 82215 778 5930 5950 57283 9156 025199
1 2 3 7 5125 45 48 5 4 68 9 7 4 1 68 9 8 9 4 5 6 912 72 40 9 5 44 92 83 398428 524 8857 866
123 123 0 9 86 8 3 93 87 9 7 82 787 8314 68 5314 92 4 972 94 1294 92 0 7 8289 92 414 15 2792 1762 8914
12393 1122 12536 8072 5521 1 5 09 98 16170 838 7817 6712 3606 6416 12277 129 5563 5712 43287 1133 160598
1 2 2 3 4127 16 14 5 0 62 9 8 6 1 25 7 9 1 4 5 1 639 12 45 9 8 20 65 28 893323 124 8923 199
173 108 0 9 18 8 5 62 84 7 1 99 787 1804 45 1310 03 0 062 18 1285 16 4 5 8208 16 485 90 2170 6605 8992
92653 1960 13965 8773 3286 9 5 86 98 97141 885 7582 9254 1945 2276 35214 332 9164 8669 33615 1758 191598
1 7 8 4 9036 67 42 5 5 62 9 8 9 8 29 4 8 1 8 5 1 352 17 40 2 8 25 10 46 877068 688 3523 756
193 829 5 9 17 6 2 78 38 8 5 80 507 1515 11 0513 19 4 612 54 1515 15 0 6 0289 92 470 58 8157 8792 8942
18713 1969 13875 0512 5135 0 5 18 90 12376 812 8914 9376 8535 4903 62208 124 5034 5312 38239 5756 127398
5 9 9 4 8683 49 86 5 5 92 2 8 6 1 49 9 8 1 4 5 1 372 22 15 9 8 58 12 33 841223 947 9327 806
123 121 9 9 34 8 5 60 89 0 9 81 527 1319 55 8974 82 4 315 14 1275 19 3 9 1889 17 915 92 2199 8362 7912
08375 1430 53995 7612 5651 3 8 78 78 42151 855 0612 9098 9855 0463 03755 528 9334 5692 58853 1963 725098
8 8 3 4 5151 85 79 5 5 40 9 6 8 1 28 9 8 1 2 5 1 912 12 42 9 8 24 17 73 497623 124 2124 586
860 181 5 8 12 9 2 32 09 8 1 84 957 1434 15 0378 16 7 910 54 1915 19 6 9 8296 42 837 82 9248 5912 8912
18916 9735 14015 8718 3151 3 6 17 98 14092 855 8932 9302 5866 5993 82295 824 1141 3642 55588 1353 125197
8 2 3 4 0163 95 72 5 5 02 7 9 6 8 29 8 9 9 4 1 8 919 62 45 9 8 64 12 03 631744 124 8123 556
162 723 5 9 19 8 8 82 89 6 6 54 987 6214 66 3418 12 5 914 14 6245 87 3 6 1209 02 412 92 2567 8780 8412
12213 1177 15874 8710 4021 3 7 12 98 12722 515 4012 9004 1292 5416 66718 128 0199 5312 55263 8653 625114
6 6 3 9 6197 75 12 5 5 42 5 2 2 3 21 2 9 1 4 9 8 512 14 90 9 8 02 92 23 398920 725 8923 856
60 185 5 9 16 8 1 12 84 6 0 92 997 1614 25 7367 17 9 142 10 9965 12 8 7 1189 61 015 18 8748 8418 9996
05319 1130 10810 8792 5021 3 5 12 94 15085 899 8919 7812 1949 5913 16270 124 5894 3312 67213 1153 121764
2 7 3 4 5483 45 77 5 5 35 9 7 9 8 27 9 8 1 4 1 1 912 12 95 3 4 29 19 23 597273 794 8628 952
873 123 9 7 74 0 2 12 85 4 1 85 980 1214 55 7327 12 4 232 01 1215 12 9 5 7249 76 499 76 2145 7812 8917
00217 1935 13218 8916 7124 3 9 40 78 12172 855 8959 9066 6695 5613 52219 894 5034 5372 93258 1858 686068
1 2 3 8 8924 55 12 5 5 48 9 2 5 1 76 9 9 7 2 5 8 019 02 92 0 8 24 14 23 711703 122 5133 556
989 713 5 9 42 8 8 12 58 9 1 42 967 1773 87 9966 12 5 612 44 1215 12 3 9 8789 12 855 77 7177 8702 2912
18313 1875 15810 8769 5786 9 7 95 44 32192 711 8911 7860 1099 5313 02255 146 9128 5912 83213 5823 175398
7 2 7 5 8728 45 12 5 4 71 9 4 5 8 98 0 4 2 8 5 1 618 22 08 9 8 30 62 23 163266 624 6126 558
366 605 6 9 12 8 2 12 87 0 1 84 586 3673 15 9457 16 6 483 14 7855 12 3 2 1983 12 498 95 2175 8212 8929
10373 1075 03215 4892 9178 3 4 15 98 32193 895 8996 9842 5295 5413 78224 724 3784 5618 53313 1555 235107
4 2 8 5 2028 46 10 9 5 34 9 2 8 6 26 9 2 2 4 5 1 916 32 77 9 6 86 87 42 898215 102 7124 454
123 833 1 1 18 4 9 15 62 9 1 89 029 1715 49 1354 19 4 682 04 8217 59 4 7 1220 92 415 18 2240 6912 8915
02874 7195 13615 7822 6181 3 5 24 93 19452 915 1818 9813 4275 4596 15225 927 6938 2414 51213 1297 583195
3 7 3 4 8050 15 42 0 8 15 4 2 2 6 27 9 8 4 6 7 8 912 70 35 8 8 59 15 28 591962 024 8123 559
196 220 0 8 72 9 2 12 89 2 1 87 367 1214 39 9314 12 4 918 24 1718 19 8 5 1884 07 975 53 3145 5812 8998
02083 1535 18219 8737 5861 1 1 98 59 12967 385 6402 4110 1705 1016 33275 823 8194 9918 75962 1153 129188
8 2 7 1 5120 45 12 6 8 33 5 0 9 5 25 9 2 5 3 8 6 572 12 46 9 5 74 62 73 125219 184 9130 556
723 757 5 4 92 8 2 12 69 1 9 98 982 1594 18 2318 42 8 911 15 1970 17 3 5 1299 39 418 12 7156 8115 7912
75348 0335 13317 8736 5121 4 3 12 91 16162 813 8909 9879 5217 5406 88087 324 8713 7619 53759 7555 384398
1 2 8 8 9929 45 12 7 6 42 9 2 8 1 08 9 6 3 4 0 9 712 98 45 9 8 24 96 21 751923 764 8193 358
753 943 5 5 19 0 7 12 87 5 2 62 965 3218 35 2298 77 4 122 14 1215 82 3 6 2577 17 415 62 2542 8712 8813
02313 1835 13285 9069 5891 3 5 16 99 14042 915 0912 9860 1217 3753 12215 670 3197 7412 89213 1188 755126
1 2 9 4 5140 50 22 5 5 12 9 2 2 1 24 5 7 7 4 7 8 948 73 98 9 8 94 74 85 491225 104 9927 593
123 123 5 9 12 9 7 07 67 2 9 88 457 9214 00 2314 18 4 909 82 1315 12 0 9 1780 15 465 66 2175 8862 8818
07368 1309 13217 8762 9931 9 4 05 34 15102 462 8002 9519 1255 5943 12295 125 9614 9362 50233 1714 425168
9 6 4 4 5797 45 19 5 5 12 9 2 6 5 58 9 2 3 9 3 1 962 08 89 6 4 44 12 23 591984 194 9128 766
663 156 1 5 12 8 0 69 79 5 8 82 477 1214 89 2714 28 4 911 74 1218 12 2 5 9260 17 415 19 2148 8292 8622
53995 5670 47212 7812 6121 3 5 32 90 22192 619 8902 9439 1319 9119 17915 184 5134 2312 73274 1933 725138
1 2 3 4 3089 53 87 6 6 88 3 7 6 9 28 9 6 1 7 8 4 514 13 64 5 4 24 14 87 887843 184 8923 556
123 897 7 9 19 8 2 52 89 9 1 89 996 7015 19 2397 07 9 075 15 4615 22 7 5 3289 98 319 67 2045 8342 8719
92373 1130 13265 8712 8897 3 8 44 68 02292 339 8910 9662 1215 5166 12617 364 8174 5412 67217 1156 827195
5 7 9 5 5178 45 22 5 5 12 8 5 2 5 21 9 2 2 4 5 4 482 17 45 9 8 24 18 26 891928 197 8121 456
56 113 6 3 16 0 2 58 99 0 1 83 586 6274 56 2514 82 4 995 95 1215 12 3 5 1288 66 419 58 3822 9419 8412
42513 0132 77615 3872 5181 2 8 40 94 52942 691 8784 7228 3253 5429 42965 491 5134 5217 96016 1153 365198
5 2 8 2 7126 27 10 5 9 42 6 3 8 6 78 9 7 1 0 5 4 701 50 94 9 8 87 17 29 291020 698 3123 555
626 603 8 6 84 8 1 12 88 1 9 72 687 1634 97 2314 67 3 912 18 7205 17 7 5 1287 19 423 12 2649 8772 5612
67913 1139 76215 5748 5622 8 5 12 08 52177 715 8412 9862 1295 6413 32578 074 5139 5312 50294 6143 795198
3 2 3 6 5889 25 12 7 5 92 9 5 9 1 77 8 2 8 4 5 8 917 12 85 9 9 29 52 43 797225 652 8923 980
148 853 9 0 42 6 6 12 00 2 2 19 977 4414 15 2019 12 7 959 64 1575 82 6 5 6219 72 415 16 0545 5712 9989
15315 9939 13913 8957 5891 5 6 52 90 72670 016 8312 6013 1638 9483 16912 142 5166 5929 33674 1758 925990
1 0 9 5 2807 95 71 5 6 15 9 0 5 4 76 8 2 1 4 5 1 915 16 65 6 8 06 32 27 598222 996 8123 856
126 167 5 2 72 8 8 91 99 4 9 83 986 1294 55 7378 12 4 512 15 9236 62 5 5 5487 16 415 20 2195 7766 8416
12363 1135 88655 8722 6106 3 7 12 96 12982 676 7577 4817 1414 5413 82879 594 5534 5334 55725 9941 188146
6 2 8 5 1335 05 12 3 9 28 9 2 7 2 18 9 0 1 9 9 1 058 04 95 9 7 72 54 23 881123 944 5880 486
125 423 6 9 16 8 2 10 87 9 5 95 986 6239 10 2314 46 4 910 94 1293 10 0 0 5889 12 415 16 2141 4812 8602
16498 6135 13265 2772 5455 4 2 02 88 02905 295 8912 6315 5210 2416 82218 159 5345 0314 53297 2143 025898
1 0 0 4 5223 46 55 5 7 19 9 2 7 1 76 8 2 1 9 7 3 762 76 93 9 6 74 12 29 886399 126 0996 558
183 193 5 6 67 7 7 92 84 1 1 81 987 1888 44 2997 12 3 912 15 1356 13 6 7 3206 19 118 12 2135 8752 8437
02370 1144 23210 6718 7921 5 1 09 94 58198 313 8802 7512 1915 5413 15810 424 6134 5719 93237 2198 126508
7 0 6 4 0624 35 16 5 5 12 9 2 4 7 88 6 8 1 4 5 1 966 73 48 9 8 94 12 28 361227 949 8123 556
473 173 5 2 62 9 9 92 79 9 1 84 947 1760 37 5314 91 4 940 82 4215 13 8 5 6269 15 695 82 2105 3992 9372
12933 7735 15211 8911 9827 5 7 89 68 16122 415 7915 5962 2263 5413 18615 654 5684 5319 43213 0168 125894
1 0 3 4 5526 46 13 8 8 18 9 2 7 8 18 9 2 1 4 8 1 910 39 48 9 8 24 12 43 791223 129 8123 567
823 223 5 9 70 9 3 58 90 6 1 98 970 1684 15 2344 16 4 996 14 6206 12 9 5 9789 68 910 46 7145 7796 6097
18018 1105 33710 7787 5181 5 4 92 08 12392 877 8797 0817 1215 5413 02915 920 5569 5310 99213 7193 129139
1 5 4 4 5322 45 62 5 5 14 0 6 0 1 28 9 2 1 0 0 7 856 52 40 3 0 94 92 73 871623 136 7898 756
192 983 3 2 42 8 2 14 69 2 3 82 789 6974 19 2367 18 9 986 94 1295 12 3 5 1966 49 417 22 2035 5892 8189
18413 8939 17219 8772 5421 3 8 12 69 70866 775 7912 8862 8965 5414 18932 924 3184 8810 54319 4853 197178
1 0 4 1 1163 75 95 9 5 48 7 2 0 1 24 7 9 1 4 5 1 389 53 45 9 7 44 82 22 243820 745 5783 557
924 195 5 9 10 3 9 63 82 9 4 52 988 1347 18 2694 13 0 012 16 7815 45 9 5 1587 50 515 12 8107 5714 5961
12313 0125 83215 6558 1121 6 5 80 98 12148 615 4312 9912 1585 5477 43637 128 9936 8384 51217 6767 126194
1 8 3 0 5120 25 12 8 5 06 9 7 4 0 04 8 2 7 3 9 0 804 52 95 6 8 53 18 83 599223 894 8123 559
143 923 5 9 87 8 0 22 79 5 1 82 658 8210 89 0374 82 9 837 36 1215 74 0 5 7688 62 995 32 4145 0252 8982
82113 1925 98210 8017 5141 3 9 15 93 62502 889 5976 6803 6214 2477 62295 614 8996 9619 68215 0783 910198
8 2 6 9 8497 42 17 5 2 12 9 2 2 1 29 9 3 7 4 5 5 054 16 65 7 7 24 18 23 377253 462 8124 866
43 829 5 9 14 4 2 80 69 2 1 97 830 1814 18 4914 17 9 812 04 6615 72 3 6 5249 18 814 12 7945 8310 7418
16453 4137 36247 0582 7121 0 6 72 98 12998 815 8944 8812 1415 5459 72712 108 5179 0312 83255 1853 165908
1 2 9 2 9106 98 16 5 9 63 6 2 3 5 28 1 0 0 0 1 1 312 15 65 6 8 25 97 75 571095 194 8123 416
743 427 8 9 02 5 6 68 19 7 7 62 987 6619 16 2366 92 4 997 65 1229 29 3 7 1405 12 913 69 2145 8993 8919
83483 4435 63715 8710 5195 3 5 19 99 50982 014 9913 9612 7415 9463 94290 129 5389 6312 37263 1054 985728
1 5 3 4 5007 90 86 3 9 07 9 6 7 1 28 9 0 1 4 6 6 742 14 85 4 6 29 90 95 691523 128 2188 766
123 979 6 5 12 7 7 10 82 7 8 52 999 8510 15 6714 94 4 993 44 2517 12 6 9 1264 32 404 13 9196 8162 4412
32315 7435 10274 8799 9909 3 5 92 94 18161 815 3912 9348 1295 2414 69547 824 5064 7619 58273 9102 995298
1 0 6 4 0023 05 80 8 6 12 6 4 8 7 95 9 2 4 6 5 5 604 62 40 9 4 89 92 53 595063 194 4135 556
128 128 5 4 12 8 7 94 09 7 9 27 989 7286 15 2858 16 4 902 14 5949 69 3 5 1769 02 405 17 7749 8762 8912
12813 1030 13266 9742 5823 5 9 22 69 12752 810 2919 9865 1275 0503 14215 109 7164 5389 97254 1853 138197
1 2 3 7 5463 45 67 5 5 42 4 8 5 9 90 5 4 1 7 7 1 912 32 41 2 8 22 10 23 801263 623 3123 596
189 113 5 9 12 8 6 74 29 9 1 82 989 1010 69 2364 12 1 882 13 3488 30 7 5 1933 12 619 12 7702 6752 4998
86515 7637 33505 8712 5323 9 5 32 38 16169 816 6912 9812 8215 2493 76213 924 5719 8313 54213 1693 125198
5 2 9 8 5547 90 92 9 3 12 9 3 0 8 26 5 8 1 7 5 8 450 19 46 9 8 84 05 47 891329 328 6128 576
528 118 5 9 82 7 0 12 89 7 7 72 788 9934 25 6344 72 5 996 54 2215 02 2 8 5983 29 975 11 8696 8966 8919
13240 4135 53241 8912 5323 3 8 39 80 12542 815 8912 7015 6828 5419 49216 129 5154 4312 53214 1108 897959
6 5 9 4 6123 95 12 5 6 02 0 4 1 1 28 4 3 1 6 9 6 912 50 99 9 0 94 92 23 804718 184 8193 494
123 163 9 7 12 8 2 32 52 6 0 62 487 9518 15 0314 56 8 910 14 1458 12 3 5 1709 12 415 55 9727 8812 6919
12991 1131 93417 8712 5629 1 6 12 59 12092 844 8612 9812 6705 5483 38505 707 5175 7319 53817 4147 524138
1 7 0 9 5423 45 16 4 9 16 5 2 9 9 45 9 2 1 8 5 1 342 02 45 9 8 06 12 66 394993 722 8423 050
222 173 5 9 82 8 2 12 19 4 3 85 949 1484 19 7319 02 4 012 94 2715 87 7 5 1987 92 477 72 9608 3730 8918
82393 1166 67915 8766 5581 3 8 58 98 17144 715 8812 6872 0526 5719 77249 127 7134 5302 53213 1156 123968
8 5 3 4 8123 47 18 5 5 19 9 9 7 1 24 6 9 9 6 5 1 012 99 49 9 8 05 12 73 252983 884 7233 956
123 228 8 9 22 8 2 92 08 1 5 82 982 9963 19 8380 42 9 890 34 1218 12 4 5 5394 80 480 30 2625 9617 5912
22373 1133 83015 8795 5721 3 8 12 98 16787 810 4917 9898 4885 5713 92015 164 6744 0712 33033 1103 119458
1 4 3 7 2157 35 18 0 5 10 6 8 9 6 25 7 0 1 9 4 1 982 72 87 9 6 20 12 93 861224 127 8793 806
263 123 2 9 10 8 3 70 83 6 4 82 685 8204 55 5364 12 4 989 94 3415 83 3 5 1099 42 401 79 2149 9712 8418
62514 1077 43219 8302 6081 3 5 12 58 12474 098 8732 9697 5217 5453 12274 136 5172 5312 03218 5993 465168
1 5 3 4 5133 14 12 5 5 92 9 2 2 1 58 5 9 1 5 5 9 810 15 58 9 8 83 42 93 891823 129 6177 550
123 409 5 3 77 7 5 11 64 5 2 88 587 1814 15 2614 10 5 408 19 1217 60 3 5 6249 18 845 93 9680 8462 8970
98315 3656 15795 8492 8721 3 5 92 18 79542 815 8496 9494 6217 7513 72217 629 5171 7717 29948 1150 905142
3 0 3 4 7886 49 04 5 5 42 9 2 9 6 23 3 2 1 4 5 7 949 89 57 9 9 49 82 33 891299 194 0473 546
65 126 5 9 12 8 2 61 89 6 7 85 957 7624 18 5304 40 6 317 14 9594 12 3 7 1579 62 415 12 2185 0652 8416
44355 2435 73017 8719 5577 0 0 90 36 12902 415 8042 4812 1215 0413 15216 123 5174 7312 57269 1357 925148
1 0 9 9 5143 45 16 7 2 76 4 2 5 4 28 9 9 1 0 8 1 916 10 55 8 8 27 69 23 891224 186 0123 656
453 823 5 8 06 6 4 49 99 1 9 82 689 0919 15 9383 19 4 512 94 1305 18 9 5 1289 22 458 46 9165 1472 8956
88853 7135 83575 1975 9427 3 8 12 58 78102 675 9212 5872 1255 5417 72215 724 3258 5312 53753 7157 725198
9 4 8 0 5943 49 44 5 5 82 9 1 0 4 28 4 2 1 6 5 1 950 42 75 4 1 94 90 93 771223 174 8179 566
193 127 5 9 58 8 7 60 89 1 1 85 887 6214 13 2844 12 5 276 14 1976 13 3 6 5697 12 455 75 2165 9719 8512
12013 5195 17215 4714 1775 3 5 92 94 62452 865 5952 9816 1215 5416 18275 104 5197 3982 73303 1108 935798
1 6 3 4 5733 85 25 5 5 79 9 1 5 5 54 9 9 1 0 5 0 012 17 85 9 8 94 18 23 821923 126 8599 597
196 123 7 5 57 7 5 62 81 0 9 82 767 1214 17 3347 96 7 915 14 7217 68 4 5 1266 18 455 91 2145 5102 5918
12993 1015 58897 8712 0350 3 9 89 18 88182 914 8112 1802 0215 5825 69219 125 5164 6916 97213 6763 585898
1 2 3 8 0123 45 75 4 1 69 5 2 9 4 77 9 7 2 9 5 1 972 72 20 9 2 24 12 03 595983 194 8989 578
159 028 5 9 14 8 0 12 89 3 8 82 487 1897 15 2369 18 4 972 64 7225 97 1 5 1285 95 704 12 2090 8714 9915
12315 9130 93218 4234 5361 3 8 12 76 72172 518 8769 9602 1887 5493 18775 009 9934 6348 53949 9193 109808
5 8 3 9 5823 43 98 1 9 92 9 2 5 9 18 9 6 1 8 8 6 612 92 46 9 8 24 14 88 888084 904 8723 550
159 123 6 9 70 1 2 12 15 3 7 48 727 0496 25 2219 39 6 409 18 6925 16 3 5 1299 12 315 92 6745 7229 7977
42313 1850 17215 1772 4115 3 5 42 98 78562 905 2599 9817 5858 2413 86412 929 5180 5345 55119 1153 923598
8 7 9 4 7695 95 82 5 7 80 9 2 4 7 60 9 5 1 4 4 5 562 52 41 1 8 25 18 03 898524 694 8110 956
045 729 5 3 92 8 9 12 89 5 8 87 357 5214 16 0314 25 6 988 33 1895 12 8 9 6266 50 456 12 2150 6368 4982
12983 5395 75915 8118 5026 4 7 18 98 72192 875 8985 9397 8276 3869 87775 645 5834 4288 53113 9133 566108
9 2 2 7 5523 05 12 9 0 11 0 4 8 1 58 9 2 1 4 5 1 412 45 93 9 8 34 82 22 891723 823 3426 354
803 123 1 9 82 9 7 19 89 8 1 82 905 1244 85 4814 19 7 818 04 3715 82 8 9 6877 92 415 12 2894 3712 8992
18983 8935 78210 9799 3927 3 4 96 98 12352 715 2700 9212 1895 9465 49215 294 5614 8997 98393 5153 122148
8 2 2 4 5123 75 09 5 5 10 5 2 7 1 88 7 7 1 3 3 4 516 15 40 7 7 24 66 59 839267 222 1626 596
123 143 5 9 82 8 0 69 86 3 1 34 989 9214 14 2376 32 4 412 37 1210 54 0 5 8989 69 595 06 8165 8719 8712
18313 1705 18145 8622 5181 7 5 29 55 10376 815 9642 0512 1285 5413 75216 723 5189 5307 53611 9113 126116
2 9 4 9 0623 69 12 9 4 80 9 9 9 8 48 5 4 1 4 4 1 416 02 38 9 7 94 13 35 397223 398 3793 986
176 158 7 5 27 9 2 62 89 6 7 89 887 1219 55 9315 19 4 962 97 1615 23 1 5 5259 82 615 16 6120 8816 9517
19293 8467 13036 6752 4181 9 5 76 93 82887 315 8811 5892 6875 6493 12218 124 5094 5017 73203 1753 135598
0 9 8 8 6368 05 78 1 5 12 9 2 4 7 28 8 2 9 8 5 7 914 02 79 9 0 28 12 86 855293 196 1126 556
129 478 7 8 62 8 8 95 89 0 1 92 957 1214 10 5314 52 3 268 00 1915 02 6 3 9509 82 415 02 8145 8738 8892
12793 6116 73295 7872 8981 3 8 88 98 12138 868 7992 9562 1568 3463 14155 169 5830 5312 68713 1699 764389
1 6 3 4 5023 95 72 5 9 19 9 2 7 8 29 8 2 1 4 5 9 377 78 80 8 2 24 17 83 851879 679 1606 546
54 177 9 6 12 8 6 13 99 9 1 68 986 6296 18 9916 82 4 963 74 1220 72 3 3 4269 83 417 12 2198 7019 8988
18513 1117 83237 3712 7901 9 9 12 98 82187 915 0882 3749 1815 3418 72088 129 9544 5712 08687 1459 185146
7 6 9 5 5423 77 53 1 9 12 9 2 9 5 58 6 8 6 4 2 1 995 19 48 4 7 24 92 22 896825 822 5823 056
472 453 5 3 12 6 8 89 89 8 4 87 689 8073 75 3310 12 6 919 14 6816 15 3 5 8849 12 585 42 5189 8487 2916
51313 1935 13295 8759 5129 8 7 92 72 72198 819 8937 9813 1215 3664 95275 124 8784 8393 45213 0356 195298
8 2 3 8 9012 15 06 5 3 26 4 2 4 9 28 4 5 5 6 5 9 332 12 75 9 9 28 12 28 892729 127 5096 155
820 523 8 7 02 6 5 12 59 3 1 83 889 8210 15 0315 92 1 770 18 0295 86 3 5 9268 05 415 18 5195 8739 8712
77390 4135 18975 7572 8371 9 5 92 94 52132 890 5992 7992 1293 5413 86885 128 9134 5612 90273 4859 799118
7 7 9 4 8183 45 15 5 5 63 0 2 3 5 78 9 1 1 5 9 4 915 12 46 2 8 61 12 23 494623 924 9193 557
129 103 8 9 12 8 9 02 99 9 9 12 787 1250 98 6014 18 4 912 15 1715 12 3 5 4308 22 415 12 2170 0718 9804
10348 8221 95002 8912 5167 9 5 37 98 92502 875 9912 9692 7017 0693 13225 124 8134 6012 54285 8856 128198
1 2 7 4 5124 56 12 5 5 92 9 2 9 0 04 9 2 5 4 9 9 912 91 65 0 8 28 59 23 894973 128 8142 886
904 594 5 8 32 8 2 80 08 3 1 82 967 4265 16 2317 79 9 972 79 4265 93 3 5 3959 42 414 72 9640 5719 8972
42693 1163 14172 9212 0627 3 3 17 98 12102 978 4802 4808 5215 5016 12875 126 1940 8789 43218 8358 327190
4 2 2 6 5153 42 15 4 5 16 9 2 8 1 98 9 0 1 8 7 4 912 17 99 9 8 24 11 28 890727 644 7259 557
183 123 9 5 85 8 2 17 86 8 1 87 989 8611 15 2087 12 4 975 06 0175 19 9 3 0099 62 563 15 2241 8812 3852
77599 1155 13219 9983 5181 4 9 12 98 17512 465 8712 7812 6338 7410 16813 427 5434 1310 50743 1689 925576
1 2 8 6 7923 65 12 5 0 51 0 2 8 6 00 5 2 5 3 7 2 412 32 45 7 8 27 98 20 691623 125 8123 758
164 503 8 9 17 8 2 87 89 8 5 82 766 1314 15 2359 12 4 912 14 1245 16 0 5 8271 83 915 49 5945 8792 9342
16613 1166 10242 6763 0121 3 9 15 38 92288 838 5412 4812 6495 9270 18218 939 5834 5312 53563 1513 826394
5 2 0 9 6129 85 06 0 6 88 3 2 5 7 24 9 0 5 4 2 1 982 12 41 3 7 84 98 26 095227 124 4321 856
923 157 9 9 52 8 5 32 87 5 7 82 987 1394 26 0914 16 4 910 24 9255 12 9 5 9273 16 413 82 2047 8774 0110
67563 8765 14474 8761 5761 3 5 88 99 12178 710 8914 5640 1250 6086 12790 124 5184 5318 07308 6104 166185
1 2 3 7 6159 85 96 3 2 97 9 8 9 1 78 3 2 1 6 5 2 912 02 76 9 8 25 93 73 891284 125 4723 588
623 020 9 8 15 8 4 15 89 9 8 72 280 9014 85 2077 59 7 912 11 4685 15 8 8 5039 12 977 36 3655 8912 9996
02748 9778 43295 8012 5429 8 4 17 56 12162 670 8212 0818 1615 8609 12842 924 5139 8793 53419 0051 906198
1 2 3 4 5121 45 12 4 7 16 6 9 9 9 64 9 2 1 9 9 6 918 32 43 9 9 96 72 23 631023 928 8723 859
053 823 5 4 17 8 2 12 98 7 1 04 189 5603 16 0344 12 4 948 18 1255 92 3 5 1289 12 415 73 2685 8713 4915
12399 8108 70219 8712 5527 0 5 72 58 94160 915 8718 5846 4865 5517 12205 184 9634 5380 33133 1953 927998

18375 1035 90275 8772 3583 4 5 12 98 16578 074 9016 9614 1515 5493 87308 926 6695 9472 56293 4154 134178
9 6 6 4 2624 83 22 9 0 00 6 0 3 9 28 9 2 1 4 7 0 917 12 90 9 8 98 62 83 891223 189 0823 658
923 724 5 8 52 8 7 05 49 6 1 42 088 9285 09 2314 12 5 998 14 9266 80 0 6 8269 32 498 12 4175 5012 4945
09340 1435 96215 8972 0721 3 5 16 92 92897 615 3913 2897 1619 8014 81215 994 7134 9636 62213 7683 924178
1 0 7 4 5180 69 17 5 5 16 4 9 4 6 05 9 9 2 4 5 6 912 68 95 8 8 24 89 73 331093 424 5623 556
74 129 8 7 12 8 2 12 83 6 1 02 789 1689 85 5374 15 8 015 74 9259 82 3 5 1880 62 419 02 7077 0712 4244
16359 8802 86215 9543 8123 0 5 59 78 18176 015 8312 9669 9895 5477 13919 166 4156 9810 53617 8153 915198
7 8 9 4 6923 45 19 5 8 12 0 5 8 2 78 9 2 1 4 4 4 917 92 45 9 8 04 12 20 891651 629 5120 056
728 169 0 9 17 8 5 12 72 8 1 84 880 1290 55 2914 98 6 392 93 1215 12 3 8 9755 12 490 15 2155 3689 8985
52773 1139 53213 9962 2620 4 2 32 98 92150 895 9912 7612 1865 5903 02809 908 1184 6332 73743 9153 128979
1 7 3 8 5866 65 12 5 8 66 9 6 9 1 18 5 2 5 6 5 1 612 57 75 9 8 60 18 53 871223 194 5053 006
093 923 0 8 82 8 2 12 87 7 8 82 998 1984 50 2316 12 4 610 94 1866 95 8 5 3704 92 915 15 2706 5902 8735
12909 9149 18244 5919 8821 8 4 12 96 82182 410 8714 9742 7217 0713 72211 824 5034 5619 59593 6183 602098
1 5 3 4 4346 65 01 2 5 17 9 2 8 9 27 8 7 7 7 5 4 712 95 46 9 8 49 13 23 246228 879 8504 356
133 023 6 9 92 8 8 98 89 5 5 82 485 8612 19 6316 12 4 612 14 0215 10 2 7 6274 19 535 60 2195 0792 2512
13393 9885 13630 9812 9771 4 5 12 98 95182 785 8493 9713 9708 9419 99215 974 7136 5352 97713 6190 625144
1 2 3 4 5129 64 14 6 5 95 8 2 7 4 08 9 8 1 4 8 1 912 43 43 9 8 35 12 45 885229 124 8123 674
729 169 1 9 02 8 2 97 29 2 1 92 686 5514 20 2214 02 4 913 11 7997 46 6 5 1787 96 415 12 2205 8482 8946
19983280 205198
3 2 8 0 2829 85 48 5 5 95 9 8 9 1 08 9 8 6 4 9 9 914 32 42 9 8 24 62 23 949263 780 6926 546
628 123 5 9 20 9 2 17 82 9 9 82 755 7614 25 2518 58 5 919 19 2265 12 3 5 2288 12 695 19 0145 9312 8712
12387 1170 68218 8780 4136 2 6 12 70 04199 280 8992 9872 1918 7413 12215 144 6734 5315 93205 1557 675181
2 9 3 9 5123 44 46 5 0 15 9 6 8 1 78 9 8 1 6 5 9 085 12 15 5 0 24 19 30 091529 156 5122 556
186 123 0 0 57 3 2 06 86 0 1 42 926 1999 19 7375 18 5 815 84 1816 02 7 9 6284 12 915 97 2552 6862 3942
99349 8185 63295 9718 5161 5 5 12 96 18902 315 8210 9812 1295 5443 78078 324 9134 8317 73213 7178 825758
7 2 6 4 5529 35 18 5 5 92 9 4 9 0 29 5 2 2 0 5 1 702 52 98 8 8 79 12 73 893523 424 8120 786
723 173 4 9 72 8 2 14 89 6 1 88 886 9217 75 0329 12 4 915 95 1287 97 5 7 0987 12 715 72 2145 9172 3982
52719 3135 18015 9016 7317 8 5 80 28 12179 845 8959 9818 0306 9043 12268 147 6139 6012 63253 7186 205398
9 8 9 4 7083 75 12 5 5 62 9 9 5 9 77 9 2 8 9 9 1 712 92 88 7 6 44 19 87 858263 108 6162 756
59 823 1 9 89 8 2 14 07 3 1 89 987 8913 05 0709 18 6 910 69 1215 50 1 5 9087 09 417 18 9943 6818 8902
62368 1135 93205 0797 7121 4 8 84 98 52992 825 8932 9912 4908 5213 99615 824 5138 7992 46413 6059 021168
1 2 4 4 5924 40 38 4 9 17 4 0 9 0 29 2 7 7 8 5 1 812 13 85 9 0 53 62 29 892323 707 7821 595
093 028 7 8 14 8 4 52 79 5 5 87 680 1924 95 7964 82 8 914 18 1215 12 3 2 7289 12 435 17 2147 8717 3919
12433 5014 13413 6785 7126 7 3 12 98 83322 805 8910 9816 1655 5996 16035 109 2274 5388 79693 1183 183127
9 2 4 4 9533 45 12 6 5 69 5 2 9 2 28 8 2 1 8 5 5 918 16 43 9 8 64 32 23 611927 124 0983 506
193 923 5 9 09 8 2 19 39 9 1 88 987 1814 15 1174 16 4 512 94 4455 12 8 5 8292 12 945 62 2945 8712 8872
92914 5188 13416 0910 5141 3 9 87 99 15132 815 0913 9219 7269 5410 66885 934 5139 5346 59736 0113 975198
1 9 3 8 2893 95 12 5 1 10 9 2 9 1 28 6 2 1 8 0 1 182 32 75 6 6 28 12 23 991413 724 8669 956
196 170 7 9 62 9 2 42 06 9 7 72 907 1256 97 2646 72 4 812 74 2985 02 3 5 1180 86 260 12 4145 8742 5979
07407 1133 78825 8117 5191 7 5 12 97 70162 429 8519 9417 1495 8073 12215 124 9168 5317 53519 1153 746198
1 2 3 3 9403 45 76 3 5 62 9 4 9 1 27 9 7 1 4 5 0 692 99 45 9 8 04 62 23 880223 864 8728 456
628 927 5 4 85 3 3 17 82 6 1 89 887 1909 85 8914 03 0 912 11 5295 13 7 9 9289 12 615 52 5208 2782 8618
38119 1687 53299 7794 5621 6 5 82 98 56999 517 8942 9916 9215 5418 12275 423 5034 5742 73634 1063 129978
1 2 5 4 1073 25 15 5 5 62 9 2 5 7 08 9 5 7 0 4 1 912 12 45 9 3 94 18 29 761321 384 8123 456
125 928 5 9 29 8 2 02 89 6 1 89 785 1284 10 6313 95 4 912 14 1244 73 0 0 5285 12 416 15 2795 8793 9912
92812 1935 07209 7712 5144 4 0 12 97 12172 415 7112 9812 4797 8863 17715 139 5084 5317 93289 1155 155803
8 6 7 4 5027 45 12 0 9 90 8 2 3 1 73 9 2 1 0 9 9 215 82 42 0 8 24 63 74 998328 129 8129 576
765 014 6 9 12 8 3 92 99 9 0 89 997 1584 85 5304 82 1 972 16 4713 78 3 9 1289 14 415 46 9155 8716 8317
87013 1238 03917 6742 5121 6 5 72 93 34892 818 4859 9810 9216 5943 12290 100 5586 9385 58173 1150 622098
6 0 1 4 5698 40 10 5 5 32 9 5 9 6 22 0 2 1 4 9 8 512 80 49 7 8 27 12 93 899225 724 1955 358
855 101 2 9 96 8 0 95 89 6 1 95 537 6764 15 2004 92 4 752 14 1279 94 3 5 1293 15 424 10 6945 1792 0612
99313 0136 08265 0998 5591 3 5 10 49 94109 815 8919 9850 1995 6717 42245 689 5734 5313 59213 1193 825148
1 7 4 7 5107 17 10 7 5 12 9 2 7 1 27 9 2 1 4 7 1 589 42 05 8 8 99 15 28 691625 873 7171 549
523 183 5 6 92 8 2 01 46 4 1 98 587 1619 95 0310 57 4 977 14 5918 92 1 5 8879 72 497 82 8105 5812 0912
28212 1884 92215 9788 5901 3 5 12 98 16114 705 9880 9216 1272 0619 12216 124 5154 5380 42289 5163 182112
6 2 3 4 5103 47 78 2 6 10 6 6 6 8 28 1 5 1 9 4 5 810 18 42 2 9 29 78 23 881249 664 9193 576
653 826 5 9 29 8 2 12 87 8 3 89 087 8990 27 2348 12 4 772 13 1513 82 3 5 1289 03 417 87 2145 5989 8962
12867 6139 73408 8917 5941 6 5 99 83 03172 805 9985 1687 0213 2098 38695 826 7197 0899 27298 4153 826816
4 8 0 8 5136 18 12 8 1 12 9 3 9 1 24 9 2 1 4 5 1 913 98 25 9 8 27 19 23 877283 124 8133 566
623 723 5 8 12 8 2 82 83 2 7 52 785 1467 15 2311 15 4 912 94 1316 87 3 0 9875 70 432 77 9185 8519 8912
09694 9135 17287 8717 5161 9 7 84 90 72632 565 8012 9410 9217 9529 90814 124 7934 9398 53269 1183 365593
1 2 3 4 5203 45 18 5 5 12 0 4 3 3 88 5 3 1 4 5 7 902 12 47 3 2 24 82 28 882223 674 8423 550
30 644 5 9 72 8 3 12 49 7 1 82 299 6776 15 7414 88 5 917 14 1289 19 0 4 6080 68 417 17 9145 8842 8212
12314 8195 53475 8462 9111 3 2 36 95 82960 919 8612 9886 9399 3413 57608 179 9394 9324 53288 1153 125095
9 2 5 4 5916 45 18 8 5 12 9 4 8 1 89 7 2 9 4 7 1 712 12 75 9 8 95 17 33 091623 137 8163 739
523 173 8 9 46 8 2 12 89 8 7 82 985 9219 19 2314 12 4 907 13 1715 82 9 5 7988 12 975 62 0245 8874 8912
10363 7039 47253 8461 7321 3 6 11 94 72662 045 8916 5812 5218 7639 22704 034 5194 5912 57289 1153 551898
9 4 4 6 5123 15 65 3 5 05 9 2 9 4 48 6 3 1 4 8 9 818 82 40 9 8 24 68 93 899225 125 8195 255
324 773 5 9 92 4 2 17 09 9 2 89 788 6207 15 0308 92 6 432 84 9925 36 5 5 2289 57 448 82 4595 8852 9912
18313 1135 67265 8772 5079 8 5 95 02 57192 445 4616 9860 6695 9413 12611 848 5137 5607 59697 1753 625348
9 2 2 9 5887 07 04 5 7 12 9 4 9 1 28 3 9 1 4 5 8 912 19 43 5 6 25 18 61 591790 376 8125 510
129 323 8 8 72 8 2 72 27 9 6 95 789 6276 45 5354 12 8 980 10 6286 13 3 5 6786 42 894 83 0145 7710 8818
19813 4841 93215 8616 5121 2 5 95 98 66944 815 2916 0844 1535 5619 52634 028 9862 9920 53387 8753 868168
5 3 3 4 3163 45 16 5 5 82 7 2 1 8 24 2 9 1 6 9 1 912 62 74 9 9 24 15 23 890249 900 8979 596
321 167 5 9 14 8 2 30 79 3 1 85 787 1214 08 6314 19 5 912 10 5247 79 3 5 4269 72 415 17 2847 5812 4920
12593 0138 88286 8371 9688 9 5 77 04 12560 089 9912 9718 1615 5810 12805 824 4134 5912 59213 8153 191678
0 5 1 3 6103 44 17 5 8 92 9 3 8 0 28 9 2 6 8 5 1 919 12 46 7 8 32 12 23 557286 944 9190 556
323 923 5 8 16 5 2 12 89 2 1 82 987 1854 17 2388 12 0 893 94 9665 17 3 9 1809 85 099 97 9753 3912 6906
12417 8168 13115 8716 8120 5 9 96 88 96885 715 8913 9820 0815 5693 16538 033 6033 1355 84054 9557 129698
7 2 9 4 5093 45 12 5 5 36 9 9 7 7 94 0 2 1 1 5 1 950 92 65 6 8 97 02 93 891058 624 8473 752
125 110 2 9 93 8 2 12 88 9 4 69 889 1819 90 2314 15 4 109 94 7277 53 3 7 1279 70 415 19 2168 8712 9812
12012 1557 93615 8742 7987 3 7 88 98 65102 401 8952 0852 1015 5413 80855 179 5704 5317 83217 5146 935898
1 2 0 4 5079 37 82 7 5 10 5 2 0 7 28 8 6 7 4 9 0 316 69 46 8 5 20 63 28 899227 124 0628 556
723 663 5 9 76 9 2 12 46 8 1 72 986 1245 90 2340 92 4 869 13 1715 12 8 2 1269 12 419 12 9135 8752 2910
77348 1639 13995 8612 5561 3 5 04 48 12397 815 8919 4819 1215 1177 42235 597 5536 0315 63213 5883 128558
2 2 7 6 5523 45 82 9 5 12 6 2 4 0 26 9 2 9 4 9 0 912 13 34 9 8 94 13 89 491603 184 9124 589
403 873 6 6 96 6 2 82 84 5 1 76 977 1214 15 2387 16 8 919 14 1295 12 8 5 3216 68 415 52 3172 8786 0002
17743 1335 69218 7762 5156 3 5 19 98 62354 213 3912 9812 1718 0469 16777 790 7494 5812 41019 7753 122192
9 2 7 6 0127 46 32 3 4 12 9 2 1 0 28 9 8 5 9 5 7 926 92 48 8 5 29 49 23 306833 174 8189 596
923 129 3 7 32 8 2 11 79 6 1 80 897 8618 64 0364 18 4 918 84 1205 62 3 5 1087 17 635 19 2905 8759 5848
12716 6787 13412 8517 5521 3 5 08 93 96185 990 7463 9886 8215 5513 42878 157 4124 7022 62277 5883 127598
9 8 9 2 5729 42 12 5 9 62 3 2 3 9 98 9 2 1 9 0 1 910 12 45 8 8 23 14 53 061233 744 8799 555
118 773 5 4 32 8 8 72 54 8 1 82 987 8711 38 9854 16 9 912 14 5256 82 3 9 1089 12 415 97 9045 8815 5712
42314 1835 48215 8792 5161 6 5 72 00 42102 875 8712 9618 6789 6483 14215 163 8984 2372 57813 6702 785398
5 2 3 4 5123 34 12 8 3 12 8 7 0 1 58 9 9 5 4 9 1 803 76 00 9 8 24 12 37 593869 824 0743 446
87 825 5 9 13 8 7 42 89 3 0 44 928 9919 15 7384 10 4 902 04 7885 72 2 5 1288 13 515 32 2955 8774 8982
12308 3035 13206 9704 5020 3 0 12 98 66922 957 8912 9852 6285 8412 12110 128 5172 5312 53213 8151 365999
9 2 0 9 5913 55 34 5 8 19 9 5 8 1 28 4 4 1 4 9 1 851 02 99 6 8 84 73 34 251206 189 6125 058
129 158 5 9 42 8 8 18 99 7 1 61 977 9919 18 6324 72 4 816 64 1290 64 3 6 0589 02 165 19 8492 5987 8492
19317 1375 18500 9795 5181 3 9 12 98 18175 818 8512 5992 5305 5403 13938 824 5935 8312 82507 3100 527998
1 2 3 4 5193 86 17 5 3 02 4 6 5 8 17 9 9 7 4 5 1 769 12 45 8 8 34 18 87 897810 826 8082 027
163 623 6 5 91 7 4 17 39 5 1 85 997 8279 00 2364 12 4 452 98 1255 15 3 7 6269 02 815 92 7160 9719 6302
17318 4079 93435 8783 7121 5 5 92 98 12982 619 8957 2512 1205 5717 02337 154 0439 5395 03246 1683 187757
6 9 3 8 5023 95 12 5 5 19 9 9 9 1 20 6 3 0 4 5 1 479 16 45 9 7 58 02 23 897293 127 9503 550
163 763 3 9 45 8 9 12 89 7 1 99 967 5200 65 2913 15 4 972 98 4293 14 8 5 1089 12 437 52 2155 7512 8972
12373 1734 17295 8355 8621 3 5 89 85 74152 819 6542 0492 1065 7417 94215 528 5787 4316 53210 1183 305198
1 5 7 9 5124 98 32 5 6 12 9 2 7 1 78 5 8 6 5 5 1 939 17 55 9 8 23 52 83 699827 266 7420 006
573 919 5 4 30 4 8 90 86 7 1 82 935 6064 15 6471 64 5 912 92 1798 19 6 5 1247 22 713 12 2195 8992 7212
16316 8175 13277 2212 8551 3 5 05 98 12679 985 8992 9617 2273 5473 14265 924 5924 9162 58717 1789 129149
1 8 5 6 9583 45 12 5 1 07 4 2 7 1 20 9 3 3 8 6 1 517 99 49 9 8 79 12 23 893673 324 7993 536
123 150 5 4 12 8 9 12 49 8 1 02 887 1294 15 0314 64 5 952 36 8245 72 3 5 9389 32 789 15 2730 8718 7714
54416 8145 13987 8877 1161 3 5 66 89 12182 715 0782 9372 1896 5787 12217 188 5985 5318 59713 4750 129798
7 6 9 0 7547 56 87 0 8 72 0 0 7 6 28 3 2 1 4 9 8 992 11 15 9 4 48 72 23 893083 179 8953 586
537 125 5 0 52 8 8 09 84 4 1 82 901 8219 22 8375 08 4 984 14 1215 86 9 4 0884 10 674 82 2595 8319 2912
62016 9937 16269 8691 5128 3 6 86 97 12192 197 8990 7017 8255 5403 62893 104 1136 5747 64243 7040 176679
1 2 7 8 9723 49 12 5 9 12 5 2 6 1 66 6 2 1 7 5 4 792 14 85 9 8 27 10 93 641023 625 8483 456
129 563 4 8 92 8 9 19 89 0 1 82 900 4214 85 6314 12 4 510 51 5276 12 3 9 3889 95 415 12 6125 9238 9998
59713 1687 17015 9712 0051 4 6 58 98 71088 815 8970 8497 7212 0414 78985 944 5134 5716 54616 1953 125148
1 6 2 4 9820 45 12 7 5 72 9 7 2 4 27 4 2 1 4 4 9 713 98 45 9 8 64 72 70 887823 764 7549 156
999 583 0 9 42 8 2 69 39 9 1 55 976 1234 37 4818 82 7 908 10 1219 12 0 8 8859 10 910 18 2143 8982 7772
42313 1135 16215 9792 8071 6 5 97 97 15192 817 8092 7812 3263 2647 12217 124 4150 5319 73803 1253 365193
8 9 8 6 0856 49 19 8 5 72 6 8 3 5 28 8 0 1 7 5 3 953 12 99 9 8 98 37 23 286973 984 8723 506
118 959 6 9 99 8 9 32 88 9 0 95 997 1257 75 7317 77 4 202 94 3297 12 3 7 9287 12 445 32 2948 8215 3314
12866 9175 93210 0752 6128 3 5 52 66 18190 818 7512 9918 3285 5483 69215 799 7134 5472 53944 1563 882197
5 2 3 4 0143 48 16 5 0 17 8 2 7 9 66 9 2 1 4 8 1 817 19 50 9 8 74 12 78 591223 124 2129 552
543 126 8 9 79 8 2 65 82 6 1 82 987 3056 25 2858 16 4 416 14 1246 12 3 5 9997 97 615 12 2198 8907 8012
12615 8155 95216 8782 5271 3 8 72 67 42886 155 8967 6642 1775 6413 12288 128 7185 1757 53583 1152 925199
1 7 3 4 5063 65 52 0 5 12 9 7 0 5 54 7 2 1 4 5 8 515 17 45 9 8 28 82 85 891900 326 3827 579
57 103 6 5 72 9 2 46 88 5 1 18 999 3218 08 2514 17 4 947 89 6915 12 1 4 1286 50 665 12 9145 8777 5912
92053 6635 61793 8322 8920 3 5 72 98 97846 918 8369 7902 1265 0812 50255 129 0137 5792 29393 8653 179198
2 2 3 4 2166 08 68 9 9 72 9 5 9 1 28 9 6 5 4 8 5 712 17 41 4 9 76 13 99 051450 193 8143 996
123 593 9 6 17 8 4 12 89 7 5 92 687 7214 65 2375 72 2 482 14 1514 12 3 5 1279 18 915 66 5640 9718 8912
14383 4135 73215 8712 8826 5 5 63 50 12176 819 8912 4862 1518 6415 64215 540 1634 5215 26313 8150 125498
1 2 9 4 5183 89 06 6 6 92 9 5 7 1 68 0 2 1 4 9 3 592 04 45 8 5 24 12 87 591629 176 8689 956
793 623 5 6 69 8 4 98 39 9 9 59 989 3888 15 2384 16 4 947 34 1085 65 4 5 7977 12 610 12 2295 9416 0910
94083 4985 63265 8912 5845 8 5 14 94 98482 005 0932 9897 3715 8433 12215 827 5564 5387 59913 1853 925998
4 1 6 4 9520 15 92 5 5 84 9 2 8 1 96 5 8 3 7 5 1 112 92 45 9 6 60 92 73 991773 124 6173 006
850 723 5 9 12 6 2 66 59 9 0 89 997 4924 65 2984 12 4 678 99 7419 67 3 0 0384 12 415 15 4612 7312 8773
18393 9565 85313 8595 4023 9 5 88 48 52735 895 8412 7150 9715 8413 44275 123 5534 6412 63219 1453 515196
8 8 6 5 0123 99 88 5 5 82 8 2 8 0 41 9 6 1 0 5 3 919 62 47 9 8 24 18 23 698733 924 9929 557
197 924 5 8 10 4 7 19 39 7 8 82 988 1216 75 2314 17 6 812 76 1695 12 6 1 4266 16 416 18 2540 8886 9818
19173 1185 13465 0392 5021 3 6 14 38 52142 515 8982 3826 4819 5613 19275 124 5100 5312 03218 1453 875178
9 5 5 4 5823 45 12 5 5 19 9 3 6 1 28 6 8 1 9 5 2 812 16 48 7 0 54 92 27 001829 785 5789 669
825 735 5 9 12 6 8 12 89 9 1 85 924 1014 85 5319 92 4 923 54 1205 11 3 1 1789 12 415 12 2048 9712 7989
12413 1589 15285 8753 7821 3 5 14 58 00539 856 9762 9875 1814 5853 18588 524 5134 8331 08218 1945 620139
1 8 4 6 3023 83 62 5 8 75 8 2 9 6 28 7 0 7 5 8 2 912 92 49 5 5 54 75 56 711223 169 8143 957
020 324 8 4 10 9 5 12 87 0 8 52 327 7917 14 2214 82 6 912 12 4915 99 5 7 1238 49 449 63 2749 8719 6202
12358 1192 14265 8710 5492 3 8 42 95 19784 014 6992 2817 1299 5488 12258 924 8139 5842 83013 9758 665168
7 4 5 7 5623 48 26 4 5 16 9 2 1 7 58 8 8 7 6 5 2 458 62 42 9 0 44 92 24 690224 104 8174 556
129 328 5 9 92 2 3 02 89 8 1 99 988 1484 10 6814 16 8 712 19 4015 69 9 5 1271 17 473 11 2845 8192 8514
62913 1179 74515 8714 5124 3 8 12 98 62892 810 7912 9552 9265 8914 82215 768 7534 3972 97943 3653 196098
1 2 3 8 8128 84 32 5 4 92 8 7 6 5 39 7 3 5 8 5 1 469 15 40 9 0 24 18 23 891249 194 5580 658
129 173 5 5 70 9 2 12 85 7 4 82 598 1283 15 4516 14 4 989 71 7317 19 9 5 7286 12 405 15 9245 8912 8010
39506 0985 03970 8352 3148 7 5 02 98 92972 015 8992 4817 0245 1413 12085 137 2036 9313 56215 1853 128167
6 2 0 4 0023 88 12 5 0 70 0 2 0 2 28 9 7 1 7 5 9 904 92 96 8 7 27 63 79 887827 159 8353 495
127 902 1 9 12 6 2 84 89 3 2 82 953 6614 15 2314 12 6 582 15 1434 22 3 7 1399 92 415 67 7640 8816 7917
17610 9135 10818 8698 5021 9 6 78 38 97866 885 8972 7819 1214 7453 18885 924 5834 5302 93413 1153 922119
1 5 7 8 5673 95 62 9 9 12 2 2 8 8 78 5 2 1 6 5 7 712 77 46 8 8 28 12 88 596973 194 8127 556
194 456 9 9 82 9 2 12 87 7 1 84 977 1234 15 2816 92 7 910 84 1245 18 3 4 4289 19 117 18 4603 6719 5988
14317 4535 63205 1702 5181 5 7 12 98 12642 057 1719 2018 1231 5416 90239 268 5934 7332 59213 7336 723198
9 2 3 7 5193 59 82 4 9 59 5 8 6 1 78 2 2 1 6 5 5 912 71 45 9 8 85 19 02 890700 189 8020 814
94 969 5 2 42 5 4 22 89 7 2 22 480 6614 17 8554 91 9 285 06 6615 12 5 5 9783 11 415 12 2179 8712 8314
84874 9155 53235 5272 5025 8 8 19 97 18178 816 3979 9702 1756 5493 87215 338 5139 7642 59216 9879 125193
5 3 3 4 5123 71 55 6 5 68 9 7 8 1 00 9 4 0 4 5 0 918 82 45 8 0 24 12 56 791283 337 6129 526
823 923 5 3 10 8 2 72 89 7 3 92 896 1816 15 2310 62 6 796 14 1985 12 3 8 1276 12 499 91 2146 8785 8112
98899 0777 96212 8766 5940 3 0 17 98 19932 865 7911 0819 8975 8436 19275 183 6134 4312 74593 1703 928193
7 0 3 4 5126 40 12 9 5 12 5 2 9 1 00 8 4 1 9 5 1 002 12 83 9 9 44 68 23 790073 534 8049 556
133 023 7 3 10 8 2 12 99 5 1 87 287 1284 15 9388 12 9 999 54 2235 40 3 2 3289 22 885 10 6157 9512 8912
17313 1136 13405 8719 5685 8 5 82 98 16330 882 5671 4812 4215 5434 52265 124 8114 8976 59213 5581 145198
6 2 2 6 8829 65 15 5 4 62 9 1 7 1 77 7 9 0 3 9 7 912 29 38 4 8 29 16 28 876216 184 8123 556
545 158 5 9 62 9 8 12 39 7 9 82 919 1014 89 2318 19 2 613 97 1895 92 5 5 7289 39 390 15 9624 8756 9906
62616 8165 15839 0712 8851 3 0 12 98 79048 865 8812 7612 0213 5458 56497 524 5135 5812 53813 3865 130198
1 9 7 9 2193 72 12 5 5 14 9 9 7 5 28 0 2 1 9 5 7 502 14 55 9 8 04 12 26 899263 120 9723 259
223 173 5 9 52 8 9 56 82 2 1 82 987 1218 10 8514 72 4 912 88 8715 44 3 5 1999 54 454 12 2198 8715 8918
26934 1438 13262 5692 7139 9 5 60 78 12142 874 8917 9619 8715 3348 17855 324 4134 5816 53269 9123 827790
1 6 3 1 7128 43 97 5 8 16 9 2 3 9 77 6 2 3 8 6 8 672 05 83 7 0 75 18 28 805993 027 8224 553
565 120 5 6 95 8 7 12 86 7 1 84 976 8864 15 4610 98 4 912 39 1259 12 3 5 7989 98 415 72 2195 6712 8479
92380 9165 19215 8618 5160 9 5 12 98 52016 815 8912 9888 6715 9408 52855 474 5192 5952 81212 4157 495898
1 6 3 8 9923 92 92 3 5 82 4 5 8 1 59 6 2 7 4 6 9 671 15 35 9 8 94 62 73 891273 174 8528 376
923 105 2 9 12 9 5 52 32 7 1 89 327 1854 16 6974 42 4 012 71 1868 29 5 0 8089 72 719 13 2945 8712 8998
13314 1130 63848 0062 5128 5 5 18 97 12172 813 8802 2856 5285 2819 99119 324 5134 8086 55219 1656 125198
9 7 3 7 5523 65 15 9 7 92 9 2 0 3 29 5 2 1 9 6 1 611 16 74 8 8 54 12 88 821226 867 8177 546
660 193 9 9 11 8 2 88 04 2 7 48 987 1694 16 2314 62 4 910 15 1275 12 5 7 1489 86 414 92 0645 8982 8717
19393 6130 13285 4732 7679 4 5 17 38 72082 967 2992 0852 1253 0013 12516 824 4814 5312 24314 1173 195498
1 2 3 4 5193 84 60 5 5 32 9 7 8 4 28 9 2 6 4 7 1 067 92 58 4 9 26 72 03 497237 027 5797 844
477 473 5 0 38 8 1 12 89 4 8 33 280 1264 59 2316 00 8 401 04 1615 12 5 5 1269 16 485 12 8145 1782 3912
12313 4138 16718 8717 5105 9 5 62 87 92150 815 8942 5939 1515 1569 10275 724 6394 9397 64211 1353 185158
9 2 9 5 5127 45 10 8 0 12 9 2 8 7 45 9 2 7 6 5 1 532 22 47 9 6 34 18 33 861264 734 5025 896
839 623 5 4 02 8 2 12 85 8 1 62 767 1508 95 2318 12 4 912 65 1217 12 7 5 1278 89 739 17 2185 8213 5052
06398 5180 19905 8512 4101 0 5 37 78 82887 810 8992 0613 8215 5953 52290 968 5184 5312 87203 1453 354096

47399 1588 13215 8554 5424 8 0 12 68 00182 810 7452 9960 8815 4036 51223 724 7194 5895 53213 7653 125940
8 5 8 4 5123 75 32 5 6 86 9 2 3 1 28 9 8 8 4 5 9 987 55 55 9 8 74 93 54 899888 134 6909 525
833 154 7 9 18 8 2 35 89 5 1 42 781 9520 15 2574 15 4 966 14 9212 12 3 4 6287 12 715 26 5135 8912 8916
12711 5135 79831 8712 4191 8 9 48 68 14410 805 9710 9812 5205 8447 71218 925 0117 5674 99633 1153 525195
9 2 3 4 3173 28 02 4 6 52 9 2 9 1 38 5 2 8 4 8 1 012 82 49 3 5 24 93 03 899159 924 4753 876
57 983 5 9 12 8 2 32 88 4 1 42 897 4278 69 2614 06 4 919 14 1213 82 5 3 1289 16 485 55 3045 5756 8912
12313 4545 13803 8932 5191 0 5 12 79 82153 876 8886 7012 1200 7463 12255 197 5994 7912 58887 0159 195878
1 9 5 9 5285 35 12 0 5 30 9 0 7 8 27 6 3 1 1 5 9 746 12 45 5 5 24 99 73 798223 184 0143 527
383 683 9 9 10 7 8 24 82 8 1 88 957 1904 15 9714 12 4 510 19 1275 16 3 9 1209 14 435 82 2195 8719 8905
12353 9098 63272 8612 5529 3 5 19 40 12842 924 9912 9812 7810 0441 18211 194 7734 9397 90860 7458 126108
0 2 5 8 5123 93 12 8 0 82 5 2 3 4 46 9 2 1 4 6 1 982 17 95 7 3 20 62 27 057029 127 8524 156
123 953 5 7 19 8 2 62 89 7 7 84 784 1364 15 2314 70 4 072 04 1815 15 8 5 8282 12 419 19 3145 8792 8972
89960 1137 16214 7719 7120 8 6 62 98 52172 995 6979 5712 9875 5853 76570 124 5134 3346 73218 1180 835896
1 9 4 4 9923 92 77 6 2 12 9 2 7 3 29 9 4 8 8 5 1 618 72 07 0 8 34 11 48 997763 824 8388 896
523 023 9 9 82 8 5 22 59 4 1 73 927 1718 55 7335 12 5 982 14 9278 62 3 5 7353 12 806 82 8277 8705 8915
32313 1730 33285 9552 5821 3 4 12 90 06812 519 3982 9853 0418 8433 62217 926 4634 7560 53215 6473 147828
5 2 6 2 5223 42 14 5 9 17 3 9 0 9 62 8 8 1 4 5 6 762 92 55 6 8 47 12 63 899233 724 7041 556
822 873 5 9 32 9 0 19 87 0 8 65 382 9597 15 7316 16 4 912 14 1215 50 3 5 4085 12 015 12 7245 6788 8712
12313 1335 19710 8812 5171 3 7 82 68 12802 810 8984 9812 3255 2419 37216 154 4148 5099 53210 9197 135199
5 9 3 4 7824 49 32 8 9 99 1 2 6 8 68 7 9 1 4 9 4 012 18 45 9 8 29 18 84 245328 580 8193 809
622 127 5 1 66 8 2 13 59 5 1 82 888 5118 02 2889 16 4 912 95 1395 12 3 5 9277 12 716 26 4147 8719 8195
92580 1982 10711 8718 5821 6 9 19 98 92292 815 8912 7512 9895 5469 89955 074 8852 5272 53219 9953 545879
1 7 3 4 4370 47 12 1 3 17 9 2 5 1 28 9 2 8 9 5 6 322 18 45 8 5 29 42 88 891558 108 8123 556
473 153 5 7 60 8 9 02 89 0 9 84 897 1660 15 6014 12 4 912 78 7285 14 3 5 6881 05 210 12 5146 8981 7818
12898 1836 16255 8092 5428 3 2 18 98 15702 037 8912 9512 5718 5419 17785 124 5167 5315 83593 1153 154139
5 5 4 4 5163 37 16 5 9 84 9 2 0 1 29 9 0 6 4 5 7 012 19 58 6 8 77 18 61 895293 449 1823 559
439 991 5 9 84 8 7 82 89 2 5 82 980 1284 15 8586 12 4 948 14 1217 19 5 4 1985 99 665 82 4743 1712 7948
12997 1030 10099 8812 5980 3 5 82 99 12175 513 5957 9512 4875 9540 16215 264 7648 9912 53213 6103 125866
1 2 0 4 5140 15 15 5 5 12 0 8 1 0 13 3 2 6 4 1 1 814 18 44 9 8 97 12 73 791483 128 8165 556
673 195 5 4 92 8 2 98 89 8 1 86 994 7215 95 2614 82 6 512 14 1595 16 3 5 1285 85 418 52 8585 6892 0612
39347 1139 93255 8702 5130 3 0 15 95 97180 817 8919 5017 3695 8873 48815 128 5834 3717 13057 8803 125731
1 8 6 4 7123 95 82 5 7 52 9 2 7 9 27 4 2 1 4 5 9 962 12 40 0 6 94 27 29 891423 129 9328 876
153 120 9 9 61 6 7 01 69 8 8 82 068 0214 85 2754 13 4 850 10 2285 12 3 8 9259 74 615 12 2909 7746 5092
1 0 3 7 3223 49 52 5 4 17 9 2 5 1 42 4 7 9 7 5 1 912 15 49 9 8 71 89 28 283028 109 8023 556
193 193 7 9 03 8 2 12 89 6 7 62 975 1014 59 2312 12 4 716 04 6793 57 3 0 7787 25 963 59 2345 8916 8989
77085 1235 76819 8792 6781 3 5 52 88 72280 700 7362 9812 1217 3213 92715 163 4804 5703 83363 3177 723738
7 6 9 4 5523 41 07 5 5 10 7 3 9 1 48 3 8 3 4 8 9 952 75 45 4 8 07 18 13 801983 124 8597 556
85 423 4 3 94 8 2 18 59 5 6 52 119 4934 03 2312 88 4 919 78 1246 82 1 5 6283 82 445 91 0949 8712 4482
82515 1937 40245 5796 9567 6 5 19 58 12182 825 0656 9612 1219 5413 02015 284 5222 7315 93789 3883 123110
1 5 3 0 5026 45 15 5 4 12 6 9 9 0 28 1 2 1 4 5 0 769 12 45 9 8 67 12 73 853289 929 7523 517
426 196 5 9 10 6 6 69 89 8 1 01 936 7724 95 2968 12 4 946 44 1210 22 3 5 1759 86 490 10 2969 9809 9072
12399 6134 63848 3713 5128 3 6 12 37 17182 815 8619 8816 8215 5913 12449 220 0735 0292 53017 1160 105117
1 5 3 4 5123 97 95 5 7 12 8 2 8 1 48 6 5 2 7 0 1 912 13 55 7 5 24 66 23 801539 134 3193 255
593 943 8 9 46 8 2 86 38 8 1 52 088 5298 05 0384 12 4 919 74 2817 91 6 5 5489 35 479 12 7045 0722 8911
82375 3135 13295 6982 6521 3 5 12 98 65136 835 8875 9932 1255 7413 52286 193 9136 9310 43403 9199 975093
7 2 3 4 6508 45 92 6 5 12 6 2 0 6 26 9 2 1 2 9 1 932 72 47 9 8 20 19 24 997023 123 5108 655
095 426 6 9 02 8 2 16 99 7 3 27 967 9874 07 2314 11 4 912 88 6249 18 7 8 5905 44 419 76 2746 2778 3982
12643 4135 16969 0769 5547 3 5 58 88 21152 470 9909 9810 7295 5579 02088 669 5133 4012 33818 1163 075898
9 0 3 4 5126 42 12 5 0 68 8 3 8 7 43 9 8 9 5 7 1 912 12 49 7 2 24 16 74 791063 124 5722 538
629 518 5 3 12 7 8 89 69 8 1 82 380 8262 85 5619 15 0 912 08 1219 15 1 8 1489 52 717 60 5179 8192 6712
02313 1136 97118 9796 7128 3 5 12 48 02741 817 8987 9812 9468 5836 12115 574 0184 5360 93213 4158 128198
7 2 6 5 5120 29 52 5 7 18 9 7 6 1 28 9 2 1 4 5 1 718 92 45 7 6 54 62 24 081823 126 8531 546
118 163 1 9 12 8 2 80 87 8 3 12 987 7232 10 8913 17 6 219 94 5214 12 3 0 6256 12 698 21 2985 8460 9892
32693 1978 13015 8712 5779 6 6 19 67 19197 816 8919 8657 5715 8963 80915 424 0514 2314 53274 9173 625148
8 2 4 8 5193 55 12 4 5 18 9 7 9 1 68 7 6 5 3 8 1 839 12 45 9 9 64 15 29 699734 684 8123 556
173 798 5 9 16 0 2 12 89 8 8 27 980 1060 16 8317 12 4 414 74 1218 67 7 5 0573 12 510 62 2374 8776 8912
17313 9635 73213 8912 5171 4 7 15 98 72162 565 8949 3892 3218 8419 82585 124 0195 9785 23267 1653 805145
1 2 3 4 5163 65 19 8 8 09 8 2 9 8 48 7 3 9 4 5 1 973 43 42 3 8 09 82 23 867924 927 8131 556
893 170 4 7 36 8 2 12 89 7 1 98 987 1514 99 2717 11 8 880 54 0819 12 3 7 1382 29 567 19 2359 8802 4918
22348 1167 03215 6917 5121 8 8 15 98 92102 817 8816 3612 6915 6670 42275 765 0534 5913 53318 1553 183168
1 9 6 6 5183 75 72 5 7 12 9 3 9 1 29 9 2 1 7 5 1 052 82 69 6 8 47 53 03 476556 126 8933 498
967 923 7 9 12 8 5 10 69 5 6 97 137 8774 95 7362 02 7 912 13 1274 72 7 5 1229 36 827 11 3046 7118 4785
13739 1335 67335 0712 8807 1 7 62 94 07152 879 8970 0921 1298 5513 12266 999 8164 5585 43113 4953 625549
1 6 3 4 5854 45 37 5 5 05 9 2 4 1 47 9 2 5 8 5 1 912 97 45 0 8 94 74 17 899250 126 8103 656
923 163 4 9 14 8 6 62 84 8 1 39 907 1218 01 2814 76 0 810 39 1793 13 3 5 6298 02 485 12 9345 9012 8817
94914 0135 14315 7782 6128 2 5 48 99 32732 888 8929 9858 9215 4474 22310 824 6884 4375 87603 1153 185199
0 2 3 5 5843 45 00 5 8 92 9 2 0 1 74 9 2 1 4 5 1 982 18 35 0 7 24 18 27 893853 144 6800 754
963 820 5 5 17 8 2 72 89 9 1 82 603 1319 95 8314 92 0 968 16 9918 42 3 5 1983 03 935 12 9145 8688 8089
12117 1145 65910 8719 5198 3 6 12 99 92972 895 6848 9918 9757 6310 19215 218 5934 7312 50213 4403 195384
5 2 9 5 4120 48 62 5 5 10 7 9 7 1 28 9 2 6 4 5 9 985 77 75 6 3 84 96 26 891729 834 5228 706
59 604 5 5 09 2 0 78 79 4 3 95 964 1214 76 2314 12 7 533 14 0919 42 3 5 1244 42 513 32 3995 8719 6812
52313 7095 93992 3702 5981 3 9 52 99 12192 815 0917 9712 1516 5903 02210 420 7709 7317 54212 1143 835168
1 3 0 4 5808 44 17 5 4 87 9 3 0 1 28 0 2 1 7 5 8 958 12 83 8 8 99 72 68 795527 185 8673 556
539 128 5 9 13 8 2 92 89 9 0 82 927 1617 35 2304 92 8 918 94 3214 72 0 7 5839 02 113 10 6145 8386 8909
40389 3791 19015 8998 5931 9 7 89 97 58432 879 6575 9899 7985 8416 95815 824 0134 5929 53217 1151 192198
9 2 9 4 0140 48 80 5 5 12 9 8 1 3 28 3 2 3 6 8 1 582 10 35 7 8 94 92 23 891728 185 0883 803
667 977 6 9 99 8 8 02 69 6 1 38 629 1214 57 1804 18 9 910 96 1290 17 3 5 1289 96 445 62 2125 8340 8317
15394 1735 07215 6907 6101 7 3 85 98 18084 802 8912 8852 9015 0410 85215 124 0834 5689 03913 5357 135190
1 8 3 4 6173 42 12 5 5 90 8 7 6 1 28 9 2 6 4 6 1 472 77 35 9 4 54 72 78 891275 124 8723 258
676 153 5 9 14 8 2 22 59 7 8 36 964 1894 49 2610 39 4 910 19 4713 12 9 6 1689 35 419 12 8145 6812 8586
14953 1136 77618 8619 5896 8 8 52 98 92992 915 8980 5812 1734 1905 12715 484 5124 5387 53553 4355 199195
9 2 3 1 5163 45 17 5 5 43 9 0 9 5 29 8 2 9 9 8 1 312 13 97 9 8 04 52 50 881143 614 6526 859
025 125 7 2 16 8 7 12 29 4 6 42 869 1294 45 2394 02 9 722 17 3975 10 3 5 5284 12 489 15 2347 6812 4015
88919 9165 19218 4788 6861 3 7 67 68 22142 813 2982 0749 9715 7596 17684 134 5133 9316 53813 1053 385188
1 4 8 4 4163 05 32 5 3 62 6 2 8 1 48 0 5 9 4 5 3 949 12 79 9 3 19 92 25 961273 620 8527 546
154 469 5 9 19 8 2 19 84 0 2 82 987 1616 92 8314 14 5 952 16 5217 72 3 7 1186 92 915 16 8145 6712 8992
13313 1133 66203 2912 5521 3 5 62 94 92389 919 8984 9818 1415 5413 62295 793 5954 5562 56270 9053 125438
7 2 6 4 1199 09 18 5 5 60 9 2 9 1 98 2 5 1 4 2 5 502 12 87 8 4 70 17 21 701308 194 8953 558
718 653 5 8 19 9 8 12 89 6 5 42 080 1181 94 2078 16 6 618 49 1715 92 3 1 5589 58 412 14 6145 8712 8972
12589 1419 53219 8717 5120 3 5 12 94 19867 713 9972 0810 1215 5413 02295 126 7184 5592 58213 1753 126968
1 4 3 9 5696 85 92 7 5 19 9 1 4 8 88 9 7 8 4 5 1 932 89 96 6 0 29 12 23 791923 125 8324 096
987 124 2 0 15 8 4 10 89 7 7 88 959 1217 88 2365 12 4 219 16 6269 84 8 5 1589 62 444 19 3945 6119 8494
52773 7039 83385 6714 5121 3 5 32 98 95142 465 8510 7812 1615 9878 12215 128 3038 8300 63713 5053 125198
0 2 5 7 0125 35 22 7 5 68 9 8 8 1 57 3 2 1 4 9 1 807 82 44 8 7 24 23 23 078223 928 9120 756
173 423 5 2 78 8 2 03 09 7 1 82 997 1265 99 2319 22 0 582 37 1285 12 5 5 5288 64 405 09 6157 8782 8712
12314 9865 63218 6912 5501 9 7 48 98 42146 028 0993 0749 9295 5992 12710 175 4135 5668 93513 1973 625143
1 2 8 5 5758 44 12 5 7 12 9 2 0 4 08 5 2 4 1 3 1 966 15 46 8 9 63 82 93 861504 124 4151 576
023 883 5 9 12 8 5 19 89 8 1 86 506 1224 15 9314 12 9 918 94 8279 19 3 3 4688 19 485 72 8199 0716 9992
42513 1893 93045 8712 5161 3 5 70 38 12076 964 7312 3884 9260 6413 17935 254 5104 6385 53023 8650 694928
1 9 0 8 5623 46 16 5 2 52 9 2 6 5 28 9 9 3 0 9 7 702 72 57 9 9 24 02 20 991829 194 8159 545
193 163 8 9 12 8 2 46 89 8 8 92 987 4324 69 8164 12 8 997 59 5267 92 3 5 1389 92 513 85 7942 9212 1037
17267 4876 33315 8762 5577 3 8 12 08 16159 875 8936 7846 6284 6917 64277 795 5434 3379 61273 7468 098198
5 2 3 4 8123 96 12 0 9 12 9 2 7 0 28 3 5 1 4 5 1 972 16 06 7 8 47 19 73 898223 178 4687 446
58 183 5 9 16 8 2 22 86 6 7 88 937 1388 15 2084 72 4 918 36 6215 12 4 5 8287 19 642 15 2145 8713 8916
63853 6775 13715 8712 5171 0 7 18 88 10192 865 8919 8712 1455 5913 12215 128 5538 5317 56223 1553 175947
8 2 5 6 6123 40 12 7 4 92 9 2 3 3 27 8 5 8 4 5 3 912 93 92 9 9 29 12 61 896223 904 8196 536
163 924 8 7 82 8 8 14 77 9 3 85 987 4644 16 6368 16 4 811 57 0295 14 3 8 8289 42 417 62 2198 7712 8815
07913 5175 72255 2749 0157 8 5 12 98 33692 918 9860 9812 1615 6706 95215 120 9946 5595 53918 2949 825098
1 9 6 4 5803 95 52 5 4 12 6 2 5 8 79 7 2 9 4 0 6 912 32 46 9 8 24 12 22 835820 124 6123 557
553 173 6 6 12 8 2 14 83 9 9 88 987 6754 78 2768 10 4 912 14 8735 19 5 2 1287 12 455 12 2167 9816 8872
19317 4976 03519 8059 5101 3 5 12 14 10492 819 2910 3819 1615 4485 12755 124 2594 1716 58583 9753 925198
6 9 3 4 3106 65 22 5 0 12 8 2 7 9 93 9 2 1 4 1 5 812 12 91 9 0 27 82 29 898729 125 7406 766
729 123 7 9 52 8 7 82 86 6 6 92 827 1914 02 3364 28 4 968 05 6756 12 3 6 1289 10 415 39 5185 8616 8999
92413 5745 16058 8792 9999 6 5 69 28 12113 288 8912 9856 1415 5470 89496 174 9734 5376 53610 7055 137990
9 2 6 8 0128 45 02 7 8 69 9 2 6 1 95 4 3 1 0 7 0 972 37 48 6 8 28 06 23 493202 174 8728 557
123 933 5 3 12 1 0 12 99 8 1 82 787 6894 85 9760 19 4 965 89 3255 70 6 5 0887 16 057 52 2105 8462 7912
12312 1108 63232 8815 7549 5 5 12 96 57182 570 5714 0816 1415 3434 82215 564 8414 7396 53866 8865 178274
5 2 3 6 5226 05 19 5 8 19 8 2 9 1 28 9 6 8 4 5 7 658 52 05 0 8 26 12 93 691683 127 8123 556
186 015 3 9 12 8 9 12 80 7 9 17 380 6884 15 3354 18 7 783 48 9215 17 3 5 1284 85 411 12 8145 4317 8912
15319 3888 88219 7799 5821 7 4 02 48 82565 815 6812 4812 8412 5419 12245 129 5339 3306 53163 6453 126198
1 9 8 9 1193 55 22 6 5 02 5 6 4 1 08 8 9 1 4 5 7 422 85 95 5 8 99 12 20 561360 350 8724 466
820 423 5 9 29 8 2 97 89 5 1 82 887 7216 65 2314 10 2 912 13 0979 82 7 0 1599 79 419 12 2115 4015 8469
12316 6934 45417 8719 5162 3 0 12 06 12872 861 1602 5812 1586 6518 12965 185 8949 5338 03604 9118 135198
7 3 3 3 5923 45 59 5 9 04 9 7 8 0 08 4 8 7 4 2 8 953 12 48 9 3 04 19 23 818933 838 8123 973
913 473 5 9 12 8 1 82 50 8 0 89 788 1039 15 2098 92 8 982 97 1654 32 8 8 1280 97 485 60 3635 5788 0311
36382 7035 33808 8712 5121 3 0 32 98 76652 305 4343 6096 6576 5493 20719 964 6096 5366 98273 1133 735799
1 7 9 4 1620 49 52 0 0 52 9 8 4 1 28 7 8 0 4 5 1 912 39 46 9 2 24 18 63 841223 828 7687 589
427 243 5 8 62 7 2 18 87 5 1 52 987 1924 85 2357 19 9 692 65 1215 12 3 8 1669 77 475 98 3149 8792 8125
26843 4884 93401 1782 4921 8 7 11 96 14187 217 4652 8872 0568 7453 12166 124 5837 5807 56213 6183 885098
1 2 3 4 9127 97 12 7 5 51 9 5 2 7 48 5 6 8 4 9 9 610 92 45 8 8 04 12 53 991525 124 8863 756
629 623 5 5 42 5 4 14 89 8 9 82 607 7484 94 2614 15 7 483 34 1281 72 3 7 1229 12 495 62 8545 3312 8414
01313 1137 94012 8718 3903 3 5 32 98 84980 815 8942 8646 1215 5717 18205 089 5494 7112 59217 1159 785067
4 6 3 7 5083 25 19 5 5 73 2 6 9 1 28 9 6 7 6 5 6 386 42 49 9 6 24 12 28 951220 774 8173 556
123 455 7 7 10 0 7 92 69 9 1 92 147 2315 21 1934 97 4 222 04 1953 14 3 5 7284 19 485 12 7445 8728 1902
12303 5672 13045 8739 5180 3 6 12 93 02180 015 8802 9812 1785 5488 12281 620 2445 3770 43216 9197 825198
1 5 8 4 5523 75 12 3 8 60 9 3 9 7 29 7 7 1 4 5 1 252 18 45 0 8 24 06 29 811223 122 8359 856
58 123 5 9 82 8 2 52 89 7 1 82 782 8214 15 4359 78 9 966 44 1297 89 3 0 1559 16 495 15 2545 8702 8912
17317 4105 23216 8719 2181 3 6 12 50 18522 805 9012 9409 4218 5494 22618 145 5130 5312 45273 6557 120190
3 0 5 4 5983 05 92 4 9 59 9 3 6 7 28 9 4 1 4 7 0 939 18 37 1 9 28 72 23 887223 926 8893 157
223 883 9 0 62 7 2 09 89 4 1 97 981 9776 76 2716 98 2 782 16 1686 12 8 5 1999 12 410 14 2475 9912 8712
70383 7837 99515 8517 4126 6 5 16 28 15132 898 8915 4782 1729 4813 10213 165 8554 5314 80213 1686 059178
1 2 5 4 8124 75 92 8 8 12 3 2 5 9 29 9 9 1 8 2 0 842 12 75 7 8 88 26 20 895298 924 0173 876
273 186 5 9 86 8 9 83 32 9 1 56 787 1492 14 2384 77 4 668 38 1978 92 3 5 0599 12 468 12 5445 0012 8314
15015 1630 11998 8772 6129 4 6 18 88 17147 895 5912 7188 9345 7413 72975 228 5488 2314 59211 1153 665198
1 5 7 6 7822 05 96 5 5 82 3 8 9 2 28 8 2 8 4 5 3 919 16 75 7 8 04 62 53 146723 884 8481 126
183 183 5 9 15 0 2 88 80 1 6 86 987 7204 18 2786 12 4 805 74 1615 12 9 1 1784 12 320 31 2185 8752 3212
12353 6435 87684 8482 4191 9 9 17 48 17136 815 8912 9810 9215 8413 31215 159 5131 9312 58615 1393 155895
1 2 3 4 5125 45 97 3 5 12 5 3 0 1 28 9 0 1 4 9 8 334 95 40 5 8 38 62 33 981247 124 8196 556
243 999 9 9 18 8 3 12 87 8 1 89 987 9218 75 9314 32 4 912 13 4212 17 7 5 1779 32 716 17 6184 5715 8912
62313 9077 15265 8765 5821 3 5 12 88 69171 689 8572 9816 1915 2443 55217 528 5954 4862 93213 4153 126728
9 6 3 4 5195 75 12 5 3 72 6 2 8 1 88 9 2 1 5 5 9 918 62 45 9 0 24 18 63 894293 124 9958 557
723 928 8 2 12 0 2 14 89 6 1 82 787 9584 16 2387 12 4 995 14 7266 18 8 2 1228 65 452 02 2168 8722 8614
03863 9035 14915 6773 6186 3 7 69 98 69174 815 8912 9892 1810 5015 16285 124 5534 5216 57289 5452 125464
1 2 3 4 4703 49 86 5 0 28 7 6 7 1 98 9 7 1 5 4 1 899 15 44 6 8 44 10 89 491033 111 8955 506
183 623 3 9 16 8 2 62 89 9 6 46 947 1297 05 7310 12 4 818 94 1898 76 3 6 1299 12 655 72 2846 6412 0902
59413 1177 19215 9712 9121 9 5 12 98 82102 885 8677 9910 1215 5483 12805 681 5839 4872 53618 6158 125198
3 2 3 4 5103 95 98 6 5 12 7 3 9 9 24 9 2 9 5 5 1 912 12 45 8 8 80 12 23 805525 124 8126 656
113 123 4 9 76 8 8 60 09 8 1 62 017 1264 15 3318 42 9 917 94 8296 12 9 5 1489 12 915 14 2745 8110 7612
16318 1156 16917 3512 2171 3 7 19 98 53162 866 8312 9812 9286 5410 92516 084 5233 5112 53213 1959 390248
9 7 9 4 5729 45 10 5 5 63 9 2 9 4 80 9 7 7 3 4 1 958 12 57 9 7 34 17 63 095223 993 8688 856
900 792 1 9 84 9 5 06 89 5 1 82 987 1224 88 8344 62 5 950 74 1917 15 6 5 0969 82 388 93 7345 8712 9918
22376 9878 63817 6417 5128 4 6 97 90 12042 516 8926 6512 6015 5413 96213 864 8144 8357 83073 3169 130555
6 2 3 4 5049 05 72 5 9 24 9 2 6 7 98 6 2 1 8 9 1 992 78 49 5 8 77 36 23 896623 524 8121 956
983 593 5 9 72 8 4 30 86 8 9 57 867 1214 10 2316 12 9 418 14 7013 04 3 5 1200 00 468 12 2145 9818 8982
58313 4199 79285 8708 5127 3 6 10 98 10155 446 4918 7817 5750 5443 11815 632 5134 5582 53847 0941 128188
0 2 5 8 8023 98 09 5 5 90 7 2 7 1 67 9 8 8 3 5 5 665 72 99 9 5 54 12 22 859220 125 3123 956
177 127 9 9 72 8 9 12 89 9 1 82 599 1244 73 7019 42 4 712 14 9415 18 3 5 9289 12 914 42 8185 8799 1638
14438 1747 16206 2312 9881 5 5 12 79 92852 950 8862 7292 2615 4718 82414 994 4184 5532 59213 0490 165793
1 9 3 6 9023 75 62 5 5 10 9 2 5 8 55 2 2 9 4 5 8 972 42 40 9 8 25 19 11 091273 254 0115 566
56 824 4 0 52 0 9 12 88 7 1 82 967 1914 15 8690 82 4 914 18 1417 12 8 8 1245 80 414 10 0346 8910 8998
12313 7375 73275 7719 5121 0 7 62 78 82142 888 8912 8812 9215 5410 32539 056 5734 5312 53269 7183 195698
5 2 0 2 5173 33 12 6 5 12 9 9 5 1 28 9 2 6 4 5 1 612 50 46 9 8 74 17 83 572299 385 6183 550
123 625 8 0 02 0 2 84 75 1 2 82 083 3215 55 2864 95 4 675 84 7595 12 3 5 6288 12 415 12 5785 8909 9652
46113 1431 13213 8362 5103 4 5 42 98 72182 815 5962 9716 7879 4409 59719 164 7183 2912 88413 6167 920177
1 2 3 6 3928 47 76 7 6 22 8 2 7 1 28 9 4 1 7 7 1 652 14 42 9 6 24 85 25 798522 125 4193 566
894 723 4 9 10 8 9 02 95 8 1 89 987 1784 87 7374 12 4 919 49 7715 60 4 5 7645 19 084 08 2100 7512 8412
74363 1085 85118 8516 7120 4 5 98 55 52070 615 8910 9882 9217 5983 06729 142 9108 5312 76263 9193 185188
4 2 3 5 5625 49 02 7 5 12 9 2 9 2 25 9 3 4 4 5 5 977 14 66 7 1 94 95 23 891205 424 7179 586
723 729 5 9 18 8 7 12 84 6 1 22 983 1444 59 7673 72 4 522 17 1210 69 5 7 3279 12 415 12 9515 8746 8210
16166 8715 23217 7370 5199 6 5 32 35 19826 815 9962 9819 7822 5413 17275 113 5434 5382 63113 9603 929898
6 2 3 7 5123 45 12 5 0 02 3 2 7 1 28 3 2 9 6 9 1 969 14 05 6 6 24 12 93 051281 228 9798 850
433 128 4 3 12 7 4 72 98 2 4 82 957 1524 90 2317 16 4 919 18 7714 12 7 5 8488 72 491 32 2548 8712 8172
10457 1135 19953 9742 5111 3 8 42 90 12185 805 8912 6447 1095 0706 16215 508 5944 6318 59993 8656 147580
9 6 7 7 6193 45 12 5 9 79 8 2 7 8 08 9 5 1 4 0 1 912 14 55 5 5 84 19 33 897886 194 8933 253
823 123 7 9 14 8 6 09 80 6 7 88 977 8994 14 4819 81 6 716 64 1615 82 5 9 8039 17 417 62 7748 8912 8992
83114 1235 73215 8610 8121 3 4 13 98 82282 815 8972 0113 1435 9476 02913 128 8564 6369 56503 1744 370187
1 2 3 9 5123 95 72 6 5 13 2 6 9 3 95 7 2 9 0 5 1 912 92 66 0 0 31 13 23 629959 124 0123 594
413 091 9 7 60 8 3 17 89 3 8 12 587 1914 15 7376 12 4 997 37 1215 53 9 4 4659 82 895 18 8942 8712 0939
12313 1495 76716 8712 9135 3 5 67 88 12105 276 8911 9824 1365 9413 92989 134 7159 6317 97269 1159 145178
8 6 5 3 5129 48 70 5 6 32 9 2 9 1 29 9 9 1 4 9 9 992 62 46 7 7 24 18 73 491927 124 8628 556
187 273 5 9 92 9 2 12 89 9 1 89 685 3946 02 6354 02 4 319 19 2610 72 7 5 0284 47 709 46 8645 8737 8918
19813 1136 77315 8792 5121 6 4 06 08 72198 863 9972 1982 1317 5423 95205 174 5284 9378 53913 0129 835198
1 7 6 4 5170 45 17 5 5 12 9 2 3 1 68 9 7 5 4 5 1 917 12 23 4 8 44 52 48 811223 127 8823 559
125 843 4 1 12 2 1 92 99 8 1 96 900 1204 30 9684 08 4 982 84 1275 12 3 5 4706 52 415 17 6747 5708 7913
02683 9105 73215 0717 4134 3 5 82 96 12742 715 8112 8892 1485 5793 10288 740 8136 7070 58046 1853 175891
1 6 7 6 7983 45 67 5 5 07 9 9 4 5 03 9 9 9 4 9 1 515 92 48 2 7 28 82 23 847523 127 8592 556
025 191 5 9 57 8 8 16 79 7 1 89 981 1214 10 3339 17 4 912 24 1305 12 8 6 9598 12 415 12 8135 2714 0097
12861 1139 47275 8512 9127 8 5 12 98 12160 860 8418 6812 2205 5482 50477 124 5428 9312 88619 1939 826068
1 0 3 7 5056 75 17 5 9 02 7 2 3 1 23 9 2 1 6 5 1 614 92 47 7 8 84 56 92 891843 964 8123 521
823 123 7 3 12 8 2 69 83 6 1 87 987 0251 98 9813 18 4 982 14 1516 19 8 8 1277 66 415 12 2549 8978 7942
14313 6335 13018 8712 4494 9 3 12 00 82698 810 8913 4317 8915 9813 88219 164 9962 8392 65143 6827 025188
4 2 3 4 8173 85 92 5 7 42 4 2 7 1 24 9 0 1 4 0 1 912 12 45 9 8 44 12 73 895276 675 7625 357
70 193 8 9 14 5 7 84 98 4 8 66 979 0214 86 0284 82 7 315 98 7255 58 4 9 7450 52 415 12 2595 8604 2955
12715 8195 13916 8062 2676 4 1 12 97 28562 735 8992 9812 1218 8483 92915 948 0949 5372 56565 9136 123799
5 6 7 4 6168 45 99 5 8 10 4 9 8 7 25 9 2 1 5 5 4 912 02 96 8 8 24 12 73 891229 824 8228 557
523 885 9 9 10 0 6 18 89 8 7 62 987 6289 97 2315 17 5 878 24 1605 12 7 5 4279 97 465 12 8695 3518 8486
42113 7035 15615 6791 6171 3 0 18 54 10069 915 8960 0892 1668 9413 92215 884 5144 9682 53219 7897 145156
1 9 0 4 9823 70 78 5 5 02 8 2 6 1 27 9 9 9 3 8 1 598 42 40 7 8 24 12 28 898806 074 8175 526
723 753 5 7 18 8 2 18 85 8 1 08 489 7416 45 0314 12 9 929 14 1279 12 8 5 1389 77 475 12 6595 8516 1612
89113 1745 33265 8619 9125 3 5 02 95 10044 877 9762 9812 7208 5513 18755 124 9534 3612 83213 1653 575898
1 9 4 4 6120 45 61 5 3 10 6 2 9 6 26 9 8 0 5 5 1 772 12 62 9 5 91 18 23 331653 724 6123 246
123 629 5 0 82 8 2 88 49 9 6 82 182 1287 95 9314 12 4 942 44 1215 12 8 5 1289 85 715 88 4816 8755 8926
18253 1179 53115 9718 5176 4 8 92 98 82493 845 8937 9662 1215 2436 12285 828 5134 5782 28817 9133 165198
1 2 3 4 0023 11 17 3 5 12 9 3 9 1 48 6 9 9 7 7 8 070 02 45 9 0 25 15 28 089828 029 8113 579
323 623 7 9 18 9 8 14 59 6 8 44 987 1119 05 2884 12 8 912 09 9616 12 4 5 1289 12 415 52 4167 8314 7912
28415 1188 19245 5543 6921 3 8 02 98 32183 845 8977 4319 7285 5613 82515 124 5194 8345 06210 1196 668190
7 2 8 4 9349 25 62 8 5 18 9 2 8 1 29 9 8 0 4 5 1 713 12 46 8 3 24 19 77 897225 824 8143 556
429 195 8 8 91 9 8 92 77 2 6 24 987 3364 08 2395 14 8 612 08 1615 22 3 5 9069 19 409 86 2837 8782 8610
50310 8975 83215 7749 0124 9 5 42 09 14170 815 8272 9893 1495 8656 84995 029 5191 5382 51218 1165 623197
8 2 1 4 9124 47 12 6 5 72 6 7 9 1 29 0 9 1 8 0 4 988 28 45 2 8 24 13 23 685823 124 8823 853
023 823 5 9 92 8 2 12 89 3 1 19 977 9294 84 2793 11 4 392 34 0209 90 3 5 0980 92 215 12 3245 8312 0917
92313 7835 17015 6782 5624 3 5 15 28 15193 875 4772 9812 1595 5953 05515 124 6764 5379 59053 1993 126197
9 2 8 0 5153 15 12 5 5 12 2 7 5 8 67 9 2 1 4 5 1 992 12 46 9 8 34 16 89 796627 127 5164 094
926 123 7 9 62 8 9 12 99 8 1 52 987 1914 72 8354 17 8 490 76 1200 36 6 5 1909 19 255 91 8198 7052 8918
18384 1195 14245 7715 5527 3 8 02 98 51669 959 8712 9712 1215 5410 17238 194 5132 8359 59513 1199 125788
2 0 9 7 5122 45 42 6 5 12 9 2 9 6 29 9 9 9 0 5 5 632 12 15 7 9 27 12 23 701498 428 2009 656
565 769 9 9 99 9 6 12 39 6 0 02 586 1219 84 2154 09 4 792 11 2915 19 8 6 6256 12 458 12 2245 0909 7999
12373 1638 03315 8936 1131 3 6 62 92 12896 896 8585 9864 1598 8905 12585 824 4137 5012 53771 9762 125991
7 2 8 4 8173 27 70 5 5 12 9 9 2 1 18 4 2 4 8 5 1 902 19 67 6 8 24 57 24 796877 924 9124 990
720 175 5 7 69 2 9 16 89 7 9 06 586 1428 05 9292 66 2 362 14 1217 17 6 7 1243 12 475 62 4989 8717 8912
62413 7735 74657 8392 5126 3 5 12 95 84922 880 8972 9452 5200 6477 12275 165 8189 7612 83223 9184 425175
1 2 3 9 9124 41 45 6 0 15 6 2 7 4 00 9 9 0 8 5 1 902 72 85 2 2 78 10 43 861853 464 8129 099
913 323 7 8 02 8 9 92 89 6 8 92 987 1064 45 6094 10 0 112 10 9875 72 6 5 0282 18 885 12 2640 8519 8912
12513 1175 05611 6425 8921 9 6 18 98 15196 855 7912 5462 1275 8414 95285 724 5934 5320 58210 1015 168378
1 0 9 4 6123 49 19 5 8 12 2 2 7 6 21 9 7 1 0 6 0 718 88 59 7 6 27 12 26 595826 179 8124 756
98 121 9 6 92 8 8 12 45 8 7 82 187 7816 10 6314 12 8 918 14 5915 40 3 9 7341 02 419 62 8165 4892 7052
02349 1445 83219 8742 6161 3 5 27 48 24716 725 8617 9862 1473 5588 12215 169 5876 5979 53293 8153 190198
8 2 5 7 0924 98 12 5 3 15 9 7 8 5 29 9 2 1 1 0 4 422 07 48 9 0 28 52 23 891723 127 8923 394
826 063 9 9 18 7 2 59 89 2 1 62 984 8146 85 2314 77 4 916 73 4652 00 7 5 4289 14 415 93 5672 8712 8914
12816 1135 83295 8962 1321 5 5 78 98 19189 318 8712 9802 7815 5410 17285 124 3834 3842 93513 0963 935688
1 2 4 4 3823 48 02 5 5 52 9 4 8 4 28 9 2 1 4 8 7 797 30 69 4 7 29 12 75 504223 169 8526 036
238 177 8 6 12 8 2 12 89 5 7 98 980 6234 19 9949 92 4 612 18 9535 79 3 4 1699 11 415 69 3749 5913 8919
82033 3696 73717 7702 7108 6 1 02 97 95276 988 4972 9742 1246 5717 16019 125 5154 7814 03217 0156 557292
1 2 0 4 5683 45 97 7 5 19 9 2 6 1 28 9 2 1 4 6 9 962 82 45 7 8 20 62 29 701229 334 8122 510
183 123 5 0 72 8 2 46 87 2 1 88 883 3209 15 2044 12 4 992 16 1228 96 0 5 1569 16 474 42 2845 8718 5912
12599 1130 23615 8712 5121 5 8 13 08 17122 839 8012 9115 8284 8817 11248 154 3144 1362 53374 1654 725378
8 0 3 7 7829 45 14 5 5 10 3 7 6 9 23 6 2 9 6 4 1 988 11 48 9 8 25 82 28 994326 027 0120 556
180 683 5 9 12 2 2 12 46 9 9 82 967 1204 99 2314 60 1 912 78 6245 15 9 5 1189 17 698 92 2145 5426 3515
12378 1335 67715 0712 5401 3 1 12 98 54599 065 0570 6939 1214 5417 12225 920 8137 8492 13512 1693 197106
9 8 4 0 5147 41 39 5 4 12 9 2 7 6 78 9 3 1 6 8 1 632 19 55 4 8 99 11 29 391223 194 0194 566
903 723 5 9 72 7 2 76 99 5 0 52 397 1989 82 0587 18 4 914 74 9958 12 7 5 7788 42 355 47 2195 2472 8913
68393 1635 78595 8038 5444 8 5 62 08 66190 810 8917 9812 6265 5366 86215 124 5134 0302 53611 4050 185197
6 8 0 3 8808 43 17 5 5 32 9 6 9 9 65 3 2 1 4 5 1 952 18 47 9 8 29 19 23 891281 745 8029 558
759 123 0 9 11 8 7 82 18 9 1 22 587 0258 57 2314 17 4 914 74 1919 69 3 5 8369 72 808 10 8145 8779 8978
12810 1153 19715 7832 7101 9 8 09 48 16148 885 8875 9435 1215 5719 17235 120 8984 9767 24213 1863 957578
5 2 6 9 9163 38 12 8 8 10 7 2 8 1 20 6 2 1 4 5 8 912 27 48 9 8 29 49 28 884248 194 8833 559
723 883 7 9 12 8 9 12 82 1 7 52 947 2938 15 2022 35 8 573 19 1204 90 3 2 1788 18 368 19 2945 5680 8412
52903 7734 43936 8730 5623 5 5 18 08 82180 980 8813 9872 1215 6813 67688 198 3434 5382 77413 4173 125188
7 2 3 4 4823 07 72 7 7 85 9 2 4 9 08 9 2 1 4 5 1 967 17 49 9 6 54 82 87 491273 124 8147 559
573 828 5 9 15 8 6 12 67 3 6 82 987 4514 15 2618 19 9 988 18 1690 12 3 8 1286 12 019 42 3189 6502 8955
82353 5539 13258 4712 5421 3 9 62 98 02162 817 8942 9512 7275 5413 99519 624 5984 6432 53809 1899 140158
1 2 5 4 5123 09 92 5 5 11 0 2 7 1 22 4 2 1 5 4 4 956 13 26 6 8 95 12 29 890823 324 6523 532
753 975 6 0 19 4 2 02 88 0 1 02 589 9815 11 3714 12 7 472 15 1615 95 6 9 8907 18 499 18 1148 8719 8114
10813 7735 13289 8992 5269 3 5 62 98 93171 816 6531 9817 8276 8413 06756 122 6005 4392 89211 7803 927098
4 2 9 4 9111 45 82 9 5 11 5 4 6 1 87 8 2 1 4 3 0 015 52 44 9 8 34 17 50 891263 144 5193 456
184 123 4 9 85 6 2 63 94 9 1 82 977 1234 77 6744 52 9 912 37 5748 72 3 9 1980 99 785 82 9745 8512 7119
17392 1177 13292 8457 7109 9 5 18 98 17183 859 8993 9929 1816 5418 12808 924 5954 5316 93694 4149 735899
1 2 9 4 5563 65 32 5 7 72 9 2 9 1 17 6 9 1 6 1 1 385 12 79 9 5 28 12 13 401523 124 8623 650
57 123 3 9 14 8 6 67 79 7 1 82 582 1934 15 8864 98 5 999 17 7095 18 3 1 1939 12 418 18 7145 8782 2918
19315 9235 19368 8710 0174 4 4 75 98 34962 895 2919 9965 9219 9493 32715 134 5147 6362 99213 1043 729258
1 9 3 6 8424 89 10 9 7 72 9 9 2 1 28 5 2 1 7 5 1 955 10 75 9 0 74 03 99 091623 466 8120 656
126 857 5 9 01 3 8 11 67 8 3 92 987 1454 17 2304 92 4 982 14 1610 18 3 5 1903 16 015 12 2908 8674 8782
02483 1630 16315 8762 8750 5 5 16 96 02880 715 8902 6082 4215 5403 35217 184 5714 5319 73619 8156 775448
8 2 3 6 9723 45 13 9 5 62 9 2 8 7 88 7 6 3 4 5 8 919 72 75 4 8 26 12 93 896823 704 8193 508
193 726 5 5 65 8 2 15 24 8 0 92 757 9614 89 2381 80 4 932 54 1205 65 8 4 1766 67 419 66 2545 8772 8062
10333 0734 97244 4115 5821 0 5 17 97 18782 955 0892 9583 1815 5412 96687 984 5934 5592 53227 5199 980863
1 9 3 4 5873 28 10 6 5 11 9 8 8 0 28 9 2 3 8 8 4 857 72 45 6 8 84 12 22 094223 359 8127 157
926 524 5 0 11 0 2 10 66 8 1 84 587 1284 30 7314 79 5 892 85 7295 32 0 6 1252 49 375 15 2475 8712 8142
19305 9435 13815 8182 8921 6 5 16 98 12105 584 5811 9102 1815 2443 82975 924 0132 5340 56683 1126 623198
2 2 7 4 5913 45 89 4 6 82 6 9 8 1 26 7 2 3 6 5 1 782 12 47 6 4 89 22 20 504723 526 8023 509
106 325 5 1 02 8 2 19 52 5 1 62 987 7604 15 0324 02 0 912 14 1829 82 9 5 8289 12 897 62 0845 8768 8515
19313 0194 13209 9963 5121 9 5 22 98 92192 816 4972 9812 1615 5413 76299 123 9134 6317 64413 1557 199198
7 3 5 1 5127 44 12 5 6 56 9 8 3 6 59 9 2 0 8 5 5 719 12 77 8 8 29 17 27 899823 948 8695 756
427 183 4 9 12 7 2 15 79 0 8 86 987 7294 16 2098 02 4 912 44 1819 12 3 2 0289 62 898 32 2975 2712 0712
15873 7135 19210 8713 5143 4 5 45 56 12170 465 2608 9842 1554 5403 10273 119 6133 3312 02513 1153 625192
4 2 9 4 5153 40 12 5 5 94 7 2 5 2 59 9 6 1 5 5 8 519 72 44 5 8 89 14 03 884258 234 8390 516
603 127 9 1 12 6 2 13 88 7 7 88 883 8577 15 2378 12 4 967 34 1218 12 7 6 5809 82 257 12 0145 8812 3917
12535 1135 63895 7892 5881 3 5 12 98 52999 897 8912 9844 7215 5370 07417 024 7674 8070 54653 3353 945199
6 9 3 8 0673 36 42 5 2 74 9 3 0 1 82 9 4 1 4 7 7 912 82 95 5 9 04 16 23 876283 320 0628 536
189 993 5 9 79 8 2 32 86 3 1 65 609 7004 59 9349 47 3 992 76 6594 32 3 5 1889 16 415 32 2175 8259 1997
06319 6152 13827 8742 5124 8 8 12 98 12157 813 4917 9272 1215 7743 72215 824 5934 9318 95213 9145 923197
1 4 4 4 5907 65 10 8 8 82 5 2 4 0 28 9 2 1 0 5 1 762 12 55 9 8 23 10 16 801203 124 9666 046
523 163 8 9 95 5 2 12 89 8 7 89 900 1214 16 2317 15 4 890 68 0275 02 9 5 9649 36 616 92 0343 7709 8611
02693 0138 93315 7714 6021 3 6 13 98 75312 015 1919 9817 8605 5719 14115 478 5610 5912 99813 1353 149674
1 8 3 4 5119 45 15 5 5 82 0 2 6 1 30 6 5 1 4 5 9 708 12 45 5 7 72 15 71 863220 526 8113 397
178 184 5 9 12 7 5 16 85 0 1 08 988 0573 15 6387 62 4 942 53 1235 31 3 5 1275 12 415 17 6745 8788 5082
12993 8139 13215 8716 5129 7 5 38 90 19186 715 8308 0372 2215 5410 12298 899 5054 7312 09310 9432 708908
12713 0535 70206 7777 5324 3 2 17 66 75182 845 8992 9995 1262 5033 17214 529 0157 9352 95213 8853 126998
