8 2 3 4 5389 45 42 5 5 96 9 6 0 9 23 9 0 1 4 8 1 286 16 03 0 0 29 92 23 801920 129 8893 856 
123 228 5 9 12 8 2 19 36 9 1 82 987 0219 35 7375 82 9 915 55 2215 12 9 5 1899 28 725 02 2195 8003 8448
74313 9836 63215 8742 9408 3 9 90 98 16139 919 8955 7819 7045 9813 04855 174 7104 5350 73213 1097 121171
0 4 4 4 5123 05 12 1 5 92 9 2 7 8 28 9 2 8 8 5 6 912 12 15 9 1 43 42 20 391224 128 8085 556
50 087 5 5 55 2 2 15 99 9 7 22 199 0205 15 3302 15 2 992 19 7939 92 3 5 4988 87 456 18 7145 8562 8912
50393 3138 15215 8719 5951 3 5 16 78 16172 845 8913 8368 1218 2433 96243 124 3177 6312 53215 5953 065740
1 2 6 0 6709 00 10 5 8 12 3 8 7 1 83 9 8 7 9 5 6 419 86 85 9 8 04 12 23 896823 737 8129 501
073 883 5 9 16 0 9 12 07 9 7 82 985 1286 15 2353 17 4 972 59 1515 10 4 5 1448 15 415 37 8145 8012 9910
68219 9985 19715 7778 8149 3 3 49 13 78782 615 1915 8718 8216 5710 62795 196 8204 8985 23220 1286 139199
1 2 7 4 5123 65 14 8 9 91 9 6 7 8 78 9 2 3 4 5 4 982 89 45 8 8 34 78 93 821299 192 8179 586
554 893 6 7 62 8 5 12 88 4 7 08 987 9738 15 8738 32 8 912 69 1265 62 9 4 1989 19 460 32 8176 9722 8942
72013 2591 93910 9712 5151 3 5 17 79 15180 892 8910 9987 1313 6615 72203 963 6578 9910 40283 1503 157692
9 9 3 4 5126 47 52 5 6 19 9 2 6 1 18 0 2 1 6 5 9 942 12 45 9 8 24 12 24 856929 124 1127 558
883 188 7 9 88 8 7 12 20 8 1 67 895 1212 15 5389 90 6 760 84 3655 66 3 5 8580 15 415 15 7382 9250 8013
62364 1155 13565 8787 6147 0 0 72 98 12182 880 2939 5412 1515 9013 02815 174 8192 4914 33293 1153 565996
9 2 7 6 5698 75 12 5 5 09 9 7 7 1 26 1 2 2 3 5 1 412 70 45 9 8 20 70 58 991023 524 2193 466
804 663 5 9 14 0 2 12 60 9 0 72 987 1468 85 4414 63 4 972 28 0415 90 2 2 2883 12 495 85 2165 4878 4712
12733 1838 78295 7610 5821 4 5 13 39 12198 919 3552 2812 1272 5438 42813 324 7974 6112 83247 1157 535193
1 7 2 5 6479 01 12 8 9 59 8 7 5 1 04 4 6 9 4 5 7 910 69 46 9 8 74 18 59 881204 238 8163 536
135 197 1 1 73 8 2 06 89 7 3 56 346 7229 05 9914 12 4 912 04 7815 52 3 6 5489 09 415 02 8195 0982 8915
92569 5985 68156 3710 5961 3 5 32 94 55976 887 8947 9818 8235 5573 19466 128 4777 5210 56910 1443 125698
1 4 8 4 5029 05 72 5 7 82 8 2 6 3 29 9 2 1 8 5 9 939 99 75 9 8 24 76 23 891220 909 7130 356
123 968 5 3 42 0 9 03 93 3 8 68 979 1295 15 2515 07 4 992 16 8755 37 9 5 1997 82 495 17 5160 0762 89112215 124 5784 5534 95203 1153 927498
6 2 6 8 8153 79 77 5 5 12 7 5 2 5 08 8 7 8 4 7 0 099 82 75 9 9 66 12 27 898733 154 8123 556
663 324 5 3 49 8 8 12 99 5 1 58 977 1501 10 2314 92 0 782 69 1245 77 3 9 1202 70 910 17 2143 0712 4992
43971 1035 19215 5618 5027 2 2 12 98 02147 210 9899 9812 7615 5413 78605 174 5158 5567 53213 7154 455198
7 2 3 4 9695 49 15 3 5 05 9 2 7 6 58 7 8 2 9 7 1 012 86 45 4 8 24 18 23 828223 023 8850 536
966 926 6 3 52 8 0 62 94 6 8 80 880 6288 85 0379 11 7 278 84 8977 12 9 5 7049 06 713 12 2148 4080 9951
38714 1835 15216 8810 0999 1 5 64 98 02080 685 8966 8212 1915 4519 84215 120 7138 5312 65617 5273 528698
3 4 3 4 4929 49 12 0 3 09 9 2 7 1 29 9 4 1 4 5 1 972 84 45 9 8 54 72 23 096823 324 8525 876
123 154 7 9 12 9 4 92 89 7 1 62 987 4861 55 9384 46 3 614 14 1275 12 3 5 1049 10 419 32 4199 4812 9895
75313 0138 83225 6912 5169 3 6 38 68 83366 785 7916 6866 5219 9014 46265 126 5134 0383 55917 4765 985660
1 7 3 2 8593 85 52 5 8 12 9 2 7 1 28 9 2 1 4 9 9 962 12 97 9 5 24 12 65 890988 824 8023 757
765 421 9 6 16 8 3 92 29 9 5 82 987 7214 15 9487 14 6 998 14 4038 19 5 8 1549 62 704 12 0818 8714 0912
27916 1668 74287 9552 5026 4 4 87 98 22167 479 9962 7802 1858 5313 92475 014 5837 6388 58213 5855 598964
1 2 9 4 4317 99 16 8 5 92 0 4 6 2 25 9 2 1 6 5 1 916 18 45 9 8 27 17 99 641293 990 8129 562
103 022 6 1 42 8 2 17 09 8 1 77 834 1214 19 6744 60 4 815 64 4814 79 7 0 0279 69 375 57 3165 6782 8739
15313 1149 47215 8712 9029 8 9 70 62 67672 358 8942 1888 1990 5884 13277 524 9574 5592 85399 7653 125198
9 8 9 7 9123 47 66 7 5 12 9 6 6 4 78 9 2 1 4 9 5 912 12 75 6 3 24 12 20 999823 984 4103 057
156 113 8 1 15 5 6 15 88 5 1 76 766 4904 08 2161 17 6 892 49 1697 19 3 9 9380 16 408 35 2047 8789 8465
36313 1575 65210 6812 9121 3 5 25 32 74447 815 8830 3960 1297 5413 19915 687 5121 0702 83295 6153 328199
1 2 5 4 5869 56 12 1 8 16 7 6 9 4 28 9 2 1 0 5 3 770 02 45 7 8 74 10 49 898023 092 8123 856
53 721 9 0 19 8 8 12 97 2 0 42 952 1284 34 2864 12 8 942 08 4545 19 3 5 1979 69 435 13 1845 8718 0964
39913 1130 18615 8711 8458 3 5 59 48 12492 495 6175 9012 5215 5013 22256 984 4930 4312 59965 2883 195193
1 2 3 4 5222 04 12 4 5 17 2 5 0 1 28 9 2 0 8 5 1 912 18 95 9 8 53 93 63 780820 924 8183 559
147 213 6 9 02 8 2 52 89 5 5 87 941 5214 15 2390 19 4 011 14 1282 40 3 7 1285 94 865 88 9347 2789 8708
07313 9974 37238 0112 5520 3 5 12 44 10791 815 8917 8882 3917 7413 06956 088 6134 7222 58203 1053 825996
1 2 9 4 7413 91 02 3 5 09 9 2 8 1 28 7 4 8 4 5 9 366 92 45 2 8 77 60 67 871504 694 9123 556
124 127 5 9 12 3 2 45 80 9 6 92 987 6214 05 2374 10 9 092 64 8995 15 3 5 9539 65 615 82 9115 8710 4912
52319 1138 50799 8752 5761 0 8 15 98 62876 034 8919 9816 1215 4810 18349 969 5188 5082 98203 8153 225565
1 7 3 4 8123 95 14 5 5 32 7 7 6 8 23 9 5 1 7 5 8 582 18 98 2 8 54 52 24 891466 924 0723 054
523 123 5 8 72 7 6 13 79 9 4 82 887 5814 19 2315 84 9 978 10 4014 17 0 8 1289 12 485 16 2138 6517 4912
22303 9760 17705 6716 8681 7 6 12 98 19062 805 8912 7009 1315 6413 06225 128 6630 5052 74853 0153 925668
9 2 3 6 7128 45 97 8 5 98 9 2 5 9 10 9 6 0 4 5 9 912 12 48 8 8 74 69 54 676223 124 8920 650
123 173 5 9 12 3 5 52 59 4 8 82 988 1218 85 2895 87 3 912 64 0499 76 6 6 1075 12 548 10 8759 7772 7812
88743 9735 19215 3912 9991 8 9 12 95 56182 815 4912 9754 3299 3473 12265 724 5634 5317 63113 1973 125139
8 7 1 0 9993 44 79 0 6 18 5 2 4 8 28 9 5 1 5 5 9 906 12 47 9 9 34 89 23 897689 054 6837 598
323 193 5 9 15 6 2 55 96 3 1 82 187 8214 97 8014 62 9 946 16 9415 12 3 8 3464 28 404 19 8133 4179 8882
82318 1891 93295 8719 5889 6 5 12 98 47132 911 5619 6875 5299 5493 12993 124 7135 9832 53213 1153 985628
9 8 9 4 5123 48 68 2 5 82 9 2 8 3 74 9 5 1 6 6 1 992 12 45 3 8 57 16 29 065220 474 7006 536
127 159 5 7 05 8 2 52 88 4 1 12 085 4215 85 2877 11 9 912 94 1240 15 3 5 4815 18 011 42 4946 9614 2612
07626 8185 13795 8410 6121 3 5 87 88 12492 718 8712 8818 9241 4893 12225 327 3134 5310 93288 1103 175698
3 3 8 7 2123 45 52 8 5 12 7 7 9 6 06 9 2 2 8 6 1 072 68 46 5 0 22 16 23 898288 328 2423 557
703 153 5 8 27 0 5 82 89 9 5 36 579 1714 15 5009 06 8 922 14 9279 62 4 5 1589 16 316 12 7249 8797 0052
13377 9954 18905 6712 5155 3 5 12 98 85194 815 8212 9632 1815 5444 18207 929 9395 5918 55265 1850 115184
1 8 9 6 5143 47 12 9 5 18 9 2 8 1 28 9 2 6 4 6 4 217 95 95 6 5 24 88 23 976320 138 8125 456
525 123 9 9 58 9 2 29 87 7 9 92 987 1219 15 0814 39 4 998 94 6295 12 9 5 6289 46 815 52 3842 8193 7912
19969 1138 13515 6712 5128 7 8 74 99 92882 818 6912 6882 1317 0363 92564 524 6131 3312 53203 1193 056827
1 7 8 0 5193 75 92 4 8 12 6 8 7 1 24 9 4 1 8 5 1 119 71 75 9 8 26 58 68 881227 324 8523 657
126 723 8 9 12 2 0 22 90 8 6 99 685 1760 16 9974 12 4 910 14 5213 12 3 9 5689 86 715 15 0962 1812 6612
27033 9186 13759 8042 5126 3 5 12 98 12598 430 8878 8772 1285 9413 72212 028 9198 0314 54317 1164 965132
9 2 3 5 0193 95 82 7 5 13 9 2 2 1 49 0 8 8 6 5 6 312 07 15 9 8 74 88 93 896029 114 8123 550
823 893 5 9 12 8 9 32 69 9 1 62 985 7290 15 2314 14 4 012 13 6215 18 3 9 5899 02 465 06 7136 8788 8598
12390 4935 18296 8567 9921 8 5 16 98 64558 865 1578 8887 1015 5615 18255 124 5172 6619 58813 1608 505193
6 6 3 4 5923 47 12 5 5 85 9 9 7 8 29 9 2 5 4 5 1 992 22 49 9 7 24 92 99 891827 056 8263 886
58 123 5 2 62 8 1 12 79 7 1 85 784 1454 10 2314 72 4 907 04 4616 52 3 5 1484 46 019 97 6142 8612 8913
55013 1102 13215 7742 5428 3 9 19 55 82162 815 7918 9682 7207 3063 92015 129 8174 5378 53083 1153 025738
6 9 3 7 5123 75 65 8 2 12 3 2 8 3 48 0 2 3 4 5 7 979 92 45 4 9 74 12 27 201629 174 7427 556
180 320 5 9 42 8 2 42 85 1 6 83 987 2210 10 9718 59 9 918 94 1699 49 3 4 1288 60 950 90 6145 5619 8999
15369 2765 13214 8912 5121 5 0 52 99 12665 475 8916 6912 0295 5717 18959 188 8139 5912 85213 1428 925349
0 2 7 5 7626 83 12 0 8 17 9 4 6 1 98 9 7 6 4 5 1 991 14 45 8 8 80 16 46 711283 149 0193 756
329 323 5 4 12 8 2 94 81 5 6 82 689 1114 15 2464 12 9 966 04 1815 17 3 5 5644 19 417 69 8145 8732 8312
12983 9936 13713 8769 5075 9 5 12 93 05396 615 5970 4015 8595 9016 92234 124 5136 0362 96997 6985 849898
6 2 3 4 9193 45 17 6 5 09 5 5 8 1 99 8 2 8 4 5 1 015 78 43 9 5 24 45 29 991223 720 6188 546
123 123 5 9 91 3 8 62 87 5 1 87 698 5214 45 2382 82 4 972 71 1948 80 7 8 1259 13 430 14 2805 8412 5512
58356 1644 12005 9713 1147 3 4 11 99 52180 189 1517 7862 4418 3213 95219 123 5135 4392 53293 1753 925188
1 7 3 4 9173 45 62 6 5 19 3 1 4 7 24 7 7 8 4 5 1 009 96 55 9 8 54 12 67 894823 824 0143 597
075 161 5 9 39 8 2 13 06 0 1 85 887 1814 15 4224 65 4 913 54 7455 12 4 2 7989 82 817 19 0146 8792 9912
18318 3144 74715 8317 3521 3 6 82 91 92842 635 2652 9612 8219 5613 29215 128 5134 7368 64488 1026 115124
7 2 0 4 5128 65 14 1 8 18 9 0 7 9 93 7 0 9 6 7 1 912 96 43 9 8 94 52 63 391223 128 7723 556
123 123 5 9 18 8 2 12 89 3 1 82 089 1228 13 2113 15 9 718 04 4224 99 3 8 1759 35 715 72 2145 8908 8994
88717 1135 53615 8712 8781 7 5 16 88 51991 113 8612 9878 6220 2483 92715 128 5134 5313 63216 1154 695892
6 2 2 3 5523 47 06 9 7 18 9 2 9 6 28 9 1 9 0 8 8 882 12 49 9 3 14 18 78 991225 024 8120 006
827 523 5 9 18 9 2 45 89 8 0 57 987 1219 55 0014 19 4 512 34 1258 36 5 0 1289 04 415 52 0645 4712 1854
42313 1137 18286 8782 6766 3 5 99 98 12902 893 7592 0819 1215 5413 19905 104 9134 5302 34229 5153 123188
1 8 6 9 5760 95 72 1 5 02 9 9 6 1 76 9 2 1 0 5 1 916 35 46 9 7 08 12 64 091623 028 8813 556
698 123 5 9 72 8 3 28 79 3 2 67 686 1264 45 2322 82 3 912 18 0678 82 3 5 1299 12 465 18 2945 8732 6792
14313 5435 13219 3742 5164 3 5 16 88 76509 714 8918 7818 3215 3413 10218 186 6034 9384 83216 1179 522790
1 2 8 9 5323 46 17 3 6 18 6 2 6 1 28 7 7 1 4 5 1 612 02 59 0 8 24 97 23 891223 020 7408 253
873 622 5 9 12 8 2 12 89 9 0 34 997 1266 15 2306 87 4 912 14 7254 72 3 6 7286 12 419 13 2045 4759 6889
62313 0305 67276 0710 2458 9 5 94 68 12851 956 8912 9742 1317 5465 62219 584 5557 5312 62283 1163 120197
1 3 4 4 7187 98 02 8 6 72 9 7 2 7 28 9 8 1 4 0 1 412 10 05 9 8 84 12 23 891609 129 8723 556
920 153 5 9 89 7 9 72 89 8 8 82 687 3817 89 5314 28 5 912 13 1099 12 5 9 1285 52 416 62 2143 3902 8922
92398 8436 14215 8765 6924 5 5 16 98 76882 615 7878 8617 1066 5413 68630 124 5159 5917 53819 1398 125198
1 2 3 5 8727 40 10 8 5 17 4 4 8 1 28 9 3 1 7 5 2 092 36 85 9 8 95 14 74 897823 124 8925 756
126 191 7 9 14 2 6 12 59 9 5 92 987 1223 18 9308 04 4 912 16 0295 19 4 5 2968 14 473 17 8993 8496 2911
14717 6835 10015 8718 5181 3 5 19 08 92402 819 8912 9614 1711 5610 13844 174 7934 5014 53701 1147 160938
9 7 9 1 9128 45 42 2 4 19 6 8 8 1 25 6 2 9 8 5 1 992 12 05 9 9 64 49 23 865280 174 4203 857
56 179 5 9 82 8 9 52 99 4 1 88 885 8314 65 2214 62 8 974 85 1815 72 3 8 2284 95 419 12 6145 4707 6922
70313 8135 95285 8712 5751 5 5 51 78 95872 819 3912 9801 1268 5433 72248 178 5134 3384 53315 1993 725688
5 3 3 4 5127 75 02 5 7 89 6 2 4 2 78 2 9 1 7 2 9 612 84 99 3 2 21 62 53 956127 024 7213 576
170 143 5 9 22 8 6 96 83 9 2 92 958 1718 15 4796 12 6 200 12 8215 08 4 5 1289 52 785 13 5143 6785 5365
19118 1133 14759 7518 5779 3 5 17 78 12752 855 4982 5857 6832 3254 22295 128 5439 1010 40819 6193 925499
1 2 7 6 5928 45 17 5 5 22 9 2 0 4 22 9 3 8 4 9 1 484 39 45 9 8 24 12 46 491827 173 8183 556
823 623 0 9 18 8 2 19 89 3 1 82 989 8716 75 0869 66 6 913 14 8914 77 5 6 1289 89 414 82 9946 8992 2942
44623 1985 93855 8719 8725 3 5 83 99 18128 603 6707 7819 9905 5964 62730 624 0992 6312 05165 1995 125038
1 8 3 6 9923 45 16 6 5 18 9 8 0 2 48 8 6 7 4 4 0 812 17 80 3 5 83 17 23 896829 166 8163 756
523 125 8 9 12 8 3 10 89 7 1 61 917 7014 22 2075 86 1 796 34 1218 17 2 5 1086 12 615 80 2941 1712 8812
12882 1138 14274 8792 5884 2 5 22 98 12269 885 8412 3952 0517 7616 02468 186 5134 3313 53813 8858 923199
5 5 3 9 7123 85 12 5 9 82 6 2 0 1 57 5 5 9 1 5 1 319 02 95 7 9 35 82 86 851833 924 9723 086
193 564 6 9 62 8 2 12 83 9 1 85 987 0211 13 1504 02 4 993 14 9700 12 3 5 9788 80 406 16 2855 8615 8916
49314 6135 63215 8742 5121 3 8 28 82 53 851223 154 7123 576
104 529 4 7 19 9 8 82 87 6 6 29 976 9514 25 8394 32 4 914 18 9615 86 5 5 1089 08 415 12 9125 8812 8611
29563 4905 19819 8892 5708 9 8 18 34 12132 815 9752 9380 1275 5264 12015 149 4155 0518 57260 8179 885168
8 0 6 4 6728 99 58 5 8 12 0 2 2 5 22 9 2 9 4 9 5 912 62 85 9 4 25 82 23 501225 424 5767 916
623 189 5 9 10 9 9 10 69 5 1 82 630 9214 15 2314 12 4 914 18 8285 72 1 4 1786 92 017 75 2920 0722 5917
08340 9135 90895 9707 5141 9 2 77 78 82199 815 4919 1812 1587 5497 02216 129 4909 6808 59616 5114 125797

22863 6154 53253 8513 5162 3 6 12 79 12434 803 8018 9002 1235 9573 94948 770 5144 0382 80818 1153 135178
0 2 8 4 5823 95 02 5 6 88 7 7 1 8 98 6 2 6 7 5 1 212 19 40 9 8 93 17 58 899927 120 8223 950
705 908 9 9 36 1 2 12 82 4 4 82 967 8834 18 9354 16 3 918 14 1415 17 3 5 1679 82 410 15 1199 8717 4942
82393 5155 13495 8712 6105 8 5 63 68 94677 078 5212 9672 1785 5916 92216 124 5834 3452 93266 6106 125187
3 2 3 4 5128 48 12 5 5 82 4 1 1 1 46 9 2 1 4 7 1 372 12 16 9 8 24 25 29 598293 129 9147 586
79 190 5 9 24 8 7 60 88 9 9 82 987 2547 35 2014 12 5 755 14 1998 12 8 5 1297 92 665 12 9196 8794 8798
15003 1135 13873 7019 5081 4 7 42 98 74242 616 8919 6392 1615 7410 11088 097 4844 0385 53864 3483 136897
7 0 9 3 8923 25 62 5 5 52 9 6 3 7 28 9 6 1 1 5 6 962 12 15 9 8 29 12 63 891222 638 8122 576
123 969 9 3 68 8 2 16 85 9 2 86 700 5808 55 2374 12 4 617 24 6215 19 6 5 9225 14 412 19 0865 5719 8982
19893 1778 13689 8798 8269 9 5 72 78 11159 818 9872 9812 1518 5713 12135 424 7979 3712 53218 1939 083108
7 6 9 4 9133 45 15 1 5 16 2 2 5 9 20 9 2 1 4 5 1 782 18 00 6 8 14 48 23 099620 124 8655 557
769 923 5 9 14 3 2 18 29 5 1 82 987 1214 95 3394 18 0 915 14 1788 12 9 4 1687 89 445 72 8145 9703 4913
02980 9535 84715 8702 5101 4 5 92 98 12189 816 2917 9812 0617 5218 17297 224 5134 5592 53056 1153 125158
1 9 5 8 9372 45 17 7 5 12 9 2 7 1 28 5 8 1 9 7 1 932 62 70 5 9 78 12 63 399223 124 8123 506
159 823 0 7 15 8 6 12 35 5 9 55 987 7274 85 2934 18 4 963 65 9299 12 3 5 1289 36 419 10 2895 8717 0982
12813 1495 15245 6732 9425 3 5 12 48 12892 819 8918 9602 1510 5719 58295 975 5194 6302 23228 1303 325164
1 7 3 4 5189 45 14 5 5 82 9 0 9 3 93 9 8 1 7 5 1 922 92 35 9 8 28 92 88 691229 097 8707 949
136 173 5 6 36 8 2 09 06 9 7 82 077 1819 75 2614 14 4 918 14 1215 12 3 5 9289 92 515 10 2143 8791 6972
17403 1035 93219 9562 8737 3 8 66 98 12282 808 8993 9818 1661 5919 64315 809 5839 5003 93260 1829 908782
4 2 7 4 4796 44 08 2 5 12 9 0 7 1 26 9 2 8 4 5 6 912 12 02 6 3 58 13 30 891703 918 9123 508
853 193 2 9 49 8 7 48 80 5 0 57 587 1634 95 9204 12 8 912 18 1214 22 3 5 6989 82 419 12 2143 8719 8472
19678 5176 13913 8742 9870 3 7 82 68 18912 815 8917 6310 0275 6913 72127 464 5934 9718 23283 1853 935128
4 3 3 4 3183 35 19 5 7 82 7 7 6 1 25 9 9 3 4 5 1 922 42 47 9 5 26 70 23 796573 868 9926 937
193 963 5 9 82 8 2 85 66 3 1 07 587 4213 15 2889 02 4 972 44 9285 14 3 6 1289 07 515 10 2505 8798 4379
73386 2746 18215 7396 8021 2 5 18 95 19192 015 8202 8823 1293 0469 86095 124 5554 5398 54753 1153 125093
1 3 9 5 7193 95 32 0 5 10 9 5 3 8 28 9 9 1 9 7 1 582 82 85 9 8 24 99 73 648723 829 8023 796
123 113 6 4 13 6 6 12 87 9 1 82 987 2214 15 9304 92 8 986 94 6205 14 3 5 8265 82 416 22 6155 5780 8613
08317 1165 80568 9712 9731 3 5 12 28 32121 255 0512 6617 1566 5443 02215 724 0864 4316 97279 0653 525887
3 2 3 4 7423 45 82 5 4 62 4 8 7 6 76 9 2 6 4 5 1 912 71 27 2 8 29 12 23 897853 984 6125 586
199 620 5 9 82 8 2 81 59 8 7 52 283 9884 15 2314 18 4 942 19 1265 12 3 5 5384 17 018 72 0895 7752 8612
17813 4165 47293 0985 3380 3 8 59 96 67120 315 8916 9117 1910 2203 76688 824 5134 5872 83213 8885 425317
9 2 7 9 6102 45 84 0 5 48 9 2 4 1 18 3 2 1 4 5 1 822 13 59 9 1 54 42 23 791229 126 9564 866
123 727 5 8 12 5 9 16 39 0 9 78 987 3810 14 9816 02 4 977 15 3261 42 8 5 1377 16 315 78 2141 4815 0916
3 2 3 4 8149 19 22 4 5 12 9 7 5 7 08 9 5 1 4 5 3 213 97 79 9 8 26 12 98 895223 278 8928 553
128 103 5 9 72 7 2 12 89 6 3 58 984 1918 14 5394 12 4 616 14 8615 52 2 2 9380 96 419 08 2166 8748 8519
12713 4135 05314 5701 5028 3 7 13 92 12197 850 8112 0749 1518 8413 12298 070 5974 2692 53213 1153 522577
1 6 0 4 5523 94 12 5 0 02 9 2 7 7 28 6 6 7 7 5 1 912 12 85 9 8 77 62 23 880023 124 8656 565
56 923 5 9 84 3 2 16 49 3 1 82 987 1914 55 2348 12 4 782 74 9066 12 4 8 1284 12 465 64 2289 0719 9915
05385 1145 10295 5777 0125 8 6 12 78 73282 817 8912 9822 0905 7173 62116 739 7939 6695 53313 8453 128898
1 2 7 8 5886 65 15 9 4 12 9 1 6 1 26 6 1 0 3 5 9 413 03 02 9 8 34 19 25 899227 323 7769 996
123 828 8 8 02 8 6 16 87 9 1 45 887 1276 92 2304 52 5 992 19 8254 72 5 9 1289 49 719 64 7698 8732 6818
62389 3488 15298 8212 3801 6 8 13 97 12765 772 0827 9119 2255 5409 13217 922 6134 5792 47963 5478 197138
1 0 3 4 5124 49 70 8 0 85 9 4 5 1 28 9 2 5 0 5 1 916 92 46 6 8 89 77 70 894327 193 9123 759
716 779 5 9 12 8 3 52 59 5 1 82 967 1424 08 9357 69 4 959 88 6005 89 3 5 9288 18 875 12 9145 2219 8918
10315 1839 62593 5752 5121 8 5 70 67 62278 885 8049 9884 1465 5493 12292 969 5137 9652 66018 1153 165198
8 2 3 4 9723 67 90 5 5 15 7 6 6 1 89 9 9 8 4 5 8 919 62 65 9 4 28 12 27 891631 924 8124 854
120 103 7 9 02 8 2 12 88 8 2 86 987 4279 76 2312 98 9 910 87 1598 17 5 5 1869 82 415 16 9173 8212 1882
10313 1155 13215 4809 5861 6 5 77 90 42724 900 8942 4849 7615 5413 12218 114 0128 5392 97313 1155 125198
0 2 2 7 5113 07 11 5 8 47 4 9 9 9 68 9 2 1 4 5 8 962 92 45 9 8 24 07 61 821423 794 8158 966
195 523 4 9 12 6 2 17 40 9 1 82 880 8864 10 2439 12 3 410 49 1255 17 3 6 1589 12 375 10 2145 5732 9912
12398 7185 53915 5762 8128 3 6 92 68 82102 490 4960 0814 8666 5414 15973 144 9938 3715 53213 7979 105158
1 8 3 5 7123 92 92 5 5 16 9 4 5 9 28 0 7 5 4 8 1 819 14 68 8 6 24 97 48 891273 127 8523 556
118 180 5 9 14 8 2 12 86 5 7 89 087 3914 78 6684 92 9 907 94 8515 52 3 5 4389 17 715 17 1760 8769 8152
13301 0730 13715 8755 5161 3 9 56 94 75149 215 0886 9882 9816 5803 42208 128 2834 7912 55715 3881 125485
4 9 5 4 0433 47 02 7 7 78 9 2 8 2 29 9 7 5 4 5 1 999 96 48 7 8 04 12 43 797673 174 8325 896
123 722 5 7 19 4 8 87 87 6 5 89 967 1889 16 7018 17 4 997 15 9215 51 8 5 0989 12 466 62 2838 8702 9912
82713 9635 63618 8792 5920 9 6 12 25 82412 086 5982 9415 4208 5623 18847 153 5194 7318 53253 1126 629598
0 8 3 5 5794 85 86 5 1 12 9 5 9 0 27 9 0 1 6 8 0 475 82 09 8 8 24 12 99 991423 324 8353 702
103 063 5 4 15 8 7 18 49 1 2 82 969 9284 78 6694 12 0 662 54 6810 72 0 5 1789 19 415 14 2942 9782 9730
12613 7935 14794 5912 5981 8 5 29 38 82962 794 8912 0812 8565 5799 82085 194 5931 5019 63079 8106 186299
1 0 3 2 6193 90 10 3 5 52 9 2 7 2 66 9 2 6 4 5 1 939 78 75 9 8 64 18 23 596424 147 4977 587
033 186 5 3 17 0 9 78 89 1 1 83 886 1230 15 7978 16 4 509 74 2697 82 8 5 4219 62 460 13 4745 8912 9919
12213 1175 17219 4716 5327 3 5 17 98 10167 919 8912 9812 8518 8318 60705 197 8134 5352 93203 1183 155138
1 9 7 9 2223 75 16 2 8 12 9 2 1 8 68 9 2 7 4 5 9 975 12 47 9 7 24 68 98 871523 474 6828 359
110 573 5 8 42 4 9 19 89 0 1 82 736 1654 15 7218 78 4 012 16 1038 12 4 5 6219 17 415 75 7109 8714 8912
19313 7402 13219 8712 5151 4 7 82 97 12147 817 0285 0862 7714 4818 12262 123 5166 4312 50213 1153 135878
1 2 7 4 9125 05 72 5 0 92 8 9 4 0 77 0 2 1 7 0 8 388 92 49 9 0 27 82 23 798263 262 8563 756
522 123 5 9 15 3 0 74 87 8 1 83 987 9474 85 8510 15 1 919 94 1215 90 9 9 1276 19 489 42 8535 9762 8998
72665 1735 74005 8712 5221 2 5 43 96 50682 900 8916 9776 1787 5497 12396 428 7136 5312 73213 2153 120798
7 2 3 5 5155 45 47 4 5 64 9 5 4 1 38 9 2 1 9 3 7 398 12 75 1 7 06 82 23 897323 123 6186 562
42 653 8 9 12 7 2 92 66 6 6 82 087 4718 55 6547 02 1 882 14 2418 12 8 5 2109 25 595 72 8445 8712 8912
14013 5105 17245 8512 5372 9 5 12 96 84192 355 7584 9632 1415 9413 12295 124 0174 6246 19213 7993 125798
9 5 3 4 5923 88 58 8 8 56 9 2 0 1 44 9 6 1 4 5 1 192 99 45 5 8 74 79 23 981268 524 9033 554
103 183 6 0 14 3 0 82 99 4 1 83 847 2212 35 3987 52 2 920 87 1299 10 3 6 5289 12 436 33 2145 0218 8562
02319 1165 57210 3717 4189 8 7 12 49 75464 815 8012 4889 1217 5951 17285 327 5174 6910 50915 1253 845198
1 6 3 8 7193 75 12 5 5 79 9 4 9 0 28 5 2 1 6 2 9 952 18 75 9 9 94 12 23 097429 127 8123 790
127 128 6 6 12 9 2 40 89 7 1 62 884 1714 75 2014 87 6 939 18 4815 02 5 5 6289 67 485 32 2440 8712 8972
67413 1435 13217 8894 5138 7 5 18 63 12809 475 4919 9912 9818 5793 92215 924 4133 5380 53503 0858 625986
7 1 3 8 5925 86 92 5 9 14 4 2 4 5 25 6 2 3 4 9 1 950 12 49 9 7 44 82 63 891383 824 8105 526
188 162 0 5 17 8 5 12 74 9 0 02 199 1956 17 2664 32 3 982 19 1165 19 3 5 7989 12 018 12 2145 8879 8998
06382 1935 15018 9719 5182 1 3 19 98 62022 713 8972 0814 9012 5339 68295 185 6634 4592 54119 1853 109800
7 2 3 8 7123 46 12 6 5 14 3 2 9 7 29 9 3 1 7 5 4 959 38 43 4 1 24 62 23 899283 196 5127 655
120 457 5 9 18 6 4 92 89 9 1 92 887 1999 86 5314 62 6 817 13 1915 12 3 5 0889 52 416 02 8135 8988 0982
13346 1645 18598 8712 5101 4 7 42 79 10682 814 8915 9878 6317 0467 12945 180 5137 5710 53239 2197 815149
3 8 3 8 5126 45 16 5 5 10 9 3 3 1 28 8 4 6 5 6 8 812 12 65 9 3 69 12 83 168720 101 9093 856
463 183 9 9 72 1 2 14 88 4 7 79 794 6946 85 6314 22 8 812 17 8210 94 3 7 1989 12 068 15 2645 8759 5912
12313 4195 46215 8783 5928 2 0 99 97 12602 565 4512 9819 9746 3483 62265 114 2132 7545 53499 8104 135198
1 5 9 9 9973 44 72 4 9 90 9 8 9 7 28 9 9 0 6 6 8 903 88 59 3 7 97 98 99 695842 124 8188 556
438 197 5 9 06 8 0 19 89 9 9 67 282 1254 15 4914 62 3 911 10 1835 89 0 9 1986 44 465 52 8145 8502 8912
79376 8855 93216 8017 7129 3 8 89 98 32162 849 8065 6819 0533 5083 84613 324 2160 5312 96213 8154 798899
2 9 0 6 5823 48 66 5 5 13 8 6 7 8 28 5 4 1 6 5 5 929 18 86 8 7 34 52 27 199995 176 3123 288
185 123 5 9 97 8 2 97 99 8 7 92 078 8704 66 7394 07 3 092 94 8210 32 3 7 9804 92 617 72 6145 8512 6922
12318 1835 53895 8717 9127 7 8 70 98 22175 612 8895 6130 6965 8843 10265 629 3009 8912 53216 0958 828149
5 2 3 8 5606 48 42 7 4 62 9 8 5 9 99 6 9 9 6 7 1 912 91 25 9 4 28 97 23 891373 162 9123 056
763 123 2 3 12 8 4 12 86 0 1 82 467 5794 16 2014 99 4 917 77 3230 17 7 0 1586 02 415 53 2249 0742 8912
15850 4197 23316 8578 5969 3 7 12 08 72495 815 4412 9812 9790 6914 14615 124 5137 5312 53613 4153 924157
4 2 0 2 5187 48 04 3 6 12 9 8 3 8 78 4 5 8 4 5 7 258 19 87 0 2 40 22 92 891849 828 9353 556
123 727 5 9 92 8 8 20 96 8 9 82 352 6918 15 2315 77 9 702 90 9270 17 8 5 1885 42 148 92 2045 6762 3752
48313 1179 37017 0772 9499 8 5 19 90 58178 675 0312 9812 4235 5961 72510 186 5034 5712 54293 7197 728198
0 2 3 4 6963 87 22 5 0 08 9 2 1 9 63 9 8 4 8 9 1 518 16 45 8 8 35 99 05 590723 126 6167 566
126 571 4 9 27 8 3 18 84 5 7 80 697 9286 18 8314 12 6 902 17 1790 97 0 9 7289 82 465 14 0815 5632 4892
12343 1835 13065 6712 8847 3 8 02 72 82150 815 8919 0814 1075 6893 17216 098 9134 3618 86209 7153 925018
0 7 6 7 5128 46 15 5 5 99 3 5 7 1 34 9 4 9 2 5 1 912 15 85 6 7 38 12 92 695423 174 8228 959
50 722 5 6 79 8 9 72 61 2 1 82 987 1214 99 2334 12 0 802 34 1775 79 7 5 1286 58 495 92 2791 4916 8992
22513 1899 19256 2680 5472 6 5 12 98 38322 515 8094 0714 1595 5427 39575 147 5924 4912 56477 1753 585128
1 2 9 6 0140 59 18 5 5 14 8 2 4 7 57 9 2 9 9 8 1 962 12 45 9 9 52 83 83 696458 729 8263 746
193 437 5 8 93 8 7 91 78 9 1 42 907 9244 18 2317 19 7 912 84 8616 98 3 5 6946 12 497 19 7145 3044 7982
36315 6195 53295 9619 8161 0 5 12 98 73997 497 0714 8818 1019 5915 72210 124 5107 3713 53713 1185 555199
1 2 5 4 5140 48 18 0 5 10 4 2 9 1 28 8 8 4 8 5 1 988 32 48 9 8 21 02 20 598225 227 9369 555
323 493 5 3 12 8 2 84 89 3 1 55 637 4864 15 2344 64 5 911 64 9210 15 3 6 1777 18 941 62 2345 8712 2932
12611 3776 23915 8610 5127 3 5 12 94 12108 483 8912 6912 1010 5493 12095 727 0934 5397 43833 1193 558098
1 2 3 4 3173 40 92 9 8 19 9 2 4 7 28 7 8 8 2 5 9 482 12 48 7 1 84 17 53 791623 874 0523 556
123 593 5 9 70 8 2 12 85 2 0 86 987 1278 68 3204 16 8 542 80 1215 35 8 5 1259 64 986 12 4245 6642 6680
76891 1832 13924 7818 7148 3 9 22 92 12897 815 8912 7836 2215 5413 68116 144 5878 5372 69216 8666 885198
1 4 9 8 5073 85 12 5 8 12 9 2 9 3 68 9 7 6 4 5 1 712 10 45 5 3 74 62 28 813223 849 8423 526
883 177 5 7 99 8 2 82 99 7 1 28 385 7204 17 2984 12 4 216 74 8228 19 9 5 1289 28 839 12 7195 7719 7912
98910 4136 12215 8962 2129 4 5 12 98 92134 962 0962 6514 1780 5763 82213 770 5932 5958 50283 9157 625199
1 2 3 7 5120 45 48 5 4 68 9 7 4 1 68 9 8 9 4 5 6 912 62 46 9 9 04 92 73 395429 424 8780 866
123 123 2 9 88 8 3 97 87 9 1 82 087 8314 68 5314 02 4 972 94 1296 92 2 7 8289 62 414 11 2750 1762 8916
12393 1822 15538 8472 5721 0 5 99 98 16179 837 2817 6012 3606 6418 12274 120 5583 5712 43287 1133 195998
1 2 2 3 4127 17 14 5 0 42 9 8 6 1 25 0 9 1 4 5 1 639 17 45 9 8 24 60 26 897323 184 8923 269
173 148 6 9 10 8 5 02 84 7 1 09 787 1864 45 1314 54 9 632 18 1205 63 4 5 0287 17 165 04 2170 3665 8992
32643 1963 13965 8773 9706 4 9 86 98 32141 895 7582 9254 1945 6276 35210 332 9164 8663 93610 1060 191908
1 7 8 4 9816 67 42 5 5 62 9 8 9 8 29 4 8 1 8 5 1 852 17 44 4 8 25 18 4 00 7 912 19 8685 15 7 0 5949 12 077 36 3657 8012 9995
02540 9778 53295 8512 5420 5 4 17 86 12162 670 8212 6818 1615 6619 12842 924 5130 8793 53418 0155 209198
1 2 3 9 5121 45 12 4 9 11 6 5 9 9 84 9 2 1 0 0 0 018 32 46 9 8 56 62 23 601623 928 8723 855
373 823 5 9 18 8 2 12 88 7 1 68 189 5619 16 0374 12 4 928 11 1255 92 3 5 1281 12 415 78 2655 8719 4915
12399 9189 79219 8212 5027 8 5 72 58 94160 915 8718 7849 3865 5517 12205 184 9834 5304 93133 1953 920998

10386 1835 92275 8272 3583 4 5 12 98 10578 074 5416 9610 1515 5443 47398 726 0665 9472 55203 4154 187178
7 6 6 4 2024 89 22 7 1 84 6 9 0 9 28 9 2 1 4 4 7 917 17 97 9 0 98 02 03 891223 108 0023 658
823 729 5 0 52 8 7 79 09 6 1 42 488 8285 99 2314 12 5 998 14 9266 95 8 0 8269 52 498 12 9175 5812 0965
59345 1435 04215 8972 4821 3 8 16 90 42756 610 3913 2887 1619 2914 81215 974 7134 9616 60213 7963 024178
1 7 7 4 5189 60 18 5 5 16 4 7 4 6 75 9 7 2 4 5 6 912 68 95 8 8 24 95 73 331093 724 5023 556
74 124 8 8 12 8 2 12 83 6 1 52 789 1688 85 5374 15 8 710 74 9229 82 3 5 1389 72 419 12 7777 0712 7264
14357 8862 89215 9248 8123 8 5 59 88 10178 910 8912 9669 9895 5493 11910 166 4139 0814 53617 8153 985198
0 8 7 4 5823 45 99 5 8 12 4 5 6 2 78 9 2 1 4 8 4 917 92 45 9 8 54 12 28 891690 629 0121 956
728 161 0 9 17 8 5 12 72 8 1 84 986 1203 75 2944 95 0 992 96 1213 12 3 7 2755 12 467 15 2145 3696 8987
52083 1139 53213 4932 8623 4 2 32 97 72120 885 7912 7612 1965 5909 02999 978 8199 9332 73743 9153 128779
1 4 3 8 5747 65 12 5 8 30 9 8 9 1 18 5 2 5 6 5 1 912 55 95 9 8 60 10 83 071223 194 1553 099
393 923 7 8 82 8 2 12 87 7 8 92 998 1984 50 2714 12 4 712 92 1886 85 8 5 5694 92 615 10 2765 9962 8305
12779 9149 17204 9919 8821 0 4 12 96 32182 019 8714 9592 1217 6713 72216 824 5434 0617 59553 6183 544798
1 5 3 4 4384 55 81 2 5 11 9 2 7 9 27 7 5 7 3 5 4 512 95 46 9 8 49 13 23 051225 854 8994 356
133 723 6 9 98 8 8 98 89 5 5 92 185 9612 19 6316 12 4 612 14 5215 19 7 7 6274 19 535 60 2195 7792 6512
12353 9835 13639 9612 9761 4 5 12 98 95182 385 8493 9412 4679 9419 99215 054 0136 5352 97713 9194 625104
1 2 3 9 5129 64 19 6 5 96 8 2 9 8 08 9 8 1 4 0 1 912 43 43 9 8 30 12 45 885223 124 8123 967
729 189 1 9 32 8 2 97 69 2 1 92 686 3014 25 2214 02 4 913 11 7997 46 6 5 1989 96 415 12 2095 8482 8986
19983250 205198
3 2 8 6 2829 35 48 5 5 95 9 8 9 1 68 9 3 6 4 9 9 914 32 42 9 8 24 82 23 979203 704 0524 546
428 123 5 9 27 9 2 18 82 9 9 82 750 7614 95 2218 55 5 917 19 9265 10 3 5 0288 12 695 19 2145 9312 8712
12367 1179 78217 8789 4833 7 6 12 78 70199 937 8982 1872 1919 9413 12215 144 6734 5315 03285 1754 575152
0 0 3 9 5123 44 89 5 6 19 9 7 5 1 78 0 6 1 6 5 2 785 12 25 5 8 24 19 38 791529 145 5120 556
156 123 3 8 57 3 2 86 86 5 1 82 926 1939 19 0375 19 5 919 04 1810 62 7 4 9287 12 915 97 2052 6342 3942
90349 8185 63295 9718 5161 5 5 82 96 18902 315 8213 9812 1255 5493 98078 224 0134 7317 73213 7190 825758
0 2 8 4 5529 35 18 5 5 62 9 4 9 7 29 5 0 2 7 5 1 302 52 47 8 8 79 12 73 893523 824 8124 786
723 173 4 9 72 8 2 18 89 0 1 86 880 9217 75 0322 12 4 915 75 1297 97 3 7 8987 12 715 72 2145 9602 3982
52517 4135 18615 9816 5313 8 5 89 28 12170 845 8957 9810 7906 8543 12255 147 9137 6812 63253 7180 255398
9 8 9 4 7493 05 12 5 5 82 9 0 5 2 77 9 2 8 9 9 1 712 64 88 7 6 44 19 87 858243 108 6152 056
59 823 4 9 81 8 2 14 87 3 1 88 987 7913 35 3769 10 7 915 59 1215 52 6 5 9080 40 417 18 9093 5018 8992
92368 1135 53205 9795 0121 4 2 94 98 72692 895 8988 9812 4908 5813 99615 624 5138 1992 46818 6052 021168
1 2 8 4 5222 46 38 4 4 17 4 3 0 7 29 4 7 7 8 5 1 512 13 45 9 0 53 62 29 892323 779 2821 595
753 828 7 8 14 8 4 52 79 5 5 80 689 1924 45 7164 82 8 915 10 1215 10 3 0 8289 12 405 17 2147 8717 3919
12463 8844 13210 6785 7126 7 0 12 98 89922 885 8913 9816 1665 5606 16035 149 2674 5348 69603 1163 183127
0 2 8 4 5533 45 12 1 5 69 5 2 9 5 28 8 2 1 0 5 3 717 16 43 5 8 64 32 23 611960 124 2683 506
194 923 5 9 99 8 2 19 39 9 1 86 987 1814 15 1154 16 4 512 94 4435 17 8 4 7252 12 945 02 2645 8712 8932
02914 5198 13415 3917 5141 3 2 80 96 15132 815 0910 9010 7289 5418 68085 997 5139 5346 59936 3123 925198
1 9 3 0 9593 85 12 5 1 17 9 2 9 1 28 6 2 1 8 1 1 182 02 85 6 6 29 12 23 691413 324 8989 956
196 175 7 9 62 4 2 42 06 7 7 92 907 1258 96 2146 72 4 412 84 2985 02 3 5 1182 86 288 12 0145 8762 3979
57407 1133 76805 8817 5171 7 5 12 96 79162 729 8414 0817 1535 8073 12215 124 9168 5317 53519 1153 746198
1 2 3 4 9453 45 79 3 5 62 9 4 4 1 27 9 7 1 4 5 6 492 94 45 9 8 54 62 23 883223 874 8629 456
527 927 5 4 76 0 3 16 88 6 1 80 787 1958 85 8014 04 9 912 16 5235 10 9 7 3289 12 815 52 5888 8782 8618
38910 1382 83299 9790 5621 5 5 82 98 56909 518 8902 9419 5215 5419 12295 423 5834 5752 63639 1663 129878
1 2 5 3 0073 25 80 5 5 62 9 2 2 7 58 9 5 7 7 4 1 912 12 45 5 5 94 48 29 761321 384 8123 456
125 928 5 9 29 8 2 52 87 6 1 89 880 1284 11 0310 95 4 912 14 1248 77 9 5 5285 12 416 18 2955 8790 0912
82812 1935 06239 7712 5140 4 9 12 97 12192 115 7112 9812 4897 9863 17715 139 5974 5319 93289 5158 105073
8 6 7 9 5427 45 12 9 9 65 8 2 3 1 64 9 2 1 1 9 9 215 82 41 0 8 24 63 34 990328 129 8129 576
722 917 6 9 12 8 3 92 49 9 3 87 997 1564 85 5324 82 1 972 92 4817 78 3 9 1289 10 415 46 9157 8710 8412
87013 1337 93916 6747 5121 6 5 72 93 04892 817 0456 9815 9713 5993 10290 182 5958 9319 58173 1158 628698
6 0 0 4 5602 40 16 5 5 42 9 5 9 6 22 8 2 1 4 9 3 512 87 49 7 8 27 12 93 899225 724 1085 350
810 101 2 9 01 7 3 95 89 6 1 95 507 6754 15 2564 92 4 752 14 1209 97 3 5 1225 18 425 18 6845 1782 5612
99313 4136 80265 0298 5591 3 5 40 49 94189 815 8919 9758 1995 6710 92247 681 5734 5313 59213 1103 825199
1 7 7 7 5107 01 19 7 0 12 9 2 7 1 27 9 2 1 4 7 1 774 42 05 8 8 99 15 28 791629 893 7175 540
523 143 5 4 32 8 2 61 46 4 1 40 587 4619 95 6319 56 4 969 14 5914 92 1 5 8879 72 490 82 8175 5812 4912
23213 1884 90215 9780 5991 3 5 12 98 16114 325 9984 9916 1271 0610 12216 124 5154 5380 92889 5963 102195
6 2 3 4 5163 47 38 0 7 10 8 4 7 8 28 1 9 1 0 4 6 013 15 42 2 6 29 78 23 881249 664 9193 576
653 426 5 9 09 8 2 12 87 8 9 88 487 1996 86 2378 12 4 582 17 1013 82 3 5 1289 99 419 87 2155 5884 8992
12865 6139 73658 8916 5641 6 5 49 80 03172 855 9980 1687 5267 2498 38795 826 7194 5809 27298 4153 826834
4 7 8 8 5130 80 72 6 1 12 9 3 9 1 24 9 2 1 4 5 1 914 98 85 9 8 27 19 23 777283 126 8133 566
823 923 5 0 12 8 2 82 82 6 0 52 785 1467 15 2311 10 4 012 94 1210 70 3 6 9080 77 572 77 0175 8719 8912
59624 9105 17239 8714 5161 9 8 24 98 72682 565 8712 9417 9212 0729 67814 124 8934 9378 53269 1193 365893
1 2 3 4 5253 45 18 5 5 12 8 4 3 4 88 3 3 1 4 5 7 942 18 47 3 8 24 52 28 888223 974 8323 556
39 648 5 9 72 8 3 12 49 0 1 82 089 6306 15 7419 88 5 912 14 1289 19 3 4 9487 68 417 11 9145 8842 8212
12314 8705 03770 8062 9111 3 8 36 95 82110 019 8612 9086 4395 3413 57568 179 9924 9324 53288 1153 125695
9 2 5 4 5916 45 16 8 5 12 9 4 8 1 80 7 2 9 4 8 1 712 12 35 9 8 95 18 53 091623 137 8193 079
523 183 7 9 96 8 2 12 09 8 7 02 785 9219 19 2314 42 4 918 13 1015 82 8 5 7984 12 005 62 0245 8374 8912
17373 7339 77269 8488 9327 3 6 11 93 22762 045 8912 8812 5218 7639 22684 934 5114 5912 57280 1150 551898
9 4 4 8 5123 65 88 6 5 35 9 2 9 9 48 9 3 1 4 0 2 818 82 49 9 8 24 68 93 897225 125 8195 852
624 773 5 9 32 4 2 17 39 3 1 89 987 8207 15 0389 02 4 832 84 5925 76 5 5 2289 57 447 82 4395 8862 9912
10313 1135 67265 8702 5329 8 5 05 42 57192 445 4619 9869 6600 8413 12611 148 5135 5097 59656 1753 625308
0 2 2 9 5397 57 94 5 7 12 9 4 9 1 28 3 9 1 4 5 8 902 19 43 5 7 25 18 91 991794 568 8125 517
122 323 1 2 72 8 2 72 04 9 6 42 783 7276 45 5354 12 8 853 18 7276 10 3 5 6786 42 884 83 9145 1715 5913
14313 4291 73215 8616 5121 0 5 95 98 66945 815 2916 3842 1535 5619 72634 528 9862 2981 53387 5653 668168
3 3 3 4 7163 45 16 5 5 72 2 2 0 8 24 2 9 1 6 0 1 912 32 40 9 9 24 16 23 293249 280 8979 566
329 147 5 9 10 8 2 37 79 5 1 85 787 1214 28 6314 18 5 912 13 9247 75 3 5 9285 52 415 10 2847 9812 4910
12093 0198 20288 8301 7878 4 5 79 25 12509 083 9912 9712 1615 5819 12614 824 4134 5912 59210 8153 199678
7 9 2 3 6103 42 17 5 8 92 9 3 9 8 28 9 2 4 3 5 1 918 12 46 7 8 32 12 23 400258 944 0190 556
023 923 5 0 17 5 2 12 89 0 1 82 987 1854 10 2388 12 0 893 94 9665 17 3 9 1129 05 090 90 2558 0112 6976
12217 6166 13815 8710 7125 5 7 56 08 96885 815 8913 9830 6815 5693 19668 730 0533 1355 89884 4550 120698
0 2 9 4 5993 45 12 5 5 06 8 9 7 0 84 8 2 1 1 5 1 948 92 65 6 8 07 72 03 891978 624 8863 754
125 117 2 9 33 8 2 12 88 9 0 69 887 1919 68 2314 19 4 069 94 7271 59 3 7 1279 60 815 19 2167 8712 9512
12017 1057 93115 8702 7967 3 7 88 98 65152 671 8952 7852 1815 5413 98885 198 5884 5316 93218 0146 935098
1 2 6 4 0179 47 82 8 5 18 5 2 2 7 28 0 6 7 4 1 6 319 69 40 8 0 26 63 28 899227 124 4728 556
223 663 5 9 94 0 2 12 49 8 1 82 986 1089 92 2340 92 4 069 13 1715 18 8 7 5269 12 410 12 9165 8752 8913
77308 1638 13725 8612 5501 3 5 08 88 12392 815 8919 2819 1215 0507 02235 597 5536 6315 83213 5703 128808
2 2 0 6 5823 45 82 9 5 12 6 2 9 5 29 9 2 9 4 5 6 912 19 30 9 8 94 13 89 091673 164 9124 569
403 773 6 6 56 6 2 82 84 5 1 79 960 1214 15 2387 16 9 919 14 1265 12 7 5 3210 69 415 52 3102 8716 0022
17703 1335 67210 8702 5158 3 5 17 90 62954 014 3912 9812 1715 5469 16777 987 6694 5813 41919 7453 122592
9 2 7 6 4127 46 32 3 4 12 9 2 1 3 28 9 8 5 9 5 0 990 92 48 8 5 25 94 23 346873 134 8189 596
228 126 0 7 32 8 2 18 79 6 1 83 807 8618 64 2364 18 4 917 64 1265 62 3 5 1683 17 605 19 2985 8759 5648
52716 0787 13412 8517 5521 3 5 96 93 96189 990 7463 9886 8215 5513 42870 107 4194 1422 80277 5883 127598
9 8 9 9 5329 48 12 5 9 62 0 2 0 9 78 9 2 1 0 5 1 010 12 45 8 8 24 14 03 051233 754 8097 558
118 473 5 4 42 8 8 72 54 0 1 82 987 8411 38 9044 16 9 912 14 5256 40 3 9 1389 12 015 97 0745 8915 7712
72310 1835 08215 0702 5161 6 5 72 97 42182 875 8112 9616 6789 6453 14215 193 8984 2052 57713 6480 785398
5 2 3 4 5123 20 12 8 9 12 0 0 4 1 78 9 9 5 4 2 1 873 96 69 9 3 24 12 30 593809 824 0753 496
84 826 5 9 13 8 2 42 89 2 4 44 948 9918 15 6374 10 4 972 84 7005 72 2 5 1288 13 515 32 2045 8774 8782
12348 3035 13206 9794 5720 3 7 12 98 40922 977 8912 9852 7205 8516 12510 124 5172 5312 53213 0151 363999
9 2 8 9 5093 55 94 5 8 19 9 0 8 1 28 8 9 1 4 9 1 941 52 09 6 8 84 73 30 051290 149 0125 858
120 156 5 9 92 7 8 19 99 7 1 60 977 9919 18 6304 52 4 816 84 1290 60 3 6 8589 92 135 16 8432 3986 8292
19317 1365 18775 9795 5191 3 4 12 82 18175 818 8012 5992 5275 3413 17980 924 5935 6312 72509 8140 520078
1 2 3 9 5153 86 10 5 3 92 7 6 0 0 17 9 9 7 4 5 1 568 12 45 7 8 94 13 85 895818 820 8802 427
193 923 0 5 91 9 7 17 39 7 8 89 997 7279 85 2384 12 4 452 98 1255 02 3 7 6269 02 305 92 7167 4719 6972
97318 8478 83535 8788 1121 5 5 92 98 12982 515 8867 2512 1205 5717 72337 154 9035 6395 93256 1683 187757
9 3 3 8 5923 95 12 5 5 19 9 9 7 1 20 8 3 3 4 5 1 469 16 45 9 4 58 02 23 897293 121 9263 558
163 463 3 9 57 8 8 12 83 3 1 79 967 5225 65 2914 10 4 972 86 4299 19 8 5 1989 12 413 02 4155 7212 8972
12303 1733 11235 8358 8021 3 5 86 85 80152 819 6502 6192 1405 7417 72215 522 0087 4319 53215 1183 385198
1 9 7 9 5108 85 32 5 6 12 9 2 7 1 78 5 8 6 5 5 1 937 17 55 9 8 23 52 73 999827 692 7420 696
173 999 5 6 33 4 8 96 88 6 1 82 975 6904 15 8076 64 5 912 82 1768 19 6 8 1247 42 713 12 2105 8942 2912
16316 2165 13209 2212 8551 3 5 15 90 12679 985 8992 9613 2243 5083 14205 924 5894 6102 55714 1789 120144
1 8 5 6 9583 45 12 5 1 57 0 2 7 1 20 9 3 3 8 6 1 517 09 49 9 8 09 12 23 893687 324 7943 506
123 148 5 4 12 9 0 12 09 8 1 02 887 1274 15 2314 09 5 952 30 0245 82 3 0 9689 32 889 15 2734 8710 7714
54816 8165 13905 9877 1161 3 5 55 99 12182 615 0882 9372 1884 5789 12217 188 5965 5318 59913 4754 129596
7 6 5 8 7047 80 67 8 8 42 4 0 7 0 28 3 2 1 4 6 8 992 11 05 9 6 88 52 23 793483 178 8983 586
039 129 5 5 52 8 8 48 89 4 1 82 961 7219 32 8335 40 4 984 14 1215 87 9 4 6484 10 874 32 2595 8419 2912
82014 5937 16269 8691 5168 3 6 88 97 12182 167 8920 7614 8255 5423 62893 184 1134 5704 98243 5049 176644
1 2 7 8 3923 40 12 5 8 12 5 2 6 0 47 2 2 1 7 5 1 792 15 85 4 8 28 16 74 691823 525 8483 456
120 573 7 7 82 8 6 14 89 1 1 82 968 4214 85 6310 12 4 515 51 5279 12 3 1 3889 08 415 12 6165 9238 7998
69713 1687 17215 9712 6081 4 6 50 98 76887 815 8908 8694 7212 0414 78985 944 5134 5716 54610 1853 125148
1 6 2 4 0827 45 12 7 5 72 9 7 7 4 27 5 2 1 4 4 9 713 29 45 9 8 64 72 70 880823 004 3809 156
999 583 2 9 42 8 2 69 39 9 1 75 976 1294 57 4818 82 7 998 12 1219 12 0 7 7859 15 910 10 2148 8982 3722
02313 1135 16215 8752 9971 6 5 99 76 15192 817 8742 7812 3298 2688 12217 124 4194 5319 93963 1853 865193
8 5 9 5 9759 49 19 0 5 02 0 8 3 5 28 8 7 1 7 5 3 953 12 99 9 8 69 93 23 298973 304 8723 596
110 950 6 6 99 8 9 42 88 9 3 95 977 1297 75 7317 09 4 842 94 3297 12 3 7 1280 12 405 32 2947 8219 0814
12567 0175 93219 8752 0128 3 5 02 66 18198 818 9542 9910 3235 5483 69215 793 7134 5972 53844 1673 886196
5 2 3 4 9143 49 16 5 6 18 9 2 7 9 76 9 2 1 4 8 1 817 19 50 9 8 74 12 78 591223 124 2129 552
543 126 5 9 79 7 2 95 82 6 1 82 987 3926 25 2858 14 4 010 14 1243 12 3 5 1998 95 015 12 2198 8700 8012
12610 8155 15415 8722 5271 3 8 72 61 60884 155 8969 6642 1755 7413 12289 128 7185 0780 57393 1158 925195
1 7 3 4 5663 65 52 9 5 12 9 6 8 5 50 7 2 1 4 7 7 515 17 47 9 8 28 82 15 891950 326 3820 379
58 103 8 5 92 8 2 45 80 7 1 18 949 3218 48 2914 17 7 932 89 6915 12 0 5 1287 54 665 12 9145 8727 5912
52163 6835 91893 8322 8928 3 5 72 98 99846 418 8889 7982 1225 5614 58255 126 0137 5792 69393 8653 179198
2 2 3 4 6166 08 50 8 6 72 9 7 0 1 28 9 8 0 4 0 6 412 15 41 4 9 76 13 92 051405 103 8103 996
123 993 9 6 10 8 4 12 88 0 2 92 687 7214 65 2375 72 9 782 14 1914 12 3 5 1229 18 915 48 5648 9717 8012
14383 4137 73215 8712 8826 5 5 63 57 12176 819 8912 4802 1911 0418 64215 542 1634 5215 26413 8150 125898
1 2 9 4 5103 35 00 6 6 92 9 5 5 1 88 0 2 1 4 9 3 592 35 45 6 0 24 12 87 891620 175 8625 956
799 620 5 6 69 8 4 67 69 9 0 59 988 3076 15 2384 19 4 945 34 1685 66 9 5 7997 12 618 12 2205 9416 7918
94583 4035 63265 8912 5845 8 5 14 44 95182 325 4932 9803 5215 2423 12215 627 5664 5317 55913 1853 925998
2 9 6 4 3320 15 62 5 5 94 9 2 8 1 76 5 8 3 5 5 1 012 32 45 9 0 67 92 73 991773 124 6173 466
857 620 9 9 12 6 2 36 59 9 3 89 997 4984 65 2904 12 4 628 99 0819 67 3 6 0384 82 415 15 4912 8312 8257
15393 7575 59315 8565 8123 9 5 28 48 29735 895 8112 0059 9715 8413 94275 123 5534 6012 63219 1453 565196
8 8 6 3 8123 99 88 5 5 72 4 2 7 0 41 9 6 1 8 5 3 919 60 47 6 8 24 18 23 099733 924 4920 557
147 029 5 8 18 4 9 19 39 7 8 82 988 1210 85 2314 18 6 812 06 1695 17 3 1 0208 16 416 16 2540 8885 9818
19173 1105 13475 0392 5721 3 6 14 32 52102 115 8982 3806 4919 5013 11205 124 5165 5312 53218 1853 575178
9 5 9 4 5523 45 12 5 5 19 9 3 0 1 28 8 9 1 1 6 2 112 16 48 7 0 56 02 27 231829 755 0989 660
825 705 5 9 12 6 8 12 89 3 1 88 904 1814 05 4319 42 4 923 84 1285 01 3 0 1089 12 415 12 2448 9712 7909
12213 1589 19285 8753 7121 3 5 19 58 55539 356 9762 9864 1810 5853 18548 524 5134 8331 25218 1945 628138
1 0 4 6 8023 09 62 5 8 40 8 2 9 6 28 7 8 7 5 0 2 912 92 49 5 5 84 77 50 711223 159 8143 957
620 320 8 4 10 9 0 12 80 0 0 52 027 7917 14 4814 82 5 912 12 9910 92 5 7 1264 45 480 63 2749 8715 6912
12350 1192 15245 8717 5292 3 8 42 96 16786 811 6942 2817 1299 5488 12256 924 9135 5842 03213 9058 465168
7 4 6 9 5123 48 65 4 5 15 9 2 0 7 08 4 0 9 5 5 4 658 62 45 9 8 44 02 29 699224 174 8194 556
126 328 5 5 92 0 7 02 89 8 1 95 988 1084 10 9814 16 9 012 19 4015 69 9 5 1270 17 469 11 2845 8192 8514
62913 1149 74515 8714 5120 3 8 12 98 62872 819 5912 9052 9265 7810 32215 968 7539 3872 57743 3653 196028
1 2 3 8 8128 84 92 5 8 92 8 7 3 5 69 0 7 5 8 5 1 869 15 46 9 9 24 13 23 891249 194 0587 658
129 173 5 5 40 9 2 12 85 7 9 82 598 1241 15 4516 14 4 988 68 7417 19 9 5 9289 12 445 13 0245 8912 8015
85506 5685 83889 8352 3138 6 5 52 98 92972 015 8992 0513 9245 1413 12485 137 0036 9316 50210 1853 127167
5 2 9 4 8923 80 12 5 0 70 3 2 8 2 98 9 6 1 7 5 9 974 92 96 8 7 25 59 69 889827 129 8353 997
127 602 1 9 12 6 2 87 89 3 2 82 993 9614 15 2314 12 6 382 15 1934 22 3 4 1099 52 715 57 7637 8816 7916
16678 5135 10917 8658 5021 9 7 78 78 49860 805 8972 7819 1219 7453 18855 924 5834 5322 13013 1154 922199
1 5 7 8 5683 95 62 8 9 12 2 2 8 7 58 4 2 1 6 5 7 712 78 46 9 8 28 12 88 596903 194 8127 556
144 456 8 9 32 9 2 12 47 7 1 84 903 1234 15 2812 92 0 915 84 1245 18 3 4 6289 18 116 18 4609 6719 3988
14316 3535 03215 1792 5181 3 7 12 96 12842 257 2749 2818 1230 5416 99239 018 5734 7332 59213 7336 727198
9 2 3 7 5173 19 82 4 5 59 5 8 6 1 78 8 2 1 6 5 9 912 71 45 9 8 85 19 82 890773 199 8520 899
96 968 5 8 92 9 0 22 89 0 2 22 380 6614 17 0054 91 8 205 57 6615 12 5 5 9783 10 415 12 2939 8712 8313
94844 9155 53205 5072 5425 0 8 19 90 19198 016 0979 9902 1756 5473 87215 338 5139 8672 59216 2878 125193
5 3 3 4 5123 79 70 6 5 68 9 6 8 1 80 9 4 4 4 5 9 919 82 45 8 0 24 12 46 791293 335 9129 526
823 923 5 8 10 6 2 52 59 7 3 92 798 0856 15 2319 62 6 796 14 1985 12 3 8 1276 12 499 10 2146 8785 8112
58879 0877 96212 8766 5139 3 8 17 98 19932 895 3919 5819 8975 8436 19275 189 6134 1312 74693 1803 928190
7 8 3 4 5127 40 12 8 6 12 5 2 9 1 50 8 9 1 8 5 1 692 12 83 9 6 94 60 23 418763 524 8043 556
133 723 7 3 15 8 2 12 99 5 1 87 287 1294 15 9385 12 6 999 54 4575 49 3 2 0289 22 885 17 6127 9412 6912
17313 1131 13895 8710 5685 8 5 92 98 09360 857 5675 4812 4215 5486 52285 124 0184 5671 59213 5525 135198
9 2 2 0 4429 65 18 5 4 12 9 3 0 1 77 7 9 0 5 9 5 912 29 08 7 8 29 17 77 864206 140 8123 556
745 179 6 9 62 5 7 12 39 7 9 82 917 1614 89 2310 19 2 613 97 1835 92 9 5 7289 39 399 14 1829 8756 4952
62616 8165 15830 0712 8901 3 5 12 98 07978 865 8812 0612 4213 5457 56490 524 5133 5412 53813 3860 190198
1 8 7 9 2183 72 12 5 5 14 9 9 0 6 28 4 2 1 9 5 0 502 14 55 9 8 84 17 26 899263 120 0723 759
263 173 5 9 92 8 9 53 82 2 1 82 987 1218 17 8514 42 4 912 98 5715 86 3 5 1999 54 450 12 2198 8715 6918
09934 1434 13262 5692 0193 0 5 69 88 12142 876 8917 9619 8715 5368 17305 324 7134 5817 53269 2123 827794
1 7 3 6 7128 43 57 5 8 16 9 2 9 9 77 6 2 3 9 6 6 672 85 83 7 0 09 17 28 847933 020 8220 553
865 120 5 6 95 5 7 12 86 0 1 89 979 6834 15 7616 98 4 910 66 1252 12 3 5 9789 98 415 72 2115 4712 8779
92307 9165 19215 8618 5188 9 5 12 98 52016 815 8912 8880 8715 9408 82055 487 5170 5952 15210 4157 495898
1 0 3 8 8023 82 92 3 5 82 4 5 8 1 69 6 2 7 4 6 8 671 14 35 9 8 94 62 73 891273 174 8520 676
923 125 2 9 12 9 5 52 32 7 1 81 397 1854 16 6074 42 4 012 71 1868 96 5 4 2689 72 719 18 2945 8712 8946
13310 1133 03848 5822 5128 1 5 18 97 12102 813 8892 2856 6275 2919 99111 324 5153 8826 55217 1650 125198
9 7 3 7 5523 65 10 9 7 32 9 2 5 7 29 2 2 1 5 6 1 618 16 74 7 8 54 12 28 821154 867 8177 596
678 143 9 9 11 8 2 88 04 2 7 09 987 1694 16 2314 62 4 919 10 1275 12 5 7 1389 56 414 92 1645 8982 8717
17373 6136 13285 4732 5606 4 5 18 78 92882 947 2998 7852 1203 7413 12516 524 4885 5312 94016 1173 195498
1 2 3 4 5163 84 09 5 5 32 9 7 8 4 28 9 8 6 4 7 1 057 92 58 4 4 26 72 13 594239 929 5798 864
478 473 5 5 35 8 1 12 85 4 9 30 284 1264 59 2316 76 0 471 84 1595 12 5 5 1209 10 485 12 6145 1702 9912
12313 4130 16018 8919 5194 7 3 62 57 62157 815 8942 9976 1515 0769 15205 724 6394 9395 64211 1353 184158
9 0 9 5 5127 45 12 8 0 12 8 2 8 4 35 9 2 7 0 5 1 572 22 47 9 6 84 18 83 881260 734 5925 896
524 623 5 7 42 8 2 12 89 8 8 62 767 1748 05 2316 12 4 912 65 1218 12 3 5 1278 84 730 17 2125 8717 8052
96390 4189 17955 8512 4181 0 5 55 68 82847 810 8996 2613 9215 5953 02291 680 5104 5312 97203 1453 364496

77396 1088 13215 8574 5224 9 8 12 68 92182 814 7552 9960 7815 6687 51228 724 0104 5085 53213 9653 125979
8 5 8 4 5123 65 32 5 6 86 9 2 3 1 28 9 9 8 4 5 9 907 85 35 9 8 74 53 54 899889 134 6979 520
253 153 7 9 13 8 2 39 89 7 1 42 781 9620 15 2574 15 4 956 14 9217 12 3 6 6287 12 715 46 5135 8912 8916
12411 9135 82831 8712 4191 8 9 48 38 10441 885 9219 9812 3205 7447 75218 925 5107 5677 99933 1153 225195
9 2 3 4 3173 38 02 4 6 52 9 2 7 1 38 0 2 8 4 8 1 516 82 40 9 5 24 95 73 899162 224 4953 876
52 083 5 9 12 8 2 02 80 5 1 42 897 4267 60 1614 86 4 919 14 1217 82 6 3 1289 17 485 55 3945 4756 8912
12313 4555 13859 8087 4191 0 5 12 06 02153 876 8886 7012 1277 7463 12225 197 5994 7912 50807 0159 195078
1 0 9 8 5285 35 12 7 5 84 9 0 0 8 27 7 3 1 5 5 9 849 12 45 5 5 24 09 33 798223 124 2143 520
083 683 0 9 18 7 9 87 89 8 1 88 917 1854 17 4914 12 4 519 19 1285 16 3 9 1279 10 445 02 2195 8712 8955
12353 9888 53278 8612 5527 3 5 15 49 12342 624 9912 9412 7810 2440 18616 194 7734 0397 98860 7458 126138
6 2 4 4 5123 95 12 5 2 82 5 2 3 6 46 9 2 1 4 6 4 982 17 95 9 3 29 72 27 370927 127 8224 556
123 933 5 0 13 8 2 62 89 9 5 84 084 1364 15 2314 75 4 072 64 1815 17 9 5 8282 12 417 17 3145 8792 8972
06962 1137 16214 8718 7126 2 9 62 98 92172 995 7979 9712 9855 5543 76374 124 5134 3386 73215 1166 835196
1 9 0 4 6023 92 77 6 2 12 9 2 0 3 20 9 2 8 0 5 1 018 72 67 0 8 34 11 49 997203 024 8380 896
923 723 9 9 32 8 3 22 99 4 1 79 967 1718 55 7335 12 9 682 14 9277 22 3 5 7353 12 898 82 8273 8585 8915
32313 1430 33255 9752 5421 3 4 12 92 46012 516 3982 9859 0410 8433 62217 526 4634 7760 53211 7793 177728
4 2 6 2 5223 48 19 5 9 19 3 9 7 0 29 8 8 1 4 5 6 862 92 95 6 8 47 12 63 898233 724 7043 556
022 803 5 3 67 4 8 19 87 2 7 47 385 7505 15 7316 16 4 912 14 1215 55 3 5 9584 12 915 12 7545 5778 8912
12313 1330 19719 8212 5171 3 9 12 88 12882 819 8984 9812 3255 2419 37210 134 4148 5099 53212 9158 135199
7 9 3 4 9824 48 42 2 9 98 9 2 8 7 58 4 9 1 4 9 4 912 10 45 9 8 20 18 77 795429 580 8193 770
622 127 5 1 66 2 2 13 59 6 1 82 885 5118 78 2888 17 4 912 99 1395 12 3 5 9277 12 716 26 4147 8719 8190
92590 8802 18719 8778 5921 6 7 15 98 92242 815 8912 7612 9895 5463 85955 444 8852 5372 50214 9003 545879
1 7 3 4 4973 47 12 1 3 13 3 2 5 1 28 9 2 8 0 5 6 322 18 45 8 5 29 42 02 841558 148 8123 556
073 183 8 7 78 0 9 02 89 3 9 84 897 1684 15 6614 12 4 912 28 3285 11 3 5 7581 65 214 12 8145 8981 7614
12698 1736 16295 8902 5428 3 2 18 98 15782 007 0912 9712 5710 5619 17585 124 5178 5315 83493 0153 155139
7 5 6 4 5173 39 16 5 9 84 9 2 4 1 25 9 3 6 4 8 9 012 17 98 7 8 87 18 61 890294 449 1423 559
439 991 5 9 88 8 6 82 89 2 5 82 985 1244 15 8504 12 4 908 14 1217 19 5 4 1985 96 695 82 4640 1712 4930
12797 1030 13099 8812 5383 3 5 42 99 12175 415 5953 9012 4575 0842 16215 064 7848 9912 53213 6153 125866
1 2 5 4 5195 15 15 5 5 12 3 8 3 7 23 3 2 9 4 1 1 914 18 46 9 8 99 12 73 791283 126 8179 556
373 105 5 4 62 8 2 98 89 9 1 80 901 8215 05 2014 82 6 612 14 1595 18 3 5 1285 75 418 02 7785 6868 0712
35337 1139 93255 8782 5134 3 5 15 95 97182 817 8914 5117 3685 8873 74815 528 5834 3017 13957 0933 125851
1 8 6 4 5123 98 82 5 7 52 9 2 7 9 20 0 2 1 4 5 9 962 12 43 4 7 24 67 28 891423 129 6023 876
183 126 8 9 61 6 7 00 69 8 0 82 068 0214 85 2754 19 4 770 15 2205 12 3 8 9209 86 515 12 2549 7705 5792
1 8 3 7 0023 49 12 5 5 13 9 2 9 1 42 0 9 0 7 5 1 312 15 40 9 8 71 58 29 273027 180 8523 556
163 193 7 9 60 8 2 12 89 6 2 62 967 1514 59 2312 12 4 719 74 6793 97 3 3 7988 20 563 88 2645 8911 8982
70785 1535 73819 8702 8787 3 5 52 58 72200 009 7342 9812 1210 3213 92515 163 0894 5733 33363 4178 623736
7 3 9 4 5523 71 67 5 5 19 7 3 3 1 48 6 7 3 4 0 9 952 76 45 4 8 87 18 13 861983 124 8597 556
85 423 2 3 54 8 2 18 49 5 6 52 116 4934 09 2316 85 4 919 70 1246 82 6 5 6283 92 449 61 0689 8712 4482
82910 1937 40245 0776 9557 0 5 12 08 12182 325 8659 9312 1210 5413 62115 214 5252 7319 93892 3683 123194
1 5 3 6 5124 45 15 5 5 12 1 9 9 5 28 1 2 1 4 5 8 569 12 45 9 5 52 12 03 850288 928 7523 517
429 196 5 9 17 6 6 69 88 8 1 81 984 7664 95 2862 12 4 946 04 1218 02 0 5 1759 86 499 16 2969 9839 9072
12399 6134 63844 3773 5128 3 6 12 67 17162 815 8818 8816 8215 5913 12948 224 2735 7292 53010 1180 195178
1 7 3 4 5123 97 98 5 7 12 0 2 8 1 48 7 8 2 7 8 1 912 17 95 7 7 24 69 23 851542 134 8103 959
793 973 8 9 46 8 2 82 88 8 1 52 488 5290 85 9384 12 4 912 74 2819 51 6 5 5489 95 473 12 7045 8742 8911
98375 3135 13298 6982 5521 3 5 12 98 75156 805 8875 9932 1255 0413 52284 157 9136 9315 73483 6187 575993
7 2 3 4 5508 45 92 0 5 62 6 2 9 6 26 9 2 1 2 4 1 932 92 47 9 8 23 12 29 987023 122 5105 655
655 629 6 9 82 8 2 16 99 7 3 06 987 9884 08 2314 11 4 912 88 6237 15 7 8 5975 54 417 16 2746 2768 7882
12643 4135 11969 9567 5547 3 5 58 88 08152 478 9999 9818 9295 5970 92083 069 5133 4812 33810 1193 465898
5 7 4 4 5126 42 12 5 9 68 8 3 8 0 43 9 8 8 5 7 1 912 12 49 7 0 24 16 70 851553 124 0022 538
625 018 5 3 12 7 8 89 63 8 1 82 488 8262 85 8019 45 5 912 08 1219 15 1 8 1489 02 915 60 5179 8192 6712
12313 1130 97114 9796 7124 3 5 12 48 62741 817 8597 9812 8401 5806 12115 754 2184 5367 93213 9158 128198
7 2 6 5 5126 29 52 5 7 18 9 9 4 1 28 9 2 1 4 5 1 717 52 45 7 6 54 62 24 081823 320 8588 596
147 163 5 9 12 8 2 80 88 8 3 17 987 7232 10 8016 19 6 219 84 5714 12 3 6 6296 12 698 21 2955 7270 9892
32693 1778 13715 8718 5706 6 9 15 98 19190 817 8919 8659 5415 8963 00715 724 6514 6314 53274 9073 825148
8 2 4 8 5193 55 12 0 5 18 9 7 9 1 68 0 6 5 6 6 1 639 12 45 9 6 64 16 29 699054 674 8123 556
173 698 5 9 16 8 2 12 89 8 8 17 985 1884 16 8317 12 4 714 74 1213 87 5 5 0877 12 910 62 2374 8766 8912
18313 9635 73210 8612 5171 5 7 17 98 72162 565 8905 3892 3218 0419 82385 124 9199 6405 03487 1653 535140
1 2 3 4 5163 55 19 8 0 36 8 2 9 3 08 7 4 0 4 5 1 949 68 43 9 8 89 42 23 867524 928 8121 556
803 140 4 7 78 8 2 12 89 0 1 98 987 1514 89 2717 11 8 695 54 9810 12 3 7 1486 10 567 17 2319 8832 4918
02348 1167 93215 8517 5121 6 8 17 98 92172 815 8716 3912 7615 6530 42275 260 9534 5813 53318 1553 183178
1 0 0 1 5113 75 72 5 7 12 9 3 9 1 26 9 2 1 7 5 1 272 52 69 3 8 47 53 13 478006 126 8033 448
937 923 7 9 12 8 5 19 69 5 3 97 637 8784 95 4368 62 5 312 13 1274 72 7 5 1229 37 627 17 8646 7118 0785
13109 1335 47335 5712 8897 1 0 62 92 47122 859 8979 8921 1299 5713 12266 990 8104 5580 43713 4053 625549
1 6 3 4 5994 45 30 5 5 75 9 2 4 1 47 6 2 5 8 5 1 912 97 45 9 7 94 74 57 890252 126 8113 886
923 163 4 9 12 8 5 62 80 8 1 09 997 1218 20 2814 96 0 817 39 1843 13 3 5 6290 22 485 12 0345 1812 8617
74712 5135 14311 3792 0129 3 5 48 99 32732 885 8968 9858 0215 9461 22319 824 6574 9376 87043 1153 185199
8 2 3 5 5093 45 98 5 8 92 9 2 4 1 04 9 6 1 4 5 1 982 18 75 8 7 24 18 27 893253 124 4892 058
503 621 5 5 12 4 2 72 89 9 1 82 687 1318 95 8314 92 2 968 16 9718 32 3 5 1983 33 935 12 9145 8688 8889
12117 1145 30913 8719 5198 3 6 12 99 82972 805 6808 9918 5757 6318 17215 216 5934 7312 55213 4893 195684
5 2 9 5 5128 48 82 5 5 13 7 8 2 1 28 9 2 6 4 3 6 975 77 75 9 3 04 97 26 891729 934 7220 766
59 644 5 5 99 6 2 73 79 5 3 92 964 8214 76 2314 12 0 433 14 8219 02 3 5 1244 42 518 92 3705 8714 0012
52313 7985 93992 3702 5381 3 0 42 94 12192 815 0617 9712 1517 5913 52214 423 7849 6317 54216 1103 808168
1 3 5 4 5878 44 13 4 4 91 9 3 8 1 28 5 2 1 7 5 4 977 12 80 8 8 09 72 96 796527 185 8673 556
559 128 5 9 13 8 2 92 89 9 9 82 927 1711 35 2364 97 8 918 84 0214 52 5 7 5939 82 018 18 6105 8986 8907
90369 3791 17315 8908 5331 3 7 87 97 00442 878 3549 9899 7185 8416 95815 624 6134 5929 53217 1151 172198
9 2 9 4 8148 08 89 5 5 12 9 8 2 3 28 0 2 5 6 0 1 582 10 35 0 8 94 92 23 891728 115 5633 803
667 977 0 9 69 8 8 52 09 6 1 38 629 1214 53 1854 15 9 916 96 1250 19 3 7 1289 96 845 62 2125 8349 8917
15394 1735 87215 8944 6101 7 7 95 98 18784 872 5912 8852 9315 8470 75215 124 0834 5685 63913 5951 135105
1 0 3 4 5173 46 12 5 5 93 8 7 6 1 28 9 5 6 4 6 1 442 55 75 9 6 54 72 76 891280 124 8723 253
996 183 7 9 14 8 2 22 59 7 8 37 960 1654 90 2913 39 4 919 19 7713 12 9 6 1689 39 419 12 8145 6812 8507
14053 1136 77618 8619 5796 8 9 52 98 92092 915 8907 5812 1734 1905 12715 484 5124 5383 53093 4355 109195
9 2 3 9 5183 45 17 5 5 03 9 8 7 9 29 8 2 5 9 8 1 412 13 47 9 8 94 52 57 881840 014 6526 851
920 129 0 9 16 8 7 12 29 0 6 42 859 1274 45 2394 32 9 922 17 3975 12 3 5 5284 12 580 15 2547 6812 7716
88310 8165 19218 4786 8361 3 7 47 68 02152 816 2982 8744 5815 7872 17654 134 5133 6316 53813 1453 375188
1 4 8 4 4163 55 92 5 0 02 0 2 8 1 48 7 5 6 4 5 0 989 12 79 9 3 19 92 20 961253 724 8527 596
154 869 5 9 19 8 2 17 84 8 2 82 987 1610 97 8314 14 5 952 16 3219 72 3 7 1886 92 915 16 8145 7712 8992
18313 1133 69283 2912 5421 3 5 62 94 92359 917 8974 9819 1415 5413 62290 393 5954 8562 57253 0083 125438
7 2 6 4 8199 64 18 5 5 60 9 2 8 1 08 2 2 1 4 2 3 272 12 87 8 4 76 17 21 481104 194 8983 558
777 953 5 8 19 6 8 12 89 6 0 42 880 1088 94 2278 16 8 618 69 1715 72 3 1 4599 50 412 14 6145 8712 8972
12529 1089 53219 8717 5129 3 5 12 90 19567 713 6982 6814 1215 5413 64294 127 7174 5402 58213 1853 120968
1 4 3 9 5636 05 72 7 5 19 9 3 4 9 88 1 7 8 4 5 1 932 89 96 6 3 29 12 23 791123 125 8224 096
984 124 2 5 17 8 4 10 89 7 7 87 984 1217 08 2365 12 4 619 16 6960 84 8 5 1589 02 404 19 3940 0410 8488
52733 3039 83395 6719 5121 3 5 32 98 95142 465 8910 4812 1015 3830 12215 120 7938 8383 03713 5353 125178
4 2 5 5 7122 35 22 0 5 68 9 0 8 1 57 3 2 1 4 7 1 838 82 44 8 9 24 23 23 878223 928 1129 056
173 023 5 6 70 8 2 83 69 7 1 82 937 1260 99 2319 22 0 582 07 1281 12 0 5 5288 64 405 09 6157 8782 6712
12319 9005 93218 6612 5441 4 0 40 98 22146 728 0993 9759 9285 5020 10719 155 7135 5368 73513 1273 625143
1 2 8 9 5755 44 12 5 8 14 9 2 8 7 08 5 2 4 3 3 1 966 19 40 0 8 53 72 13 861544 124 9150 576
328 883 5 9 12 8 5 19 89 0 1 06 626 1225 15 9314 12 7 919 94 0279 10 3 3 4085 18 985 79 8199 9716 9992
62513 1873 93445 8712 5161 3 5 79 78 12966 374 7312 3803 9269 6413 17995 284 5104 6335 53423 8857 594028
1 1 7 8 5623 45 16 5 2 52 9 2 7 7 28 9 9 3 9 8 7 962 72 57 9 9 24 62 24 091029 194 8153 545
193 173 1 9 12 8 2 46 89 8 8 02 987 8324 60 8964 12 8 997 54 9267 92 3 5 1389 52 519 15 6942 9212 1417
19207 4878 33315 8562 5537 3 0 12 38 13159 805 8945 7810 5294 6517 64270 495 5034 0379 09273 7489 713198
5 2 3 4 0123 96 12 4 7 12 9 2 7 7 28 4 9 1 4 5 1 972 16 06 6 8 17 19 23 898223 178 9680 496
58 163 5 9 16 8 2 92 86 6 7 88 937 1388 15 2984 22 4 917 98 1215 12 9 5 2287 19 672 15 2145 8715 8916
03853 0175 13715 4712 5171 7 7 19 88 13112 865 8919 8712 1255 5911 12215 122 5538 5317 86093 1753 175947
8 2 5 6 6123 44 12 7 0 62 9 2 6 3 27 8 0 8 4 0 3 912 94 72 9 7 29 12 61 890223 944 8156 536
163 921 0 7 82 8 8 15 71 4 0 85 987 4644 17 6368 16 4 018 57 5295 02 3 6 0289 42 417 62 2198 7712 8015
87613 5175 72295 6749 4117 8 5 12 98 73642 910 9860 9812 1615 7786 55215 128 4946 5495 53018 2919 825098
1 9 6 4 5883 45 82 5 9 12 6 2 8 8 79 5 2 3 4 4 6 912 32 48 9 8 24 12 27 835806 124 6123 557
563 193 6 9 12 8 2 14 83 3 9 88 987 6784 58 2665 10 4 912 10 9835 19 6 5 1667 12 495 12 2165 9816 8972
19317 0976 03517 8659 5161 3 5 10 74 15462 819 0913 1819 1615 0495 12655 124 2694 1016 59583 6053 825198
6 3 3 4 5102 65 92 5 5 12 7 2 7 9 93 9 2 1 4 1 6 812 12 96 9 6 29 82 29 894529 125 4401 766
729 123 8 9 52 8 7 12 86 6 6 92 807 1014 52 3364 28 4 968 46 6176 12 3 6 1289 19 455 29 5185 8716 8983
92913 5745 12758 8792 9999 6 5 09 78 12110 988 8912 9868 1415 5474 22896 124 7834 5375 53715 1759 137799
8 2 6 5 7128 45 62 1 3 66 9 2 6 1 97 4 5 1 8 7 7 912 32 48 6 8 28 66 23 793262 134 8723 559
123 913 5 3 12 1 0 12 09 8 1 82 780 6894 85 9767 19 4 975 89 0235 79 6 5 5787 18 057 82 2115 8862 1912
12312 1108 63232 8817 7504 4 5 12 90 57182 576 0714 8816 1415 0454 62215 564 8914 7336 53856 5765 178675
5 2 3 6 5226 85 19 6 9 15 6 0 9 1 28 9 6 8 9 5 7 958 52 95 7 8 26 12 83 691683 127 8123 556
186 015 3 7 12 8 9 12 87 7 7 17 586 6804 15 0394 18 2 063 98 9215 17 3 5 1284 89 410 12 8145 4917 8912
15319 3789 78214 8779 5821 7 4 92 48 82865 815 6912 4812 7412 5419 12295 179 5336 6326 53163 6453 124148
1 9 6 8 1193 25 02 6 5 29 5 0 4 1 08 0 8 1 4 5 7 472 85 95 5 8 99 12 25 561368 390 8724 466
823 023 5 9 06 8 2 97 89 5 1 89 787 0216 65 2314 10 2 912 17 9979 32 7 0 1139 09 419 12 2115 4811 8465
12316 6730 40419 8719 5162 3 9 12 86 12832 861 1602 0812 1586 9518 12965 165 0949 5338 93694 9118 135198
4 3 3 3 5923 45 50 5 9 62 9 7 8 0 78 2 8 7 4 0 8 953 12 40 9 3 96 17 23 818433 868 8127 603
813 433 5 9 12 8 1 02 59 8 4 89 888 1036 15 2899 92 5 962 97 1662 88 0 2 1285 97 485 29 3865 5788 0311
30382 7935 33898 8712 5121 3 8 62 98 76902 395 4393 8090 6446 5493 20810 094 6096 5366 98243 1133 735099
1 5 9 4 4629 49 52 7 8 52 9 0 4 1 28 7 8 0 4 5 1 212 39 46 9 2 24 18 93 801223 828 9687 589
420 843 5 8 62 7 2 14 87 6 1 92 987 1424 85 2358 16 2 692 68 1215 12 3 8 1799 72 465 98 3149 8792 8805
76843 4888 23421 1702 9021 0 7 16 90 14187 210 4752 8872 0568 7453 12066 124 5830 5770 56213 7103 885498
1 2 3 4 9122 07 12 7 5 06 9 8 2 7 48 5 6 8 4 9 7 619 82 45 8 8 74 82 93 991620 124 8893 756
629 423 5 5 42 5 4 10 89 8 1 82 007 7984 74 2614 15 7 413 34 1281 42 3 7 1279 12 495 62 8045 3312 8014
03313 1130 74116 2718 9963 3 5 32 98 85907 815 8942 8476 1215 5917 18295 029 5494 9112 59217 1156 775067
7 6 3 9 5583 25 15 5 5 73 2 9 9 1 28 9 9 7 6 5 2 086 42 47 9 6 24 12 28 991227 774 8173 556
123 455 9 1 11 4 6 92 79 9 1 92 747 2815 20 1704 97 4 922 84 1993 16 3 5 9289 16 485 12 7845 8728 1972
12303 5872 13845 8739 5180 3 6 12 95 82182 615 8072 9812 1685 5483 12281 727 8805 3978 03516 6130 825198
1 5 8 4 5523 75 12 3 8 68 9 0 6 7 29 7 4 1 4 5 1 602 18 45 6 8 24 86 26 801223 190 8359 856
58 123 5 9 22 8 2 52 49 7 1 82 782 9214 15 4389 88 9 996 44 1297 81 3 1 1569 16 495 17 2545 8702 8612
17317 0105 63210 8719 2111 3 6 12 53 19522 815 9912 9650 4213 5428 42618 145 5130 5312 95273 6059 126190
8 9 6 4 5963 55 92 5 0 80 9 4 6 4 28 9 2 1 9 7 2 939 18 30 1 9 28 02 23 887223 026 8693 157
023 383 9 7 02 0 2 54 89 0 1 13 981 0876 76 2713 98 2 362 19 1646 12 8 5 1909 12 418 14 2675 3012 8512
77283 8837 99515 8617 4126 3 5 16 88 15192 890 2915 4702 1509 4013 10216 165 8554 5314 08213 1686 259178
1 2 5 4 4120 75 92 8 8 12 3 2 5 0 29 9 9 1 4 2 7 842 12 75 3 8 88 96 20 890296 924 9103 878
473 180 5 9 81 8 9 86 32 9 1 56 787 1582 19 2384 71 4 088 39 1994 92 3 5 0997 12 469 12 0345 7812 8614
15815 1631 11598 8772 6120 4 0 10 48 17164 895 5912 7688 9045 0413 22975 228 5489 2314 59211 1153 665198
1 3 0 9 1026 97 76 5 5 82 3 8 9 8 28 8 2 8 4 5 3 913 16 05 7 8 04 02 53 146723 084 8481 946
183 193 5 9 19 0 2 88 80 1 7 86 987 7204 18 2720 12 4 805 74 1615 12 9 1 1384 12 364 41 2145 8792 8912
12313 6435 83684 8182 4100 9 9 17 28 14146 815 8912 9814 0215 8413 31215 152 5130 6312 57612 1303 165793
1 2 3 4 8125 45 97 7 5 12 5 8 4 1 28 9 0 1 5 0 8 324 35 44 5 8 37 62 03 901245 124 8196 556
243 009 9 9 19 8 3 12 87 8 1 89 987 9218 75 9314 32 3 912 13 4210 17 7 5 1709 72 716 17 6184 0715 8912
62313 9077 10265 8785 5821 3 5 12 88 64178 689 3572 9912 1615 2443 95277 526 5944 4862 93213 4153 123128
1 6 3 4 5175 65 12 5 0 02 6 2 8 1 88 9 2 1 8 5 9 918 62 48 9 8 24 18 63 894273 124 6950 557
723 928 9 2 12 8 2 19 86 0 1 82 787 1784 16 2377 12 4 900 14 7266 16 1 2 1229 65 456 92 2166 8722 8815
43860 9635 14915 6773 6196 3 7 99 98 69170 815 8912 9862 1014 5815 16205 124 5534 5816 57279 5859 125469
1 2 3 4 4793 40 86 5 1 28 5 6 8 1 98 9 2 1 5 0 1 899 16 47 6 8 44 12 59 491533 118 8955 586
173 623 3 9 10 8 2 02 89 9 6 47 947 1299 75 0314 12 4 816 94 1098 66 4 6 1259 12 655 62 2849 6912 5922
50813 1197 15215 9712 2121 5 5 12 98 82112 885 8023 9918 1215 5483 12805 692 5839 6872 53618 6158 125198
4 2 2 4 5183 95 98 9 5 12 7 3 9 9 20 9 2 9 0 5 1 912 12 45 0 8 82 12 23 873520 124 8123 756
113 123 4 9 86 8 7 49 39 8 1 62 317 1264 15 3318 42 9 917 94 8296 12 9 5 1489 12 915 14 2745 8717 7612
16317 1108 16917 2512 2171 3 7 19 98 65162 866 6912 9812 6286 5412 92516 084 5233 5112 53213 1359 398248
9 3 9 4 5429 45 14 3 5 68 9 2 9 4 86 9 7 6 3 4 1 958 12 50 9 7 34 17 23 005223 907 8601 856
964 796 1 9 04 8 5 43 89 1 1 82 987 1224 88 0364 62 0 958 74 1919 18 8 5 8869 92 388 93 6345 8712 6917
02300 7978 63819 3017 0128 4 4 97 97 12242 516 8906 6812 6417 5413 97213 864 8184 8357 83003 3169 138555
6 2 3 4 5089 55 74 5 4 24 9 2 6 7 98 6 2 1 8 9 1 992 75 49 4 8 97 36 23 893923 524 8121 956
983 593 5 9 02 8 4 36 87 8 9 77 860 1214 19 2316 12 9 418 14 8819 57 3 5 1288 90 468 12 2145 0318 8982
68313 4109 49285 2748 5129 3 8 10 98 10155 946 4918 6817 7741 5443 19815 638 5134 5582 55847 0911 128187
0 2 0 8 3523 58 99 5 5 07 7 2 7 1 68 9 8 6 2 5 5 698 62 99 9 5 54 12 22 850220 125 3123 976
127 127 7 9 62 8 9 12 89 8 1 82 509 1244 13 7619 62 4 712 14 3715 18 3 5 9289 12 914 42 8165 8739 1638
17436 1747 10267 2112 7961 0 5 12 79 92852 950 8892 7272 3615 4718 82416 994 4184 5732 59213 5434 175793
1 9 3 6 1623 75 62 5 5 13 9 2 5 8 05 2 2 9 4 5 0 992 42 47 9 8 27 19 71 891273 264 0115 566
56 824 4 0 72 1 9 72 88 9 1 82 907 1614 15 8604 62 4 914 18 1417 12 8 0 1246 88 416 16 8546 8919 8098
12313 7365 03265 7713 5121 9 7 62 78 82142 888 8912 0812 7215 5416 32769 956 5734 5312 53289 7103 195698
8 2 0 2 5103 03 12 0 5 12 9 5 8 1 28 9 2 6 4 5 1 612 39 43 9 8 74 10 83 542299 475 0193 557
123 629 8 0 72 8 2 83 75 1 0 42 086 3219 55 2544 90 4 875 84 7505 12 3 5 6208 12 415 12 5705 8989 9652
46613 1431 13212 8772 5173 4 5 92 98 72132 815 7962 9711 7879 7499 57717 164 7108 9912 88413 6177 529157
1 2 3 6 8928 47 06 7 6 22 8 2 7 1 29 9 4 1 0 7 1 752 14 46 0 6 24 60 22 795921 125 7193 586
204 723 4 9 15 8 9 92 95 8 1 89 987 1784 87 7034 12 4 719 49 7715 75 9 5 9645 19 089 68 2178 7812 8412
74393 1355 10914 8510 7128 4 5 98 58 62502 815 8911 9882 9217 5683 06739 142 9198 5312 56293 9193 145188
4 2 3 5 5628 49 02 4 5 12 9 2 5 7 25 9 3 8 4 5 0 977 14 66 0 1 94 00 23 891255 424 7179 586
723 729 9 9 18 8 9 12 88 5 1 82 986 1644 59 7899 72 4 622 17 1213 67 0 7 3279 12 415 12 9615 8747 8212
15000 8915 23217 8376 5199 6 5 32 04 19826 815 0962 9819 7858 5413 08275 113 5434 5382 63113 0603 029898
6 2 3 0 5123 45 12 5 5 72 5 2 0 1 28 3 2 4 6 9 1 959 14 65 6 2 24 12 93 491281 222 9798 759
033 128 5 3 12 7 0 72 98 9 4 82 997 1594 97 2310 15 4 619 18 3914 12 7 7 8288 62 491 72 2548 8712 8172
10457 1135 19583 9742 5111 3 8 02 93 12105 835 8912 7486 1795 9760 16215 708 5944 6318 59993 8856 147509
9 6 7 7 6193 45 12 5 5 70 8 2 4 1 88 9 9 1 4 0 1 912 14 55 5 9 94 19 33 899886 194 8933 653
723 123 7 9 14 8 6 39 89 0 7 88 997 7064 14 4419 01 6 716 64 1615 92 5 5 8969 14 419 82 4748 8912 8992
33114 1235 73215 8580 9121 3 4 13 98 82252 815 8972 6118 1585 0476 62911 128 8504 6389 56593 1744 395187
1 2 3 9 5123 95 72 6 5 13 2 6 9 3 95 8 7 9 6 5 1 912 92 88 0 5 31 13 23 681959 124 7123 597
513 891 9 0 44 8 3 17 89 3 8 12 587 1814 15 4376 12 4 997 39 1215 50 9 4 9659 82 345 18 5942 8712 0539
12813 1495 76919 8712 9135 3 1 47 88 12165 276 8511 9824 1365 9413 62580 534 7157 4319 97269 1159 145678
8 6 5 3 5126 40 74 5 4 22 9 2 5 1 29 9 7 1 4 9 0 912 62 46 7 7 24 15 73 791527 124 8628 556
187 273 5 9 92 9 2 12 89 0 1 88 683 3006 82 6354 02 4 719 19 1412 72 7 5 0287 47 878 76 9945 8738 8918
17813 1130 77315 8792 5121 6 4 04 68 72148 863 9972 8982 1917 5423 95205 134 5284 1371 53913 9129 895198
1 7 6 4 5170 45 18 5 5 12 9 2 3 1 68 9 7 5 4 5 1 912 12 53 4 8 44 72 88 811223 127 8423 559
183 843 9 4 12 2 1 92 69 8 1 96 999 1254 19 9684 32 4 992 84 1295 12 3 5 4306 52 415 13 6747 5796 8913
92683 0185 63215 1717 4134 3 5 82 93 12082 715 8112 5892 1485 5093 10289 448 8136 7615 55848 1853 195591
1 6 7 6 9793 45 68 5 5 07 9 8 8 5 43 9 9 4 4 8 1 715 32 48 2 7 28 82 23 847029 127 8692 556
625 191 5 9 57 8 8 16 79 7 1 89 984 1914 19 3339 17 4 012 24 1365 12 8 5 9599 12 415 12 8135 0714 0097
12861 1134 90275 8512 9127 8 5 12 98 12164 860 8310 6812 2255 5486 53477 124 7425 9312 50619 1931 820058
1 8 3 7 5886 85 17 5 9 62 7 2 3 1 23 9 2 1 3 5 1 517 92 47 7 8 74 46 90 891843 904 8123 521
823 123 7 3 10 8 2 60 89 6 1 87 987 9206 98 3013 18 4 982 14 1516 19 8 8 1270 69 415 12 2049 8939 5742
14313 8335 13018 8712 0484 6 3 12 90 82608 819 8914 4913 1065 7813 85219 101 0942 8392 75843 6027 425188
4 2 3 4 8173 85 92 5 7 42 0 2 0 1 24 9 0 1 4 5 1 912 12 45 9 8 44 12 73 895276 670 8625 357
30 193 8 9 34 5 7 74 58 8 2 07 974 6214 86 9284 82 8 015 68 7295 57 4 9 7453 54 415 12 2595 8874 9992
12015 8195 13916 8062 7576 0 0 12 97 08562 795 8992 9812 1218 3483 92715 048 9049 5372 56505 2106 124790
4 6 7 4 8164 45 96 8 0 17 1 7 9 7 25 9 2 1 5 5 4 912 92 34 8 8 24 12 73 891224 824 9828 557
523 889 9 9 16 6 9 10 89 0 7 62 987 6289 97 2313 17 5 778 54 1305 12 7 5 4279 91 465 12 8695 3513 8097
42113 3835 15615 6791 6161 1 9 18 54 15964 915 8960 0842 1548 9413 92215 084 5144 9082 53210 7097 145176
1 9 8 4 5323 98 79 0 5 92 8 2 9 1 27 9 9 9 3 6 1 428 42 48 7 8 24 12 28 898806 784 8175 536
723 787 5 6 18 8 2 18 80 8 1 18 489 8416 45 9314 12 9 979 14 1271 12 8 5 1389 77 475 12 6595 8916 1612
89113 1745 33265 8619 8125 3 5 62 90 18844 877 9762 9812 7288 5513 18655 124 5534 7612 83213 1653 575898
1 0 1 4 0126 45 74 5 5 11 8 2 0 6 26 9 8 3 8 5 1 772 12 62 9 5 96 18 23 331653 724 8123 246
123 824 5 0 82 8 2 88 49 9 6 82 182 1252 95 7314 12 4 982 44 1215 12 8 5 1289 80 015 48 4412 8715 8956
18253 1176 63115 9210 5176 0 8 92 98 42495 845 8907 9802 1215 2437 12285 028 5134 5782 98817 9139 165198
1 2 3 4 9923 19 89 7 5 12 9 3 8 1 78 6 2 9 7 7 8 777 02 45 9 3 25 13 28 089778 429 8113 579
023 823 7 9 19 0 8 14 59 9 8 43 946 1119 85 2004 12 8 912 09 4114 12 4 5 1289 12 415 32 4166 8313 9412
28015 1182 19245 8549 0521 3 8 32 98 32108 945 8971 8319 7285 5513 72516 124 5104 1341 68217 1196 668195
7 2 8 4 0009 25 62 8 5 18 9 2 8 1 20 9 8 7 4 5 1 712 12 46 4 7 24 19 50 897220 824 8153 056
420 125 8 8 01 9 8 92 77 2 6 24 987 3364 88 2395 10 8 812 38 1615 72 6 5 6669 19 470 87 2837 8782 8619
50316 9905 83215 7749 7129 0 5 02 44 16160 815 8272 9883 1595 2050 54995 629 5183 5382 51218 1154 923197
8 2 6 4 9126 45 12 6 5 02 7 7 9 1 29 4 9 1 8 7 4 988 28 45 0 8 24 18 23 685423 124 8823 055
623 823 5 9 92 8 2 12 89 3 1 19 977 3264 34 2996 13 9 442 94 9245 96 3 6 4486 92 215 12 8245 0312 9917
92313 7135 17515 6782 5524 3 5 15 08 15193 875 7592 9812 1596 5973 45515 114 6764 5349 59653 1793 126190
6 2 8 0 5133 15 12 5 5 12 2 7 7 9 67 9 2 1 4 5 1 932 12 41 9 8 34 18 99 090420 127 5194 598
926 123 0 9 62 8 5 12 99 5 1 62 987 1914 72 8354 17 8 547 85 1208 29 6 5 1919 19 055 01 8160 7752 8918
18384 1195 10245 7713 5227 3 4 92 98 51889 959 8012 9012 1215 5415 17238 194 5132 8390 57513 1189 125568
2 2 9 7 5122 45 42 8 5 12 9 2 9 7 29 9 9 2 0 5 5 832 12 05 7 2 27 12 23 771408 428 2999 656
845 599 3 9 99 9 3 12 09 6 7 72 786 1217 74 2204 67 4 032 18 3915 19 8 6 0258 12 498 12 2945 4979 0945
12303 1638 83315 8936 1131 3 9 62 90 12870 846 8585 9861 1080 0996 12585 824 4137 5542 53771 6162 125993
7 2 2 4 8103 28 84 5 5 12 9 9 2 1 18 5 2 4 0 5 1 952 16 17 5 8 24 57 24 796509 924 9124 860
003 175 5 7 49 5 9 17 89 0 9 56 588 1866 05 6292 00 9 302 14 1217 14 6 7 1243 12 425 62 8980 8717 8912
52813 7739 76656 8292 5127 3 5 12 95 84922 880 8972 9452 5265 6476 12205 195 7180 2812 03203 9183 625195
1 2 3 3 9121 41 65 6 7 15 6 2 7 4 72 9 2 8 8 5 1 902 72 85 9 7 78 11 63 801853 474 8129 859
953 323 2 8 72 8 9 92 89 6 8 52 987 1764 95 6494 17 8 112 14 0865 72 7 5 9282 10 885 12 2647 8519 8912
12513 1155 27611 8825 8021 1 6 18 98 14196 855 7912 1402 1285 8410 95285 024 5134 5327 50219 1575 168908
1 8 9 4 6123 49 19 5 8 12 2 2 6 6 20 9 7 1 7 7 4 718 88 59 7 0 20 12 26 996827 180 8123 156
88 121 9 6 92 8 6 12 45 8 7 82 187 3816 10 6314 12 2 914 14 5915 46 3 9 0300 02 419 62 8195 4842 7252
52309 1475 03219 8742 1161 9 5 27 98 27718 755 8617 9890 1443 5588 12215 179 5786 5994 53293 8133 169108
8 2 5 8 0926 94 12 5 3 15 9 8 8 5 29 9 2 1 1 8 4 472 76 48 9 9 28 52 23 891023 127 8923 348
826 503 9 8 18 5 2 54 89 2 1 62 985 0046 85 4314 27 4 916 73 4052 99 7 5 4289 14 415 83 5642 8712 8914
12816 1135 81295 8062 1021 7 5 78 98 14189 018 8512 9812 7815 5418 17245 129 3834 9842 93513 6963 085868
1 2 4 4 8423 40 22 5 5 52 5 4 2 3 28 9 2 1 4 8 7 797 30 60 4 7 24 12 77 514223 169 8526 336
206 177 8 6 12 8 2 12 89 1 5 99 980 8284 19 9909 22 4 612 18 9535 89 3 4 1699 10 415 60 3849 7913 8919
82633 9957 73717 7772 7188 6 1 02 07 95776 983 5972 9042 1288 5717 16510 125 5154 5814 03217 2156 557690
1 2 8 4 5683 45 97 0 5 19 9 2 6 1 28 9 2 1 4 6 9 962 82 45 7 8 22 82 25 091220 994 8122 510
183 123 0 7 72 8 2 87 87 2 1 83 781 0269 15 2404 12 4 992 16 1208 06 5 5 1569 16 474 72 2845 8718 5919
12399 1135 73615 8712 5121 5 8 10 78 17142 880 8012 9315 8289 8817 11242 154 4144 9382 53520 1656 725348
0 2 3 9 9923 45 18 5 5 16 8 7 6 5 23 8 2 9 6 9 1 989 11 49 9 8 25 52 26 394829 827 2120 556
186 683 5 7 12 2 2 16 49 9 9 82 927 1264 96 2314 69 1 912 78 5245 15 0 5 1089 19 698 92 2145 5406 3815
12308 1335 67715 9712 5471 3 1 12 78 54599 265 2075 3439 1210 5415 12205 925 8136 8042 13517 1893 199196
2 8 4 4 5142 58 39 5 4 12 9 2 7 6 98 9 3 1 6 8 1 632 19 55 9 8 99 11 29 991223 104 5190 526
903 423 5 9 72 9 2 75 99 5 0 02 397 1980 79 2589 15 4 917 74 9950 12 0 5 9788 42 355 48 2195 8072 8913
68393 1635 78555 8028 5447 8 5 62 78 45190 818 8997 9812 6265 5566 45215 129 5134 0392 53611 4456 185195
0 0 8 0 8848 43 10 5 5 32 9 5 9 9 05 3 2 1 4 5 1 952 18 47 9 8 29 10 23 891288 805 8320 558
784 123 0 9 11 8 7 82 18 9 1 02 887 6238 52 2314 17 6 917 74 1919 79 3 5 8809 02 178 10 8145 8779 8978
12814 1143 10515 9832 7191 9 8 70 48 16148 885 8875 9438 1215 5719 17285 120 4984 9067 24213 1603 908718
1 2 6 8 4193 58 12 8 7 19 7 2 8 1 20 6 2 1 4 8 7 912 29 48 9 8 28 49 28 887278 104 8839 557
723 683 6 9 12 8 9 12 82 8 7 72 967 2836 10 2826 35 0 573 19 1238 27 3 2 1588 18 358 19 2945 5005 8412
42743 5730 43908 8730 5625 5 5 10 78 82183 938 8813 9872 1215 6813 67688 198 7434 5382 07913 4173 125158
7 2 3 9 4723 07 77 6 6 85 9 2 4 9 08 9 2 1 4 5 1 967 17 49 9 6 54 82 76 491273 124 8197 559
573 823 5 9 14 8 6 12 77 3 6 82 987 5414 15 2611 19 7 905 18 1998 12 3 8 1286 12 419 42 3160 6572 8055
82323 6535 13283 4712 5421 3 9 92 88 72192 817 8942 9512 7205 5413 09518 624 5084 6932 53889 1899 148158
1 2 5 4 5123 39 62 0 5 19 9 2 7 1 26 4 2 1 0 4 4 956 13 67 6 8 08 12 29 898623 324 6523 522
093 547 6 0 19 8 2 02 87 8 1 02 586 9619 11 0614 12 7 472 16 1815 95 6 9 8417 18 492 10 1148 8718 8115
16813 7735 13289 8792 5267 3 5 62 98 93100 814 6581 9813 7276 9413 06786 125 9795 1372 99211 7083 627098
4 2 9 4 2111 45 32 9 5 11 5 4 6 1 36 8 2 1 4 3 9 913 52 49 9 8 34 17 59 891273 174 7193 956
165 123 4 9 85 4 2 63 47 9 1 82 957 1234 77 6744 52 8 912 37 5709 02 3 9 1987 99 385 82 9745 8312 6919
16392 1177 13208 8457 7109 9 5 18 98 10183 859 8953 9725 1516 5418 12298 024 5994 5316 73792 2140 735899
1 2 7 4 5363 15 82 5 7 02 8 2 9 1 17 6 9 1 6 1 1 705 12 08 9 5 29 12 13 451523 124 8623 650
57 123 3 9 15 8 2 60 79 7 1 82 085 1934 15 8854 98 5 949 19 7495 18 3 2 1439 12 418 18 7145 8782 8910
17315 4035 10063 8718 7174 7 0 75 98 37902 895 2910 9966 2219 9493 32715 124 5197 6362 80213 1943 529258
1 0 3 6 8424 81 16 0 7 72 9 9 2 1 28 5 2 1 7 5 1 955 19 75 9 9 74 90 91 591623 486 8120 956
126 660 5 9 31 3 0 11 05 7 0 92 687 1635 17 2354 82 4 982 17 1815 18 3 5 1973 17 015 12 2900 8679 8784
82483 1634 16415 8722 8774 2 5 16 94 52889 715 9922 6702 4215 5403 35217 104 5914 5319 73617 7155 775448
8 2 3 4 9023 45 13 9 5 62 9 2 8 7 28 7 6 3 4 5 8 919 32 75 4 8 25 12 93 806023 954 8133 548
193 826 5 3 67 8 2 65 54 7 5 62 852 9014 89 2341 81 4 032 54 1215 95 8 5 1860 07 419 56 2545 8772 8262
19633 0930 92749 4116 5821 7 5 17 97 18502 955 8892 9503 1815 5412 92607 084 5934 5502 53227 5127 780293
1 6 3 4 5873 20 15 6 5 11 9 5 8 0 28 9 2 3 1 8 9 808 42 45 9 8 04 12 22 994223 347 8127 150
626 529 9 4 10 7 2 17 66 3 1 84 787 1204 38 5314 79 5 802 85 7205 52 0 6 1209 46 375 10 2775 8712 0192
15395 9435 13815 8982 8921 8 5 16 98 12345 484 5011 3102 1815 2443 72995 924 6133 5390 52653 1126 623198
8 2 7 4 5213 45 89 4 6 32 6 9 0 1 26 7 2 3 6 5 1 082 12 48 6 0 89 02 23 840523 928 8923 567
166 328 5 1 92 8 2 18 53 5 1 42 987 7674 15 6324 80 8 912 14 1809 82 9 5 3289 12 897 62 9745 8774 8511
19313 7194 13299 9563 5121 5 5 22 98 62192 816 4952 9832 1515 5413 70209 123 0134 0317 64813 1557 199108
7 7 5 1 5127 44 12 5 5 76 9 9 3 6 49 9 2 0 8 5 0 716 12 97 8 8 29 18 20 897823 948 8674 756
427 173 4 0 12 8 3 15 79 8 8 86 900 7264 16 2898 62 4 912 04 1819 12 3 2 6289 62 057 32 2975 0712 3612
15973 7135 19217 8713 5146 4 5 74 56 12193 465 9608 9992 1504 5493 19258 115 6133 3312 12013 1153 025192
7 2 7 4 5153 48 92 5 5 79 9 2 5 2 01 9 6 1 5 5 7 519 62 40 5 8 89 14 83 874257 734 7307 516
653 187 9 8 22 6 2 15 86 7 4 88 983 7577 15 2378 12 4 957 34 1218 12 6 9 7069 22 255 12 9145 8812 3910
12535 1135 63895 0892 5021 3 5 12 98 52991 897 8912 9854 7215 5779 07417 724 7644 8550 54653 3353 445195
9 5 3 8 9473 38 42 5 2 74 9 6 7 1 60 9 4 1 4 7 7 912 42 95 5 9 74 16 23 878283 826 9620 596
189 963 5 9 79 8 2 32 86 6 1 85 640 7004 57 9343 49 3 992 95 6572 32 3 5 1889 16 415 32 2175 8248 1997
50319 6192 13827 8742 5123 7 8 12 98 12167 813 4917 9272 1219 0443 92215 824 5534 9317 39213 9148 923197
1 0 4 4 5019 85 13 8 8 92 5 2 4 8 28 9 2 1 6 5 1 762 12 55 9 8 28 10 13 821273 124 9665 646
923 133 8 9 98 3 6 12 69 9 7 89 961 1214 16 2317 15 4 095 58 0275 02 9 5 8649 36 619 92 9943 0779 8614
02793 6138 93915 7714 9026 3 6 17 98 73412 610 1919 9817 8495 5819 16915 688 5619 5912 03813 1353 189676
1 8 3 4 5194 45 15 5 5 82 1 2 9 1 33 6 5 1 4 5 9 748 12 45 5 6 72 15 71 867228 526 8883 328
178 144 5 9 12 0 5 13 85 6 1 68 983 4573 15 6383 72 4 942 53 1235 31 3 5 1265 12 415 10 6745 8798 5572
12793 8139 13215 8716 5127 7 5 38 95 19106 715 8708 2372 0215 5414 12295 899 5074 0312 59319 9252 768394
12413 2535 74206 6797 5324 3 2 19 76 75182 875 8992 9995 1462 5833 17216 529 4155 9352 95213 8853 122498
