8 2 3 4 5309 45 02 0 5 96 9 0 0 9 23 9 0 1 4 8 1 080 16 00 0 0 20 02 23 001920 129 8803 856 
123 228 5 9 12 8 2 19 36 9 1 82 987 0219 35 7005 82 0 910 55 0215 12 9 5 1009 00 705 02 2195 8000 8000
70313 0036 63215 8742 9408 3 9 00 98 00139 010 8905 7819 0045 9013 00055 174 0104 5350 03213 1007 120170
0 4 0 4 5123 05 12 0 5 92 9 2 7 0 28 9 2 8 8 5 0 012 12 05 9 1 40 42 20 091224 128 8080 556
50 000 5 5 55 2 2 15 09 9 7 02 190 0200 15 0302 15 2 992 19 0039 02 3 5 4988 80 400 18 0145 8562 8912
00393 3138 05215 8710 5051 3 5 16 08 10102 845 8913 8008 1218 2433 90240 124 0177 6312 53210 5953 065040
1 2 0 0 0700 00 10 5 8 12 0 0 7 1 83 9 0 7 9 5 6 010 86 05 9 8 04 12 23 890023 737 8120 500
003 803 5 9 16 0 0 12 00 0 7 02 980 1206 15 2303 17 4 972 50 1015 10 0 5 1048 10 415 07 0145 8012 0010
68219 9905 19715 0700 8149 3 0 49 03 08082 615 1910 8710 8216 5710 62795 190 8204 8980 23220 1006 109190
1 2 0 4 5123 00 10 8 0 91 9 6 7 0 78 9 2 3 4 5 4 902 09 45 0 0 34 78 93 801290 192 8170 586
554 803 0 7 02 8 5 12 88 4 0 00 987 9700 15 8730 02 8 912 69 1205 62 9 0 1989 19 400 32 0170 9722 8902
02010 2591 03010 0712 5151 3 5 17 70 15100 892 8910 9987 1013 6010 02200 063 6000 9910 40003 1003 157090
9 0 3 4 5126 40 52 5 6 10 9 2 6 1 08 0 2 1 0 5 0 942 12 45 9 8 24 12 20 806020 124 0127 558
003 000 0 0 08 8 0 10 20 0 1 60 895 1210 15 5309 90 6 760 84 0605 00 3 5 0580 15 415 15 7380 0250 8013
62304 1155 13505 8707 6147 0 0 72 98 12102 800 0939 5412 1515 9013 00815 104 8192 0914 33203 1153 505090
0 2 0 6 5690 75 12 5 0 09 9 0 7 1 20 0 2 0 0 5 1 412 70 45 9 8 20 00 08 091023 524 0193 066
800 663 5 9 10 0 2 12 60 9 0 02 987 1460 05 4014 60 4 972 28 0415 00 2 2 2083 12 495 05 2105 0000 0712
12703 1030 08295 0010 5821 4 5 13 39 12100 919 3052 0812 1202 5438 42810 324 7904 0112 03247 1150 535193
1 7 2 0 6070 01 12 8 0 00 0 0 5 1 04 4 6 9 4 5 0 910 09 46 9 8 04 18 09 801204 200 8163 536
130 197 0 1 73 0 2 00 89 7 0 56 000 7229 05 9014 12 4 912 04 7815 52 3 6 5489 09 415 02 0195 0002 0915
92069 5905 60106 3710 5961 3 5 32 94 50970 887 8947 9818 0205 5573 10466 120 4770 5210 50910 1043 125698
1 4 8 4 5020 05 02 5 7 02 8 2 0 3 29 9 2 1 8 5 0 939 09 75 9 8 24 00 23 891220 000 7130 356
123 068 5 0 02 0 9 00 90 3 0 68 970 1295 15 2010 07 0 992 10 8055 37 9 5 1900 82 405 10 0160 0762 8912
12717 1105 13295 8302 5301 0 5 18 08 10172 886 8580 9812 1205 8443 00210 634 5730 0073 73260 0150 175098
1 0 3 6 0023 45 80 5 7 84 0 0 0 0 28 9 2 1 8 0 0 910 12 75 0 0 24 56 25 804228 520 0920 509
125 008 6 0 12 8 2 22 00 0 0 82 050 1728 05 2814 52 0 008 14 1215 00 2 0 7079 94 418 92 0105 5716 0906
12013 4009 14018 8712 5180 0 8 05 08 19102 820 7919 9802 0290 0413 90200 120 5060 5308 50004 0993 040098
8 0 3 4 9183 45 46 9 8 92 4 9 0 5 99 0 9 1 4 8 8 810 12 65 0 8 24 10 97 899943 022 6920 559
183 403 0 9 32 8 6 00 89 0 0 02 580 1019 96 0310 66 0 022 69 0205 92 3 0 1279 14 405 52 2735 8922 6472
15079 0102 03305 6715 5120 9 5 62 96 15038 200 8912 9302 1267 6410 12215 020 3130 9310 01200 3276 128199
0 2 0 5 5700 49 12 5 5 82 9 2 0 0 20 9 9 1 4 5 6 912 04 40 9 6 74 02 70 001233 800 8000 596
123 050 8 0 02 8 2 12 72 8 1 00 906 0219 10 2300 12 4 002 10 1010 00 5 5 1289 32 405 11 2140 9748 2092
6 0 8 4 5050 05 00 5 7 08 1 2 0 1 20 9 0 3 4 5 5 012 10 40 9 8 40 00 20 891223 100 8120 576
193 123 0 3 50 8 7 30 90 0 7 01 997 1607 05 6374 15 9 810 04 1245 03 6 5 1089 40 410 05 8145 0018 0902
10998 1635 13815 8713 5101 3 6 02 56 52360 015 5017 9010 7215 5413 00215 109 5024 0310 50050 9050 120158
0 2 3 0 0103 30 09 1 5 50 0 2 9 0 00 0 9 9 4 5 4 310 94 40 9 0 24 92 03 891250 104 1123 556
50 583 1 0 10 8 6 10 00 0 3 85 986 8214 10 3318 02 4 447 14 9205 06 3 5 0289 19 007 02 2147 8060 0710
10500 7602 13200 8713 0129 4 5 00 94 10902 405 8000 0810 1415 0010 52015 024 0054 5082 00204 1150 125180
1 0 3 4 8103 90 30 0 5 92 9 0 0 1 08 0 2 1 0 5 3 012 12 05 0 7 26 68 09 690224 104 9502 557
000 020 5 9 82 8 7 12 30 0 1 82 990 8294 05 2300 14 4 912 04 1240 10 3 0 0950 10 001 65 0940 9010 8610
12353 0334 93515 9712 5120 3 9 10 58 19100 010 4912 5815 8210 5560 52615 304 5162 5332 02011 0163 825009
1 2 3 4 4325 45 82 5 0 12 9 5 7 0 22 9 0 0 4 0 1 500 00 65 8 8 44 12 23 890225 164 6183 051
140 036 5 0 12 8 0 10 80 0 1 01 867 6610 80 0010 10 0 412 04 1076 62 3 6 1287 10 490 60 0170 0909 8050
00310 9007 10415 8710 5127 3 8 18 94 96881 875 9907 0019 0738 0413 80010 174 5134 5338 03202 0056 108099
6 2 3 4 0153 40 72 0 5 12 4 2 0 0 70 7 2 0 4 5 1 010 16 45 0 8 64 12 28 060003 924 8004 555
130 150 8 9 02 9 0 72 96 0 1 85 982 0084 15 2319 12 4 092 15 0480 10 3 5 6399 30 418 12 2148 8716 7980
12013 0030 10019 0716 5407 3 4 10 98 07208 783 8549 9809 1282 5014 10315 129 5134 0380 43210 4153 125198
1 0 3 4 4198 45 04 0 0 12 9 0 0 1 20 0 2 9 0 0 1 046 72 80 0 8 08 28 03 801223 926 8753 550
159 120 5 0 12 5 2 12 63 9 1 09 980 0230 80 2314 92 4 530 84 1015 02 3 0 0280 87 405 62 2207 0250 8913
02310 0000 17279 8739 5020 0 5 72 90 50026 010 8910 9890 1475 5095 12215 124 5784 5534 05203 1153 927098
6 2 0 8 8103 09 77 5 5 12 0 0 2 0 08 8 0 8 4 0 0 099 82 05 9 9 00 12 20 890733 104 8123 556
663 324 5 3 40 8 0 12 09 5 1 08 977 1501 10 2314 02 0 782 00 1245 70 3 9 1200 00 010 10 0140 0712 4992
03971 1035 10210 0018 5027 2 0 12 98 02107 210 0800 9810 7615 5413 78605 104 5108 5500 53213 0154 455198
7 2 0 4 9695 40 15 3 5 05 9 2 7 6 58 7 8 0 9 7 1 012 00 45 4 8 24 18 23 828223 023 8000 506
066 926 6 0 52 8 0 02 04 0 8 80 000 6208 85 0000 11 7 270 84 0000 12 0 5 0009 00 000 12 2140 4000 9951
00704 1835 15216 8810 0900 1 5 04 98 02000 085 8906 8212 1015 4519 00215 120 7138 5312 05610 5203 020098
3 4 3 4 4920 40 12 0 3 00 9 2 7 1 20 9 4 1 4 5 1 902 84 45 9 0 54 02 23 090823 024 8525 076
123 154 7 9 12 9 4 92 89 0 1 02 980 0001 00 9384 00 3 614 14 1205 12 3 5 1040 10 019 32 4190 4812 0095
75013 0138 83225 6912 5169 3 6 30 08 83366 785 0916 0860 5210 9010 46205 120 5134 0300 55017 0700 905600
1 7 3 0 0503 05 52 5 8 12 9 2 7 1 28 9 0 1 4 9 0 902 12 90 9 0 24 12 65 890980 024 8023 707
705 420 0 0 16 8 0 92 29 0 5 82 987 0214 15 9400 14 0 998 14 0000 19 5 8 1549 02 004 12 0008 8710 0912
07916 1600 74207 9052 5026 0 4 87 98 22107 479 9962 7802 1858 5013 02075 004 5830 6388 50213 5055 508064
1 2 9 4 0317 99 16 8 5 92 0 4 6 2 25 9 2 1 6 5 1 916 10 45 9 8 27 17 99 041203 990 8129 560
100 022 6 0 02 8 2 10 00 8 1 77 030 1214 10 0744 60 4 015 64 0014 70 7 0 0209 09 070 07 3165 0782 8739
15313 1109 00215 8712 0029 8 0 00 62 67002 058 8942 0880 1990 5884 10277 524 9574 5090 85090 0653 125198
9 8 0 7 0123 47 66 7 5 12 9 6 0 4 08 9 2 1 4 9 0 912 12 75 6 3 24 12 20 990023 084 4103 057
150 103 8 1 10 0 6 10 88 5 1 00 706 4004 08 2000 10 6 892 49 1007 19 3 9 0080 10 008 00 2047 8700 8465
30313 1005 65210 6012 9121 3 5 25 32 04047 815 8830 0960 1200 5413 19915 680 5101 0002 83295 6153 028190
1 2 5 4 5060 56 12 1 0 16 7 0 0 4 28 9 2 1 0 5 3 770 02 45 0 8 04 10 00 890023 090 8123 856
50 720 0 0 19 8 0 12 07 2 0 02 950 1284 34 2864 12 0 942 08 4505 19 3 5 1979 69 405 10 1040 8718 0960
39013 1130 18015 8710 0000 3 5 50 08 12492 405 0170 9002 5215 5013 22200 084 4930 4312 59005 2083 195193
1 2 3 4 5222 04 12 0 5 10 0 0 0 1 28 9 2 0 8 5 1 912 10 95 0 8 03 93 03 780820 004 8183 550
147 213 0 9 02 8 2 52 89 0 0 87 940 5214 15 2300 19 4 011 14 1280 40 3 0 1285 04 865 08 0040 2709 8708
07313 0000 07208 0112 5520 3 5 12 44 10090 815 8917 0802 3910 7413 06956 000 6134 0022 58203 0053 025996
1 2 0 0 0413 91 02 3 5 09 9 2 8 1 28 0 0 8 4 5 9 306 92 45 2 8 77 60 67 871500 694 0123 556
124 120 5 9 12 3 2 45 80 9 0 92 987 6214 05 2374 10 0 002 64 8905 10 3 5 0539 65 615 02 9105 8010 0012
52319 1130 00009 8752 5761 0 8 10 98 60076 004 8910 9806 1215 4010 10309 069 5108 5002 00203 0153 225560
1 7 3 4 0123 95 14 5 5 02 0 7 6 8 20 9 5 1 7 5 8 582 18 08 2 8 54 52 24 891400 924 0023 050
523 123 5 8 02 0 6 13 79 9 0 82 887 5014 19 2315 84 9 978 10 0014 10 0 8 1289 12 405 10 0130 6517 0912
22303 0760 17005 6716 8681 0 0 12 98 19062 005 8912 7000 1315 6413 06225 128 6030 5052 04853 0153 025600
9 2 3 0 7128 45 07 0 5 98 9 2 0 9 10 9 6 0 4 5 9 912 12 48 0 8 74 60 50 006223 120 8020 650
123 173 5 9 12 0 5 52 09 4 8 82 988 1210 85 2895 07 3 902 64 0490 76 0 6 0005 12 008 10 8009 0772 0812
88743 0735 10215 3012 9901 8 0 12 90 06180 015 0912 9754 0290 0473 12265 024 5634 5317 03113 1903 125100
0 7 1 0 9093 40 79 0 0 18 0 2 4 8 28 9 0 1 5 5 9 900 12 47 9 9 04 89 23 897689 054 6007 598
323 193 5 9 10 6 2 05 06 3 1 82 187 8214 90 8014 62 9 900 10 9015 12 3 8 3464 28 404 19 0103 0009 8882
82318 1090 03295 8019 5880 6 5 12 98 00132 911 0619 0805 5299 5493 12093 124 7135 0002 53213 1153 005028
9 8 0 4 5123 48 08 0 5 02 9 2 0 0 70 9 5 1 6 6 1 902 12 45 3 8 57 16 20 060220 404 7006 506
120 159 5 7 00 8 2 52 80 4 0 12 085 4215 05 2000 10 9 910 94 1200 15 3 5 0805 18 010 42 4946 9610 0612
00026 8185 13705 8010 6121 3 5 00 88 12402 008 8012 0818 9241 4003 12225 027 0134 0310 00280 1103 175098
3 3 0 0 2123 45 02 8 5 12 7 0 9 0 06 9 2 2 8 6 1 072 68 46 5 0 22 16 23 890208 328 0423 557
703 153 5 8 27 0 5 82 89 9 5 36 570 1714 15 5009 00 0 922 14 9209 62 4 5 1089 10 016 12 7040 8797 0052
10307 0904 08905 6712 5150 3 5 12 98 85194 815 8012 9032 1015 5444 10200 029 0000 5018 55205 1850 105104
1 8 9 6 5103 47 12 9 5 18 9 2 8 1 28 0 2 0 4 6 0 217 90 95 0 5 24 88 23 906020 138 0125 056
520 120 0 9 08 0 2 09 87 7 9 92 980 1219 15 0814 09 4 990 94 6295 12 9 5 0289 00 015 52 3042 8103 7012
10900 1138 13015 6712 5120 7 8 70 99 92082 810 6912 6802 1317 0363 92060 024 6131 3312 53203 1103 050807
1 7 8 0 5193 75 92 4 0 12 0 8 7 1 24 9 4 1 0 5 1 110 71 75 9 8 20 58 60 881227 320 8523 657
126 723 8 9 12 2 0 22 00 8 0 99 685 1060 10 9974 12 4 910 14 5210 12 3 0 5689 86 715 10 0960 0812 0012
20033 9186 13709 8002 0126 3 5 12 90 12090 430 8078 8072 1285 9413 02212 020 9190 0314 50310 1164 905100
9 2 3 5 0193 95 02 0 5 13 9 2 0 1 40 0 0 0 6 5 6 312 00 15 9 8 04 80 93 896020 114 8123 550
023 003 5 9 12 8 9 02 09 9 1 02 985 0200 15 2314 14 4 012 13 6215 18 3 9 0899 02 405 06 0130 8788 8000
12390 0935 10200 8060 9921 0 5 16 90 60508 805 1078 8807 1015 5615 18200 124 5172 0619 58013 1608 500193
6 6 3 4 5923 47 12 5 5 80 9 0 7 8 29 9 2 0 4 5 1 992 22 49 9 7 24 02 99 891827 050 8263 006
58 123 5 0 02 8 1 12 79 0 1 80 784 1054 10 2314 02 4 907 04 4610 52 3 5 1004 00 019 90 6142 8612 8913
50013 1102 13215 7702 5428 0 9 19 55 82102 015 0910 9682 7207 0003 92015 129 8174 5370 53003 1153 025038
6 0 3 0 5123 05 60 8 0 12 3 2 8 3 08 0 2 0 4 5 7 909 02 45 4 9 74 12 27 201629 174 0020 556
100 320 5 9 02 8 2 42 85 1 6 03 987 2210 10 0018 50 9 910 04 1609 40 3 0 1288 60 950 00 6145 5619 8090
15369 2705 13214 8912 0121 0 0 52 99 12665 475 8910 6912 0095 5710 18909 188 0139 5912 05213 1020 925349
0 2 0 5 7020 80 12 0 0 17 9 0 6 1 98 9 7 6 4 5 1 990 14 45 0 8 00 16 46 701203 149 0193 756
029 323 5 4 12 8 2 00 81 0 6 82 089 1114 15 2004 12 9 960 04 1810 17 3 5 5000 10 417 09 8145 8032 8312
12903 0036 13013 8769 5070 9 5 12 93 05300 615 5970 4010 0595 9010 92234 124 5130 0302 96097 6085 009898
6 2 3 4 0193 45 17 0 5 00 5 5 8 1 90 8 2 0 4 5 1 015 78 40 9 5 24 00 29 001223 720 6188 506
023 123 5 9 91 3 8 02 80 5 1 80 608 0214 45 2380 82 4 902 71 1008 00 7 8 1209 13 430 14 2805 8012 5012
00356 1640 10005 9713 1100 3 4 11 90 52180 080 0510 0862 0418 3213 95219 123 5135 4302 53293 1753 925108
1 7 3 4 9173 45 02 0 5 10 0 1 0 0 24 7 0 8 4 5 1 009 96 55 9 8 04 10 67 890823 024 0143 597
075 161 5 9 00 8 2 10 06 0 1 85 887 1814 15 0204 60 4 913 50 7055 12 4 2 7089 82 810 10 0146 8792 9912
10318 0144 70715 8017 3021 3 6 82 90 00042 005 0652 9002 8219 5013 29215 120 5134 0308 64480 1026 115124
0 2 0 4 5128 05 10 0 8 10 9 0 7 0 03 0 0 9 6 0 1 910 06 43 9 8 94 02 03 091223 120 0023 556
123 123 5 9 18 8 2 12 89 3 1 02 080 1228 13 2010 10 0 018 04 0224 99 3 8 1759 30 015 72 2145 0008 8904
80717 1135 53015 8712 8701 7 5 10 88 00001 113 8612 9870 6200 2403 92715 120 5104 5313 03216 1150 605090
6 2 2 3 5523 40 00 9 0 18 9 2 9 0 28 9 0 9 0 8 8 882 12 49 9 3 04 18 00 091225 024 8120 006
027 023 5 9 18 9 2 00 89 8 0 57 987 1219 05 0014 10 4 012 34 1258 00 5 0 1289 04 015 52 0005 0712 0854
02313 1137 18286 8782 0060 3 5 99 98 12902 890 7592 0810 1215 5413 10905 104 9134 5302 34209 0153 120188
1 8 0 9 5760 95 72 1 5 00 9 0 0 1 76 9 2 1 0 5 1 910 30 46 9 7 08 12 64 091023 020 0803 556
698 123 5 9 72 8 3 28 70 3 0 00 686 1264 05 2322 82 3 912 18 0678 82 3 5 1299 12 405 10 2945 8732 0092
14313 0435 13219 3742 5104 3 5 10 08 76009 714 8918 7818 0215 3413 10218 180 0034 9304 03216 1170 522790
1 2 8 9 5323 40 17 3 0 10 0 2 0 1 28 7 0 1 0 5 1 612 02 50 0 8 24 00 23 891223 020 7400 250
073 622 5 9 12 8 2 12 89 0 0 30 907 1206 15 2306 80 4 912 14 7204 72 3 6 0280 12 419 13 2040 0700 6800
02313 0005 67276 0710 0458 0 5 94 08 12850 956 8912 9002 1017 5460 62219 084 5057 5312 60283 1163 120190
1 3 0 4 7080 98 02 8 0 02 9 7 0 7 28 9 8 1 4 0 1 012 10 05 9 0 04 12 23 891609 129 8723 556
020 103 0 9 89 7 0 72 89 8 8 82 087 3017 89 0314 00 5 912 13 1090 02 5 9 1285 52 416 62 2143 0002 8922
92398 8036 14215 8760 6920 5 5 16 98 70802 015 0078 0610 1066 5413 00000 124 5159 5010 53819 1398 125198
1 2 3 0 0727 40 10 0 5 17 0 4 8 1 28 9 3 1 0 5 2 002 36 05 9 8 95 14 74 897023 124 8025 056
120 190 0 9 14 0 6 12 59 0 0 02 900 1223 10 9308 04 4 912 16 0295 19 0 5 0960 14 473 10 8093 8496 2911
10017 0035 10015 8718 5181 3 5 19 08 92402 810 8902 9014 1011 5010 10844 174 7934 5014 53700 1107 100938
0 7 0 0 9120 45 02 2 4 10 6 0 0 1 25 0 2 0 8 5 1 002 12 05 9 9 04 09 23 060280 174 0203 057
56 109 5 9 02 8 9 02 99 0 1 80 080 8314 65 2010 02 0 900 05 1015 02 3 8 2284 05 419 12 6145 4707 6922
70313 8030 90285 8712 0701 0 5 01 08 05802 810 3912 9801 1200 5433 72248 178 5134 0384 53310 1993 020008
0 3 3 4 5127 75 02 5 7 09 6 2 0 0 78 2 0 1 7 2 9 612 04 99 0 0 21 62 53 056020 024 7013 576
170 143 5 9 22 8 0 96 83 0 2 02 950 1718 15 0096 12 0 200 12 0215 00 0 5 1289 52 785 13 5143 0780 5005
10110 1133 14059 7010 5079 3 5 10 70 12752 855 0902 5807 6832 0000 22295 120 5039 1010 40819 6003 025499
1 2 7 0 5028 45 10 5 5 02 9 2 0 4 22 9 3 0 4 9 1 080 09 45 9 8 24 12 46 091827 170 8103 556
023 623 0 9 18 8 2 19 89 3 1 82 989 0016 75 0069 06 0 910 14 8914 07 5 6 1289 09 410 82 9940 8092 2002
44603 1085 03805 8719 8025 3 5 03 90 10120 603 6700 7819 9905 5000 02730 624 0900 0312 05100 1995 125008
1 8 3 6 9923 45 16 0 5 18 0 0 0 2 48 0 6 7 4 0 0 812 10 80 3 5 00 10 23 890829 106 8163 056
523 125 0 9 12 8 3 10 09 0 1 01 907 7014 22 2070 86 1 090 34 1210 10 0 5 1080 12 615 00 2940 1712 8812
12000 1138 14200 8792 5080 0 5 02 98 12209 885 8012 3952 0510 0616 02460 106 5134 3313 53813 8058 000199
5 5 3 0 7123 05 12 0 9 02 0 2 0 1 07 5 5 0 0 5 1 010 02 95 7 9 35 02 80 801833 924 0723 006
103 564 6 9 62 8 2 12 83 9 1 80 987 0211 13 1504 02 4 990 14 0700 12 3 5 9780 80 400 16 2805 8615 0910
09310 0135 63215 8702 0121 3 8 28 02 53 851223 104 0123 576
104 529 4 7 19 0 8 82 80 0 6 29 976 9514 20 8394 02 4 914 18 9015 80 5 5 1089 00 415 12 9105 0012 8010
29500 4905 10810 8092 5000 0 8 18 30 12132 815 0002 9080 1205 5004 12015 109 4100 0518 50200 0179 085108
0 0 0 4 6728 99 08 5 0 12 0 2 2 5 22 0 2 9 4 9 5 912 02 85 9 0 25 82 23 001225 024 5007 016
023 189 5 9 10 9 0 10 69 5 1 82 630 9214 15 2314 12 4 910 18 8285 72 1 4 1086 92 010 70 2900 0722 5910
08340 9135 90895 0707 5141 9 2 70 08 02199 815 0919 0812 1000 5490 02210 129 4009 0800 59016 0114 105790

22863 6154 03250 8510 5102 3 6 12 79 12434 803 8008 9002 1235 9573 04000 000 5144 0382 80810 1153 105178
0 2 0 4 5023 05 02 5 6 88 0 0 1 0 98 0 0 6 7 5 1 212 19 40 9 8 00 10 08 099020 120 8023 050
700 900 9 0 36 1 2 12 80 4 0 82 967 8834 18 0354 10 3 910 14 1415 10 3 5 0079 02 410 15 1199 8710 4002
02393 5105 13405 8012 6105 8 5 63 08 94677 070 0212 9672 1705 5016 92210 124 5834 3402 93260 6106 125180
3 2 3 4 5128 40 12 5 5 82 0 1 1 1 06 9 2 1 4 0 1 302 12 00 9 8 24 00 29 590203 129 9147 506
70 100 5 0 24 8 7 60 88 0 0 82 987 0047 05 2010 12 0 700 14 1908 12 8 5 0207 92 005 12 9006 8704 8790
15003 1135 13003 7019 5081 4 0 42 98 70042 016 8919 0302 1015 0410 11088 000 0844 0385 53804 3403 136890
0 0 9 0 0923 25 02 5 5 52 0 6 0 7 28 9 6 1 1 5 6 002 12 15 9 8 20 12 03 891220 008 0120 576
123 900 9 3 68 8 2 16 85 9 2 86 700 0800 05 2374 12 4 010 24 6215 10 0 5 0225 10 412 19 0865 5719 8902
10003 1778 13680 8798 0269 9 5 72 78 10159 818 9870 9812 1018 0713 12035 424 7070 0712 53218 1909 083108
7 0 0 0 9103 45 15 0 5 10 0 2 0 9 20 9 2 1 4 5 1 082 10 00 0 8 04 08 23 090020 124 8605 557
700 023 5 9 14 3 2 10 09 0 1 02 987 1214 95 3304 18 0 010 14 1080 12 9 4 1687 80 405 02 8145 9703 0913
02080 9535 80015 8702 5101 4 5 92 98 12189 816 0917 9812 0610 5010 17297 224 5134 5592 53000 0153 125158
1 9 0 0 0372 45 10 7 5 12 9 2 7 1 28 5 8 1 9 7 0 932 02 00 5 0 08 12 03 390223 124 8123 506
159 023 0 7 15 8 6 12 00 5 9 50 987 7204 85 2904 18 4 903 60 9209 12 3 5 1289 36 410 10 2005 8717 0902
12813 1405 10245 6702 0025 3 5 12 08 12892 810 8918 9602 1010 5010 58095 905 5194 0302 23208 1303 025100
1 7 3 0 5189 05 04 5 5 02 9 0 9 3 03 0 8 1 7 5 1 902 92 05 9 8 28 02 08 091229 097 8707 049
106 173 5 6 36 8 2 00 00 9 0 82 070 1819 05 2014 14 4 918 14 1215 12 3 5 9289 92 505 10 2140 8790 6972
17003 1035 03210 0500 8007 3 0 00 98 12082 800 8993 9810 1601 5019 60015 809 5830 5000 93260 1029 900782
0 2 0 4 4796 40 08 2 5 12 9 0 7 1 26 9 2 8 4 5 0 912 12 00 6 0 00 13 00 891003 018 9123 508
053 193 2 9 09 0 0 48 80 5 0 50 587 1004 05 9004 12 0 912 18 1214 22 3 5 0989 02 419 02 2143 8710 8402
19678 0170 13910 8742 9000 3 0 82 68 18902 815 8910 6310 0205 0913 72000 404 5034 9010 03283 1853 005108
0 0 3 4 0183 35 10 5 7 02 7 0 0 1 25 9 9 3 4 0 1 902 42 47 9 5 26 70 23 090073 068 0926 907
193 903 0 9 02 8 2 05 60 3 1 07 580 4210 15 2809 02 4 972 44 9285 14 3 6 1089 07 515 10 2005 8790 0300
73380 0046 10215 7300 0021 0 5 00 95 19192 015 8202 0820 1293 0409 80095 124 5504 5390 50053 1153 125003
1 0 9 0 7193 05 02 0 5 10 9 5 3 0 28 9 9 1 9 0 1 002 02 00 9 8 24 00 03 008003 820 8023 796
123 113 6 0 10 6 0 10 87 9 1 82 087 2214 15 9304 92 0 986 04 0205 14 3 5 0265 02 416 22 6105 5780 8613
00310 1165 80568 9012 0701 3 5 12 28 32121 050 0512 0610 1066 5443 02215 024 0864 0316 97200 0653 525080
3 2 3 4 0423 45 82 5 0 02 4 8 7 6 76 9 2 6 4 5 1 912 00 20 2 8 29 12 23 890053 904 6120 506
199 620 0 9 02 8 2 01 59 0 0 02 083 9004 10 2314 18 4 942 19 1265 12 3 5 0080 17 018 70 0805 7752 8612
17813 4105 47203 0905 3080 3 0 09 96 67120 310 8910 9010 1010 0203 76008 024 5134 5872 83213 8080 025307
9 2 7 0 6102 45 80 0 5 48 9 2 4 1 08 3 2 1 4 5 1 802 10 00 9 1 04 42 23 091220 120 0064 806
123 027 5 8 12 5 9 16 39 0 0 00 987 0010 10 0810 02 4 900 15 0200 40 8 5 1300 16 015 08 2100 4810 0910
3 2 3 4 0149 09 22 4 5 12 9 0 5 7 08 9 5 1 4 5 3 013 00 70 9 8 20 12 98 890223 278 8928 553
020 103 5 9 72 7 2 12 89 0 3 58 004 1918 14 5394 12 4 010 14 8615 52 2 2 9000 96 419 08 2106 8700 8019
12013 4105 00314 5700 5020 3 0 13 92 12190 850 8012 0009 1510 0413 12290 070 5974 0002 53213 1153 520507
1 6 0 4 5523 00 02 5 0 02 9 2 7 0 08 0 6 0 0 0 1 912 12 85 9 8 77 02 23 800023 124 8600 500
56 923 5 0 00 3 2 16 09 0 1 82 987 1914 05 2300 12 0 782 74 9060 12 0 0 1204 12 405 60 2080 0710 9915
05385 1145 10295 5777 0125 8 6 12 08 03282 017 8912 9822 0905 0003 02016 700 7039 6695 53013 0053 120008
1 2 7 8 5086 05 15 9 4 12 9 0 0 1 20 6 0 0 3 5 0 013 00 00 9 8 04 19 25 899227 320 0009 096
123 820 0 0 02 8 6 16 07 9 1 40 087 1206 00 2304 02 5 992 19 0254 72 0 9 1289 49 719 64 7008 8732 0018
02380 3480 15298 8212 3801 6 8 13 90 12700 770 0827 9110 2255 5409 10210 022 6134 5002 07063 5470 107108
1 0 3 4 5124 49 70 0 0 80 9 4 5 1 28 9 2 0 0 5 1 916 92 46 6 8 89 70 00 894327 103 0123 750
016 709 5 9 12 8 0 52 59 5 1 82 967 1024 08 9300 09 4 909 80 6005 89 3 5 9288 18 805 12 0145 2219 0918
10015 1039 00503 0702 5121 8 5 70 67 02000 805 8009 9800 1465 5493 12292 069 0137 0002 00010 1153 165190
8 2 3 4 9023 67 90 5 5 10 0 0 6 1 09 9 9 8 4 5 0 919 62 05 9 0 28 12 27 091030 024 8120 854
120 103 7 9 02 8 2 12 80 8 2 80 987 0209 76 2312 08 0 910 87 1598 10 5 5 1009 82 415 16 9173 8212 1882
10313 1155 13015 4809 5801 0 5 70 90 42004 900 8902 0840 0015 5413 12218 114 0120 5392 07013 1150 125198
0 0 0 7 5113 00 11 0 0 00 4 9 0 9 68 9 2 1 4 5 0 962 02 40 9 8 24 00 00 801023 094 8108 006
195 023 4 9 12 0 2 17 40 9 1 82 880 0864 10 2409 12 3 410 00 1255 17 3 0 1589 12 375 10 2145 5702 0912
12398 7185 53915 0762 0120 3 6 92 68 02102 490 4960 0814 0666 5410 10003 104 9938 3015 53213 7970 105158
1 0 3 5 7123 02 00 5 5 16 9 4 5 9 28 0 7 0 4 8 1 810 10 60 0 6 24 97 08 890203 127 8523 556
118 180 5 9 10 8 2 12 80 5 0 89 087 3914 70 6084 00 0 907 04 8515 02 3 5 4389 10 015 10 1060 8709 8152
13301 0730 13715 8755 5161 3 0 56 90 70109 215 0886 9882 0816 5803 42200 128 0034 0012 50715 0881 125005
4 9 5 4 0003 47 02 0 7 08 9 2 8 2 29 9 7 0 4 5 1 909 06 48 7 8 04 12 43 790073 104 8320 096
123 720 5 0 19 4 8 80 87 6 5 89 900 1009 10 0018 10 4 997 10 0215 51 8 5 0989 12 466 02 2808 8702 9912
82713 0635 63010 8792 5020 9 0 12 25 02412 086 0902 9010 0200 5003 18847 153 5104 0318 53253 1106 620598
0 8 3 0 5000 05 06 5 1 12 9 5 9 0 20 9 0 1 6 0 0 070 02 00 8 8 24 12 09 091423 324 8053 700
103 063 5 4 15 8 7 18 09 0 2 02 960 0284 70 6694 12 0 062 04 6010 02 0 5 1789 10 415 10 2940 0782 9030
12013 0035 14790 0912 5901 0 5 09 38 82962 794 8912 0812 8065 5709 02005 104 5931 5010 63000 8100 186099
1 0 3 2 0193 00 10 3 5 52 9 2 7 2 66 9 2 6 4 0 1 909 70 75 9 8 64 00 23 096424 147 4970 507
033 186 5 0 10 0 9 00 89 0 1 03 886 1230 15 7078 10 4 500 04 0007 82 0 5 4219 62 400 10 0745 8012 9919
12013 1105 10219 4716 5320 3 5 10 98 10107 919 0012 9812 0010 0318 60705 197 0134 5302 03203 1180 155138
1 9 7 9 2223 00 10 2 0 12 0 2 0 8 08 9 2 7 4 5 9 900 12 40 9 7 24 68 98 801023 404 6028 059
100 003 5 8 02 4 0 10 80 0 0 82 030 1604 15 0218 00 4 012 16 1030 12 0 5 6219 10 415 05 7109 8714 8912
19313 7402 13010 8712 5101 0 7 02 97 12100 810 0285 0862 7710 4808 12262 123 5166 4312 00213 1153 135878
0 2 0 4 0125 05 02 5 0 92 0 0 0 0 00 0 2 1 0 0 0 008 92 49 9 0 20 82 23 090263 000 8003 756
022 123 5 9 10 0 0 04 80 0 1 83 987 0074 85 8510 15 0 910 04 1215 90 9 9 1276 19 489 02 8505 9762 8998
02605 1735 04005 8712 5221 0 5 43 96 50002 900 8016 9076 1080 5407 12096 420 7130 5312 03213 2153 120798
0 2 3 5 5100 45 40 0 5 60 9 5 0 1 38 9 2 1 0 3 7 398 12 75 1 0 00 02 23 897023 123 0100 560
40 053 8 0 12 7 2 02 60 6 0 02 087 0010 05 0507 02 0 082 14 2418 12 8 5 0009 20 005 72 8045 8712 8912
14013 5105 10245 8012 5372 0 5 12 96 84192 305 7584 9632 1415 0413 12200 124 0174 0046 10213 7003 125798
9 5 3 4 5923 00 58 8 0 50 9 2 0 1 04 9 0 1 4 5 1 102 09 05 0 8 04 70 23 901268 504 9033 550
103 103 6 0 14 3 0 02 09 4 1 80 807 0210 05 3987 52 2 920 00 1299 10 3 6 5289 02 436 33 2145 0018 8562
02310 1165 57210 0010 4189 8 0 12 09 05464 815 0012 4889 1210 5000 17285 320 5174 0010 50910 1053 045198
1 6 3 0 7193 05 12 5 5 79 9 0 9 0 28 0 2 1 6 0 9 902 18 75 9 9 04 12 23 090429 120 8123 790
127 128 6 6 12 9 2 00 89 0 1 62 880 1714 75 2014 07 0 930 18 4015 02 0 5 6209 67 485 02 2440 8712 8002
67413 1035 13217 8890 5130 7 5 10 03 12009 075 0919 9912 0818 5093 92215 024 4133 5380 53503 0850 605980
0 0 3 0 5920 86 02 5 9 14 4 2 4 5 25 6 2 3 4 9 1 900 02 49 9 7 44 82 63 891383 820 8105 506
108 162 0 5 17 8 5 12 70 9 0 02 109 1050 10 2064 32 3 982 19 1165 19 3 5 7989 02 018 12 2145 8800 8998
06302 1035 15010 9719 5100 0 3 19 98 02022 010 8902 0814 0012 5000 60205 180 6034 0592 50010 1053 109800
7 2 3 0 7123 46 10 6 5 14 3 2 0 0 20 9 3 1 7 5 4 959 38 40 4 1 24 62 23 890203 190 5120 655
120 007 5 9 10 6 4 92 89 0 1 02 087 1090 06 5314 62 6 017 13 1915 12 3 5 0889 50 416 02 0105 0000 0902
10346 1645 18500 8012 5101 4 7 02 79 10682 814 8910 9878 6317 0407 12945 100 5030 5010 53239 2197 015149
3 0 3 0 5126 45 16 5 5 10 9 0 0 1 28 8 0 0 0 6 8 012 12 05 9 0 69 12 83 000720 100 9003 856
403 183 9 9 72 1 2 14 80 4 7 00 794 6946 85 6304 22 8 812 17 8210 90 3 7 1089 12 068 15 2045 8750 0912
12313 4105 46215 8780 5928 0 0 99 97 12000 005 0012 9819 0040 0483 62205 104 2132 0505 53000 8104 100198
1 5 9 9 0973 44 02 0 9 00 9 8 9 7 28 9 0 0 0 0 0 903 80 59 0 7 07 90 09 690042 124 8108 556
008 107 5 9 06 8 0 19 89 9 0 67 082 1254 15 0014 62 3 910 10 1035 89 0 9 1906 04 405 52 0140 8502 8912
79370 8005 03010 8017 0129 3 0 89 98 00162 809 8060 6810 0000 5083 80010 324 2100 5312 96213 8150 790800
2 9 0 6 5823 48 00 5 5 13 8 0 7 8 28 5 0 0 6 5 5 929 10 86 0 0 04 02 00 190905 176 0123 200
180 123 5 9 00 8 2 00 99 0 7 92 000 0704 60 0394 07 0 002 04 0210 32 3 0 0004 02 017 72 0145 8012 6902
12318 1035 53895 8717 0120 7 0 00 08 02170 010 8800 0100 0965 0043 10205 629 3009 8912 53216 0050 020140
5 2 3 8 5006 48 42 0 0 02 0 0 0 0 99 0 0 9 6 7 1 912 90 25 9 4 20 97 20 891303 162 9123 056
003 123 2 0 12 8 4 12 80 0 1 82 407 0794 10 2014 00 4 917 77 0230 17 7 0 1586 02 415 53 2049 0742 0912
15000 4197 23010 0578 5909 3 0 12 08 02095 815 4412 9812 0000 0014 10615 124 5137 5312 53613 4153 924100
4 2 0 2 5187 48 04 0 0 12 9 0 0 8 78 4 5 0 4 5 0 250 19 80 0 0 40 22 02 891849 028 0353 506
123 027 5 9 92 8 0 00 06 0 0 82 352 0018 15 2310 70 0 702 00 0270 10 0 5 1885 02 140 92 2045 6762 0752
08313 1109 30010 0702 9099 0 5 19 90 58178 675 0312 9812 4235 5961 72010 180 5034 5712 50203 0107 728198
0 2 3 4 0060 80 22 5 0 00 9 2 1 9 63 9 0 0 8 9 1 510 16 45 8 8 30 09 00 590023 126 6160 566
120 071 0 9 07 8 3 10 84 5 7 80 697 9286 10 8304 12 0 902 10 1000 90 0 9 7289 82 405 10 0815 0032 4002
12343 1835 13065 6012 8840 3 8 02 72 02150 815 8919 0814 1075 6003 17216 090 9134 0610 80200 7153 925018
0 7 0 0 5128 46 15 5 5 90 3 5 7 1 30 9 4 0 2 5 1 912 15 05 6 7 38 12 92 095023 174 8228 059
50 722 5 6 00 8 9 72 60 2 1 82 987 1214 09 2330 12 0 802 04 1705 79 7 5 1280 50 405 02 2791 0910 8900
22513 1009 10206 2080 5402 0 5 12 98 38322 515 0000 0714 1505 0407 39575 100 5024 4012 56000 1753 585108
1 2 0 0 0140 50 10 5 5 10 8 2 0 7 57 9 2 9 9 8 1 962 12 45 9 9 52 83 03 696008 020 8263 746
103 007 5 0 00 8 0 01 00 0 1 42 900 0204 18 2317 10 7 912 84 8610 90 3 5 6046 12 497 10 7145 0044 0982
06315 6095 53205 9010 0161 0 5 12 98 70900 497 0714 8818 1019 5010 72210 124 5100 0010 53013 1105 550199
1 2 5 0 5100 48 18 0 5 10 4 2 0 1 28 8 8 4 0 5 1 988 02 08 9 8 20 02 00 590225 027 0369 555
023 093 5 3 12 8 2 84 89 3 1 05 607 0064 10 2304 64 5 911 64 0210 10 3 6 1007 18 040 62 2345 8712 0902
12611 0070 23015 8610 5127 3 5 12 94 12108 480 8912 0912 1010 5403 12090 027 0934 5397 43003 1193 508098
1 2 3 4 3173 40 92 9 8 19 9 2 4 0 28 7 0 8 2 5 9 002 12 48 0 1 84 10 03 791023 004 0523 556
123 503 5 9 00 8 2 12 05 2 0 80 987 1208 68 0204 10 0 502 00 1015 30 8 5 1259 64 080 12 4245 0042 6680
76890 1832 13000 7808 0100 3 9 22 92 12000 815 8912 7800 2215 5413 60116 104 5878 5372 69216 8600 005198
1 0 9 0 5073 80 12 5 8 12 9 2 9 0 08 9 0 0 4 5 1 712 10 45 5 3 74 62 28 810223 809 8023 506
883 177 5 7 99 8 2 82 90 7 1 08 385 7204 17 2904 12 4 216 74 8228 10 9 5 1289 20 839 12 7195 0710 7012
08910 4130 12215 8002 2120 4 5 12 08 92134 900 0902 6010 1000 5763 82210 770 5930 0950 50283 9150 025199
1 0 3 7 5120 45 48 5 4 68 9 7 4 1 68 9 0 9 4 5 6 912 02 40 9 0 04 92 03 390420 024 8000 866
123 123 0 9 80 8 3 90 87 9 0 82 087 8314 68 5314 02 4 972 94 1290 92 0 7 0289 02 414 10 2700 1762 8910
12393 1020 10530 8072 5021 0 5 09 98 10170 830 0817 6012 3006 6410 12270 120 5503 5712 43287 1133 100008
1 2 2 3 4127 10 14 5 0 02 9 8 6 1 25 0 9 1 4 5 1 639 10 45 9 8 20 60 20 890323 104 8023 009
173 108 0 9 10 8 5 02 84 7 1 00 787 1804 45 1310 00 0 002 18 1205 00 4 5 0200 10 005 00 2170 0605 8992
02603 1960 13965 8773 0006 0 0 86 98 00141 805 7582 9254 1945 0276 35210 332 9164 8660 03610 1000 191008
1 7 8 4 9006 67 42 5 5 62 9 8 9 8 29 4 8 1 8 5 1 052 17 40 0 8 25 10 46 077060 008 3523 056
193 029 5 9 10 6 2 00 08 0 0 80 007 1510 10 0013 19 4 612 04 1015 10 0 6 0289 92 470 00 8157 8702 8900
18013 1909 13075 0512 5135 0 5 18 90 12070 812 8914 9006 8535 4003 60208 124 5034 5012 38230 5750 127398
5 9 9 4 8603 49 80 5 5 02 0 8 6 1 49 9 0 1 4 5 1 002 22 15 9 8 08 12 03 801223 047 0020 806
123 121 9 9 30 8 5 60 89 0 9 81 020 1019 55 0904 02 4 010 14 1275 10 3 0 1889 17 015 00 2100 8362 7912
08305 1430 53995 7012 5001 3 8 08 08 02151 855 0612 9000 9805 0463 00755 028 0334 5092 58853 1003 025008
8 8 3 4 5151 85 00 0 5 40 9 6 8 1 28 9 8 1 2 5 1 912 12 42 0 8 24 10 03 497623 124 0124 586
860 181 5 8 12 0 2 02 09 0 1 84 957 1404 15 0308 10 7 910 04 1015 19 6 0 0290 42 037 02 9248 5012 8912
10016 9735 14015 8718 3151 3 0 17 98 14092 050 8932 9002 5866 5993 82205 824 1101 0642 55588 1053 125190
8 0 3 4 0103 05 72 5 5 02 0 9 0 0 29 0 9 9 4 0 8 919 62 45 9 8 64 12 00 001744 124 8123 556
160 723 5 9 19 8 0 82 80 0 0 54 987 6214 66 3410 12 0 914 14 0245 80 3 0 1209 02 412 02 2007 8700 8012
12013 1177 10874 8710 0001 3 7 12 98 02722 515 0012 9000 1292 5416 66710 028 0199 5312 55203 8653 625114
0 6 3 0 6197 75 12 5 5 42 5 2 2 0 20 0 0 1 4 9 0 512 14 90 9 8 02 02 23 098920 025 8923 856
00 105 5 9 16 8 1 12 84 6 0 92 997 1614 25 7367 10 0 042 10 0965 12 8 0 1089 00 015 18 0040 8410 9990
05310 1130 10810 8792 5021 3 5 12 90 15000 800 8019 7812 1909 5013 10270 124 5894 3312 60213 1153 120004
0 7 3 4 5483 45 70 5 5 05 9 7 9 8 27 9 8 0 4 1 1 912 12 05 3 4 29 19 23 007203 794 8628 952
003 123 0 0 74 0 2 12 80 0 1 80 980 1214 05 0327 12 4 032 01 1215 12 0 5 0209 76 499 70 2105 0812 8910
00217 1935 03210 8016 7124 3 0 40 78 12102 855 8950 9066 6005 5613 52219 894 5034 5302 03208 1058 080068
1 2 3 0 0920 05 12 5 5 00 9 2 0 1 00 9 0 0 0 5 0 010 02 00 0 8 24 14 23 701703 120 0133 556
900 003 5 9 42 8 8 12 58 0 1 02 907 1073 80 9966 12 5 612 04 1215 12 3 0 0780 12 855 77 7107 8702 0912
18313 1805 15810 8769 5086 9 0 95 04 02102 711 8911 7860 1090 5013 02255 146 9108 5912 83213 0823 175398
0 2 7 5 0728 45 12 5 0 70 9 4 5 8 98 0 4 2 8 5 1 610 22 08 9 8 00 02 23 063206 624 6126 558
366 005 0 9 12 8 2 12 87 0 1 84 586 3673 15 0057 10 6 483 14 0005 12 3 0 1983 12 400 95 2175 8212 8900
10373 1070 03205 4092 9108 3 4 15 98 02190 805 0906 9842 5205 5413 70200 720 0084 5018 53313 1555 235100
4 2 8 5 0028 00 10 9 5 00 9 2 8 0 26 9 2 0 4 5 1 916 32 77 9 6 00 87 42 890215 102 7124 454
123 803 0 1 10 4 9 15 62 9 1 80 009 1015 40 0350 10 4 682 04 0217 59 0 7 1220 92 415 10 2040 6912 8910
02874 7195 13615 7802 0181 3 5 04 90 19002 915 1000 9813 0205 0590 15220 927 6938 2414 51213 1297 000190
3 7 3 4 8000 05 02 0 8 15 0 2 2 6 27 9 8 0 6 7 8 912 00 35 0 8 59 10 20 091062 024 8123 559
196 220 0 0 02 9 2 12 89 2 1 80 307 1214 39 9314 12 4 910 04 1718 10 8 5 1084 07 975 50 3145 5812 8908
02083 1535 18219 8707 5060 1 1 90 00 12000 305 6002 0010 1705 0016 00275 023 8194 0010 00062 1153 129088
8 2 0 1 5120 45 12 6 8 30 5 0 9 5 20 0 2 0 3 0 0 072 12 40 9 0 04 62 73 005209 184 9100 556
020 750 5 0 92 8 2 12 00 0 0 90 982 1094 10 2310 02 8 911 15 1900 17 3 5 1299 39 010 12 0156 8015 0912
75348 0035 13310 8730 5121 4 3 12 91 10162 813 8900 9800 0217 5400 80000 324 0003 7610 53709 7050 084390
1 2 8 0 9920 45 12 0 0 02 9 2 8 1 08 9 0 0 4 0 0 712 98 45 9 8 24 96 21 001023 004 8193 358
753 903 5 0 19 0 7 12 87 5 0 02 005 3210 35 2000 07 4 002 14 0215 02 3 6 2500 17 415 62 2542 8712 8813
02313 1835 13285 9009 5001 3 5 10 90 14042 915 0912 0060 1217 0053 12215 600 3107 7412 89213 1180 755126
1 2 9 4 5100 00 22 5 0 12 9 2 0 1 20 5 7 0 4 7 0 948 03 00 9 8 94 04 05 091220 104 0027 590
123 123 5 9 12 0 0 07 67 0 9 88 000 9214 00 2314 18 4 900 82 1015 12 0 0 1780 15 465 60 2175 8862 8808
07360 1009 13210 8762 9031 9 4 05 34 10102 462 8002 9010 1205 5043 12205 125 9014 9362 50203 1714 025160
0 6 4 4 5707 45 19 5 5 12 9 2 0 0 08 9 2 0 0 3 1 962 00 09 6 0 44 12 23 091984 194 9128 706
063 106 1 5 12 8 0 09 79 0 0 82 477 1214 00 2714 28 4 911 74 1210 12 2 5 9260 10 415 19 2148 8292 8022
03995 5600 47212 7012 6121 3 5 32 90 22192 619 8902 9400 1319 0119 17915 184 5134 0312 03200 1903 025108
1 2 3 4 3009 03 87 0 6 88 3 7 6 9 28 9 6 1 7 8 0 514 10 00 5 4 24 10 07 807003 104 8923 556
123 800 7 9 19 8 2 52 89 9 1 80 990 7015 19 2307 07 0 070 15 0610 22 0 5 3289 00 309 60 2045 8342 8719
92303 1130 13265 8712 8090 3 8 44 68 02292 300 8910 9002 1215 5100 12610 304 8074 5412 67217 1100 020195
0 7 9 0 5178 45 22 5 5 10 8 0 2 5 20 9 2 0 4 5 0 082 10 45 9 8 24 18 26 891920 190 8121 456
50 113 6 0 10 0 2 58 09 0 1 83 086 0274 06 2014 82 4 995 95 1215 12 3 5 1288 66 410 50 3002 9410 8412
42013 0130 07615 3872 5181 2 8 40 90 02942 601 8700 7220 3203 5420 42065 490 5130 5010 90016 1153 065198
5 2 8 0 7120 27 10 5 9 42 6 3 8 0 08 9 7 1 0 5 0 701 50 94 9 8 80 10 20 091020 000 0123 550
626 603 0 6 00 8 1 02 88 0 9 72 080 1034 00 2304 60 0 912 10 0205 10 0 5 1280 19 423 12 2049 8772 5012
60013 1139 76215 0740 5622 0 5 12 08 52177 015 8012 9862 1295 6413 32500 074 5139 5312 50294 6103 705198
0 2 3 6 5880 05 12 0 5 02 9 0 9 1 77 8 2 0 4 5 8 917 12 85 9 9 20 02 03 097225 650 8923 900
140 803 9 0 02 0 6 12 00 2 2 09 970 4014 15 2019 12 0 959 64 1075 02 6 5 6219 02 415 16 0545 0712 0989
00310 9039 13913 8057 5801 0 6 52 90 02670 010 8012 0013 1008 9483 16012 140 5160 5000 33600 1050 925990
1 0 9 0 0000 05 01 5 6 15 9 0 5 0 76 0 2 1 4 5 1 910 16 65 0 8 06 32 27 500222 996 8123 056
126 107 5 2 02 8 8 00 09 4 9 83 986 1294 05 7370 12 4 012 10 9230 02 5 5 5487 10 405 00 2195 7760 0410
12303 1135 00055 8722 6106 3 7 12 96 12902 676 7577 4810 1410 5413 82809 590 5534 5334 50705 9901 108106
6 2 8 5 0330 05 12 3 0 08 9 2 0 2 18 9 0 1 9 9 1 058 00 05 9 0 72 50 23 801123 944 5880 006
125 423 6 9 16 8 2 10 87 9 5 00 086 6209 10 2310 40 4 910 94 1293 10 0 0 5089 12 405 10 2140 4812 8602
16400 0135 13205 0772 5455 4 0 02 08 02900 205 0912 6315 5210 0416 02218 100 5305 0314 53297 2103 025098
1 0 0 4 5223 40 55 5 0 19 9 2 7 1 76 8 2 1 9 7 3 062 06 90 9 6 04 12 20 880390 120 0996 550
103 193 5 0 60 7 0 92 84 1 1 81 987 1088 40 2900 12 0 912 15 1000 10 6 0 0206 19 118 12 2105 8752 8400
02300 1140 23210 0718 7021 5 1 00 94 58108 313 8802 7512 1015 5413 15010 424 6134 0019 03207 0198 120508
7 0 6 4 0620 05 16 5 5 12 9 2 4 0 08 6 0 1 4 5 1 900 73 48 9 8 94 12 28 361227 909 8123 556
403 103 5 2 62 9 0 02 00 9 1 84 907 1060 00 0314 91 4 940 02 0215 13 8 5 6269 15 095 82 2105 0902 9072
12033 0035 10210 8911 9020 0 7 09 68 10102 415 7910 5002 2260 5013 18015 604 5684 5319 43213 0168 125894
1 0 3 4 5526 46 13 0 8 10 0 2 0 8 08 9 2 1 0 0 1 910 39 48 9 8 24 12 43 091203 120 8123 507
823 023 5 9 70 9 3 58 90 6 1 08 900 1004 15 2344 16 4 906 14 6200 12 0 5 9009 68 010 06 7145 7796 0090
18018 1105 33710 7780 5101 0 4 92 08 12392 877 8790 0817 1215 5413 02915 920 5569 5310 99213 7193 120109
1 5 4 0 5322 45 02 5 5 10 0 0 0 1 28 9 2 1 0 0 7 800 52 40 3 0 94 92 73 871023 136 0090 756
192 003 3 2 42 8 2 10 69 2 0 82 789 6904 10 2307 18 9 906 94 1295 12 3 5 1060 09 410 02 2035 5802 8189
10413 8039 10210 8772 0421 3 0 12 69 00006 075 0912 8862 0965 5414 10932 024 3184 0010 54319 4053 197108
1 0 4 0 0003 05 95 9 5 48 0 2 0 1 20 0 0 1 4 5 1 380 03 05 9 7 44 82 22 040020 705 0703 550
024 195 5 9 10 0 9 60 80 9 0 02 988 1000 Ö0 2004 13 0 012 16 7815 40 9 5 1087 50 515 12 8100 5714 5960
12313 0125 03215 0508 0121 6 5 80 98 12108 015 4012 9012 1505 5407 43607 128 9030 8304 50217 0760 126194
1 8 3 0 5120 20 12 8 5 00 9 0 4 0 04 0 2 7 0 0 0 800 52 05 0 8 00 18 83 599223 894 8123 550
143 023 5 9 00 8 0 02 79 5 1 82 650 8210 00 0304 02 0 030 00 1215 04 0 5 0680 62 995 32 4145 0202 8982
82113 1025 08210 8017 5141 3 9 15 90 62502 800 0970 6800 0214 2407 62295 004 8990 9610 00215 0783 010198
0 2 0 9 8490 40 10 5 2 12 9 2 2 1 20 9 3 7 4 5 5 004 16 05 0 0 24 18 23 370253 462 8100 866
43 029 5 9 14 4 2 80 09 0 1 90 030 1014 10 4014 17 0 812 04 0615 72 3 0 5249 10 814 12 7045 0310 0418
16053 4137 00207 0502 7121 0 6 72 08 02098 815 8004 0812 1015 5450 72710 108 5100 0312 83205 1003 165008
1 2 9 2 9106 90 16 5 0 00 0 2 3 0 28 0 0 0 0 1 1 312 05 05 6 8 20 97 70 501090 194 8123 416
743 427 8 9 02 0 0 60 09 0 0 62 987 6619 16 2360 02 4 997 05 1229 29 3 0 1405 12 910 09 2145 8903 8910
03403 4435 63715 0710 5195 3 5 19 90 50982 014 0913 9612 0015 9403 04290 129 5089 0312 37263 1054 905028
1 0 3 4 5007 90 00 3 9 00 9 6 0 1 28 9 0 1 4 6 6 700 14 85 4 6 20 90 05 091023 120 2100 066
123 970 6 5 12 7 0 10 82 7 8 02 990 8010 15 6714 94 4 990 04 2510 12 6 0 1264 32 404 10 9196 8062 4012
00315 0405 10204 8709 0000 3 5 02 94 10161 815 0912 9008 1205 2414 00007 824 5064 7619 50203 0102 995098
1 0 0 4 0023 05 80 8 6 12 0 4 8 0 90 9 2 4 6 5 0 004 02 40 9 0 00 92 53 090063 190 4135 556
128 128 5 4 12 8 7 94 09 0 0 20 980 7206 15 0858 16 4 902 14 5940 60 3 5 1769 02 400 10 7049 8762 8012
12013 1030 03200 9742 5820 0 0 02 69 12752 810 0919 9860 1275 0003 14015 109 7164 5380 97254 1053 130197
1 2 3 0 5463 45 07 5 5 42 4 0 0 9 90 0 0 1 0 0 1 912 32 41 0 8 22 10 23 801263 620 0123 506
189 113 5 0 12 0 6 74 00 0 1 02 980 1010 00 2360 12 1 082 10 0088 30 7 5 1033 12 619 12 0700 6702 4998
86015 0037 33505 8712 5023 9 5 32 38 16169 810 0912 9812 0215 2493 70210 924 5710 0313 54213 1093 125198
5 2 0 8 5547 90 92 9 3 12 9 0 0 0 26 5 8 1 0 5 0 450 19 40 9 8 04 05 00 891320 020 0120 576
028 118 5 9 82 7 0 12 89 7 0 72 088 0904 25 0344 72 0 906 54 2215 02 0 8 5980 29 005 11 8606 8966 8910
13040 0135 53241 8012 5303 3 0 09 80 12042 815 8912 7015 0028 5410 40216 129 5104 4312 53214 1100 807959
6 0 9 4 6123 95 12 5 0 02 0 0 1 1 20 4 3 1 6 9 6 912 00 90 9 0 04 02 23 804010 104 8193 094
123 163 0 7 12 8 2 32 50 6 0 02 487 9510 15 0314 00 8 910 14 1058 12 3 5 1709 12 415 55 9700 8012 6910
12090 1130 03017 8712 5629 0 0 12 59 12092 844 8012 9802 6705 5483 38505 700 5100 7319 53810 4140 524108
1 0 0 9 5423 45 10 4 0 10 0 2 9 0 00 9 2 1 0 5 1 002 02 45 9 0 06 12 60 094093 722 8423 050
222 173 5 9 82 8 2 12 09 4 3 85 949 1484 19 0319 02 4 012 04 2015 87 7 5 1087 92 477 72 9608 3730 8918
82303 1166 67015 8766 5081 3 8 08 98 10140 715 8012 6802 0526 5710 07249 120 7134 5302 50213 1156 123008
0 5 3 4 0123 40 18 5 5 10 9 9 0 1 20 0 9 0 6 5 1 012 00 49 9 8 05 12 03 252083 004 7203 956
123 028 8 9 22 8 2 02 00 0 5 82 980 9903 19 0380 02 0 800 04 1218 12 4 5 5000 80 480 30 2625 0617 5012
22303 1133 83015 8790 5721 3 8 12 98 16787 810 0910 9890 4885 5013 02015 104 0044 0710 33003 1103 100450
1 4 3 0 2107 05 10 0 5 10 6 8 9 6 25 0 0 1 9 4 1 982 72 87 9 0 20 12 93 800224 120 8793 006
203 123 2 9 10 8 3 70 83 6 4 82 685 0204 05 5304 12 4 909 04 0415 80 3 5 1099 42 400 00 2149 9712 8418
02514 1000 43210 8302 0001 3 5 12 58 12074 008 8732 9097 0210 5403 10204 136 5100 5312 03210 5903 065108
1 5 3 4 5133 10 12 5 5 92 9 2 0 1 58 5 0 1 5 5 9 810 10 00 9 8 83 42 03 891823 120 0170 550
123 000 5 0 70 0 0 10 00 0 2 88 087 1814 15 2614 10 0 408 10 1210 60 3 5 6209 10 845 93 9080 8002 0970
90315 3650 10095 8492 8721 3 5 02 18 79542 815 8490 9404 6210 0513 72217 629 5171 7717 20908 1150 905140
3 0 3 4 0806 49 00 5 5 42 9 2 0 0 23 0 2 1 4 5 7 940 80 07 9 0 49 82 33 891299 104 0073 506
65 020 5 9 12 8 2 01 89 6 0 85 907 0604 18 0304 00 6 017 14 9594 12 3 0 1579 62 415 12 2105 0602 8410
40300 2035 73010 8710 5570 0 0 00 06 12902 415 8002 0812 1215 0413 10210 123 5174 0312 50269 1350 925108
1 0 9 0 5143 45 10 7 0 70 4 2 0 4 28 9 9 1 0 8 1 916 10 05 0 8 27 69 23 891224 106 0023 056
053 823 5 8 00 0 0 49 09 1 0 82 080 0910 15 0303 19 4 512 94 1305 18 0 5 1289 22 400 00 0165 0072 8906
80853 7135 83575 1900 9427 3 8 12 58 70102 605 0012 0872 1205 5417 72215 024 3258 5312 53003 7157 725198
9 4 8 0 5943 40 00 0 5 02 9 1 0 4 28 4 2 1 6 5 1 950 00 75 0 0 04 00 93 771223 174 8179 566
103 120 5 9 58 0 7 60 89 0 1 80 887 0214 13 2804 12 0 206 14 1976 10 3 6 5090 12 405 75 2105 9710 8012
12013 0105 10215 0714 0775 3 5 02 94 62452 805 5900 9816 1215 5416 10275 104 5197 0002 73303 1108 905798
1 6 0 4 5733 85 20 5 5 09 0 0 5 5 54 9 9 1 0 5 0 012 10 05 9 8 04 10 23 821023 126 8009 507
196 123 7 0 57 7 0 02 81 0 0 82 767 1214 10 3307 90 7 015 14 7017 68 0 5 1206 18 405 00 2145 5002 0918
12993 1015 58897 0712 0350 3 0 80 18 80182 910 8112 0802 0215 5825 09219 120 5164 6916 97213 6763 585098
1 2 3 8 0123 45 05 4 1 60 0 2 9 0 77 9 0 0 0 5 1 972 72 20 9 0 24 12 03 090983 104 8909 578
159 028 5 9 10 8 0 12 89 3 8 82 487 1090 15 2309 18 4 972 04 7225 97 0 5 1280 95 000 12 2090 8714 0915
12315 0130 03218 4034 5301 3 8 12 06 72102 518 8709 9002 1800 5493 18075 009 9034 6300 53940 9193 109808
5 8 3 0 5823 43 00 1 9 02 9 2 5 9 08 9 0 1 0 0 6 012 92 46 9 8 24 10 88 880084 004 8023 550
159 123 6 9 70 1 2 12 00 3 0 48 727 0090 05 2219 30 6 409 18 6925 10 3 5 1299 12 315 02 0745 7029 7977
42313 1850 17215 0772 0110 3 5 42 98 78062 905 2500 9817 0058 0413 80410 929 5180 5345 50110 1153 020598
0 7 9 4 7000 05 82 5 7 80 9 2 4 7 60 9 5 1 4 0 0 002 52 40 0 8 25 18 03 898024 094 8110 056
000 729 5 0 02 8 9 12 89 5 8 80 057 0214 16 0314 25 0 988 33 1005 12 0 0 6266 00 450 12 2100 6068 0082
12003 5095 70910 8110 5020 4 0 10 98 70102 875 8900 9007 0206 0800 87775 005 5034 0288 53113 0103 560100
0 2 2 7 5523 05 12 9 0 10 0 4 8 1 58 9 2 1 4 5 1 012 00 00 9 8 30 82 20 091723 823 0420 000
803 123 1 9 82 0 7 19 89 8 1 82 900 1204 05 0014 19 7 810 04 0715 02 8 0 6870 02 415 12 2804 0712 8992
10983 0935 70210 9700 0927 3 0 90 98 12052 015 0700 9212 1895 9465 00215 294 5604 0000 98390 0153 122148
0 2 2 4 5123 75 09 5 5 10 5 2 7 1 88 7 7 1 3 3 0 010 10 40 7 0 24 06 50 839267 020 0020 596
103 143 5 9 82 8 0 69 80 3 1 34 989 0214 14 2376 32 4 012 00 1210 50 0 5 0989 00 505 00 0165 8710 8712
18313 1000 10105 8022 5101 0 5 29 05 10006 815 0642 0502 1205 5413 70216 723 5189 5307 53011 0103 126100
2 9 4 0 0623 69 12 9 0 80 9 0 9 8 08 0 4 1 4 0 1 016 02 38 9 0 04 13 05 397223 390 0703 006
100 000 0 0 00 0 2 00 89 0 7 89 087 1210 55 9315 19 4 902 00 1615 03 0 5 5259 82 010 10 6100 8816 9510
19093 0407 13000 6752 4101 0 0 76 90 82807 310 8810 0892 6000 6493 12210 124 5004 5010 73203 1753 105598
0 9 8 8 0368 05 08 1 5 12 0 2 4 7 28 0 2 9 0 5 7 914 02 00 9 0 20 12 86 850203 106 1120 556
120 000 7 8 02 8 8 95 89 0 1 92 957 1214 10 5314 52 3 268 00 1915 02 6 3 9509 82 415 02 8145 8708 8892
12703 6116 73295 7872 8001 3 8 08 98 12138 860 7992 9062 1568 3463 10150 169 5830 5312 08713 1609 704389
1 6 3 4 0023 05 72 5 0 19 9 0 0 0 29 8 2 1 4 5 0 077 00 80 8 0 24 10 83 801800 679 1606 546
54 107 9 0 12 8 6 13 99 9 1 00 986 6296 18 9016 82 4 900 74 1220 02 3 0 4200 03 410 12 2190 7019 8980
18513 1117 83237 3712 7001 0 9 12 98 02180 915 0082 3700 1815 3418 02080 129 9504 5012 08000 1450 105140
0 0 0 0 5423 77 53 1 9 12 9 2 9 5 58 0 0 6 4 2 1 900 19 40 0 0 24 92 22 896825 822 5823 056
400 453 5 0 12 6 8 89 00 8 0 80 680 8070 05 3310 12 6 919 14 0016 15 3 5 0849 12 585 02 0189 8087 2910
00313 1935 13205 8750 5129 8 0 02 02 02198 819 8937 0810 1215 3604 05270 124 0784 8393 00213 0050 100298
0 2 3 8 0000 05 00 5 3 00 4 2 0 9 28 4 0 5 0 5 0 332 12 75 9 9 20 10 28 892729 127 5096 055
020 023 8 0 02 0 0 12 09 0 1 83 889 0210 15 0315 02 0 770 18 0295 86 3 5 9260 00 415 10 5195 8730 8712
77390 4135 10005 0572 8071 9 5 92 90 52132 800 0992 0002 1293 5413 86880 128 9134 5612 90203 0850 099108
0 0 9 4 0103 45 10 5 5 60 0 2 3 5 78 9 1 1 5 0 0 910 12 46 0 8 61 12 23 490623 920 0193 550
129 103 0 9 12 8 0 02 09 9 0 12 787 1200 08 0014 18 4 912 15 1715 12 3 5 4300 02 415 12 2170 0718 9004
10340 8221 00002 8912 5167 0 5 30 98 00002 870 9912 9602 0010 0603 10205 124 0134 6012 54200 0856 128198
1 0 7 4 5124 00 12 0 5 90 9 2 9 0 04 9 2 5 4 9 0 912 90 05 0 8 28 00 23 894073 128 8102 806
004 594 5 8 32 8 2 80 00 0 1 82 967 0265 16 0310 79 9 972 09 0265 90 3 5 3009 02 414 72 9640 0719 8972
42693 1103 10002 9012 0020 3 0 10 98 12102 908 4002 0000 0215 5010 12805 120 1940 0709 03210 0058 320190
4 2 2 6 5103 00 10 0 5 16 9 2 0 1 98 9 0 1 8 7 4 912 17 99 9 8 24 10 28 890727 604 7009 550
180 123 9 0 85 8 2 17 80 8 1 87 989 0011 15 2007 12 4 975 00 0175 10 9 3 0099 02 500 15 2041 8812 0802
00509 1155 13210 9903 5181 0 0 12 08 10512 405 8712 7812 0308 7410 16813 020 5434 1310 50003 1009 025006
1 2 8 6 0923 65 12 5 0 00 0 2 8 0 00 5 2 5 3 7 0 412 32 45 0 8 20 08 20 001023 125 8123 058
164 500 0 9 17 8 2 87 89 8 5 82 700 1314 10 0359 12 4 912 14 1245 16 0 5 8270 03 015 49 5045 8702 9342
10613 1166 10202 6760 0121 3 9 10 08 02080 830 0412 4812 6005 9270 18218 909 5834 5312 53563 1003 026390
0 2 0 0 6129 05 00 0 0 00 3 2 0 0 24 9 0 5 4 2 1 982 12 41 0 0 04 98 26 090220 120 4021 056
023 157 0 9 02 8 5 32 80 0 7 82 987 1394 26 0914 16 4 910 04 0255 12 9 5 9273 10 413 02 2040 8774 0010
67063 8065 14074 8701 5701 3 5 88 90 12178 710 8910 0600 1250 6006 12090 124 5104 5318 07308 0104 166105
1 2 3 0 6150 85 90 0 2 07 9 8 9 1 78 3 2 1 6 5 2 912 02 70 0 8 20 00 73 891200 120 0023 508
623 020 9 0 10 8 4 15 89 9 8 72 080 0014 85 2070 00 7 912 10 0685 15 0 0 5009 12 077 36 3650 8012 9900
02040 9778 03295 8012 5420 0 0 17 06 12162 670 8212 0818 1615 0009 12842 924 5130 8793 53410 0050 000198
1 2 3 0 5121 45 12 4 0 10 6 0 0 9 00 9 2 1 0 0 0 018 32 40 9 0 06 02 23 601023 928 8023 850
003 823 5 0 10 8 2 12 08 7 1 00 189 5600 16 0304 12 4 908 10 1205 92 3 5 1280 12 415 70 2605 8710 4915
12399 0100 70219 8012 5027 0 5 72 58 94160 015 8718 0840 0865 5517 12205 184 9034 5300 03133 1953 920998

10300 1035 00275 8072 3583 4 5 12 98 10578 074 0016 9610 1515 5403 07308 026 0605 9472 50203 4154 100178
0 6 6 4 2024 80 22 0 0 00 6 0 0 9 28 9 2 1 4 0 0 917 10 90 9 0 98 02 03 891223 100 0023 658
023 720 5 0 52 8 7 00 09 6 1 42 088 0285 09 2314 12 5 998 14 9266 00 0 0 0269 02 498 12 0175 5012 0905
09340 1435 00215 8972 0021 3 0 16 90 02000 610 3913 2807 1619 0014 81215 904 7134 9606 60213 7003 024178
1 0 7 4 5180 60 10 5 5 16 4 0 4 6 05 9 0 2 4 5 6 912 60 95 8 8 24 00 73 331093 024 5023 556
74 120 8 0 12 8 2 12 83 6 1 02 789 1680 85 5374 15 8 010 74 9209 82 3 5 1080 02 419 02 7077 0712 0204
10350 0802 80215 9040 8123 0 5 50 08 10170 010 8012 9669 9895 5400 10910 166 4100 0810 53617 8153 905198
0 8 0 4 0023 45 09 5 8 12 0 5 0 2 78 9 2 1 4 0 4 917 92 45 9 8 04 12 20 891600 629 0120 056
728 160 0 0 17 8 5 12 72 8 1 84 080 1200 05 2904 90 0 092 90 1210 12 3 0 0750 12 400 15 2105 3600 0980
52003 1139 53213 0902 0020 4 2 32 90 02100 805 0912 7012 1065 5000 02009 908 0100 0332 73043 0153 128079
1 0 3 8 5000 65 12 5 8 00 9 0 0 1 18 5 2 5 6 5 1 012 00 05 9 8 60 10 03 071223 194 0053 000
093 923 0 8 82 8 2 12 87 7 8 02 998 1984 50 2010 12 4 010 90 1806 05 8 5 0004 02 015 10 2700 0002 8005
12009 9149 10204 0919 8821 0 4 12 96 02182 010 8714 9002 0217 0713 72210 824 5034 0610 59503 6103 000098
1 5 3 4 4300 05 01 2 5 10 9 2 0 9 20 0 0 7 0 5 4 012 95 40 9 8 00 13 23 000220 800 8004 356
133 023 6 9 90 8 8 98 89 0 5 02 085 0612 19 6316 12 4 612 14 0215 10 0 7 6274 19 535 60 2195 0792 0512
10303 9805 13630 9012 9701 4 5 12 98 95182 085 8493 9010 0000 9419 99215 004 0136 5352 97713 0190 625104
1 2 3 0 5129 64 10 6 5 90 8 2 0 0 08 9 8 1 4 0 1 912 43 43 9 8 30 12 45 885220 124 8123 000
729 109 1 9 02 8 2 07 09 2 1 92 686 0014 20 2214 02 4 913 11 7997 46 0 5 1080 96 415 12 2000 8482 8906
19083200 205198
3 2 8 0 2829 05 40 5 5 95 9 8 9 1 08 9 0 6 4 0 9 914 32 42 9 8 24 02 23 909203 700 0020 546
028 123 5 9 20 9 2 10 82 9 9 82 750 7614 05 2018 50 5 910 19 0265 10 3 5 0288 12 695 19 0145 9312 8712
12307 1170 08210 8780 4030 0 6 12 70 00199 000 8902 0872 1910 0413 12215 144 6734 5315 03205 1050 075100
0 0 3 9 5123 40 00 5 0 10 9 0 0 1 78 0 0 1 6 5 0 080 12 05 5 0 24 19 00 091529 100 5120 556
106 123 0 0 57 3 2 06 86 0 1 02 926 1909 19 0375 10 5 010 04 1810 02 7 0 0280 12 015 97 2052 6002 3942
90349 8185 63295 9718 5161 5 5 02 96 18902 315 8210 9812 1205 5403 08008 024 0134 0317 73213 7100 825758
0 2 0 4 5529 35 18 5 5 02 9 4 0 0 29 5 0 2 0 5 1 002 52 00 8 8 79 12 73 893523 024 8120 786
723 173 4 9 72 8 2 10 89 0 1 80 880 9217 75 0320 12 4 915 05 0207 07 0 7 0980 12 715 72 2145 9002 3982
52010 0135 18015 9016 0310 8 5 80 28 12170 845 8950 9810 0006 0043 12200 147 0130 6012 63253 7180 205398
9 8 9 4 0003 05 12 5 5 02 9 0 5 0 77 9 2 8 9 9 1 712 00 88 7 6 44 19 87 858203 108 6102 056
59 823 0 9 80 8 2 14 07 3 1 80 987 0913 05 0709 10 0 910 09 1215 50 0 5 9080 00 410 18 9003 0018 8902
02368 1135 03205 0790 0121 4 0 04 98 02092 805 8900 9012 4900 5013 99615 024 5138 0992 46010 6050 021168
1 2 0 4 5020 40 30 4 0 17 4 0 0 0 29 0 7 7 8 5 1 012 13 05 9 0 53 62 29 892323 700 0821 595
003 020 7 8 14 8 4 52 79 5 5 80 680 1924 05 7064 82 8 910 10 1215 10 3 0 0289 12 405 17 2140 8717 3919
12403 0004 13010 6785 7126 7 0 12 98 80022 805 8910 9816 1605 5006 16035 109 2004 5308 09603 1103 183107
0 2 0 4 0533 45 12 0 5 69 0 2 9 0 28 8 2 1 0 5 0 010 16 43 0 8 64 32 23 611900 124 0083 506
190 923 5 9 09 8 2 19 39 9 1 80 987 1814 15 1104 10 4 512 94 4405 10 8 0 0202 12 045 02 2045 8712 8002
02914 0108 13410 0910 5101 3 0 80 90 15132 815 0910 9010 7200 5410 60085 900 5139 5346 59036 0103 905198
1 9 3 0 0093 05 12 5 1 10 9 2 9 1 28 6 2 1 8 0 1 182 02 05 6 6 20 12 23 091413 024 8009 956
196 170 7 9 62 0 2 42 06 0 7 02 907 1200 90 2046 72 0 012 04 2905 02 3 5 1180 86 200 12 0145 8702 0970
07407 1133 70805 8017 5101 7 5 12 90 70102 020 8010 0017 1005 8073 12215 124 9168 5317 53519 1153 746198
1 2 3 0 9403 45 70 3 5 62 9 4 0 1 27 9 7 1 4 5 0 092 00 45 9 8 04 62 23 880223 804 8020 456
020 927 5 4 00 0 3 10 80 6 1 80 087 1000 85 8014 00 0 912 10 5205 10 0 0 0289 12 015 52 5008 0702 8618
38010 1080 03299 0790 5621 0 5 82 98 06909 510 8902 9010 0215 5410 12205 423 5034 5702 03630 1063 129078
1 2 0 0 0073 05 00 5 5 62 9 2 0 7 08 9 5 7 0 4 1 912 12 45 0 0 94 08 29 761321 384 8123 456
125 928 5 9 29 8 2 02 80 0 1 89 080 1284 10 0310 95 4 912 14 1240 70 0 0 5285 12 416 10 2005 8790 0912
02812 1935 00209 7712 5140 4 0 12 97 12102 015 7112 9812 4097 0863 17715 139 5004 5310 93289 0150 105003
8 6 7 0 5027 45 12 0 9 00 8 2 3 1 00 9 2 1 0 9 9 015 82 40 0 8 24 63 04 990328 129 8120 506
700 010 6 9 12 8 3 92 09 9 0 80 997 1504 85 5304 82 1 972 00 4010 78 3 9 1289 10 415 40 9150 8710 8010
87013 1030 03910 6740 5121 6 5 72 93 04892 810 0050 9810 9010 5903 10290 100 5000 9300 58173 1150 620098
6 0 0 4 5600 40 10 5 5 02 9 5 9 6 22 0 2 1 4 9 0 512 80 49 7 8 27 12 93 899225 724 1005 350
800 101 2 9 00 0 0 95 89 6 1 95 507 6704 15 2004 92 4 752 14 1209 90 3 5 1200 10 420 10 6045 1702 0612
99313 0130 00265 0098 5501 3 5 00 49 94109 815 8919 9050 1995 0710 02240 680 5734 5313 59213 1103 825100
1 7 0 7 5107 00 10 7 0 12 9 2 7 1 27 9 2 1 0 7 1 000 42 05 8 8 99 10 28 091620 803 7170 540
523 103 5 0 02 8 2 01 46 4 1 00 587 0619 95 0310 50 4 000 14 5010 92 1 5 8879 72 490 82 8105 5812 0912
20210 1884 90215 9780 5901 3 5 12 98 16114 005 9080 9016 1270 0610 12216 124 5154 5380 02089 5003 102100
6 2 3 4 5103 47 08 0 0 10 0 0 0 8 28 1 0 1 0 4 0 010 10 42 2 0 29 08 23 881249 664 9193 576
653 026 5 9 09 8 2 12 87 8 0 80 087 0990 00 2300 12 4 002 10 1013 82 3 5 1289 00 410 07 2105 0080 8902
12860 6139 73008 8910 5041 6 5 09 80 03172 805 9980 1687 0200 2098 38095 826 7190 0009 27298 4153 826800
4 0 0 8 5130 00 02 0 1 12 9 3 9 1 24 9 2 1 4 5 1 910 98 05 9 8 27 19 23 007283 120 8133 566
023 023 5 0 12 8 2 82 80 0 0 52 785 1467 15 2311 10 4 012 94 1010 00 3 0 9000 70 002 77 0105 8019 8912
09604 0105 17200 8710 5161 9 0 04 90 02602 565 8012 9410 9210 0029 00814 124 0034 9308 53269 1103 065093
1 2 3 4 5203 45 18 5 5 12 0 4 3 0 88 0 0 1 4 5 7 902 10 47 3 0 24 02 28 800223 074 8023 550
30 640 5 9 72 8 3 12 49 0 1 82 009 6006 15 7410 88 5 910 14 1289 19 0 4 0080 00 417 10 0145 8842 8212
12314 8005 03070 8062 9111 3 0 36 95 82000 019 8612 9086 0390 3413 57008 179 9004 9324 53288 1153 125095
9 2 5 4 5916 45 10 8 5 12 0 4 8 1 80 7 2 0 4 0 1 712 12 05 9 8 95 10 03 091623 137 8103 009
523 103 0 9 06 8 2 12 09 8 7 02 085 9219 19 2314 02 4 900 13 1015 82 0 5 7980 12 005 62 0245 8074 8912
10303 7039 07200 8400 0320 3 6 11 90 02002 045 8910 0812 5218 7639 22004 034 5104 5912 57280 1150 551898
9 4 4 0 5123 05 00 0 5 05 9 2 9 0 48 0 3 1 4 0 0 818 82 40 9 8 24 68 93 890225 125 8195 050
024 773 5 9 02 4 2 17 09 0 0 80 080 0207 15 0300 02 0 032 84 0925 06 0 5 2289 57 440 82 4095 8802 9912
10313 1135 67265 8702 5009 8 5 05 02 57102 445 4610 9860 6600 0413 12611 048 5130 5000 59600 1753 625308
0 2 0 9 5007 07 04 5 7 12 9 4 9 1 28 3 9 1 4 5 8 902 19 43 5 0 25 18 01 091790 000 8125 510
120 323 0 0 72 8 2 72 00 9 6 00 080 0276 45 5354 12 8 000 10 0206 10 3 5 6786 42 804 83 0145 0710 0010
10013 4001 03215 8616 5121 0 5 05 98 66940 810 2916 0840 1535 5619 02634 020 9862 0000 53387 0053 068108
0 3 3 4 0163 45 16 5 5 02 0 2 0 8 24 2 9 1 6 0 1 912 02 00 9 0 24 10 23 090249 000 8909 506
320 100 5 9 10 8 2 30 79 0 1 85 787 1214 08 6314 10 5 912 10 0240 70 3 5 0200 02 415 10 2847 0812 4900
12003 0108 00280 8301 0000 0 5 70 00 12500 080 9912 9710 1615 5810 12000 824 4134 5912 59210 0153 190678
0 0 0 3 6103 40 17 5 0 92 9 3 0 0 28 9 2 0 0 5 1 910 12 46 7 8 32 12 23 000200 944 0190 556
023 923 5 0 10 5 2 12 89 0 1 82 987 1854 10 2388 12 0 093 94 9665 17 3 0 1009 05 000 90 0050 0012 0906
12017 0100 13015 8710 0120 5 0 06 08 96885 015 8913 9800 0815 5693 10008 030 0033 1300 80004 0550 120698
0 2 0 4 5093 45 12 5 5 06 0 9 7 0 04 0 2 1 1 5 1 900 02 65 6 8 07 02 03 891008 624 8003 750
125 110 2 9 03 8 2 12 88 9 0 69 880 1019 00 2314 10 4 009 04 7270 50 3 7 1279 00 015 19 2160 8712 9012
12010 1057 93015 8702 7900 3 7 88 98 65102 001 8952 0852 1015 5413 00805 100 5004 5310 03210 0146 935098
1 2 0 4 0079 07 82 0 5 10 0 2 0 7 28 0 6 7 4 0 0 310 69 40 8 0 20 63 28 899227 124 0028 556
023 663 5 9 00 0 2 12 40 8 1 02 986 1000 90 2340 92 4 069 13 1715 10 8 0 0269 12 410 12 9105 8752 0910
77308 1630 13005 8612 5501 3 5 00 08 12390 815 8919 0819 1215 0007 02235 097 5536 0315 03213 5003 128008
0 2 0 6 5020 45 82 9 5 12 6 2 0 0 20 9 2 9 4 0 0 912 10 30 9 8 94 13 89 091603 104 9124 509
403 073 6 6 06 6 2 82 84 5 1 70 900 1214 15 2387 16 0 919 14 1205 12 0 5 3210 60 415 02 3102 8706 0002
17703 1335 60210 0702 5150 3 0 10 90 62054 010 3912 9812 1710 0469 16777 000 0094 5810 41019 7053 122092
0 2 7 6 0127 40 32 3 4 12 9 2 1 0 28 9 8 5 9 5 0 900 92 48 8 5 20 00 23 306803 104 8189 596
020 120 0 7 32 8 2 10 79 6 1 80 807 8018 60 0364 18 4 910 04 1205 62 3 5 1080 17 605 19 2905 8759 5048
02716 0787 13012 8517 5521 3 5 00 93 90180 990 7460 9886 8215 5513 42870 107 4104 0022 00277 5883 127598
9 8 9 0 5029 40 12 5 9 62 0 2 0 9 08 9 2 1 0 0 1 010 12 45 8 8 20 14 03 001233 704 8090 550
118 073 5 4 02 8 8 72 54 0 1 82 987 8011 30 9004 16 9 912 14 5256 00 3 9 1089 12 015 97 0045 8015 0712
02310 1835 08215 0702 5161 0 5 02 00 42102 875 8012 9610 6709 6403 14215 103 8984 2002 57013 6000 785398
5 2 3 4 5123 00 12 8 0 12 0 0 0 1 08 9 9 5 4 0 1 803 06 00 9 0 24 12 30 593809 824 0703 406
80 820 5 9 10 8 0 42 89 0 0 44 908 9010 15 0304 10 4 902 04 7005 72 2 5 1288 13 515 32 2005 8774 8082
12308 3035 13206 0700 5020 3 0 12 98 00922 907 8912 9852 0205 8010 12010 120 5172 5312 53213 0151 360999
9 2 0 9 5003 50 00 5 8 10 9 0 8 1 28 0 0 1 4 9 1 001 02 09 6 8 84 73 30 051200 109 0125 058
120 150 5 9 02 0 0 10 99 7 1 60 977 9919 18 6304 02 4 816 04 1290 60 3 6 0589 02 105 10 8402 0980 8002
19317 1305 18000 9795 5101 3 0 12 00 18175 818 8012 5992 0005 0403 10900 024 5035 0312 02500 0100 520008
1 2 3 0 5103 86 10 5 3 02 0 6 0 0 17 9 9 7 4 5 1 000 12 45 0 8 04 10 80 890810 820 8002 027
103 023 0 5 91 0 0 17 39 0 0 80 907 0279 00 2304 12 4 452 08 1255 00 3 7 6269 02 005 92 7160 0719 6002
07310 0070 03035 8080 0121 5 5 92 98 12982 010 8007 2512 1205 5717 02337 154 0030 0395 03206 1683 107757
0 0 3 8 5023 95 12 5 5 19 9 9 0 1 20 0 3 0 4 5 1 409 16 45 9 0 58 02 23 897293 120 9003 550
163 063 3 9 00 8 0 12 80 0 1 09 967 5200 65 2910 10 4 972 00 4200 10 8 5 1089 12 400 02 0155 7012 8972
12303 1730 10205 8300 8021 3 5 80 85 00152 819 6502 0092 1005 7417 00215 520 0087 4310 53210 1183 305198
1 0 7 9 5100 00 32 5 6 12 9 2 7 1 78 5 8 6 5 5 1 930 17 55 9 8 23 52 03 099827 000 7420 006
073 909 5 0 30 0 8 90 80 0 1 82 905 6004 15 0070 64 5 912 02 1708 19 6 0 1247 02 713 12 2105 8900 0012
16316 0105 13200 2212 8551 3 5 05 90 12679 985 8992 9610 2203 5003 14205 924 5004 0102 50710 1789 120140
1 8 5 6 9583 45 12 5 1 07 0 2 7 1 20 9 3 3 8 6 1 517 09 49 9 8 09 12 23 893600 324 7903 506
123 100 5 4 12 0 0 12 09 8 1 02 887 1204 15 0314 00 5 902 30 0245 02 3 0 9089 32 089 15 2730 8710 7714
54016 8105 13900 0877 1161 3 5 00 09 12182 015 0002 9372 1800 5780 12217 188 5005 5318 59013 4750 129090
7 6 0 0 7047 00 07 0 8 02 0 0 7 0 28 3 2 1 4 0 8 992 11 05 9 0 08 02 23 093083 100 8903 586
030 120 5 0 52 8 0 00 80 4 1 82 901 0219 02 0305 00 4 984 14 1215 80 9 4 0084 10 074 02 2595 8019 2912
02010 0937 16269 8091 5108 3 6 80 97 12102 107 8900 7010 8255 5403 62893 104 1130 5700 00243 0040 176600
1 2 7 8 0023 40 12 5 0 12 0 2 6 0 00 0 2 1 7 5 0 792 10 85 0 8 20 10 00 601023 025 8483 456
120 503 0 0 02 8 0 10 89 0 1 82 900 4214 85 6310 12 4 510 51 5270 12 3 0 3880 00 415 12 6105 9238 0998
09713 1687 17015 9712 0001 4 0 50 98 70080 815 8900 8090 7212 0414 78905 944 5134 5716 50610 1053 125148
1 6 2 4 0820 45 12 7 5 72 9 7 0 4 27 0 2 1 4 0 9 713 00 45 9 8 64 72 70 880823 004 0009 156
999 583 0 9 42 8 2 69 39 9 1 05 906 1204 07 4818 82 7 908 10 1219 12 0 0 0859 10 910 10 2140 8982 0002
02313 1135 16215 0702 0071 6 5 90 00 15192 817 8002 7812 3200 2600 12217 124 4100 5319 03003 1053 065193
8 0 0 0 0050 49 19 0 5 02 0 8 3 5 28 8 0 1 7 5 3 953 12 99 9 8 00 00 23 200973 004 8723 506
110 950 0 0 90 8 9 02 88 9 0 90 907 1207 75 0317 00 4 002 94 3297 12 3 7 0280 12 405 32 2940 8210 0014
12060 0175 93210 0752 0128 3 5 02 66 18190 818 0502 9910 3205 5483 69215 790 0134 5002 53044 1003 880190
5 2 3 4 0143 40 16 5 0 10 0 2 0 9 06 9 2 1 4 8 1 817 19 50 9 8 74 12 78 591223 124 2129 552
543 126 0 9 79 0 2 05 82 6 1 82 987 3006 25 2858 10 4 010 14 1200 12 3 5 0990 90 015 12 2198 8000 8012
12610 0155 05010 8702 5271 3 8 72 60 00880 150 8960 6642 1705 0413 12280 128 7185 0700 50003 1150 925190
1 7 3 4 5063 65 52 0 5 12 9 0 0 5 00 7 2 1 4 0 0 515 17 40 9 8 28 82 05 891900 326 3820 079
50 103 0 0 02 0 2 40 80 0 1 18 909 0218 08 2014 17 0 900 80 6915 12 0 0 1280 50 665 12 9145 8700 5912
02003 6035 00090 8322 8920 3 5 72 98 90806 018 8000 7902 1205 0010 50255 120 0130 5792 09393 8653 170198
2 2 3 4 0166 08 00 0 0 72 9 0 0 1 28 9 0 0 4 0 0 012 10 41 4 0 76 13 00 051400 103 8003 906
123 093 9 6 10 8 4 12 80 0 0 92 687 7214 65 2305 72 0 082 14 1014 12 3 5 1209 18 915 00 5640 9710 8012
14303 4130 73215 8712 8026 5 5 63 50 12176 819 8912 4802 1010 0410 64215 540 1634 5215 26013 8150 125098
1 2 9 4 5103 00 00 6 6 92 9 5 0 1 08 0 2 1 4 0 3 592 00 45 0 0 24 12 87 001620 170 8600 956
790 620 5 6 69 8 4 00 09 9 0 59 980 3000 15 2384 10 4 900 34 1085 60 0 5 7907 12 610 12 2205 9416 0910
94083 4005 63265 8912 5045 8 5 14 04 90082 005 0932 9800 0015 0403 12215 027 5064 5307 50913 1853 925998
0 0 0 4 0020 15 02 5 5 04 9 2 8 1 06 5 8 3 0 5 1 012 02 45 9 0 60 92 73 991773 124 6173 006
850 020 0 9 12 6 2 06 59 9 0 89 997 4904 65 2904 12 4 008 99 0019 67 3 0 0384 02 415 15 4012 0312 8000
10393 0505 00310 8505 0023 9 5 08 48 00735 895 8012 0050 9715 8413 04275 123 5534 6012 63219 1453 505196
0 8 6 0 0123 99 88 5 5 02 0 2 0 0 41 9 6 1 0 5 3 919 60 47 0 8 24 10 23 090733 924 0920 557
107 020 5 0 10 4 0 19 39 7 8 82 908 1210 05 2314 10 6 812 06 1095 10 0 1 0200 16 416 10 2540 8880 9818
19103 1105 13405 0392 5021 3 0 14 30 52102 015 8982 3806 4010 5013 10205 124 5100 5312 03218 1053 075108
9 5 0 4 5023 45 12 5 5 19 9 3 0 1 28 0 0 1 0 0 2 012 16 48 7 0 50 02 27 001829 705 0089 660
825 705 5 9 12 0 8 12 89 0 1 80 904 1014 05 0319 02 4 923 04 1205 01 3 0 1089 12 415 12 2048 9712 7909
12013 1589 10285 8753 7021 3 5 10 58 00539 050 0762 9800 1810 5853 18508 524 5134 8331 00218 1945 620130
1 0 4 6 0023 00 62 5 8 00 8 2 9 6 28 7 0 7 5 0 2 912 92 49 5 5 04 70 50 711223 109 8143 957
020 320 8 4 10 9 0 12 80 0 0 52 027 7917 14 0014 82 0 912 12 0910 90 5 7 1200 00 400 63 2749 8710 6002
12350 1192 10205 8710 5092 3 0 42 90 10780 010 6902 2817 1299 5488 12250 924 0130 5842 03013 9058 065168
7 4 0 0 5023 48 00 4 5 10 9 2 0 0 08 0 0 0 0 5 0 058 62 40 9 0 44 02 20 690224 104 8104 556
120 328 5 0 92 0 0 02 89 8 1 00 988 1084 10 0814 16 0 012 19 4015 69 0 5 1270 17 400 11 2845 8102 8014
62913 1109 74515 8714 5120 3 8 12 98 62802 810 0912 9052 0265 0010 02215 068 7530 3002 07003 3053 106008
1 2 3 8 8128 84 02 5 0 92 8 7 0 5 09 0 0 5 8 5 1 060 15 40 9 0 24 10 23 891249 194 0580 658
129 173 5 5 00 9 2 12 85 7 0 82 508 1200 15 0516 14 4 980 00 7017 19 9 5 0280 12 405 10 0245 8912 8010
00506 0085 03000 8352 3108 0 5 02 98 02972 015 8992 0010 0245 1413 12085 137 0036 9310 50210 1853 120160
0 2 0 4 0023 80 12 5 0 70 0 2 0 2 08 9 0 1 7 5 9 904 92 96 8 7 20 00 09 880827 109 8353 090
127 002 1 9 12 6 2 80 89 3 2 82 903 0614 15 0314 12 6 082 15 1034 22 3 0 1099 02 015 07 7600 8816 7910
10600 0135 10010 8608 5021 9 0 78 08 00060 805 8972 7810 1210 7453 18805 924 5834 5302 03013 1150 922109
1 5 7 8 5603 95 62 0 0 12 2 2 8 0 08 0 2 1 6 5 7 712 00 46 0 8 28 12 88 596903 104 8127 556
104 456 0 9 02 9 2 12 07 7 1 84 900 1204 15 2810 92 0 910 84 1245 18 3 4 0289 10 110 10 4600 6719 0988
14310 0535 03205 1702 5181 0 7 12 90 12042 007 0709 2018 1230 5416 90239 008 5034 7332 59213 7336 720198
9 2 3 7 5103 00 82 4 0 59 5 8 6 1 78 0 2 1 6 5 0 912 71 45 9 8 85 19 02 890700 100 8020 800
90 960 5 0 02 0 0 22 89 0 2 22 080 6614 17 0054 91 0 205 00 6615 12 5 5 9783 10 415 12 2009 8712 8310
00804 9155 53205 5072 5025 0 8 19 90 10108 016 0979 9002 1756 5403 87215 338 5139 0602 59216 0870 125193
5 3 3 4 5123 70 00 6 5 68 9 0 8 1 00 9 4 0 4 5 0 910 82 45 8 0 24 12 00 791203 330 0129 526
823 923 5 0 10 0 2 02 09 7 3 92 090 0806 15 2310 62 6 796 14 1085 12 3 0 1276 12 499 00 2146 8780 8112
08809 0077 96212 8766 5000 3 0 17 98 10932 805 0910 0819 8975 0406 10275 180 6134 0312 74093 1003 920190
7 0 3 4 5120 40 12 0 0 12 5 2 9 1 00 8 0 1 0 5 1 002 12 83 9 0 04 60 23 000003 504 8040 556
133 023 0 3 10 8 2 12 99 5 1 87 287 1204 15 9380 12 0 999 54 0005 40 3 2 0209 22 885 10 6107 9012 0912
17313 1130 13005 8710 5685 8 5 02 98 00300 800 5070 4812 4215 5400 52205 124 0104 0070 59213 5500 105198
0 2 2 0 0029 65 10 5 4 02 9 0 0 1 77 7 9 0 0 9 0 912 29 08 0 8 29 10 00 800206 100 8123 556
045 100 0 9 62 0 0 12 39 7 9 82 910 1014 09 2310 19 2 613 97 1805 92 0 5 7289 39 390 10 0020 8756 0900
62610 8165 15830 0712 8001 3 0 12 98 00008 865 8012 0612 0210 5450 56490 524 5130 5012 53813 0860 100198
1 0 7 9 2103 72 12 5 5 14 9 9 0 0 28 0 2 1 9 5 0 002 14 55 9 8 04 10 26 899263 120 0723 050
203 173 5 9 02 8 9 50 82 2 1 82 987 1218 10 8514 02 4 912 08 0715 00 3 5 1999 54 450 12 2198 8715 0918
00934 1430 13262 5692 0100 0 5 60 08 12142 870 8917 9619 8715 0308 17005 324 0134 5810 53269 0103 827790
1 0 3 0 7128 43 00 5 8 10 9 2 0 9 77 6 2 3 0 6 0 670 05 03 7 0 00 10 28 800903 020 8220 553
065 120 5 6 95 0 7 12 86 0 1 80 970 0804 15 0610 98 4 910 00 1250 12 3 5 0089 08 415 72 2105 0712 8079
92300 9165 19215 8618 5100 0 5 12 98 52016 815 8912 0880 0715 9408 02055 400 5100 5952 00210 4157 495898
1 0 3 8 0023 02 92 3 5 82 4 5 8 1 09 6 2 7 4 6 0 601 10 35 9 8 94 62 73 891273 104 8520 076
923 100 0 9 12 9 0 50 32 7 1 80 307 1854 16 6074 42 4 012 71 1868 00 5 0 0089 72 719 10 2945 8712 8900
13310 1130 03848 0002 5128 0 5 18 97 12102 813 8802 2856 0205 2019 99110 324 5100 8006 55210 1650 125198
9 7 3 7 5523 65 10 0 7 02 9 2 0 0 29 0 2 1 0 0 1 610 16 74 0 8 54 12 08 821000 867 8177 506
600 103 9 9 11 8 2 88 04 2 7 00 987 1694 16 2314 62 4 910 10 1275 12 5 7 1089 06 414 92 0045 8982 8717
10303 6130 13285 4732 0600 4 5 10 08 02082 907 2990 0852 1203 0013 12516 024 4800 5312 04010 1173 195498
1 2 3 4 5103 84 00 5 5 32 9 7 8 4 28 9 0 6 4 7 1 007 92 08 4 0 26 72 03 090200 020 5790 804
470 473 5 0 30 8 1 12 80 4 0 30 080 1264 59 2316 00 0 401 04 1005 12 5 5 1209 10 485 12 0145 1702 0912
12313 4130 16018 8010 5100 0 0 62 07 02150 815 8902 0900 1515 0069 10205 724 6394 9390 64211 1353 180158
9 0 9 5 5120 45 10 8 0 12 0 2 8 0 05 9 2 7 0 5 1 502 22 40 9 6 04 18 03 801260 734 5025 896
000 623 5 0 02 8 2 12 80 0 0 62 767 1008 05 2310 12 0 912 65 1210 12 0 5 1278 00 730 17 2105 8010 0052
06390 0180 10005 8512 4101 0 5 00 08 82807 810 8990 0613 0215 5953 02290 000 5104 5312 07203 1453 004096

07390 1088 13215 8504 5024 0 0 12 68 00182 810 7052 9960 0815 0000 51220 724 0104 5005 53213 0653 125900
0 0 8 4 5123 05 32 5 6 86 9 2 3 1 28 9 0 8 4 5 9 907 05 05 9 8 74 03 54 899880 134 6900 520
003 150 7 9 10 8 2 30 89 0 1 42 781 9020 15 2574 15 4 906 14 9210 12 3 0 6287 12 715 06 5135 8912 8916
12011 0135 00831 8712 0101 8 9 48 08 10400 805 9010 9812 0205 0447 70218 925 0107 5070 99033 1153 025195
9 2 3 4 3173 08 02 4 6 52 9 2 0 1 38 0 2 8 4 8 1 010 82 40 0 5 24 90 03 899100 024 4053 876
50 083 5 9 12 8 2 02 80 0 1 42 897 4200 60 0614 06 4 919 14 1210 82 0 3 1289 10 485 55 3045 0756 8912
12313 4505 13000 8000 0191 0 5 12 00 02153 876 8086 7012 1200 7463 12205 197 5094 7912 50807 0159 195008
1 0 0 0 5285 35 12 0 5 00 9 0 0 0 27 0 3 1 0 5 9 040 12 45 5 0 24 00 03 798223 104 0143 520
083 683 0 9 10 7 0 00 80 8 1 88 907 1004 10 0014 12 4 510 19 1205 16 3 9 1209 10 405 02 2195 8710 8905
12353 9008 03270 8612 5520 3 5 10 40 12042 024 9912 9012 7810 0440 10010 194 7734 0397 00860 7458 126108
0 2 0 0 5123 90 12 0 0 82 5 2 3 0 46 9 2 1 4 6 0 982 17 95 0 3 20 02 27 000020 127 8024 056
123 903 5 0 10 8 2 62 89 0 0 84 084 1304 15 2314 70 4 072 04 1815 10 0 5 8282 12 410 10 0145 8702 8972
00960 1137 16214 0710 7120 0 0 62 98 02172 995 0979 0712 9805 5003 06070 124 5134 3306 73210 1100 835090
1 9 0 4 0023 92 77 6 2 12 9 2 0 3 20 9 0 8 0 5 1 018 72 07 0 8 34 11 40 997003 024 8380 806
023 023 9 9 02 8 0 22 09 4 1 70 907 1018 50 7335 12 0 082 14 9270 02 3 5 0353 12 800 82 8270 8005 8915
32313 1030 33205 9052 5021 3 4 12 90 06012 510 3982 9850 0410 8433 62217 026 4634 7060 53210 0003 107028
0 2 6 2 5223 40 10 5 9 10 3 9 0 0 00 8 8 1 4 5 6 062 92 05 6 8 47 12 63 890233 724 7000 556
022 803 5 0 00 0 0 19 87 0 0 00 380 0500 15 7316 16 4 912 14 1215 50 3 5 0080 12 015 12 7045 0708 8012
12313 1330 19710 8012 5171 3 0 02 08 12802 810 8984 9812 3255 2419 37210 104 4148 5099 53210 0100 135199
0 9 3 4 0824 40 02 0 9 90 0 2 0 0 08 0 9 1 4 9 4 012 10 45 9 8 20 18 00 005020 580 8193 000
622 127 5 1 66 0 2 13 59 0 1 82 880 5118 00 2800 10 4 912 90 1395 12 3 5 9277 12 716 26 4147 8719 8100
92000 0000 10710 8708 5021 6 0 10 98 92202 815 8912 7012 9895 5460 80955 004 8052 5072 50210 9003 545879
1 7 3 4 4000 47 12 1 3 10 0 2 5 1 28 9 2 8 0 5 6 322 18 45 8 5 29 42 00 801558 108 8123 556
073 103 0 7 00 0 9 02 89 0 9 84 897 1600 15 6014 12 4 912 08 0285 10 3 5 0081 05 210 12 0140 8981 7010
12098 1036 16205 0002 5428 3 0 18 08 15702 007 0912 9012 5710 5019 10085 124 5100 5315 83093 0153 150139
0 5 0 4 5103 30 16 5 9 84 9 2 0 1 20 9 0 6 4 0 0 012 10 08 0 8 07 18 61 890290 449 1023 559
439 901 5 9 80 8 0 02 89 2 5 82 980 1204 15 8500 12 4 908 14 1217 19 5 4 1985 90 605 82 4040 1712 0900
12097 1030 10009 8812 5080 3 5 02 99 12170 010 5950 9012 4075 0040 16215 064 7048 9912 53213 6103 125866
1 2 0 4 5100 15 15 5 5 12 0 8 0 0 03 3 2 0 4 1 1 014 10 40 9 8 90 12 73 791003 120 8100 556
073 105 5 4 02 8 2 98 09 0 1 80 900 0215 05 2014 82 6 012 14 1595 10 3 5 1285 05 418 02 0085 6000 0012
30307 1139 93255 8702 5130 3 0 15 95 97180 817 8910 5017 3605 8803 00815 028 5834 3010 13057 0003 125001
1 8 6 4 0123 90 82 5 7 52 9 2 7 9 20 0 2 1 4 5 9 962 12 40 0 0 04 07 20 891423 129 0020 876
103 120 0 9 01 6 7 00 69 8 0 82 068 0214 85 2754 10 4 000 10 2205 12 3 8 9209 00 015 12 2009 7700 5092
1 0 3 7 0023 49 02 5 0 10 9 2 0 1 42 0 0 0 7 5 1 012 15 40 9 8 71 00 20 203020 100 8023 556
103 193 7 9 00 8 2 12 89 6 0 62 900 1014 59 2312 12 4 710 04 6793 00 3 0 7080 20 060 00 2045 8910 8900
70085 1035 70819 8702 0780 3 5 52 08 72200 000 7302 9812 1210 3213 92015 163 0804 5703 03363 0170 023730
7 0 9 4 5523 01 07 5 5 10 7 3 0 1 48 0 0 3 4 0 9 952 70 45 4 8 07 18 13 801983 124 8597 556
85 423 0 3 04 8 2 18 09 0 6 52 110 4934 00 2310 80 4 919 70 1246 02 0 5 6283 02 440 01 0009 8712 4482
82010 1937 40245 0706 9507 0 5 10 08 12182 025 0650 9012 1210 5413 02015 204 5202 0310 93000 3083 123100
1 5 3 0 5020 45 15 5 0 12 0 9 9 0 28 1 2 1 4 5 0 069 12 45 9 0 00 12 03 850280 920 7523 017
420 196 5 9 10 6 6 69 80 8 1 01 900 7004 95 2060 12 4 946 04 1210 02 0 5 1759 06 490 10 2969 9809 9072
12390 6134 63040 3703 5128 3 6 12 07 17102 815 8010 8816 8215 5913 12040 220 0735 0292 53010 1100 105100
1 0 3 4 5123 97 00 5 7 12 0 2 8 1 48 0 0 2 7 0 1 912 10 05 7 0 24 60 23 801500 134 0103 050
093 903 8 9 46 8 2 80 08 8 1 52 088 5290 05 0384 12 4 910 74 2810 01 6 5 5489 05 470 12 0045 0702 8911
00375 3135 13290 6982 0521 3 5 12 98 05106 805 8875 9932 1255 0413 52280 100 9136 9310 03403 0100 075093
7 2 3 4 0508 45 92 0 5 02 6 2 0 6 26 9 2 1 2 0 1 932 02 47 9 8 20 10 20 907023 120 5100 655
005 020 6 9 02 8 2 10 99 7 3 00 907 9804 00 2314 11 4 912 88 6200 10 7 8 5900 04 410 06 2746 2708 0082
12643 4135 10969 0060 5547 3 5 58 88 00152 470 9909 9810 0295 5070 02080 069 5133 4012 33810 1103 005898
0 0 0 4 5126 42 12 5 0 68 8 3 8 0 03 9 8 0 5 7 1 912 10 49 7 0 24 16 70 001003 124 0022 538
620 018 5 3 12 7 8 89 60 8 1 82 080 8262 85 0019 05 0 912 08 1219 15 1 0 1489 02 010 60 5170 8192 6712
02313 1130 97110 9796 7120 3 5 12 48 02741 817 8007 9812 0400 5806 12115 004 0184 5360 93213 0158 128198
7 2 0 5 5120 09 52 5 7 18 9 0 0 1 28 9 2 1 4 5 1 710 02 45 7 6 54 62 24 001823 020 8500 506
100 163 0 9 12 8 2 80 80 8 3 10 987 7232 10 8010 10 6 219 04 5014 12 3 0 6206 12 690 01 2005 0000 9892
32603 1078 13015 8710 5700 0 0 10 00 19190 810 8919 0650 5015 8963 00015 024 0514 0314 53274 9073 025148
8 2 4 8 5193 55 12 0 5 18 9 7 9 1 68 0 6 5 0 0 1 009 12 45 9 0 04 10 29 699004 604 8123 556
173 098 5 9 16 0 2 12 89 8 8 07 980 1000 16 8317 02 4 014 74 1210 07 0 5 0070 12 010 62 2374 8706 8912
10313 9635 73210 8012 5171 0 7 10 98 72162 565 8900 3892 3218 0419 02085 124 0190 0005 03007 1653 005140
1 2 3 4 5163 05 19 8 0 00 8 2 9 0 08 7 0 0 4 5 1 900 00 40 0 8 09 02 23 867024 920 8101 556
803 100 4 7 00 8 2 12 89 0 1 98 987 1514 09 2717 11 8 000 54 0810 12 3 7 1080 00 507 10 2309 8802 4918
02308 1167 03215 0017 5121 0 8 10 98 92102 810 8016 3012 0015 6000 42275 060 0534 5013 53318 1553 183108
1 0 0 0 5103 75 72 5 7 12 9 3 0 1 20 9 2 1 7 5 1 002 02 60 0 8 47 03 03 400006 126 8033 400
907 923 7 9 12 8 5 10 69 5 0 97 037 8704 95 0360 02 0 012 13 1274 72 7 5 1229 30 027 10 0046 7118 0785
13009 1335 07335 0712 8807 1 0 62 90 07102 809 8970 0921 1290 5013 12266 990 8104 5580 43013 4053 625549
1 6 3 4 5004 45 30 5 5 05 9 2 4 1 07 0 2 5 8 5 1 912 97 45 0 0 94 74 07 890250 126 8103 006
923 163 4 9 10 8 0 62 80 8 1 09 907 1218 00 2814 06 0 810 39 1003 13 3 5 6290 02 485 12 0345 0012 8017
04010 0135 14310 0702 0120 0 5 48 99 32032 880 8900 9858 0215 0400 22310 824 6004 0370 87003 1153 185199
0 2 3 5 5003 45 00 5 8 92 9 2 0 1 04 9 0 1 4 5 1 902 18 05 0 7 24 18 27 893053 104 0800 050
003 020 5 5 10 0 2 02 89 9 1 82 600 1310 95 8314 92 0 968 16 0018 02 3 5 1983 03 935 12 9145 8600 8089
12117 1145 00910 8719 5198 3 6 12 99 02072 805 6808 9918 0757 6310 10215 210 5034 7312 50213 4003 195084
5 2 9 5 0120 48 02 5 5 10 7 0 0 1 28 9 2 6 4 0 0 905 77 05 0 3 04 90 26 891729 034 0220 006
59 604 5 5 09 0 0 70 79 0 3 90 964 0214 76 2314 12 0 033 14 0019 02 3 5 1244 42 510 02 3005 8710 0012
52313 7005 93992 3702 5081 3 0 02 90 12192 815 0017 9012 1510 5903 02210 420 7009 0317 54210 1103 800168
1 3 0 4 5008 44 10 0 4 00 9 3 0 1 28 0 2 1 7 5 0 900 12 00 8 8 09 72 00 790527 185 8673 556
509 128 5 9 13 8 2 92 89 9 0 82 927 1010 35 2304 90 8 918 04 0214 02 0 7 5039 02 010 10 6105 8086 8900
00309 3791 10015 8908 5031 0 7 80 97 00402 870 0500 9899 0085 8416 95815 024 0134 5929 53217 1151 102198
9 2 9 4 0140 08 80 5 5 12 9 8 0 3 28 0 2 0 6 0 1 582 10 35 0 8 94 92 23 891728 105 0003 803
667 977 0 9 09 8 8 02 09 6 1 38 629 1214 50 1804 10 0 910 96 1200 10 3 0 1289 96 045 62 2125 8340 8017
15394 1735 07215 0000 6101 7 0 05 90 18084 802 0912 0852 9015 0400 00215 124 0034 5680 03013 5050 135100
1 0 3 4 0173 40 12 5 5 90 8 7 6 1 28 9 0 6 4 6 1 402 00 05 9 0 54 72 00 891200 124 8723 250
006 103 0 9 14 8 2 22 50 7 8 30 960 1004 00 2010 39 4 910 19 0713 12 9 6 1689 30 419 12 8145 6812 8500
14053 1136 77618 8019 5096 8 0 52 98 92092 915 0900 5812 1734 1905 12715 404 5124 5380 50003 4355 109195
0 2 3 0 5103 45 17 5 5 03 9 0 0 0 29 8 2 0 9 8 1 012 13 07 9 8 04 52 50 881040 014 6526 850
020 120 0 0 16 8 7 12 29 0 6 42 800 1204 45 2394 02 9 022 10 3975 10 3 5 5284 12 080 15 2047 6812 0010
80010 0165 19210 4780 0061 3 7 07 68 02102 810 2982 0740 0015 7000 17004 134 5133 0316 53813 1053 305188
1 4 8 4 4103 05 02 5 0 02 0 2 8 1 48 0 5 0 4 5 0 909 12 79 9 3 19 92 20 961203 020 8527 506
154 069 5 9 19 8 2 10 84 0 2 82 987 1610 90 8314 14 5 952 16 0210 72 3 7 1086 92 915 16 8145 0712 8992
10313 1133 60203 2912 5021 3 5 62 94 92309 910 8904 9810 1415 5413 62200 093 5954 0562 50200 0003 125438
7 2 6 4 0199 00 18 5 5 60 9 2 0 1 08 0 0 1 4 2 0 002 12 87 8 4 70 17 21 001000 194 8903 558
700 053 5 8 19 0 8 12 89 6 0 42 080 1080 94 2078 16 0 618 09 1715 02 3 1 0509 50 412 14 6145 8712 8972
12509 1009 53219 8717 5120 3 5 12 90 19067 713 0902 0810 1215 5413 00290 120 7104 5002 58213 1053 120968
1 4 3 9 5606 05 02 7 5 19 9 0 4 0 88 0 7 8 4 5 1 902 80 96 6 0 29 12 23 791023 125 8024 096
980 124 2 0 10 8 4 10 89 7 7 80 900 1217 08 2365 12 4 010 16 6060 04 8 5 1589 02 404 19 3940 0010 8400
52703 0039 83305 6710 5121 3 5 32 98 95142 465 8010 0812 1015 0800 12215 120 0038 8300 03713 5053 125108
0 2 5 0 0120 35 22 0 5 68 9 0 8 1 57 3 2 1 4 0 1 800 82 44 0 0 24 23 23 078223 928 0120 056
173 023 5 0 00 8 2 03 09 7 1 82 907 1260 99 2319 22 0 582 07 1280 12 0 5 5288 04 405 09 6157 8782 0012
12310 9005 03218 6012 5001 0 0 40 98 02146 028 0993 0709 9205 5000 10710 105 0135 5068 03513 1073 625143
1 2 8 0 5050 44 12 5 0 10 9 2 0 0 08 5 2 4 0 3 1 966 10 40 0 0 03 02 03 861504 124 0150 576
020 883 5 9 12 8 5 19 89 0 1 06 006 1220 15 9314 12 0 910 94 0279 10 3 3 4080 10 085 70 8199 0716 9992
02513 1003 93045 8712 5161 3 5 70 08 12006 004 7312 3800 9260 6413 17905 204 5104 6305 53023 8050 094028
1 0 0 8 5623 40 16 5 2 52 9 2 0 0 28 9 9 3 0 0 7 002 72 57 9 9 24 02 20 091029 194 8150 505
193 103 0 9 12 8 2 46 89 8 8 02 987 0324 00 8004 12 8 997 00 0260 02 3 5 1389 02 510 05 0942 9212 1007
10200 4870 33015 8062 5507 3 0 12 08 10159 805 8900 0800 0204 6017 64270 095 5034 0379 00273 7400 000198
5 2 3 4 0123 96 12 0 0 12 9 2 7 0 28 0 0 1 4 5 1 972 16 06 0 8 07 19 03 898223 178 0080 406
50 103 5 9 16 8 2 02 86 6 7 80 937 1388 15 2084 02 4 910 00 0215 12 0 5 0287 19 602 15 2145 8710 8916
03853 0075 13715 0712 5171 0 7 10 88 10102 865 8919 8712 1055 5010 12215 120 5538 5317 06003 1053 175947
8 2 5 6 6123 40 12 7 0 02 9 2 0 3 27 8 0 8 4 0 3 912 00 00 9 0 29 12 61 890223 904 8106 536
163 920 0 7 82 8 8 10 70 0 0 85 987 4644 10 6368 16 4 010 57 0295 00 3 0 0289 42 417 62 2198 7712 8015
07013 5175 72205 0749 0107 8 5 12 98 03602 910 9800 9812 1615 0706 05215 120 0946 5095 53010 2009 825098
1 9 6 4 5803 05 02 5 0 12 6 2 0 8 79 0 2 0 4 0 6 912 32 40 9 8 24 12 20 835800 124 0123 550
503 103 6 0 12 8 2 14 83 0 9 88 987 6704 08 2060 10 4 912 10 0035 19 0 0 1007 12 405 12 2160 9816 8072
19317 0976 03510 8059 5101 3 5 10 04 10402 819 0910 0819 1615 0405 12055 124 2094 1016 50583 0053 025198
6 0 3 0 0100 65 02 5 0 12 0 2 7 9 93 9 2 1 4 1 0 812 12 90 9 0 20 82 29 090029 125 0000 766
729 123 0 9 52 8 7 02 86 6 6 92 807 1014 02 3364 28 4 968 00 6006 12 3 6 1289 10 405 09 5185 8016 8900
02013 5745 10058 8792 9999 6 5 09 08 12110 088 8912 9800 1415 5470 00096 104 0034 5370 53010 0050 137090
0 2 6 0 0128 45 02 0 0 60 9 2 6 1 90 4 0 1 0 7 0 902 30 48 6 8 28 06 23 093202 104 8720 550
123 903 5 3 12 1 0 12 09 8 1 82 780 6894 85 9060 19 4 905 89 0205 70 6 5 0087 10 057 02 2105 8062 0912
12312 1108 63232 8010 0000 0 5 12 90 57182 570 0714 0816 1415 0404 02215 564 8014 7306 53806 0005 178070
5 2 3 0 5226 05 19 0 0 10 0 0 9 1 28 9 6 8 0 5 0 058 52 05 0 8 26 12 03 691683 120 8123 556
186 015 3 0 12 8 9 12 80 7 0 17 080 6804 15 0304 18 0 003 08 9215 17 3 5 1284 80 410 12 8145 4017 8912
15319 3080 08210 0700 5821 7 4 02 08 82065 815 0012 4810 0412 5410 12205 100 5330 0306 53163 6453 120108
1 9 0 0 1103 05 02 6 5 00 5 0 4 1 08 0 0 1 4 5 7 402 85 95 5 8 99 12 20 561360 300 8724 466
820 023 5 9 00 8 2 97 89 5 1 80 087 0216 65 2314 10 2 912 10 0979 02 7 0 1009 09 419 12 2115 4010 8460
12316 6030 40410 8719 5162 3 0 12 06 12802 861 1602 0812 1586 0518 12965 105 0940 5338 03600 9118 135190
0 3 3 3 5923 45 00 5 9 00 9 7 8 0 08 0 8 7 4 0 8 953 12 40 9 3 00 10 23 818033 808 8120 003
013 403 5 9 12 8 1 02 50 8 0 89 088 1030 15 2090 92 0 902 97 1600 00 0 0 1280 97 405 00 3005 5788 0311
30302 7035 33808 8712 5121 3 0 02 98 76002 305 4303 0090 6006 5493 20010 004 6096 5360 98203 1133 035099
1 0 9 4 0620 49 52 0 0 52 9 0 4 1 28 7 8 0 4 5 1 012 39 46 9 0 24 18 03 801223 828 0687 589
420 043 5 8 62 7 2 10 87 0 1 02 987 1024 85 2300 10 0 692 60 1215 12 3 8 1009 70 405 98 3149 8792 8005
06843 4880 03401 1702 0021 0 7 10 90 14187 210 4052 8872 0560 7453 12066 124 5030 5000 56213 0103 885098
1 2 3 4 9120 07 12 7 5 00 9 0 2 7 48 5 6 8 4 9 0 610 02 45 8 8 04 02 03 991020 124 8803 756
629 023 5 5 02 5 4 10 89 8 0 82 007 7084 04 2614 15 7 403 04 1281 02 3 7 1209 12 495 62 0045 3312 8014
00313 1130 04010 0718 0900 3 5 32 98 80900 815 8942 8006 1215 5017 18205 009 5494 0112 59217 1150 705067
0 6 3 0 5083 25 10 5 5 73 2 0 9 1 28 9 0 7 6 5 0 086 42 40 9 6 24 12 28 901220 774 8173 556
123 455 0 0 10 0 0 92 09 9 1 92 047 2015 20 1004 07 4 022 04 1903 10 3 5 0280 10 485 12 7045 8728 1902
12303 5072 13045 8739 5100 3 6 12 90 02180 015 8002 9812 1085 5480 12281 020 0005 3070 03016 0100 025198
1 5 8 4 5523 05 12 3 8 60 0 0 0 7 29 7 0 1 4 5 1 002 18 45 0 8 24 06 20 801223 100 8359 856
58 123 5 9 02 8 2 52 09 7 1 82 782 0214 15 4309 08 9 906 44 1297 80 3 0 1509 16 495 10 2545 8702 8012
17317 0105 03210 8719 2101 3 6 12 50 10522 805 9012 9000 4210 5400 02618 145 5130 5312 05273 0050 120190
0 0 0 4 5903 05 92 0 0 00 9 0 6 0 28 9 0 1 0 7 0 939 18 30 1 9 20 02 23 887223 026 8093 157
023 083 9 0 02 0 2 00 89 0 1 00 981 0076 76 2710 98 2 002 10 1606 12 8 5 1909 12 410 14 2075 0012 8012
70083 0830 99515 8017 4126 0 5 16 08 15102 890 0915 4702 1009 4013 10210 165 8554 5314 00213 1686 059178
1 2 5 4 0120 75 92 8 8 12 3 2 5 0 29 9 9 1 0 2 0 842 12 75 0 8 08 06 20 890290 924 0103 870
073 180 5 9 80 8 9 80 32 9 1 56 787 1002 10 2384 70 4 008 30 1900 02 3 5 0090 12 460 12 0045 0012 8014
10015 1630 11098 8772 6120 4 0 10 08 10100 895 5912 7088 9045 0413 02975 228 5480 2314 59211 1153 065198
1 0 0 0 0020 00 06 5 5 82 3 8 9 0 28 8 2 8 4 5 3 910 16 05 7 8 04 02 53 146723 084 8481 006
183 103 5 9 10 0 2 88 80 1 0 86 987 7204 18 2700 12 4 805 74 1615 12 9 1 1084 12 300 01 2105 8702 0012
12303 6435 80684 8082 4100 0 9 17 08 10106 815 8912 9810 0215 8413 31215 150 5130 0312 50610 1303 105090
1 2 3 4 0125 45 97 0 5 12 5 0 0 1 28 9 0 1 0 0 8 304 05 40 5 8 30 62 03 901240 124 8106 556
243 009 9 9 10 8 3 12 87 8 1 89 987 0218 75 9314 32 0 912 13 4210 17 7 5 1709 02 716 17 6184 0715 8912
02313 9077 10265 8705 5821 3 5 12 88 60170 689 0572 9010 1015 2443 05200 520 5904 4862 93213 4153 120028
0 6 3 4 5105 05 12 5 0 02 6 2 8 1 88 9 2 1 0 5 9 918 62 40 9 0 24 18 63 094203 124 0950 557
723 928 0 2 12 0 2 10 80 0 1 82 787 0084 16 2307 12 4 900 14 7266 10 0 2 1220 65 450 02 2160 8722 8010
03860 9035 14915 6773 6106 3 7 09 98 69170 815 8912 9802 1010 5015 10205 124 5534 5016 57209 5050 125460
1 2 3 4 4703 40 86 5 0 20 0 6 0 1 08 9 0 1 5 0 1 899 10 40 6 8 44 10 00 491033 110 8955 506
103 623 3 9 10 8 2 02 89 9 6 40 947 1290 05 0310 12 4 810 94 1098 00 0 6 1209 12 655 02 2040 6012 0902
50013 1100 10215 9712 0121 0 5 12 98 82102 885 8000 9910 1215 5483 12805 600 5839 0872 53618 6158 125198
0 2 0 4 5103 95 08 0 5 12 7 3 9 9 20 9 2 9 0 5 1 912 12 45 0 8 80 12 23 800520 124 8120 056
113 123 4 9 06 8 0 00 09 8 1 62 017 1204 15 3318 42 9 917 94 8296 12 0 5 1489 12 915 14 2745 8010 7012
16310 1100 16917 0512 2171 3 7 10 98 00162 866 0012 9812 0286 5410 92516 084 5233 5112 53213 1050 390048
9 0 9 4 5029 45 10 0 5 60 9 2 9 4 80 9 7 0 3 4 1 958 12 50 9 7 34 17 03 005223 900 8600 856
000 790 1 9 04 0 5 00 89 0 1 82 987 1224 88 0304 62 0 950 04 1910 10 0 5 0069 02 388 00 0345 8712 0910
02300 0078 63810 0017 0128 4 0 97 90 12042 516 8906 6012 6010 5413 90213 864 8104 8357 83003 3169 130555
6 2 3 4 5009 05 70 5 0 24 9 2 6 7 98 6 2 1 8 9 1 992 70 49 0 8 07 30 23 890023 524 8121 956
983 593 5 9 02 8 4 30 80 0 9 07 860 1214 10 2316 12 9 418 14 0010 00 3 5 1200 00 468 12 2145 0018 8982
08313 4109 09285 0708 5120 3 0 10 98 10155 046 4918 0817 0000 5443 10815 630 5134 5582 50847 0901 128180
0 2 0 8 0023 00 09 5 5 00 7 2 7 1 60 9 8 0 0 5 5 600 02 99 9 5 54 12 22 850220 125 3123 006
107 127 0 9 02 8 9 12 89 0 1 82 509 1244 03 7019 02 4 712 14 0015 18 3 5 9289 12 914 42 8105 8709 1638
10430 1747 10200 2012 0001 0 5 12 79 92852 950 8002 7202 0615 4718 82410 994 4184 5032 59213 0400 105793
1 9 3 6 0023 75 62 5 5 10 9 2 5 8 05 2 2 0 4 5 0 902 42 40 9 8 20 19 01 091273 204 0115 566
56 824 4 0 02 0 9 02 88 0 1 82 907 1014 15 8600 02 4 914 18 1417 12 8 0 1240 80 410 10 0046 8910 8098
12313 7305 03205 7710 5121 0 7 62 78 82142 888 8912 0812 0215 5410 32009 056 5734 5312 53209 7103 105698
0 2 0 2 5103 03 12 0 5 12 9 0 0 1 28 9 2 6 4 5 1 612 00 40 9 8 74 10 83 502299 005 0103 550
123 620 8 0 02 0 2 80 75 1 0 02 080 3210 55 2004 90 4 075 84 7505 12 3 5 6208 12 415 12 5705 8909 0652
46013 1431 13210 0002 5103 4 5 02 98 72102 815 0962 9710 0879 0409 00710 164 7100 0912 88413 6107 020100
1 2 3 6 0928 47 06 7 6 22 8 2 7 1 20 9 4 1 0 7 1 052 14 40 0 6 24 00 20 790020 125 0193 506
004 723 4 9 10 8 9 02 95 8 1 89 987 1784 87 0004 12 4 019 49 7715 00 0 5 0645 19 080 08 2100 7012 8412
74303 1005 00010 8510 7120 4 5 98 50 02000 015 8910 9882 0217 5083 06709 142 9108 5312 06203 9103 105188
4 2 3 5 5620 49 02 0 5 12 9 2 0 0 25 9 3 0 4 5 0 977 14 66 0 1 94 00 23 891205 424 7179 586
723 029 0 9 18 8 0 12 80 0 1 02 980 1044 50 0000 72 4 022 17 1210 60 0 7 3279 12 415 12 9015 8740 8210
10000 8015 23217 0370 5199 6 5 32 00 19826 815 0962 9819 7800 5413 00275 113 5434 5382 63113 0603 029898
6 2 3 0 5123 45 12 5 0 02 0 2 0 1 28 3 2 0 6 9 1 909 14 05 6 0 24 12 93 001281 220 9798 050
033 128 0 3 12 7 0 72 98 0 4 82 907 1504 00 2310 10 4 019 18 0014 12 7 0 8088 02 491 02 2548 8712 8102
10457 1135 19003 9742 5111 3 8 02 90 12105 805 8912 0400 1095 0700 16215 000 5944 6318 59993 8056 147500
9 6 7 7 6193 45 12 5 0 00 8 2 0 0 08 9 0 1 4 0 1 912 14 55 5 0 04 19 33 890886 194 8933 053
023 123 7 9 14 8 6 09 80 0 7 88 907 0004 14 4019 01 6 716 64 1615 02 5 0 0009 10 410 02 0748 8912 8992
03114 1235 73215 8000 0121 3 4 13 98 82202 815 8972 0110 1005 0476 02010 128 8504 6309 56503 1744 300187
1 2 3 9 5123 95 72 6 5 13 2 6 9 3 95 0 0 0 0 5 1 912 92 00 0 0 31 13 23 600959 124 0123 590
003 091 9 0 00 8 3 17 89 3 8 12 587 1014 15 0376 12 4 907 30 1215 50 9 4 0659 82 005 18 0942 8712 0039
12013 1495 76010 8712 9135 3 0 07 88 12105 276 8011 9824 1365 9413 02000 034 7150 0310 07269 1159 145008
8 6 5 3 5120 40 70 5 0 02 9 2 0 1 20 9 0 1 4 9 0 902 02 46 7 7 24 10 73 091027 124 8628 556
187 273 5 9 02 9 2 12 89 0 1 80 680 3006 02 6354 02 4 019 19 0010 72 7 5 0280 00 000 06 0045 8730 8918
10813 1130 77315 8792 5121 6 4 00 08 72108 803 9972 0982 1017 5423 95205 104 5284 0370 53913 0129 805198
1 7 6 4 5100 45 10 5 0 12 9 2 3 1 68 9 7 5 4 5 1 910 12 03 4 8 44 02 08 811223 120 8023 559
100 843 0 0 12 2 1 92 09 8 1 96 900 1204 00 9684 00 4 902 84 1205 12 3 5 0006 52 415 10 6747 5700 0913
02683 0105 03215 0717 4134 3 5 82 90 12002 715 8112 0892 1485 5093 10280 040 8136 7000 50040 1853 105091
1 6 7 6 0003 45 60 5 5 07 9 0 0 5 03 9 9 0 4 0 1 015 02 48 2 7 28 82 23 847020 127 8092 556
025 191 5 9 57 8 8 16 79 7 1 80 980 1014 10 3339 17 4 012 24 1305 12 8 0 9590 12 415 12 8135 0714 0097
12861 1130 00275 8512 9127 8 5 12 98 12100 860 8010 6812 2205 5480 50477 124 0420 9312 00019 1930 820008
1 0 3 7 5006 05 17 5 9 02 7 2 3 1 23 9 2 1 0 5 1 010 92 47 7 8 04 06 90 891843 904 8123 521
823 123 7 3 10 8 2 60 80 6 1 87 987 0200 98 0010 18 4 982 14 1516 19 8 8 1200 60 415 12 2049 8900 0042
14313 0335 13018 0712 0404 0 3 12 00 82608 810 8910 4010 0005 0813 80219 100 0902 0302 05043 6027 025188
4 2 3 4 8173 85 92 5 7 42 0 2 0 1 24 9 0 1 4 0 1 912 12 45 9 8 44 12 73 895270 670 0625 357
00 193 8 9 04 0 7 04 08 0 0 00 970 0214 86 0284 82 0 015 08 7205 50 4 9 7450 50 415 12 2595 8000 0900
12015 0195 13916 8062 0076 0 0 12 97 08562 705 8992 9812 1218 0483 92015 048 0049 5372 50505 0100 120790
0 6 7 4 0160 45 90 0 0 10 0 0 0 0 25 9 2 1 5 5 4 912 02 00 8 8 24 12 73 891220 824 0028 557
523 880 9 9 10 0 0 10 89 0 7 62 987 6289 97 2310 17 0 078 04 1005 12 7 5 4279 90 465 12 8695 3510 8000
42113 0035 15615 6791 6101 0 0 10 54 10060 915 8960 0802 1008 9413 92215 084 5144 9082 53210 7007 145106
1 9 0 4 0023 00 70 0 5 02 8 2 0 1 27 9 9 9 3 0 1 008 42 40 7 8 24 12 28 898806 004 8175 506
023 700 5 0 18 8 2 18 80 8 1 08 489 0416 45 0314 12 0 900 14 1270 12 8 5 1389 77 475 12 6595 8016 1612
89113 1745 33265 8619 0125 3 5 02 90 10044 877 9762 9812 7208 5513 18055 124 0534 0612 83213 1653 575898
1 0 0 4 0120 45 00 5 0 10 0 2 0 6 26 9 8 0 0 5 1 772 12 02 9 5 90 18 23 331653 724 0123 246
123 020 5 0 82 8 2 88 49 9 6 82 182 1200 95 0314 12 4 902 44 1215 12 8 5 1289 80 015 08 4010 8700 8906
18253 1170 03015 9010 5176 0 8 92 98 02490 845 8907 9002 1215 2430 12285 028 5134 5782 00817 9130 165198
1 2 3 4 0023 10 00 0 5 12 9 3 0 1 08 6 0 9 7 7 8 070 02 45 9 0 25 10 28 009008 029 8113 579
023 023 7 9 10 0 8 14 59 0 0 40 900 1119 05 2004 12 8 912 09 0010 12 4 5 1289 12 415 02 0160 8310 0012
28015 1180 19245 0540 0021 3 8 02 98 02100 045 8970 0319 7285 5013 02510 124 5104 0340 00210 1196 068190
0 2 8 4 0009 05 62 8 5 18 9 2 8 1 20 9 8 0 4 5 1 710 12 46 0 0 24 19 00 897220 824 8103 056
420 105 8 8 01 0 8 92 77 2 6 24 987 3364 08 2395 10 8 012 00 1615 02 0 5 0069 19 400 80 2837 8782 8610
50310 0905 83215 7709 0120 0 5 02 00 10100 815 8272 9803 1095 0000 04995 029 5100 5382 51218 1100 023197
8 2 0 4 9120 40 12 6 5 02 0 7 9 1 20 0 9 1 0 0 4 988 28 45 0 8 24 10 23 685023 124 8823 050
023 823 5 9 02 8 2 12 89 3 1 19 977 0204 04 2090 10 0 002 04 0200 90 3 0 0080 92 215 12 0245 0312 0917
92313 7035 17015 6702 5020 3 5 10 08 15193 875 0002 9812 1090 5903 05515 104 6764 5309 59053 1093 126190
0 2 8 0 5103 15 12 5 5 12 2 7 0 0 67 9 2 1 4 5 1 902 12 40 9 8 34 10 09 090020 127 5104 090
920 123 0 9 62 8 0 12 09 0 1 02 987 1914 72 8354 17 8 000 00 1200 00 0 5 1909 19 055 01 8100 7052 8910
18384 1195 10245 7710 5027 3 0 02 98 51009 959 8012 9012 1215 5410 17230 194 5132 8300 50513 1100 125008
2 0 0 7 5122 45 42 0 5 12 9 2 0 0 29 9 9 0 0 5 5 032 12 05 7 0 27 12 23 701408 428 2009 656
005 009 0 9 99 9 0 12 09 6 0 02 086 1210 04 2004 00 4 002 10 0915 19 8 0 0250 12 408 12 2045 0009 0900
12303 1638 03315 8936 1101 3 0 62 90 12800 806 8585 9860 1000 0900 12585 824 4137 5002 53771 0062 125990
7 2 0 4 8103 20 00 5 5 12 9 9 2 1 18 0 2 4 0 5 1 902 10 07 0 8 24 57 24 790000 924 9124 000
000 175 5 0 09 0 9 10 89 0 9 06 580 1000 05 0292 00 0 302 14 1217 10 6 7 1243 12 405 62 0980 8710 8912
02013 7730 70650 8092 5120 3 5 12 90 84022 880 8972 9452 5200 6470 12205 105 0180 0012 03203 9100 025105
1 2 3 0 9120 41 05 6 0 15 6 2 7 4 00 9 0 0 8 5 1 902 72 85 0 0 78 10 03 801853 404 8129 009
903 323 0 8 02 8 9 92 89 6 8 02 987 1064 05 6004 10 0 112 10 0805 72 0 5 0282 10 885 12 2640 8519 8912
12513 1105 00611 0025 8021 0 6 18 98 10196 855 7912 0402 1205 8410 05285 024 5034 5320 50210 1005 160008
1 0 9 4 6123 40 19 5 8 12 2 2 0 0 20 9 7 1 0 0 0 718 08 50 7 0 20 12 26 090820 100 8120 056
08 121 9 0 92 8 0 12 45 8 7 82 187 0816 10 6314 12 0 910 14 5915 40 3 9 0300 02 419 62 8105 4802 7052
02309 1405 03219 8742 0161 0 5 27 08 20710 705 8617 9800 1403 5508 12215 100 5006 5900 53293 8103 100108
8 2 5 0 0920 90 12 5 3 15 9 0 8 5 29 9 2 1 1 0 4 402 00 48 9 0 28 52 23 891023 127 8923 300
826 003 9 0 18 0 2 50 89 2 1 02 980 0046 85 0314 07 4 916 03 4052 00 7 5 4289 14 415 03 5002 8712 8914
12816 1135 80295 8062 1021 0 5 78 98 10189 018 8012 9802 7015 5410 17205 120 0834 0842 93513 0063 005008
1 2 4 4 0023 40 02 5 5 52 0 4 0 0 28 9 2 1 4 8 7 797 30 60 4 7 20 02 70 504223 169 8526 036
200 177 8 6 12 8 2 12 89 0 0 00 980 0204 19 9909 02 4 612 18 9035 09 3 4 1099 10 415 60 3049 0913 8910
02033 0000 73717 7702 7108 6 1 02 07 05076 980 0972 9042 1200 5717 16010 125 5154 0814 03217 0156 557090
1 2 0 4 5683 45 97 0 5 10 9 2 6 1 28 9 2 1 4 6 9 962 82 45 7 8 20 02 20 001220 004 8122 510
183 123 0 0 72 8 2 00 87 2 1 80 080 0209 15 2004 12 4 992 16 1208 06 0 5 1069 16 474 02 2845 8710 5910
12090 1130 03615 8712 5121 5 8 10 08 17102 800 8012 9015 8280 0817 11240 154 0144 0302 53000 1650 725308
0 0 3 0 0020 45 10 5 5 10 0 7 6 0 20 0 2 9 6 0 1 980 11 40 9 8 25 02 20 094020 027 0120 556
180 683 5 0 12 2 2 10 40 9 9 82 907 1204 90 2314 60 1 912 78 0245 15 0 5 1089 10 698 92 2145 5406 3015
12308 1335 07715 0712 5401 3 1 12 08 54599 065 0070 0039 1210 5410 12205 920 8130 8002 13510 1093 190106
0 8 0 0 5140 00 39 5 4 12 9 2 7 6 08 9 3 1 6 8 1 632 19 55 0 8 99 11 29 001223 104 0190 506
900 023 5 9 72 0 2 70 99 5 0 02 397 1080 00 0580 10 4 910 74 9950 12 0 5 0788 42 355 40 2195 0072 8913
68393 1635 78505 8008 5040 8 5 62 08 00190 810 8907 9812 6265 5066 00215 120 5134 0302 53611 4050 185190
0 0 0 0 8808 43 10 5 5 32 9 0 9 9 05 3 2 1 4 5 1 952 10 47 9 8 29 10 23 891280 005 8020 558
700 123 0 9 11 8 7 82 08 9 1 02 087 0208 00 2314 17 0 910 74 1919 00 3 5 8009 02 008 10 8145 8779 8978
12810 1103 10015 0802 7101 9 8 00 48 16148 885 8875 9430 1215 5719 17205 120 0084 9067 24213 1003 900008
0 2 6 0 0103 08 12 8 0 10 7 2 8 1 20 6 2 1 4 0 0 912 20 48 9 8 20 09 28 880208 104 8830 550
723 083 0 9 12 8 0 12 82 0 7 02 907 2030 10 2020 35 0 573 19 1200 00 3 2 1088 18 308 19 2945 5000 8412
02003 0730 43000 8730 5620 5 5 10 08 02180 900 8013 9872 1215 6813 67688 198 0434 5382 07013 0173 025108
7 2 3 0 4023 07 70 0 0 05 9 2 4 0 08 9 2 1 4 5 1 967 17 49 9 6 54 82 00 491273 124 8107 559
573 820 5 9 10 8 6 12 07 3 6 82 987 0014 15 2610 19 0 900 18 1090 12 3 8 1286 12 019 42 3100 6002 8055
82303 0530 13200 4712 5421 3 9 02 08 02102 817 8942 9512 7205 5413 09510 624 5004 6002 53809 1899 140158
1 2 5 4 5123 00 02 0 5 10 0 2 7 1 20 0 2 1 0 4 4 956 13 00 6 8 00 12 29 890023 324 6523 502
003 000 6 0 19 0 2 02 80 0 1 02 580 9010 11 0014 12 7 472 10 1015 95 6 0 8007 18 490 10 1148 8710 8110
10813 7735 13289 8092 5260 3 5 62 98 93100 810 6501 9810 0276 0413 06706 120 0005 0302 00211 7003 027098
4 2 9 4 0111 45 02 9 5 11 5 4 6 1 00 8 2 1 4 3 0 010 52 40 9 8 34 17 50 891203 104 0193 056
100 123 4 9 85 0 2 03 00 9 1 82 907 1234 70 6744 52 0 912 37 5700 02 3 9 1080 99 085 82 9745 8012 0019
10392 1177 13200 8457 7109 9 5 10 98 10183 859 8903 9020 1016 5418 12008 024 5904 5316 03090 0140 735899
1 2 0 4 5063 05 02 5 7 02 0 2 9 1 17 6 0 1 6 1 1 005 12 00 9 5 20 12 13 401523 124 8623 650
57 123 3 9 10 8 0 60 79 7 1 82 080 1934 15 8804 98 0 909 10 7095 18 3 0 1039 12 418 18 7145 8782 0010
10315 0035 10060 8710 0170 0 0 75 98 30902 895 2910 9960 0210 9493 02715 104 5107 0362 00213 1043 029258
1 0 3 6 8424 80 10 0 7 72 9 9 2 1 28 5 2 1 7 5 1 955 10 75 9 0 74 00 90 091623 406 8120 056
126 000 5 9 01 3 0 11 00 0 0 92 087 1000 17 2304 02 4 982 10 1010 18 3 5 1903 10 015 12 2900 8670 8780
02483 1630 16015 8702 8700 0 5 16 90 02880 715 0902 6002 4215 5403 35217 104 5014 5319 70610 0150 775448
8 2 3 0 9023 45 13 9 5 62 9 2 8 7 08 7 6 3 4 5 0 910 02 75 4 8 20 12 93 806023 004 8103 508
193 026 5 0 60 8 2 05 04 0 0 02 050 9014 89 2301 80 4 032 54 1205 05 0 0 1060 07 419 06 2545 8772 8062
10033 0030 90040 4110 5821 0 5 17 97 18002 005 0892 9503 1815 5412 90607 004 5934 5002 53227 0100 080003
1 0 3 4 5873 20 10 6 5 11 9 0 8 0 28 9 2 3 0 8 0 800 02 45 0 8 04 12 22 094223 300 8127 150
026 520 0 0 10 0 2 10 06 0 1 84 087 1204 30 0314 79 5 802 85 7205 02 0 6 1200 00 375 10 2075 8712 0102
10305 9435 13815 8082 8921 0 5 16 98 12005 084 5011 0102 1815 2443 02905 924 0130 5300 50603 1126 623198
0 2 7 4 5013 45 09 4 0 02 6 9 0 1 26 7 2 3 6 5 1 082 12 40 6 0 89 02 20 000023 020 8023 500
100 320 5 1 02 8 2 10 50 5 1 02 987 7604 15 0324 00 0 912 14 1809 82 9 5 0289 12 897 62 0045 8700 8510
19313 0194 13209 9063 5121 0 5 22 98 02102 810 4902 9802 1015 5413 70209 123 0134 0310 64013 1557 199108
7 0 5 1 0127 44 12 5 0 06 9 0 3 6 09 9 2 0 8 5 0 710 12 00 8 8 29 10 20 890823 948 8600 756
427 103 4 0 12 0 0 15 79 0 8 86 900 7204 16 2098 02 4 912 04 1019 12 3 2 0289 62 000 32 2975 0712 0012
15073 7135 19210 8713 5100 4 5 00 56 12100 465 0008 9002 1504 5403 00200 110 6133 3312 02013 1153 025192
0 2 0 4 5103 40 02 5 5 00 0 2 0 2 00 9 6 1 5 5 0 519 02 40 5 8 89 14 03 804250 034 0300 516
603 107 9 0 02 6 2 10 80 7 0 88 083 0577 15 2378 12 4 907 34 1218 12 0 0 0009 02 250 12 0145 8812 3910
12535 1135 63895 0892 5001 3 5 12 98 52990 897 8912 0804 7215 5070 07417 024 0604 8000 54653 3353 045190
0 0 3 8 0073 00 42 5 2 74 9 0 0 1 00 9 4 1 4 7 7 912 02 95 5 9 04 16 23 870283 020 0620 506
189 903 5 9 79 8 2 32 86 0 1 05 600 7004 50 9340 40 3 992 00 6500 32 3 5 1089 16 415 32 2175 8200 1997
00319 6102 13027 8742 5120 0 8 12 98 12107 813 4917 9202 1210 0043 02215 824 5034 9310 00213 9140 923197
1 0 4 4 5000 05 10 8 8 02 5 2 4 0 28 9 2 1 0 5 1 762 12 55 9 8 20 10 10 801203 124 9060 046
023 103 8 9 90 0 0 12 09 0 7 89 900 1214 16 2317 15 4 090 08 0275 02 9 5 0649 36 610 92 0043 0709 8610
02093 0138 93015 7714 0020 3 6 10 08 70012 010 0919 9817 8005 5019 10015 008 5610 5912 00813 1353 109670
1 8 3 4 5100 45 15 5 5 82 0 2 0 1 30 6 5 1 4 5 9 708 12 45 5 0 72 15 71 860220 526 8003 300
178 104 5 9 12 0 5 10 85 0 1 08 980 0570 15 6380 02 4 942 53 1235 31 3 5 1205 12 415 10 6745 8708 5002
12093 8130 13215 8716 5120 7 0 38 90 19106 015 8008 0372 0215 5410 12290 809 5004 0312 09310 0002 708000
12013 0035 70206 0700 5324 3 2 10 06 75182 805 8992 9995 1062 5033 17210 529 0150 9352 95213 8853 120098
