0 0 0 0 5300 40 00 0 5 96 9 0 0 0 23 9 0 0 0 0 1 080 10 00 0 0 20 00 20 001000 120 0000 000 
123 000 0 9 02 0 0 00 00 0 0 00 000 0000 30 0000 82 0 000 55 0210 10 9 5 0000 00 000 00 0100 8000 0000
00000 0036 03015 0702 9008 3 0 00 98 00009 010 0000 0000 0000 0000 00000 100 0004 5350 00000 1000 020000
0 4 0 4 5100 05 00 0 0 00 0 0 7 0 08 9 2 8 8 0 0 010 00 00 0 0 00 02 00 001020 008 8000 050
00 000 5 0 00 2 0 15 09 9 0 00 190 0000 10 0302 00 0 000 09 0039 00 0 0 4908 00 400 00 0005 8062 0002
00303 0000 05000 0000 0000 0 0 00 00 00002 005 0913 0008 0000 0000 00040 124 0100 6310 03000 0050 005000
0 0 0 0 0000 00 10 5 0 00 0 0 0 0 03 0 0 7 0 5 0 000 00 00 9 8 00 02 23 800020 037 0100 000
003 000 5 9 00 0 0 12 00 0 0 00 900 1006 00 0303 07 4 902 50 0010 00 0 5 1000 00 005 00 0045 0010 0000
08009 9000 00015 0000 8000 3 0 49 03 00000 010 0000 0700 8016 0000 62090 090 8000 8980 03020 0006 109090
1 0 0 0 0023 00 00 0 0 91 0 0 7 0 08 9 2 3 4 5 4 000 00 40 0 0 34 00 00 801090 102 0070 506
054 000 0 0 02 0 0 12 80 0 0 00 980 0000 15 8030 00 8 900 00 1005 00 0 0 0009 10 000 00 0170 9022 0902
02000 0090 03010 0700 0100 3 5 07 00 05100 090 8010 9080 0003 0000 00000 003 6000 9900 00000 1003 100090
0 0 3 0 5106 40 00 0 0 10 9 2 6 0 00 0 0 0 0 0 0 940 02 05 0 8 04 00 20 006000 004 0100 550
003 000 0 0 00 0 0 10 00 0 1 00 805 1200 15 5309 90 0 760 80 0600 00 0 0 0500 10 005 05 0380 0050 0000
00004 0000 13000 0707 0100 0 0 72 98 00102 000 0900 0012 1010 0000 00005 000 8092 0000 33000 0003 500000
0 2 0 0 5600 00 10 0 0 09 0 0 0 0 00 0 0 0 0 5 0 402 70 05 0 0 00 00 00 090020 020 0193 006
000 600 0 0 00 0 2 00 00 0 0 00 007 1060 00 0004 00 0 000 28 0015 00 2 2 2000 02 000 05 2100 0000 0700
00703 1000 00095 0010 0001 4 0 13 00 12000 000 0000 0002 1000 5430 40000 320 7000 0002 03007 0000 505103
1 0 0 0 6070 00 00 0 0 00 0 0 0 1 04 4 6 0 4 0 0 900 00 00 0 0 04 08 00 800200 000 0163 030
030 100 0 1 00 0 0 00 89 7 0 50 000 7000 05 0010 10 4 010 04 7810 00 0 0 5489 09 410 02 0100 0000 0000
00000 0005 00006 0700 0061 3 0 02 00 50070 800 0000 0808 0200 5570 00000 120 0770 5200 50000 0003 000008
0 0 0 0 0000 05 00 5 0 00 8 2 0 3 29 0 0 1 0 5 0 900 09 75 0 0 00 00 00 891000 000 7000 050
020 008 0 0 00 0 9 00 90 3 0 68 000 0295 05 2010 00 0 092 00 8000 07 0 0 1900 02 405 10 0000 0062 0000
10000 1000 10200 8302 0001 0 5 18 00 10000 080 0080 0810 0005 8400 00210 000 0730 0073 70060 0000 005008
1 0 3 6 0000 05 00 0 0 80 0 0 0 0 28 0 0 0 0 0 0 000 12 75 0 0 04 56 00 804000 000 0920 009
005 000 6 0 12 0 0 22 00 0 0 80 050 0028 05 0000 02 0 008 10 0000 00 2 0 7000 94 010 00 0005 0710 0900
10003 4000 04018 0000 0000 0 8 05 08 09002 820 7010 0002 0000 0413 00200 100 5000 5308 00000 0900 040090
0 0 0 4 9180 05 40 9 0 00 0 9 0 5 90 0 9 1 0 0 0 810 00 05 0 0 04 00 90 090043 000 0900 000
003 403 0 0 32 0 6 00 00 0 0 00 500 0009 06 0000 60 0 022 00 0205 92 3 0 1200 14 000 50 2035 8022 0400
05079 0000 00000 0000 5100 9 5 02 00 00030 000 8012 0300 1200 0010 02000 000 3000 9010 00200 0270 000000
0 2 0 0 0000 00 10 0 5 00 0 0 0 0 00 0 9 0 0 5 0 012 04 00 0 0 04 02 70 000033 800 8000 590
103 050 8 0 00 0 0 10 00 0 0 00 906 0000 10 0000 12 0 000 00 1000 00 0 0 1209 02 400 11 2100 9008 2092
0 0 0 4 0000 00 00 0 7 08 1 2 0 0 00 0 0 3 0 5 0 000 00 40 9 0 00 00 20 000000 100 0120 576
090 003 0 3 00 0 0 30 90 0 7 00 990 1607 00 6004 15 9 810 00 0040 03 6 5 0000 00 400 00 0140 0000 0002
00000 1035 00000 0000 0100 3 0 02 00 02060 005 0000 9010 7000 5003 00015 109 5000 0010 00050 9000 100100
0 0 0 0 0100 30 09 0 5 00 0 2 0 0 00 0 9 9 0 5 0 300 94 40 0 0 04 00 00 800050 000 0120 556
00 503 0 0 00 8 0 10 00 0 0 85 980 8210 10 0308 00 0 000 04 9000 06 0 5 0009 00 000 00 0000 8060 0010
10000 0000 10000 0703 0029 4 0 00 04 00900 405 8000 0800 1405 0000 00000 000 0000 0080 00204 1050 120000
0 0 0 4 8100 90 30 0 5 92 9 0 0 0 08 0 0 1 0 0 3 002 10 05 0 0 26 00 00 600204 004 0002 550
000 020 0 9 80 0 7 12 30 0 0 00 090 0000 05 0000 00 4 910 04 0240 10 3 0 0050 10 000 65 0940 0010 0010
00353 0300 00510 0002 5100 3 9 00 58 00000 010 4900 0800 8200 0560 50000 300 5060 0032 02001 0160 000000
0 0 3 4 0305 05 80 5 0 12 9 0 7 0 22 9 0 0 4 0 1 000 00 00 0 0 04 12 03 800225 104 6100 000
040 000 5 0 02 0 0 00 80 0 0 01 007 0010 80 0010 00 0 000 00 0000 02 3 0 0000 00 000 00 0170 0000 8000
00310 9000 00000 0010 5100 3 8 00 00 90801 000 9907 0010 0738 0013 00010 174 5004 5008 00000 0050 100000
6 2 0 4 0150 00 70 0 5 00 4 0 0 0 70 7 2 0 0 5 0 000 06 00 0 0 04 02 00 000003 004 0000 000
030 150 0 0 00 9 0 70 00 0 0 05 982 0080 15 2009 10 4 092 15 0000 00 0 5 0090 00 000 10 2100 0706 0080
00010 0000 10009 0700 0407 0 4 10 90 00200 780 8509 0009 0280 5014 10010 000 0004 0000 03010 4100 120000
0 0 0 4 0008 00 00 0 0 02 0 0 0 1 20 0 0 0 0 0 0 046 70 80 0 8 08 28 03 801023 000 8703 500
050 000 5 0 10 0 0 10 00 9 1 00 980 0200 80 0004 02 4 530 04 1010 00 3 0 0280 00 405 00 0207 0050 0013
02000 0000 17200 0030 5000 0 0 02 90 00006 010 8010 0890 0070 5095 12015 004 0080 5004 00003 0050 007000
6 2 0 0 8103 00 00 5 5 02 0 0 0 0 08 8 0 0 0 0 0 009 80 00 9 0 00 10 00 800000 104 8020 050
603 304 0 3 40 8 0 02 09 0 0 08 977 1500 00 0310 02 0 702 00 1005 70 0 0 1200 00 010 00 0000 0702 0090
03070 0030 00010 0000 5020 0 0 00 98 02000 000 0800 9810 0615 5400 70000 000 0000 0000 03203 0104 050100
0 2 0 0 0695 00 05 3 0 05 0 0 0 6 00 7 8 0 9 7 0 010 00 05 0 0 24 18 00 020023 023 8000 500
060 006 6 0 52 0 0 02 00 0 8 80 000 0008 05 0000 10 0 200 84 0000 10 0 5 0000 00 000 10 0100 0000 0000
00004 1030 10006 8010 0000 0 0 00 90 00000 000 0000 0212 0010 0010 00000 000 0008 0302 05600 0203 020090
0 4 3 4 0000 00 00 0 0 00 0 0 7 1 00 9 0 1 0 0 0 002 80 00 0 0 04 00 00 090000 024 0000 070
000 004 0 0 10 0 4 90 00 0 0 00 900 0001 00 0384 00 0 600 14 0205 12 0 5 1000 10 009 02 0000 0812 0090
00010 0000 80005 0902 0160 0 6 30 08 00006 000 0900 0060 5200 0010 46005 000 0104 0000 05000 0000 000600
0 0 0 0 0000 00 50 0 0 12 9 2 7 0 08 0 0 0 4 0 0 002 10 90 0 0 00 00 65 890080 024 8003 707
005 000 0 0 00 8 0 00 20 0 0 00 000 0004 00 0400 04 0 090 00 0000 09 0 0 0040 00 000 10 0008 0010 0012
07916 1600 00000 0002 0006 0 0 00 90 02000 470 0000 7800 1058 5003 02075 000 5000 6300 50200 5000 500064
1 2 0 0 0017 99 16 0 5 02 0 0 0 2 05 9 0 1 0 5 0 900 00 05 9 0 00 17 99 041200 000 8120 560
000 000 0 0 02 0 2 10 00 0 0 70 000 0004 10 0004 00 0 010 04 0000 70 0 0 0000 00 070 00 0000 0702 8009
00000 0100 00205 8010 0009 8 0 00 60 00000 000 0040 0000 1090 0080 00077 024 0500 0090 85090 0050 120108
9 8 0 0 0003 07 60 0 0 00 9 0 0 0 08 0 0 1 4 0 0 000 10 00 0 3 04 02 20 990023 004 4103 007
050 103 8 0 10 0 6 10 80 0 0 00 706 0000 00 0000 00 0 800 40 1007 10 0 9 0080 00 000 00 0000 8000 8405
30003 1005 00210 6010 9020 3 0 00 00 00040 815 0030 0900 1000 5010 09000 680 0000 0000 83205 0150 000190
1 0 0 4 0000 00 10 1 0 06 0 0 0 4 00 0 0 0 0 0 0 000 00 45 0 8 00 00 00 890003 090 8020 800
50 000 0 0 00 0 0 02 00 0 0 02 050 1000 34 0060 12 0 042 00 4000 19 0 5 0009 00 000 00 0000 0008 0060
09003 1100 08005 0700 0000 3 5 50 00 00490 005 0100 0000 0205 5000 20200 080 4000 0302 50000 2000 005003
0 0 3 0 0202 00 10 0 0 00 0 0 0 0 28 0 2 0 0 5 0 000 10 90 0 0 03 93 03 700820 000 0180 050
007 203 0 9 00 8 0 00 09 0 0 87 040 5204 00 0000 10 0 000 14 0080 40 0 0 0005 04 865 00 0040 2709 0008
00000 0000 00200 0102 5520 3 0 00 04 10000 000 0900 0000 0000 0410 06900 000 0000 0020 50003 0050 000906
0 2 0 0 0403 90 02 3 0 09 0 2 8 1 00 0 0 8 0 5 0 006 90 00 0 8 70 00 00 070000 004 0103 506
120 020 0 9 02 0 2 05 80 9 0 92 007 6000 00 2004 00 0 002 60 0005 00 0 5 0000 65 015 02 9005 0000 0002
02000 0100 00000 8052 0760 0 0 10 90 00006 000 8010 9800 0215 4010 00300 069 0008 5002 00200 0053 000560
1 7 0 4 0020 05 10 0 0 00 0 7 0 8 00 0 0 0 7 0 0 002 08 08 0 8 00 00 04 801000 000 0020 000
003 100 5 8 02 0 6 00 70 9 0 82 800 0004 10 2015 84 9 908 00 0004 10 0 0 0089 00 000 10 0030 0500 0010
22300 0700 10005 6016 8680 0 0 02 00 09000 000 0910 0000 0000 6400 06225 108 6030 0052 00000 0153 020000
0 2 0 0 0108 05 07 0 0 90 0 2 0 9 00 0 0 0 0 0 9 902 10 00 0 0 04 60 00 000020 020 0020 650
100 003 0 9 12 0 0 02 00 4 8 82 080 0210 85 0890 00 0 900 00 0090 70 0 0 0005 12 000 10 0000 0072 0810
08743 0035 00015 3000 9901 8 0 12 90 00180 000 0012 9054 0290 0000 00005 004 5630 5017 03003 1003 000000
0 7 0 0 9000 00 70 0 0 00 0 0 0 0 20 9 0 1 0 5 0 000 00 40 9 0 00 00 00 007080 004 6000 008
003 000 5 0 10 0 0 05 00 3 0 02 107 0214 00 0004 62 9 900 10 9000 00 3 0 3400 28 004 09 0100 0000 8800
80010 0090 03090 0000 5000 6 5 12 98 00000 901 0010 0000 0090 5093 02093 004 0035 0000 50203 0003 000028
0 0 0 4 5120 08 08 0 5 02 9 0 0 0 00 9 0 0 6 6 1 902 00 40 0 0 57 00 00 000020 004 7000 500
000 000 5 0 00 8 0 52 00 0 0 12 005 0015 00 0000 00 0 010 04 0200 05 3 5 0800 18 000 00 4900 0600 0002
00026 8005 03705 8010 6121 3 0 00 00 10000 000 0010 0818 0201 0003 10220 000 0104 0010 00080 0000 005000
3 3 0 0 0123 40 02 0 0 02 0 0 9 0 06 9 0 0 8 0 1 072 68 06 5 0 22 16 23 800208 320 0020 000
003 053 5 0 00 0 0 00 89 0 5 30 570 1014 00 5000 00 0 022 00 0009 00 0 5 0089 00 010 12 7000 0790 0000
00300 0000 00900 6000 5100 0 5 02 90 00000 010 8012 0030 0010 5444 10000 000 0000 5000 00205 0050 105000
0 8 9 6 0000 40 02 0 5 00 9 0 0 0 08 0 2 0 0 6 0 007 00 90 0 5 20 08 00 006020 108 0005 056
020 120 0 9 00 0 2 09 87 7 0 02 900 1210 15 0014 00 4 000 00 6295 10 9 5 0080 00 000 00 0042 8000 0000
00900 1100 03000 6002 5020 0 0 70 09 92002 800 6000 6002 1317 0000 92000 004 6031 0310 50203 0100 000800
0 7 0 0 0000 75 90 4 0 00 0 0 0 0 04 0 0 0 0 5 0 000 00 05 0 0 20 50 60 880000 320 8003 607
126 003 0 0 10 0 0 02 00 0 0 00 600 0000 00 0970 00 4 900 04 0000 02 3 0 5009 00 000 10 0060 0800 0010
20003 0006 13009 0000 0020 0 5 12 00 10090 400 8000 0070 0200 0410 00200 000 9000 0300 00310 0064 900100
0 2 0 0 0100 00 00 0 5 03 9 0 0 0 00 0 0 0 0 5 0 012 00 00 9 8 04 80 03 890000 004 0000 000
023 000 5 0 10 8 9 02 09 9 0 00 900 0000 10 0314 14 0 000 03 0010 00 0 0 0899 00 005 00 0130 0788 8000
00000 0035 10000 0060 0001 0 5 00 90 60000 005 1000 0000 0005 0600 18000 004 5172 0610 58003 0608 000190
0 6 0 0 5003 07 02 0 5 80 9 0 0 8 00 0 2 0 0 0 0 002 00 40 0 7 00 02 99 801820 050 0200 000
08 100 5 0 02 0 0 12 00 0 1 00 080 1004 10 0304 02 0 000 00 0610 02 0 0 0000 00 019 00 0042 8000 8000
00003 1102 00000 7000 0000 0 0 10 50 00000 010 0000 9600 0000 0000 00005 109 8000 0000 53003 1103 020038
6 0 0 0 0100 05 60 0 0 10 3 2 0 3 08 0 0 0 0 0 0 900 02 00 0 9 74 10 20 001620 000 0000 500
100 000 0 0 00 0 2 02 85 0 6 03 000 0200 10 0010 00 9 000 00 1000 00 0 0 0088 60 050 00 0045 0000 0000
15009 0005 10000 0000 0100 0 0 02 00 00065 400 8010 0010 0090 0700 10900 100 0139 0900 00010 1000 025349
0 2 0 5 7020 80 12 0 0 17 0 0 0 0 90 9 0 0 0 5 1 000 10 40 0 8 00 16 06 001003 009 0193 700
000 320 0 0 00 0 0 00 01 0 6 82 089 0104 00 2000 12 0 000 00 1010 00 0 5 5000 00 400 00 0100 0000 8300
02000 0036 10010 8069 5000 0 0 00 90 05000 000 5900 0010 0590 0000 92204 104 0000 0000 96097 6000 009090
0 2 0 4 0100 05 10 0 5 00 0 0 0 1 00 0 0 0 0 5 0 015 08 00 9 0 20 00 29 001203 720 6000 500
020 120 5 9 90 3 8 02 80 0 1 00 600 0004 45 2300 82 0 900 70 1000 00 0 8 1009 00 030 04 2800 8012 5010
00056 1040 00005 0710 0000 3 4 00 90 52100 080 0000 0000 0018 0000 95019 120 5000 0302 00090 1703 025108
0 7 3 0 0000 40 00 0 0 10 0 1 0 0 24 7 0 0 4 0 1 009 06 00 0 0 00 00 00 000020 000 0003 007
005 100 0 9 00 8 2 00 06 0 0 00 087 0000 10 0004 60 4 910 00 7055 02 0 0 0000 00 800 00 0100 8792 9910
10008 0104 70010 0000 0021 0 6 80 00 00000 000 0600 0000 0000 0013 20000 100 0130 0308 60480 1020 105020
0 0 0 0 0020 05 10 0 0 00 9 0 7 0 03 0 0 9 6 0 1 910 06 43 0 8 94 02 00 000203 120 0000 056
120 023 5 9 00 8 2 02 00 3 0 02 000 1000 03 2000 00 0 000 04 0020 00 0 0 0709 30 005 02 2100 0000 0904
80707 1135 00010 8702 0701 0 0 00 80 00000 010 8612 9000 0000 0403 92700 020 0100 0310 03206 0050 600000
6 0 0 0 0000 40 00 0 0 00 9 0 0 0 00 9 0 0 0 0 8 800 10 40 9 0 00 00 00 090000 024 8020 000
027 020 5 0 18 0 2 00 00 0 0 50 087 0009 05 0000 10 0 000 30 0058 00 0 0 0289 00 000 52 0005 0702 0050
00303 0037 18006 0002 0000 0 0 99 90 02900 090 7000 0000 1015 0013 10905 100 9130 5000 00000 0103 120080
0 8 0 9 5060 00 00 1 0 00 0 0 0 0 70 9 2 1 0 0 1 000 30 00 0 0 00 10 60 000023 000 0000 000
008 020 5 0 72 0 3 08 00 3 0 00 080 0260 05 0302 00 0 010 00 0078 80 0 0 1009 12 000 00 0040 0732 0092
14000 0400 10210 0700 0004 3 5 00 00 00009 000 8910 0008 0210 3410 00218 180 0030 0304 03016 0100 020700
1 0 0 0 0300 00 10 3 0 00 0 0 0 0 20 0 0 0 0 0 0 612 00 00 0 0 04 00 03 890003 000 0400 000
000 622 5 0 12 0 0 00 80 0 0 30 007 0006 00 0300 00 0 912 04 7000 70 3 0 0080 02 400 10 2040 0000 6800
02313 0005 00076 0000 0008 0 5 00 00 10850 906 0910 0000 1010 0060 02200 000 5007 0010 60080 1000 120100
0 3 0 0 0080 08 00 0 0 00 0 0 0 0 00 9 0 0 4 0 0 010 00 05 0 0 04 10 23 001000 009 0020 050
020 103 0 0 00 0 0 02 89 0 0 00 080 3017 80 0314 00 5 000 10 0000 00 5 0 1005 00 000 02 0143 0002 8000
02008 8000 04015 0700 0020 0 5 06 00 70800 010 0078 0610 0006 0010 00000 000 0050 5000 03000 1308 020108
1 0 3 0 0000 40 10 0 0 07 0 4 0 1 08 9 3 0 0 5 0 000 30 00 0 0 95 14 04 007020 004 0020 050
000 100 0 0 00 0 6 00 59 0 0 00 000 1200 00 0308 00 4 000 10 0090 10 0 5 0900 04 000 00 8093 8490 0011
00007 0000 10015 0718 0081 0 0 00 08 92400 000 8002 0004 0000 5010 10004 074 0934 5000 03000 1000 000900
0 7 0 0 9020 40 00 2 4 00 6 0 0 0 05 0 0 0 8 5 0 002 02 05 9 0 00 00 00 000280 000 0200 050
06 109 0 0 00 0 9 00 00 0 0 80 080 0314 60 0000 02 0 000 05 1000 00 3 0 0284 05 409 12 0145 0000 6020
70303 0030 90000 0712 0001 0 0 01 00 05002 810 3002 0800 0000 5033 72040 078 0000 0300 53310 0900 000008
0 0 3 0 0127 05 00 0 7 00 0 0 0 0 78 0 0 1 0 0 0 610 04 00 0 0 20 02 50 006020 004 7000 006
170 000 0 0 20 8 0 00 80 0 0 00 000 0708 10 0090 12 0 000 12 0010 00 0 5 1089 02 085 13 5040 0080 0000
00100 1130 00059 0010 0000 3 0 00 00 10700 850 0000 0800 0800 0000 20095 020 0039 0000 00810 6003 020400
1 2 7 0 0020 05 10 0 5 02 0 2 0 0 00 9 3 0 0 9 0 000 00 00 0 8 00 10 40 000820 000 8003 556
020 603 0 0 18 8 0 10 00 3 0 80 009 0000 00 0009 06 0 010 04 0004 00 0 6 0289 00 000 02 0000 0090 0000
00003 0080 03005 0000 8020 0 0 03 00 10100 003 0700 0000 0905 0000 02700 604 0900 0300 05100 1995 005008
1 8 3 6 0020 00 16 0 0 18 0 0 0 0 08 0 6 0 0 0 0 012 00 00 3 0 00 00 00 000020 006 8063 006
520 100 0 9 12 0 0 10 00 0 1 00 000 7010 02 2070 00 0 000 04 0000 00 0 0 0000 00 015 00 0040 0700 8810
02000 0000 00200 8090 5080 0 0 00 00 00200 080 8000 3950 0000 0600 00060 006 0130 3300 50810 0000 000190
5 0 0 0 7103 00 00 0 0 00 0 0 0 0 07 0 5 0 0 5 1 000 02 05 7 0 00 02 00 001833 904 0700 006
003 564 6 0 00 8 2 00 83 0 1 00 007 0210 00 1004 02 0 900 14 0000 10 3 5 9780 00 000 16 0800 0015 0910
00000 0030 63000 8700 0001 0 0 28 00 03 800223 000 0103 070
104 009 4 7 09 0 0 82 00 0 6 00 076 0504 00 0094 00 0 904 10 9010 00 0 5 0080 00 005 12 0105 0000 0010
00500 0905 00800 0002 0000 0 0 10 00 10100 805 0000 0000 1205 0000 10015 000 0100 0500 50000 0079 080108
0 0 0 4 0708 90 00 0 0 12 0 0 2 0 00 0 0 0 0 0 0 900 02 05 0 0 25 02 00 000005 024 0000 010
020 080 0 0 10 9 0 10 69 0 1 00 000 0014 05 0314 02 0 900 00 0005 02 1 0 0080 00 010 00 0000 0702 5000
00040 9000 90805 0700 0040 9 0 00 00 00090 000 0010 0812 1000 5000 02210 129 0000 0000 09000 0014 105700

00063 0104 03050 0000 0000 3 0 00 09 12400 000 8000 0002 0235 9500 04000 000 0000 0000 80810 1103 100108
0 2 0 4 5020 00 00 0 6 88 0 0 0 0 00 0 0 6 0 0 0 000 10 00 9 8 00 00 08 099000 120 0023 050
000 900 0 0 30 0 0 10 00 0 0 00 060 0830 08 0054 10 0 000 14 0410 10 3 5 0070 00 010 05 1190 8700 0000
00000 5000 00005 0000 0100 0 5 00 08 94600 000 0202 0602 0705 0000 00010 120 5034 3002 93200 6106 125100
0 0 3 4 0100 40 12 5 0 00 0 1 0 0 00 9 2 1 4 0 1 002 10 00 0 0 24 00 20 000203 109 0140 500
70 100 5 0 04 0 7 00 00 0 0 02 907 0000 00 0010 12 0 000 04 1900 00 0 0 0200 90 000 00 0000 0000 0700
15000 0030 10003 0010 0080 4 0 40 90 70000 010 8900 0300 0005 0410 00000 000 0004 0080 00800 0003 036800
0 0 9 0 0900 00 02 0 5 00 0 0 0 7 00 0 0 1 1 0 0 002 02 00 0 0 20 02 00 891200 008 0000 076
123 900 0 3 08 0 0 16 05 9 2 06 700 0000 00 0070 02 0 010 00 6005 10 0 0 0025 00 400 00 0005 5710 8002
00000 0700 03080 8798 0260 0 5 70 00 10159 000 9870 0800 0000 0010 02035 020 7070 0000 53008 0009 000100
0 0 0 0 0003 40 15 0 5 00 0 0 0 9 20 0 0 0 0 5 0 002 00 00 0 8 04 00 20 000000 100 0600 007
000 000 0 0 00 0 0 10 09 0 1 02 900 1214 05 0004 08 0 010 00 0000 12 0 0 1607 00 005 02 8000 0700 0903
00080 9500 00015 8702 0101 4 0 00 90 12109 800 0007 0000 0600 5000 00007 200 0100 5090 00000 0000 020050
0 0 0 0 0002 00 00 0 0 02 0 2 0 1 20 5 0 1 9 7 0 902 00 00 5 0 08 12 03 390223 000 0000 000
059 023 0 7 10 8 0 02 00 0 9 50 900 0004 00 0000 18 0 900 60 0209 02 0 5 0000 30 400 10 2005 0010 0000
00810 0400 00005 6002 0025 3 5 12 08 02800 810 0910 9600 0010 0010 50005 005 0194 0302 00208 1003 025000
1 7 0 0 5009 05 00 0 5 02 0 0 9 3 03 0 0 0 7 0 0 002 02 05 9 8 00 02 00 000000 007 0000 040
100 170 5 0 00 0 0 00 00 9 0 02 070 0809 05 0014 10 0 000 04 0215 12 3 5 9200 00 500 00 2100 0700 0970
10003 0035 03200 0500 0000 0 0 00 00 12080 800 8003 9800 1000 5000 00005 000 5800 0000 93000 1020 900082
0 2 0 0 4700 40 00 2 5 02 9 0 7 0 00 0 2 8 0 0 0 000 10 00 0 0 00 00 00 000000 008 9103 000
053 103 0 0 00 0 0 08 00 0 0 00 080 0000 05 9000 02 0 012 18 0004 00 3 0 0000 00 010 02 0103 0010 0002
19078 0000 10910 0040 0000 0 0 00 68 18002 805 0000 0310 0205 0900 00000 400 0000 0010 03200 0853 005100
0 0 0 4 0003 35 10 0 0 02 7 0 0 1 20 0 0 0 4 0 1 902 42 47 9 0 06 00 00 000070 068 0926 907
100 000 0 0 02 0 0 05 00 3 0 00 580 0200 10 0800 02 0 900 04 0280 14 3 0 1080 00 010 00 0000 0000 0300
03080 0006 00215 7300 0001 0 0 00 90 10100 000 8000 0800 1090 0009 80090 100 5500 0300 50050 1100 025003
0 0 0 0 7103 05 00 0 0 00 9 5 3 0 20 9 0 0 9 0 1 000 02 00 0 8 24 00 03 008000 800 0000 006
123 100 0 0 10 6 0 10 00 0 1 80 007 0010 15 9300 00 0 906 00 0205 14 0 5 0060 02 016 20 0100 0000 8600
00000 0000 80000 0010 0701 0 5 12 08 02120 050 0010 0000 1060 0003 00200 000 0060 0000 07200 0650 005000
0 0 0 0 0000 00 00 0 0 02 4 8 0 6 76 9 0 0 0 5 0 912 00 20 2 8 09 10 03 000003 000 6120 000
000 620 0 9 00 8 2 00 09 0 0 00 000 9000 10 2310 10 0 040 00 1200 02 3 5 0080 10 010 70 0000 7050 0000
07010 0005 40203 0905 0080 0 0 00 06 60000 010 0000 9000 1000 0003 70008 020 5100 5870 83203 0000 000307
0 2 7 0 6100 40 00 0 5 48 9 0 4 1 08 0 2 1 0 5 0 802 00 00 9 0 00 42 00 091220 000 0004 006
023 000 0 0 12 0 9 00 00 0 0 00 987 0010 10 0000 02 4 000 00 0000 40 8 0 0300 16 000 00 0000 4010 0000
0 0 3 0 0000 00 20 4 0 00 0 0 0 0 08 0 5 0 0 0 3 010 00 00 0 0 00 12 08 090003 200 0020 053
000 000 0 9 00 0 0 02 09 0 0 58 004 1018 00 0090 12 4 000 00 0005 02 0 0 9000 00 409 08 0100 0700 0019
12000 0100 00000 0000 5020 3 0 00 92 02000 050 0012 0000 0010 0010 12090 070 5970 0000 03210 0150 000500
0 0 0 4 5500 00 00 5 0 02 9 0 7 0 00 0 6 0 0 0 1 000 00 80 0 8 70 02 23 800000 024 8000 000
00 000 0 0 00 0 2 00 00 0 1 80 907 0904 00 2000 12 0 700 04 0000 02 0 0 1200 02 405 60 0000 0010 0915
05000 1040 10090 0077 0105 0 0 00 08 00280 007 8010 9000 0000 0000 00000 000 0000 6090 50010 0050 100000
1 0 7 0 5000 05 00 0 0 02 0 0 0 0 20 0 0 0 3 0 0 003 00 00 9 0 04 19 20 090207 300 0000 000
123 000 0 0 00 0 0 10 00 9 0 00 007 1000 00 2004 00 5 090 19 0054 00 0 0 1009 09 000 00 0000 0730 0018
00300 3080 10000 0210 0000 0 8 03 00 02700 770 0820 9010 2250 0400 00000 020 0000 5000 00063 5400 000108
0 0 3 4 0020 09 00 0 0 80 9 4 0 0 28 9 0 0 0 5 0 900 00 00 6 8 80 70 00 890027 003 0120 700
006 700 5 0 12 0 0 50 09 5 0 82 000 0024 08 0000 09 0 000 00 6000 00 0 5 9280 00 800 00 0145 2000 0018
00000 0030 00003 0000 0101 0 0 70 60 00000 000 0000 0000 0005 0490 12000 009 0137 0000 00000 0000 000000
0 0 0 4 9023 00 00 5 0 10 0 0 0 0 09 0 0 0 0 5 0 909 00 00 0 0 00 12 00 091000 024 8000 004
120 000 0 0 00 8 2 00 80 8 0 80 000 0000 00 0310 08 0 900 07 1598 10 5 0 0000 82 000 16 0173 0200 1802
10313 1005 03000 0000 5001 0 0 70 90 02004 000 8000 0800 0000 5000 00208 010 0120 5300 00013 0050 000090
0 0 0 0 0003 00 01 0 0 00 4 9 0 9 00 0 2 0 4 0 0 062 00 00 0 0 00 00 00 801003 004 0100 000
100 020 0 0 12 0 2 10 40 9 0 80 080 0864 10 0409 10 0 400 00 1205 10 0 0 0000 10 005 00 0140 5000 0912
00090 0100 00900 0000 0000 3 0 00 60 00102 090 0960 0814 0066 0400 10000 104 0908 3005 53200 7900 000008
0 0 3 0 7103 02 00 5 5 06 0 4 0 0 28 0 7 0 0 8 0 810 00 60 0 0 04 90 00 800200 007 0520 006
010 000 0 9 10 0 2 12 00 0 0 89 080 3014 00 0080 00 0 007 04 8515 00 3 5 0009 10 000 00 0000 8709 8150
13001 0700 00000 8755 5100 0 0 56 90 70000 210 0880 0002 0810 5803 40000 000 0000 0012 00715 0801 000005
4 9 0 0 0003 40 02 0 0 08 9 0 8 0 29 0 0 0 0 0 1 909 00 08 7 8 04 10 03 790003 104 8000 000
000 000 0 0 19 4 0 00 07 0 5 09 900 1000 10 0000 10 4 090 00 0205 00 0 5 0980 02 406 00 0000 0002 9002
82700 0000 00000 8700 0020 0 0 10 05 02002 000 0900 9010 0200 0003 00000 000 5104 0000 00253 1000 020508
0 0 3 0 5000 00 06 0 0 02 0 0 9 0 00 0 0 1 6 0 0 000 00 00 8 0 20 00 09 090420 020 0000 000
103 000 5 0 15 8 0 18 00 0 2 00 960 0000 00 6690 02 0 000 04 0010 02 0 0 0009 10 405 00 2900 0002 9030
00000 0005 14700 0000 0001 0 5 09 08 02902 090 0912 0012 0065 0709 00000 100 0001 0010 00000 0100 106000
0 0 0 2 0100 00 10 3 5 50 0 0 7 0 66 0 0 0 0 0 0 909 00 70 9 8 60 00 20 006020 040 4970 507
033 186 0 0 00 0 0 00 89 0 1 00 880 0230 00 0000 10 4 000 00 0007 82 0 0 4210 02 000 10 0045 0002 0900
02003 0000 00010 0716 5000 3 5 10 90 10107 010 0002 0012 0000 0300 60700 007 0100 5002 00003 0080 000038
1 0 0 9 2203 00 00 2 0 00 0 0 0 8 08 0 0 7 0 0 0 900 10 40 9 7 24 60 08 800003 404 0000 050
000 000 0 0 00 4 0 10 00 0 0 82 000 1604 05 0000 00 4 010 06 1000 00 0 0 6000 00 000 00 7009 8000 8000
19013 0000 10000 8010 5001 0 7 02 90 10100 000 0205 0800 7010 0000 00000 020 0100 0302 00013 0100 130008
0 0 0 0 0020 00 00 0 0 92 0 0 0 0 00 0 0 1 0 0 0 000 00 49 9 0 00 80 00 090203 000 0003 050
020 003 0 0 10 0 0 00 80 0 0 00 087 0004 00 0500 00 0 000 00 0010 90 0 9 0006 00 400 00 8505 0760 8098
02005 1035 00000 0002 0001 0 5 00 06 00002 000 8016 9006 0000 5407 12096 420 0100 5002 00203 0150 000000
0 2 0 5 5000 40 00 0 0 00 0 0 0 0 08 9 0 0 0 3 7 090 02 05 0 0 00 00 20 007003 023 0100 060
40 003 0 0 10 0 2 02 60 6 0 00 000 0000 00 0007 00 0 082 04 0008 12 0 0 0009 20 005 72 0005 8000 0010
04013 5000 10000 8002 5370 0 0 02 00 04090 000 0500 0630 1405 0410 02200 100 0004 0040 00200 7000 020098
0 5 0 0 5903 00 08 8 0 50 0 0 0 0 04 0 0 1 0 0 1 102 09 00 0 8 00 70 00 001060 504 0000 050
100 103 0 0 10 3 0 02 09 0 0 00 007 0200 00 3980 02 2 000 00 0000 10 0 0 5200 02 006 03 0140 0008 8562
02310 0065 57200 0000 4009 0 0 00 09 00004 000 0012 4009 1000 5000 00080 320 5104 0010 00910 1050 000100
0 0 3 0 7190 05 10 0 0 70 0 0 0 0 00 0 0 1 0 0 9 000 10 00 9 0 04 02 03 000020 000 0020 790
007 000 0 0 02 9 2 00 09 0 0 60 080 1714 05 2000 07 0 900 10 0005 02 0 5 0200 67 085 02 0000 8712 0002
00010 0000 10217 0890 0030 7 0 00 03 00009 000 0000 9900 0010 0090 92215 020 0103 5300 03500 0000 600900
0 0 0 0 5020 80 02 5 0 04 4 0 0 5 00 6 2 0 0 0 0 900 02 40 9 0 00 02 60 800300 000 0100 000
100 062 0 0 10 8 5 12 70 9 0 02 100 0050 00 2004 02 3 080 19 1100 09 3 5 7000 02 010 00 2040 0000 8000
06000 1005 10000 9009 5000 0 3 00 00 00002 010 8002 0804 0012 5000 60000 100 6034 0592 00000 0050 100800
7 0 3 0 0123 06 10 0 0 04 0 0 0 0 20 0 0 0 0 5 0 950 30 40 4 0 00 00 23 800203 100 0000 605
120 007 5 0 00 6 0 00 80 0 1 02 087 0090 06 5300 00 0 000 03 1905 02 3 5 0009 50 400 02 0100 0000 0000
10046 0000 00000 0000 0001 0 0 02 79 00002 804 0000 0000 6000 0400 12040 000 5000 0010 53230 0097 010149
3 0 0 0 5106 00 00 0 0 00 0 0 0 0 28 8 0 0 0 0 8 010 02 00 9 0 60 00 83 000000 100 0003 006
400 100 0 0 00 0 0 10 80 4 7 00 090 0000 80 0004 02 0 810 17 8010 00 0 0 1000 10 008 05 0005 8050 0912
10003 0000 46210 8700 0028 0 0 09 07 12000 000 0000 9019 0000 0000 00200 004 0030 0000 03000 8104 100008
0 5 9 0 0003 44 02 0 0 00 9 0 9 0 20 0 0 0 0 0 0 000 80 59 0 7 07 00 00 600000 020 8000 056
000 000 0 0 06 8 0 19 09 0 0 00 080 1250 15 0000 60 3 000 00 1000 09 0 9 0006 00 005 50 0100 0502 8910
79370 8005 03010 8000 0120 0 0 00 90 00060 009 0060 0810 0000 0080 00010 300 0000 0000 96200 0000 090000
0 0 0 0 0020 48 00 5 0 00 0 0 7 0 28 0 0 0 0 5 0 000 00 80 0 0 00 00 00 000000 106 0123 200
180 003 5 0 00 8 0 00 00 0 0 92 000 0704 00 0090 07 0 000 04 0010 02 3 0 0004 00 010 00 0100 8010 0902
10008 1030 03095 8007 0020 0 0 00 00 00100 010 0000 0000 0965 0000 00200 009 3000 0010 03000 0000 000100
5 2 0 8 0000 40 02 0 0 00 0 0 0 0 90 0 0 9 6 0 0 912 90 05 0 0 00 07 20 891000 060 0020 050
000 020 0 0 00 8 4 10 80 0 0 00 407 0790 10 0004 00 0 917 70 0030 17 7 0 0580 00 010 03 0009 0000 0910
10000 0097 23000 0570 5009 3 0 02 00 00000 015 0000 9002 0000 0010 10015 100 0007 5012 53610 0050 024000
4 2 0 0 0000 00 00 0 0 00 0 0 0 0 70 4 5 0 0 0 0 000 10 80 0 0 00 02 00 090040 008 0000 000
120 000 5 9 00 0 0 00 06 0 0 82 050 0008 05 0310 00 0 002 00 0000 10 0 5 0080 02 000 00 0045 6760 0000
08300 0109 00000 0000 9099 0 5 00 90 50100 070 0000 0800 0000 5960 70010 080 0034 0710 50203 0000 020198
0 0 0 4 0000 80 22 5 0 00 9 0 1 0 63 9 0 0 0 9 0 500 06 05 8 0 00 09 00 090020 126 6160 060
100 000 0 0 00 0 3 10 00 0 0 80 000 9286 00 8300 00 0 900 10 0000 00 0 9 7000 00 000 10 0015 0002 0002
00300 1830 10065 6000 0000 3 8 00 70 00000 800 0910 0814 0070 0000 00000 000 9100 0600 00000 7050 900010
0 0 0 0 5000 40 10 0 5 00 0 0 0 1 30 9 4 0 0 5 1 000 05 05 0 7 38 10 90 090003 000 0200 000
00 722 5 0 00 8 0 00 60 0 1 82 987 1004 09 2000 12 0 800 04 0705 79 0 0 0200 50 000 00 0001 0000 8000
20510 1000 00006 0000 0002 0 0 10 98 30000 015 0000 0704 1500 0400 00500 000 0024 0002 00000 0750 585000
1 2 0 0 0100 00 10 5 5 10 8 0 0 7 50 9 2 0 9 0 1 000 12 05 9 9 00 80 03 090000 020 8263 000
000 000 5 0 00 0 0 01 00 0 1 02 900 0004 00 0300 00 0 000 00 8000 90 0 5 6006 12 407 10 7005 0000 0900
00305 6000 53200 0010 0000 0 0 12 08 00000 400 0014 0800 0000 0010 72200 104 0000 0000 03010 0105 000009
1 0 5 0 0000 00 18 0 0 00 4 2 0 1 20 8 0 4 0 0 1 980 00 00 0 0 00 00 00 000200 027 0000 050
020 003 0 0 10 0 2 04 00 3 0 05 000 0064 10 2304 00 5 001 00 0210 10 0 0 1000 10 040 62 2045 8000 0900
02001 0000 03010 8610 0007 0 0 10 94 12000 000 0900 0012 1010 0400 00090 000 0030 5390 40000 1000 508090
0 0 0 4 0003 00 02 0 8 10 9 2 0 0 20 7 0 0 2 0 0 000 00 00 0 1 80 00 00 001003 000 0000 556
100 503 0 0 00 0 2 12 00 0 0 00 007 0200 60 0204 00 0 502 00 1005 00 8 0 1009 04 080 00 4240 0000 6080
00800 0000 03000 0808 0100 3 0 22 00 00000 815 0902 0800 0010 0403 00110 000 0000 5000 00000 0600 000190
1 0 0 0 0003 00 00 0 8 12 9 0 0 0 00 0 0 0 0 5 1 700 00 05 5 0 00 62 00 810200 800 0003 506
803 070 0 0 90 0 0 00 90 7 0 08 000 0200 00 0904 12 0 206 70 8008 00 9 5 0080 00 030 02 7195 0010 7000
00900 4000 10215 8000 0100 0 0 12 00 92000 000 0900 6010 0000 5003 82210 700 0900 0000 50200 0150 020009
0 0 0 0 5100 00 00 0 0 68 9 7 0 1 68 0 0 9 4 0 6 000 00 00 0 0 00 92 00 390000 000 0000 860
123 003 0 0 00 8 0 00 87 9 0 80 007 0004 00 5300 00 4 000 00 1200 02 0 7 0089 00 414 00 2700 0002 8900
02093 0020 10030 0002 0021 0 0 09 00 10070 000 0000 0000 0000 0400 00200 120 0500 5700 40207 0003 100000
0 2 0 3 0020 10 10 5 0 00 0 0 0 0 20 0 0 1 4 5 0 030 10 45 0 8 20 00 20 890003 004 8023 000
070 000 0 9 10 0 5 00 84 0 1 00 787 0800 00 0300 00 0 002 00 1000 00 4 0 0000 00 000 00 0100 0000 0092
00000 1960 00960 0703 0006 0 0 06 08 00040 005 0580 0004 0000 0206 05200 030 9064 0660 03000 0000 101008
0 0 8 0 0000 07 02 0 5 00 0 8 0 8 09 4 0 0 8 0 0 000 10 00 0 8 20 00 06 070000 000 0000 000
090 029 0 9 00 6 2 00 00 0 0 80 000 0000 00 0013 09 4 610 00 1005 00 0 6 0209 92 470 00 8100 0002 8900
00003 1909 10005 0000 0000 0 5 08 00 02000 010 8910 9000 0035 4000 00000 020 0000 0002 30000 5000 020390
0 9 9 0 0000 00 80 5 0 02 0 0 0 0 09 9 0 1 4 0 0 002 20 00 9 8 08 12 00 001020 007 0020 806
103 000 0 9 00 0 5 00 00 0 0 00 000 0010 00 0900 00 4 000 04 0200 00 0 0 0000 00 000 00 2000 0000 0000
00005 1400 50905 0002 0000 0 0 08 08 00100 850 0602 9000 0005 0400 00000 000 0030 0090 58850 0000 000000
0 0 3 4 5101 80 00 0 5 00 0 6 0 1 00 0 0 1 0 0 0 902 02 40 0 8 04 00 00 407000 100 0024 000
800 080 0 8 12 0 2 02 09 0 1 04 007 0004 15 0008 10 0 900 00 0000 19 0 0 0200 00 000 00 9240 5002 0002
00010 0000 14000 8708 0000 0 0 00 00 10002 050 0030 0002 5000 5000 82005 004 1100 0640 00080 0053 000000
8 0 0 0 0000 00 70 0 5 00 0 9 0 0 20 0 0 0 4 0 0 900 02 00 0 0 04 00 00 000000 120 8003 006
000 000 0 0 09 8 0 82 80 0 0 50 980 6204 00 3410 00 0 900 14 0200 00 3 0 0000 02 000 02 2007 8000 8002
12010 1007 10800 8710 0000 0 0 10 98 00020 510 0010 0000 0090 0406 06010 008 0000 5012 55000 0003 620114
0 6 0 0 0197 05 10 0 5 00 5 0 2 0 00 0 0 1 0 0 0 000 00 00 9 8 02 00 23 090900 020 8900 800
00 105 0 0 10 8 1 02 80 6 0 00 090 0604 25 0300 00 0 042 00 0960 02 8 0 1080 00 000 10 0000 8010 0090
00000 1100 10000 0092 5021 0 0 00 00 15000 000 0009 0012 0900 0013 10070 024 0090 0300 60200 0050 020000
0 0 0 4 0483 40 70 5 0 00 0 7 0 8 00 9 8 0 4 1 1 002 12 05 0 4 20 10 00 007000 094 0000 050
000 120 0 0 00 0 0 00 00 0 0 00 000 0014 00 0320 12 0 032 01 0015 10 0 5 0009 76 000 70 0105 0000 0010
00007 1005 00200 0010 7020 3 0 40 00 12002 050 0050 0066 6000 5013 02209 000 0000 5002 00200 0050 000008
0 0 0 0 0000 00 00 5 0 00 9 0 0 0 00 9 0 0 0 0 0 010 00 00 0 0 20 00 20 700000 120 0130 550
000 000 0 0 00 0 8 10 08 0 0 02 007 1000 00 0960 10 0 012 04 0200 00 0 0 0080 02 850 70 7007 0702 0910
08000 1005 15000 0760 0080 0 0 00 04 02100 000 0900 0860 0000 5003 02200 006 0000 5012 80003 0000 000090
0 2 7 0 0020 05 12 5 0 70 9 4 0 8 90 0 4 2 8 0 0 600 20 08 0 8 00 00 00 060000 604 0020 050
366 005 0 0 12 8 2 12 00 0 0 80 000 0603 00 0000 10 6 080 04 0000 10 0 0 0003 10 400 95 2100 8210 8000
00000 0000 00005 0002 9008 0 4 15 08 02000 805 0900 0840 5205 0003 00000 020 0084 5018 53000 1000 205100
0 0 0 0 0020 00 10 9 5 00 9 2 8 0 00 9 2 0 0 5 1 916 32 70 0 0 00 87 02 800210 102 0120 000
003 003 0 0 10 0 9 10 60 0 0 80 000 0000 40 0350 00 0 600 00 0007 50 0 0 1000 02 010 00 2000 0000 8000
02074 0100 03015 0802 0081 0 5 00 00 10000 010 1000 9010 0200 0090 15200 927 0900 0410 51003 0000 000100
3 0 0 0 0000 00 02 0 0 10 0 2 2 0 07 0 8 0 0 0 0 910 00 05 0 8 59 00 20 000002 024 8120 509
090 000 0 0 00 9 0 12 09 0 1 00 300 1210 00 9010 02 0 900 04 1700 00 0 0 1080 00 075 00 0000 0800 0000
02003 1505 10010 0700 5000 1 0 00 00 10000 005 0000 0000 0000 0006 00070 000 8090 0010 00060 1100 129080
8 2 0 0 0000 05 10 0 0 00 5 0 9 5 20 0 2 0 0 0 0 072 00 00 9 0 04 02 03 000200 084 0100 056
020 700 5 0 92 8 0 02 00 0 0 00 000 1090 00 2010 02 8 900 10 1000 00 3 5 1090 00 000 12 0150 0000 0910
00348 0035 00300 8700 0021 4 0 00 91 10060 810 0000 0000 0210 0000 00000 300 0003 0000 03700 0050 084090
1 2 0 0 0920 45 10 0 0 00 0 2 8 0 08 9 0 0 4 0 0 010 00 00 0 0 24 90 00 000000 004 0003 058
700 903 0 0 09 0 7 00 80 5 0 02 000 0210 05 0000 00 4 000 00 0015 02 3 6 2000 07 000 02 2502 0012 0013
02000 0835 00000 0009 0000 0 0 00 00 04040 000 0912 0060 0200 0000 10200 600 0007 0000 00013 0000 705000
0 0 0 0 0000 00 02 5 0 10 9 2 0 1 00 5 0 0 0 7 0 908 03 00 0 0 94 00 05 090220 104 0007 590
003 020 0 9 00 0 0 00 00 0 0 88 000 9210 00 2304 00 4 000 02 0015 00 0 0 0780 00 065 00 2005 0802 0808
00000 0009 13210 0000 0030 0 4 05 04 00100 000 0000 9000 0200 0003 00000 105 9000 0302 50200 0004 005000
0 0 0 0 0007 40 09 5 5 00 0 2 0 0 00 0 2 0 0 0 0 002 00 00 6 0 04 00 20 001984 000 9108 706
000 000 1 0 00 0 0 09 70 0 0 82 400 0010 00 0000 28 0 910 04 1210 12 0 0 0060 10 010 09 2140 0092 0000
00990 0000 47212 0010 0000 0 0 32 90 02192 610 8000 0000 1000 0009 10910 180 0100 0010 03000 1900 000108
0 0 0 0 0009 00 80 0 6 08 3 7 0 0 28 0 0 0 7 0 0 504 00 00 0 0 24 10 07 800003 000 0900 556
100 000 0 0 10 0 0 50 00 9 0 00 900 7005 00 2307 07 0 070 05 0600 02 0 0 3289 00 000 60 2040 8040 0010
00000 1100 10000 0010 0000 0 0 00 08 00000 000 8900 9000 1200 0000 00610 000 0000 5002 00017 1100 020195
0 0 0 0 0008 00 02 5 0 00 8 0 0 0 20 0 0 0 0 5 0 080 00 00 0 0 04 10 20 001000 000 8100 056
00 010 0 0 10 0 0 58 09 0 1 00 006 0074 00 2014 02 4 905 90 1005 02 3 5 0080 06 000 00 0002 9000 8002
02000 0000 07605 0002 5180 2 0 40 90 00940 600 0000 0200 0203 0020 02065 000 5000 0010 00010 0100 000190
5 0 8 0 0020 20 00 0 9 02 0 0 8 0 00 9 7 1 0 5 0 701 50 00 0 0 80 00 20 000000 000 0023 550
000 000 0 6 00 0 0 00 80 0 0 00 080 0034 00 0000 00 0 900 00 0205 00 0 0 0080 09 403 02 0040 8770 5002
60000 1100 70000 0000 0020 0 0 00 00 02007 000 8010 0060 0290 0010 30000 000 0030 0312 50090 6003 000100
0 2 3 6 5080 00 12 0 0 00 0 0 0 0 70 0 2 0 4 5 0 917 00 85 0 9 20 02 03 007205 050 8003 000
040 000 9 0 02 0 0 10 00 0 2 00 000 0000 10 0009 10 0 009 00 1000 02 0 0 6000 00 000 00 0500 0712 0000
00010 0009 03003 0007 0800 0 0 50 90 02600 010 8012 0000 1000 9003 10012 100 0100 0000 30600 0000 905990
1 0 9 0 0000 00 01 0 0 05 9 0 0 0 06 0 2 0 0 5 0 000 10 00 0 8 00 32 27 000000 900 8003 006
006 007 5 0 02 0 0 00 00 0 0 00 906 1294 05 0370 12 0 010 00 9230 00 0 0 5000 10 005 00 2095 7060 0400
02303 0035 00000 8702 6100 0 7 12 00 10002 676 0077 4000 1010 5400 00009 000 0030 0004 00000 0001 008000
0 0 8 0 0000 00 00 3 0 00 0 2 0 0 18 9 0 0 0 0 0 008 00 00 0 0 72 50 03 801103 944 5800 006
100 400 6 0 16 0 0 10 87 0 0 00 086 0209 00 2300 00 4 010 94 1000 10 0 0 0000 02 000 10 0000 0002 0002
00000 0000 00200 0702 0055 4 0 00 00 02000 000 0910 0010 0200 0000 00018 000 5005 0000 03000 0100 020000
1 0 0 0 5003 40 55 5 0 10 0 2 0 1 00 0 0 0 0 7 0 002 06 90 0 0 00 02 00 800090 120 0000 000
000 000 0 0 00 0 0 90 84 0 1 01 080 0000 40 0000 00 0 900 10 0000 00 0 0 0200 00 000 12 2100 8052 8400
02000 1140 20010 0000 7001 0 0 00 00 08100 010 0802 7510 0015 5413 00010 424 6100 0010 00007 0000 000008
0 0 0 0 0620 00 16 0 5 00 9 0 0 0 08 0 0 0 0 5 1 900 00 48 9 8 00 00 08 360200 000 0023 500
403 100 0 0 62 9 0 00 00 0 1 04 907 0060 00 0310 91 0 000 02 0205 13 0 0 6260 05 090 02 0105 0900 0002
00000 0030 00010 8001 9020 0 0 09 08 00000 405 0000 5000 2260 5000 10000 004 0604 5300 40003 0000 005090
1 0 0 4 0006 40 13 0 8 10 0 0 0 0 00 9 2 1 0 0 0 910 00 08 0 0 20 10 43 000003 000 0123 500
000 020 0 0 70 0 3 50 90 0 1 00 000 1004 00 2300 10 4 900 10 6200 02 0 5 0000 00 000 00 7145 0006 0000
08008 0000 33000 7700 5000 0 4 00 08 00300 007 0000 0007 0000 5013 00005 000 0500 0000 90213 7103 120100
0 5 0 0 5020 40 02 0 0 00 0 0 0 0 28 9 0 1 0 0 0 800 50 00 0 0 90 90 03 801003 036 0090 000
090 000 3 0 00 0 2 00 09 0 0 82 009 6900 00 2000 10 9 900 04 0090 10 3 0 0000 00 000 02 2005 5000 0000
10013 0009 00210 8070 0421 0 0 00 09 00000 070 0910 0000 0965 0400 00002 004 0004 0010 00300 0000 007108
0 0 4 0 0000 05 00 0 0 48 0 0 0 0 00 0 0 0 0 5 0 380 03 00 0 0 04 80 22 000020 705 0000 050
024 095 0 0 10 0 9 00 00 0 0 00 908 0000 Ö0 0000 13 0 002 10 7815 00 9 0 1087 50 005 10 0100 0710 5060
10303 0120 00210 0008 0121 0 0 00 00 02108 010 4010 0012 0005 5007 40007 000 0030 0004 50200 0060 000100
0 0 0 0 0020 20 10 8 5 00 0 0 0 0 04 0 2 0 0 0 0 800 00 05 0 0 00 18 03 090220 094 8020 000
103 023 0 0 00 0 0 00 70 5 1 00 600 8200 00 0000 00 0 030 00 1005 04 0 0 0680 00 000 00 0000 0000 0902
80013 0000 00210 0010 5041 0 9 05 00 02000 800 0900 6800 0200 2400 62290 000 0990 9010 00210 0000 000100
0 0 0 0 0090 00 10 0 2 02 9 2 0 1 00 9 3 7 4 0 0 004 10 05 0 0 04 18 20 070050 062 8000 060
40 000 5 9 00 0 0 00 09 0 0 00 030 1004 00 0000 07 0 002 04 0005 02 3 0 0009 10 014 10 7000 0000 0400
00003 4037 00207 0002 7000 0 0 72 08 02008 815 8000 0002 0005 5400 02700 008 5100 0302 00000 0000 060000
0 0 9 2 9006 00 10 0 0 00 0 2 0 0 20 0 0 0 0 0 1 000 05 00 6 0 00 97 00 000090 004 0103 400
000 020 8 0 02 0 0 60 00 0 0 62 000 0009 06 0360 00 0 007 05 1220 20 0 0 0405 12 000 00 2140 0900 0000
00400 0000 63010 0000 0195 3 0 00 00 50902 010 0903 9012 0010 0400 00290 020 5080 0300 00260 1050 905000
0 0 0 4 0007 90 00 0 9 00 0 0 0 1 08 0 0 0 4 6 6 000 04 80 0 6 20 00 00 000020 120 2000 006
103 000 6 5 00 0 0 00 02 7 8 00 900 8000 00 6714 00 4 990 00 0010 00 0 0 0004 00 000 00 0096 8060 0012
00010 0400 00204 8009 0000 0 0 00 04 10000 810 0010 9000 1000 0404 00000 800 5004 7610 00200 0100 005098
0 0 0 0 0023 00 80 0 0 02 0 0 8 0 90 9 2 4 0 5 0 004 00 00 9 0 00 90 53 090063 190 4005 050
028 120 0 4 02 0 0 94 00 0 0 00 980 0000 15 0800 10 0 002 04 0000 00 0 0 1700 00 000 10 0049 8700 0012
02003 0030 03000 0702 5020 0 0 02 60 10052 000 0909 0860 0005 0003 14000 000 0004 0300 07004 0000 100000
1 0 0 0 0400 05 07 5 0 00 0 0 0 0 90 0 0 0 0 0 1 010 00 00 0 0 22 00 03 800003 000 0020 500
109 110 0 0 00 0 6 74 00 0 1 00 900 0010 00 2360 02 1 080 10 0008 00 0 0 0033 00 619 00 0700 6000 4000
00005 0030 00000 0010 5023 0 0 32 08 06060 010 0012 9800 0015 0003 70210 024 0010 0013 54010 1090 100000
0 0 0 8 5500 90 90 0 3 12 9 0 0 0 26 0 0 0 0 5 0 400 00 00 9 8 00 00 00 891020 020 0000 576
020 000 5 0 82 0 0 10 00 7 0 72 000 0000 25 0304 72 0 000 50 2215 02 0 0 0000 20 005 11 8606 8906 0900
03000 0005 00001 8000 0003 0 0 00 80 00042 000 0000 7000 0000 0400 00010 020 5000 0002 50214 1100 007909
6 0 0 4 0100 95 02 0 0 00 0 0 0 1 00 0 0 1 0 9 6 900 00 00 9 0 00 02 00 800010 000 0193 094
123 100 0 7 00 0 0 30 00 6 0 00 400 0000 10 0304 00 8 010 00 1008 02 0 5 1709 00 005 05 0700 0010 6900
10000 1030 03010 0010 0609 0 0 12 59 12002 000 0002 9800 0000 5480 00505 000 5100 0000 03810 4040 000108
1 0 0 9 5020 40 10 4 0 10 0 2 0 0 00 0 0 0 0 0 0 000 00 00 9 0 06 02 60 000000 720 8403 050
202 170 0 9 02 0 2 12 09 0 0 00 049 1484 19 0310 00 4 010 00 0000 07 7 5 0000 00 470 00 9000 3730 0900
82300 0006 07005 0060 0080 3 8 00 00 00000 000 0002 0002 0006 5710 07209 000 0000 0300 00210 1106 100000
0 5 3 0 0003 40 00 0 5 10 0 0 0 0 00 0 0 0 0 5 1 010 00 00 0 8 05 10 00 002003 000 0200 006
100 000 8 9 20 8 2 02 00 0 0 80 000 0003 09 0300 02 0 000 04 0008 02 0 5 0000 00 000 00 0025 0617 0002
20300 0030 03000 0090 0001 3 8 10 00 06707 000 0900 0090 4085 5013 00015 000 0044 0710 33000 1103 000050
0 0 3 0 2100 05 10 0 5 00 6 0 0 0 20 0 0 0 0 0 1 900 72 07 9 0 00 10 00 000200 000 8003 006
203 000 0 0 10 8 0 70 00 6 0 02 080 0204 00 0300 00 4 900 04 0405 00 3 0 0000 40 000 00 0140 9710 8010
02000 0000 00010 8002 0001 3 0 00 08 02070 008 0032 9090 0200 0400 00004 106 5100 5312 00010 0003 060000
1 5 0 4 0000 00 10 0 5 90 0 2 0 1 50 0 0 1 5 0 9 810 10 00 9 0 83 40 03 890003 000 0100 500
000 000 5 0 00 0 0 00 00 0 0 08 087 0010 00 0610 10 0 408 10 1000 00 3 5 0209 10 040 00 0000 0002 0000
00310 0000 10000 0402 0021 0 5 00 08 09040 000 0490 9400 0200 0000 72017 620 5070 0010 20008 0050 000000
0 0 0 4 0006 09 00 5 0 00 9 2 0 0 23 0 0 1 0 5 0 940 80 07 0 0 40 00 03 091290 000 0070 006
60 000 0 0 00 0 0 00 89 0 0 05 907 0604 10 0004 00 0 010 10 0094 00 3 0 1070 00 010 12 2100 0002 0010
00300 0030 70000 0710 0500 0 0 00 06 12002 010 0002 0802 1015 0413 10000 000 0174 0000 00260 1300 005000
0 0 0 0 5040 40 00 7 0 70 0 0 0 4 28 9 9 1 0 8 1 000 00 00 0 8 07 09 00 000220 000 0020 000
053 820 0 8 00 0 0 49 09 1 0 00 080 0010 05 0303 00 0 012 04 1305 10 0 0 1209 22 400 00 0100 0070 8906
00050 0030 80075 0900 0407 0 8 02 00 70002 005 0000 0002 0000 5010 70200 020 3258 0012 00003 7107 000000
0 0 0 0 5003 40 00 0 0 00 0 0 0 0 08 4 0 0 0 5 1 050 00 75 0 0 00 00 00 001020 000 0100 000
100 020 5 9 00 0 7 00 00 0 1 00 087 0004 13 0004 00 0 006 14 1006 00 3 0 0000 00 005 75 0105 9000 0010
02003 0005 00210 0010 0005 0 0 02 00 60002 005 5000 9810 0205 5000 00070 104 0197 0000 00000 0008 000700
1 0 0 0 0733 80 00 5 5 09 0 0 0 0 00 9 0 1 0 0 0 000 10 00 9 8 04 10 03 020003 020 0009 507
006 020 7 0 00 7 0 00 80 0 0 80 007 1210 00 0300 00 0 000 00 0007 60 0 5 1000 00 000 00 2105 0002 0008
00000 1005 50090 0710 0300 0 0 80 08 00002 900 8112 0002 0000 0020 09010 100 0104 6916 90003 6760 580000
0 2 3 8 0023 40 05 0 0 60 0 0 0 0 00 0 0 0 0 0 1 070 02 20 9 0 24 02 00 090980 000 8000 578
100 020 5 0 00 0 0 00 89 0 8 02 007 1000 00 2000 08 4 900 00 0205 90 0 0 1200 00 000 02 2000 0704 0010
00300 0130 03000 4030 5300 3 0 10 00 00100 510 8700 0000 1000 0090 00075 009 9034 0000 03000 9193 000000
0 0 3 0 0023 03 00 1 0 00 9 0 5 9 00 9 0 1 0 0 0 010 92 00 9 8 00 10 80 880000 000 0003 550
100 100 6 0 00 0 0 00 00 0 0 08 020 0090 00 2200 30 6 400 10 6005 00 0 0 0209 00 000 00 0705 0000 0007
42010 0050 00205 0070 0100 0 0 42 00 70060 005 2000 9817 0058 0000 80000 029 0180 5300 50110 0150 000500
0 0 0 4 0000 00 82 0 7 00 0 0 4 7 60 9 0 1 4 0 0 000 50 00 0 0 00 18 00 000000 004 8100 000
000 020 0 0 00 8 0 10 00 0 8 00 057 0204 10 0010 20 0 000 33 0005 12 0 0 6200 00 000 10 0100 0000 0080
12000 0095 00910 8000 0000 0 0 00 98 00100 005 0000 9000 0200 0800 00700 000 0034 0208 50003 0000 560000
0 0 2 7 0023 00 00 9 0 10 0 0 0 0 08 9 2 0 4 0 1 002 00 00 0 0 00 00 00 001723 823 0000 000
000 000 1 9 00 0 0 09 00 0 1 00 000 1204 05 0004 10 0 810 00 0710 00 8 0 0800 00 410 00 0800 0000 8000
10980 0030 70210 9700 0027 0 0 90 90 12052 000 0000 9010 1895 0065 00000 200 5604 0000 08300 0100 002040
0 0 0 0 0103 75 09 0 0 10 5 2 0 0 88 7 0 0 0 0 0 010 10 00 7 0 00 00 50 000060 020 0020 096
100 100 0 0 00 0 0 60 00 3 1 00 000 0010 00 0370 32 0 002 00 0010 00 0 0 0080 00 000 00 0160 0000 8002
10000 0000 00100 8022 0001 0 5 29 00 00006 000 0000 0500 0205 5013 70216 000 0009 5300 53011 0100 100100
0 0 0 0 0020 69 12 0 0 80 0 0 0 0 00 0 4 1 0 0 0 006 02 30 0 0 04 03 00 000200 000 0703 006
000 000 0 0 00 0 0 00 00 0 0 00 087 0200 55 9010 19 4 900 00 0005 03 0 5 5209 80 000 00 6000 8010 0500
19000 0000 03000 6052 4001 0 0 06 00 02007 300 8800 0800 6000 6093 00200 000 0004 0000 70003 0703 000590
0 0 0 8 0060 00 00 1 0 12 0 0 4 7 08 0 0 9 0 5 0 904 02 00 9 0 20 00 06 800200 000 0120 050
000 000 0 8 00 8 8 95 80 0 1 00 900 1214 00 0310 00 0 068 00 0910 00 0 0 0009 82 015 00 0040 0700 8090
02703 0110 03000 7870 8001 3 8 00 08 00130 800 0990 0062 0500 0060 10050 109 0000 5002 00710 0600 700309
0 0 3 4 0020 00 00 5 0 10 9 0 0 0 00 8 0 0 4 5 0 077 00 80 8 0 00 00 03 000000 670 1606 546
54 100 9 0 02 0 6 13 09 0 0 00 980 0200 10 9010 00 0 900 04 0200 02 3 0 4000 00 000 00 2090 7009 8080
18000 1107 00237 0000 0000 0 9 00 08 00000 015 0002 0000 1005 3408 00000 029 9500 0002 08000 0000 105100
0 0 0 0 5000 77 00 1 9 10 9 0 9 5 58 0 0 0 4 0 1 900 09 00 0 0 00 90 22 896025 022 0820 006
000 403 0 0 02 0 0 80 00 8 0 00 000 0000 05 3000 12 6 000 14 0010 00 0 0 0000 00 580 02 0189 0007 0910
00310 1000 03200 0000 0109 0 0 00 00 00008 810 8930 0010 1005 0604 00070 100 0000 8300 00213 0050 000290
0 0 0 8 0000 05 00 5 3 00 0 2 0 9 00 0 0 5 0 0 0 302 00 05 9 9 00 00 28 892700 120 5000 055
000 000 0 0 00 0 0 00 00 0 1 03 809 0000 00 0005 02 0 770 18 0090 00 3 0 9200 00 410 00 5095 8730 0002
77090 4100 00000 0070 8001 9 5 90 00 02132 800 0000 0002 1293 5010 00800 020 9000 0002 00003 0050 000008
0 0 0 0 0000 00 10 0 0 00 0 2 0 5 00 9 1 1 5 0 0 000 12 46 0 0 60 02 00 490003 020 0000 500
009 000 0 0 00 0 0 02 00 0 0 00 787 1200 00 0010 00 0 012 00 0700 02 0 0 0300 02 015 02 2070 0010 9004
00040 0020 00000 0002 5107 0 5 00 00 00002 800 0902 0002 0000 0000 10200 100 0004 6000 50200 0000 028090
0 0 7 0 5020 00 12 0 0 90 9 0 0 0 00 0 0 5 4 9 0 010 90 00 0 8 20 00 20 894000 028 8102 000
004 004 0 0 32 0 2 80 00 0 1 02 007 0200 00 0310 00 0 002 00 0060 90 0 0 3000 02 414 70 9600 0700 8072
00690 0100 00002 0000 0000 0 0 00 00 02102 008 0002 0000 0205 5010 10800 120 0900 0709 00010 0050 320090
0 0 0 0 0103 00 00 0 5 16 9 0 0 0 00 0 0 1 8 0 0 902 17 00 0 0 24 10 20 800720 004 0000 550
080 023 9 0 00 0 2 07 00 8 1 07 080 0011 05 0007 02 0 900 00 0075 10 0 3 0099 00 000 05 2040 8800 0802
00509 0150 00010 0903 0100 0 0 00 08 00500 405 8702 0000 0000 0400 00000 020 0430 1000 00000 1000 000000
0 2 0 0 0923 65 02 0 0 00 0 0 0 0 00 0 0 0 0 0 0 000 30 45 0 0 20 08 20 000000 020 0000 050
064 500 0 9 00 0 0 87 09 8 0 82 000 0304 00 0059 02 4 010 10 0245 00 0 5 0070 03 010 00 5000 0700 0002
00603 1006 00202 0700 0120 3 0 00 00 02000 800 0012 4000 0005 9000 08208 000 5834 0002 03560 0000 026300
0 0 0 0 6020 05 00 0 0 00 0 0 0 0 24 9 0 5 4 0 1 980 12 41 0 0 00 08 00 000200 020 0020 000
020 000 0 0 00 0 0 00 00 0 7 00 980 1090 00 0010 16 4 910 04 0250 00 9 5 0070 10 003 02 0040 0074 0000
60063 8000 10070 8000 0001 3 0 08 00 02000 000 0910 0000 1000 6006 00000 120 0000 0308 07000 0104 006000
0 2 3 0 0050 00 00 0 2 07 9 0 0 1 08 3 2 1 6 0 0 910 00 00 0 0 00 00 00 891000 120 0000 008
603 020 0 0 10 0 4 05 80 0 8 02 080 0000 05 0070 00 0 000 00 0605 10 0 0 5000 10 007 36 3050 0000 0000
00000 0700 03000 0010 0420 0 0 00 00 10102 070 0212 0018 0010 0009 00000 020 0030 8003 00410 0050 000198
1 0 3 0 5000 45 00 0 0 10 0 0 0 9 00 9 2 0 0 0 0 000 02 00 9 0 06 00 00 001020 920 8023 850
003 020 0 0 00 8 0 12 08 7 0 00 089 5600 10 0004 12 4 900 10 0200 00 0 0 0080 10 005 70 2000 0700 0015
12300 0000 70009 0012 5020 0 0 72 50 90160 005 0010 0000 0805 0010 02005 100 0000 0300 03033 1000 900900

00000 0030 00070 8070 0500 4 5 00 98 10000 000 0000 9600 0000 5000 07300 026 0600 0402 00000 4000 100008
0 6 6 0 2004 00 20 0 0 00 0 0 0 9 08 0 0 0 4 0 0 907 10 00 9 0 00 00 03 090003 100 0020 608
003 020 5 0 00 0 7 00 09 6 0 42 000 0085 00 0314 00 0 098 10 9066 00 0 0 0009 02 008 00 0075 0012 0000
09340 0405 00000 0072 0020 0 0 00 90 02000 010 0003 0000 1000 0014 00000 900 7000 0600 60010 0000 000078
1 0 7 4 0180 60 10 0 0 06 0 0 0 0 05 9 0 0 4 5 0 002 60 05 0 0 00 00 00 030093 024 0020 056
74 000 0 0 00 0 2 12 03 0 1 02 080 0080 85 5074 10 0 010 04 0209 82 0 5 1080 00 000 00 7070 0010 0004
10000 0002 80010 0000 8023 0 0 50 08 00070 000 8010 9000 0090 0000 10900 066 0100 0000 50000 8100 905098
0 0 0 0 0003 40 00 0 8 10 0 0 0 0 08 9 0 1 4 0 4 910 92 00 0 8 04 12 00 891000 029 0100 050
000 060 0 0 17 8 0 10 00 0 0 84 080 0000 05 0004 90 0 092 00 1010 10 0 0 0750 00 400 05 0105 0000 0080
00000 0100 53203 0902 0020 4 0 02 90 00100 005 0912 0002 0065 0000 02000 900 0100 0300 00000 0150 020009
0 0 3 0 0000 00 12 5 0 00 9 0 0 0 18 5 2 0 0 5 0 000 00 05 0 0 60 00 03 001220 194 0003 000
003 923 0 0 82 0 0 12 80 7 0 00 098 0000 00 0010 00 4 010 00 0006 05 0 0 0004 00 000 00 2700 0002 0005
12000 9000 10000 0019 8021 0 4 00 06 02002 000 0014 9002 0010 0703 72000 824 5004 0600 09000 6100 000008
1 5 3 0 0000 05 00 0 0 00 0 2 0 0 20 0 0 7 0 5 0 012 90 00 9 0 00 13 20 000020 000 0000 350
133 000 0 9 00 8 0 00 80 0 0 00 080 0002 00 6010 10 0 000 00 0215 00 0 0 0000 00 000 60 0000 0090 0000
10003 9800 00030 0002 0000 4 0 00 00 95180 080 0493 9010 0000 0410 09005 004 0136 0052 00013 0000 600004
0 0 0 0 5020 04 00 0 0 90 0 0 0 0 08 0 8 1 4 0 1 900 43 40 0 0 00 00 05 885220 120 0023 000
009 100 0 0 00 0 0 07 09 2 1 00 680 0000 20 0010 02 4 013 11 7007 06 0 5 1000 00 410 12 0000 0482 8000
09080200 200090
3 2 0 0 0020 00 40 0 5 00 9 8 9 0 00 9 0 6 0 0 9 010 32 02 9 0 24 02 00 009200 700 0000 006
020 003 0 9 00 0 2 00 80 0 0 00 750 7000 05 0008 50 0 910 00 0260 00 0 5 0008 10 690 00 0005 9000 8710
00307 1000 08200 8780 0000 0 6 00 70 00090 000 0000 0002 0010 0410 10000 000 0030 5015 00005 0000 075000
0 0 0 0 5003 00 00 5 0 00 0 0 0 0 00 0 0 1 0 0 0 080 00 00 5 0 00 19 00 000000 100 5120 006
000 103 0 0 50 0 2 06 00 0 1 00 900 1909 10 0075 00 0 000 04 0000 02 7 0 0000 12 000 07 2052 6000 0000
00349 8180 60295 9718 5001 5 5 02 06 10900 310 8200 0002 0005 0003 08000 024 0104 0300 70210 0000 005050
0 0 0 4 0020 30 08 5 5 02 9 0 0 0 20 0 0 0 0 5 1 000 02 00 8 8 09 10 73 000020 024 8000 000
723 003 4 0 72 0 0 00 80 0 1 00 080 9007 05 0020 00 4 900 00 0200 07 0 7 0900 10 710 72 0040 0000 3002
50000 0000 10000 0000 0310 8 5 00 20 02070 840 0050 9800 0000 0000 00000 147 0000 6010 63053 7080 200390
0 8 9 0 0003 00 10 0 5 00 9 0 0 0 07 9 2 0 0 0 1 002 00 88 0 6 00 19 00 850200 100 6100 000
50 823 0 0 00 8 0 14 00 0 0 00 900 0003 00 0000 10 0 910 09 0210 00 0 5 0000 00 400 00 0003 0008 0900
02300 1000 00205 0790 0121 0 0 00 98 02000 800 0900 9000 4000 5000 99005 000 5030 0902 06000 0000 020060
0 0 0 0 5020 40 30 0 0 10 0 0 0 0 00 0 0 0 0 0 0 000 00 05 0 0 00 62 09 890300 700 0800 090
000 000 7 0 00 8 0 50 70 5 5 00 680 0920 05 7000 82 0 910 00 0015 10 3 0 0280 00 400 10 2040 8017 0019
00403 0004 10000 6085 0020 7 0 10 00 00020 000 0010 9810 1000 0000 16035 009 2004 5300 00603 0000 183107
0 0 0 0 0000 05 00 0 5 09 0 0 0 0 08 8 0 1 0 0 0 000 06 43 0 0 60 32 20 601000 020 0000 506
000 003 0 0 00 0 0 00 39 0 1 00 900 1014 00 0104 10 0 010 90 4405 00 8 0 0002 10 005 02 0000 8700 0002
00000 0000 10400 0910 5100 3 0 00 00 05030 010 0000 0000 0200 0410 00005 000 0109 5340 00000 0000 905090
1 0 0 0 0003 05 02 5 0 10 9 0 9 0 20 6 2 1 0 0 0 100 02 00 6 6 20 02 00 091413 004 8000 006
090 000 0 0 60 0 0 00 00 0 7 00 000 0000 90 2006 72 0 012 04 2905 00 3 0 1180 00 000 02 0105 0700 0070
07407 1133 70005 8017 0000 7 0 12 00 00102 020 0000 0007 0000 0000 10215 024 0100 0010 03000 1053 746198
0 2 3 0 9003 40 70 3 5 02 9 0 0 0 27 0 0 0 0 0 0 092 00 00 0 8 04 62 00 880023 000 8000 000
000 920 0 4 00 0 3 00 80 0 1 00 080 1000 05 8004 00 0 912 00 0200 10 0 0 0289 10 010 02 0000 0000 0618
08000 1000 00209 0700 5000 0 0 00 00 00900 510 0000 9010 0000 0410 10205 020 0034 0700 03630 1060 100008
1 0 0 0 0070 00 00 0 0 60 9 2 0 7 00 9 5 7 0 0 0 012 10 05 0 0 04 08 00 701001 004 8023 400
100 000 5 9 20 0 0 02 80 0 1 89 000 1200 00 0300 00 4 012 04 0240 00 0 0 5005 12 010 10 0005 8700 0000
00800 1030 00000 7702 0040 4 0 00 07 10002 015 0000 9000 4097 0060 00015 109 5000 0300 93009 0050 000003
8 0 7 0 5000 05 02 0 0 00 8 0 0 0 00 9 2 1 0 0 0 015 80 00 0 0 24 03 00 990008 100 8020 506
000 000 6 0 02 8 3 02 00 9 0 00 000 0504 00 5000 00 0 000 00 0000 00 3 9 1080 10 010 40 9000 0000 0010
07013 0030 03900 6040 0020 0 0 72 90 04090 800 0000 9810 9010 5003 00200 100 5000 0300 08170 1050 000098
0 0 0 0 0000 40 00 5 0 00 0 0 0 0 20 0 0 1 4 0 0 012 00 09 7 0 07 10 90 000225 704 0005 050
800 001 2 0 00 0 0 90 00 0 1 00 507 0704 00 2000 00 0 752 10 1209 90 3 5 0000 00 020 10 6000 0702 0010
90000 0000 00265 0008 5000 0 0 00 00 94009 805 0009 0050 1095 0700 02200 680 5730 5010 09203 1103 020100
1 0 0 0 5107 00 10 7 0 12 0 0 0 0 20 0 2 1 0 7 1 000 00 05 0 8 90 10 08 091000 000 0170 000
500 003 0 0 02 0 0 00 06 4 0 00 007 0000 00 0310 00 4 000 00 5000 90 1 5 0800 72 000 00 0100 0800 0010
00200 0880 00210 9780 5901 3 0 02 08 16100 005 0000 0006 1000 0000 00200 104 0050 5000 00009 5000 102000
6 0 0 0 5000 00 00 0 0 10 0 0 0 0 28 0 0 0 0 0 0 010 00 02 2 0 09 00 20 081209 660 9193 500
050 026 5 0 09 8 2 00 07 8 0 80 080 0090 00 0300 10 0 000 10 0013 02 0 5 1009 00 000 00 0105 0000 0902
02000 0139 00008 8010 5001 0 5 09 00 00070 000 0900 1007 0000 2008 38005 000 7190 0000 00098 4153 806800
0 0 0 0 5130 00 00 0 0 00 0 0 9 0 24 0 2 1 4 0 0 010 08 05 0 8 27 19 00 000203 000 0030 066
023 023 0 0 02 8 0 80 00 0 0 02 785 1060 05 2310 10 4 002 04 0010 00 3 0 0000 70 000 07 0105 8019 8900
09000 0005 00000 8700 0160 9 0 00 90 00002 500 0002 0010 0000 0009 00004 100 0030 0008 50060 1103 060000
0 2 0 4 0003 45 18 0 5 12 0 4 0 0 00 0 0 1 4 5 7 900 00 07 0 0 00 00 08 800020 070 8003 050
00 040 0 0 02 8 0 12 00 0 1 80 000 0000 10 0010 80 0 000 00 1200 19 0 4 0000 00 010 10 0105 0002 8002
02310 8000 03000 0002 0100 3 0 36 05 00000 010 0012 0006 0090 3000 50008 179 9004 0024 50288 1050 105090
0 0 5 4 0910 05 10 0 0 00 0 4 8 1 00 7 2 0 4 0 1 700 12 05 9 8 95 10 03 090020 100 8100 000
520 003 0 9 00 8 0 00 09 0 0 02 000 0000 00 2304 00 0 000 10 0000 00 0 5 7980 12 005 62 0040 0000 8002
00003 0030 00200 8000 0300 3 0 01 90 00000 045 0910 0000 0008 0009 02004 034 5100 0910 57280 1050 550890
9 4 0 0 0003 00 00 0 5 00 9 0 9 0 48 0 0 0 0 0 0 000 00 40 0 8 20 00 90 800200 000 0190 050
000 000 5 0 02 0 0 00 00 0 0 00 080 0000 10 0000 02 0 030 00 0920 00 0 5 2080 00 440 80 0095 8800 0000
00003 1130 00000 0002 0000 0 0 00 02 57000 040 4600 9800 0000 0003 12010 048 5100 5000 09600 0050 000008
0 0 0 9 5007 00 04 0 0 00 0 0 9 0 20 3 0 1 4 0 0 000 09 00 5 0 20 10 00 090790 000 8100 500
000 000 0 0 02 8 2 00 00 9 0 00 080 0276 00 0004 00 8 000 10 0000 00 3 5 6006 42 800 03 0105 0710 0010
00003 0001 00010 8600 0001 0 0 00 90 06000 000 0900 0840 0035 0019 02604 020 0860 0000 03300 0053 000000
0 3 3 0 0000 40 10 5 0 00 0 0 0 0 24 2 0 1 6 0 1 010 00 00 9 0 20 00 03 000249 000 0900 000
300 000 5 0 00 0 0 00 79 0 0 00 707 1200 00 6310 00 5 902 00 0200 00 0 0 0000 02 410 00 2040 0002 0900
00003 0008 00000 8301 0000 0 0 00 00 00500 080 0910 9700 1610 0010 10000 820 4034 5900 50000 0000 000000
0 0 0 3 6100 00 07 0 0 00 9 3 0 0 20 0 0 0 0 5 0 910 02 00 7 0 02 02 00 000200 004 0100 506
020 000 0 0 00 5 0 12 89 0 0 80 987 1854 10 0008 12 0 000 00 0000 00 0 0 0009 00 000 00 0000 0012 0900
10007 0100 00005 0000 0120 5 0 00 08 00880 000 0013 9000 0005 0090 10008 000 0003 1000 80000 0550 100008
0 2 0 4 0003 00 12 5 5 06 0 0 0 0 00 0 2 1 1 0 1 900 00 05 0 8 07 00 00 001000 000 8003 000
000 010 0 9 03 8 2 12 88 9 0 00 880 0000 00 0010 10 0 009 00 0000 00 0 0 0209 00 010 10 0060 8012 0010
00010 1057 90005 0002 0900 0 0 88 90 05100 000 8950 0052 1015 0000 00000 000 0000 0000 00200 0006 935098
0 2 0 0 0000 07 00 0 5 10 0 0 0 0 08 0 0 0 0 0 0 000 60 00 8 0 20 60 08 890020 100 0020 056
000 063 0 9 00 0 2 10 40 8 1 00 000 0000 00 0300 00 0 060 03 0715 00 8 0 0260 12 410 10 9100 0700 0000
07000 0000 00000 0600 5000 3 5 00 00 00090 010 0009 0019 0200 0000 02205 007 0506 0305 03213 5000 128000
0 0 0 6 5020 00 02 9 0 00 0 0 0 0 20 0 2 9 4 0 0 912 00 00 0 0 04 13 09 000600 100 9124 500
400 003 6 0 06 0 2 02 00 5 0 70 000 1004 10 2307 00 0 009 00 0000 10 0 0 0210 00 400 00 3000 8706 0002
07700 1000 00210 0700 0000 0 0 10 90 00050 000 0002 0810 0000 0460 10070 000 0090 0810 01009 0000 000002
0 0 0 6 0000 00 32 3 4 00 9 0 0 0 28 0 0 0 0 0 0 900 00 08 0 0 20 00 00 306003 100 8009 596
020 100 0 0 02 8 0 00 79 0 0 80 807 0000 00 0060 10 4 000 00 1200 02 0 5 1000 17 600 10 0000 0700 0048
00006 0700 13010 0500 5000 3 5 00 00 90080 090 0000 9800 0015 0510 40000 000 0104 0022 00000 5800 127598
9 0 0 0 5020 00 02 5 0 60 0 0 0 9 00 0 0 0 0 0 0 000 10 40 8 0 20 04 00 001000 704 0000 500
100 073 0 4 02 8 0 00 54 0 1 80 007 0001 30 9000 00 9 000 04 0250 00 3 0 0000 02 010 97 0040 8000 0002
02010 0800 00000 0002 0000 0 5 02 00 02002 000 0010 0010 6000 0400 00015 000 0004 2000 00000 6000 080300
5 2 3 0 0123 00 02 8 0 02 0 0 0 1 08 9 0 0 4 0 1 000 06 00 9 0 20 02 30 503000 024 0000 400
80 800 5 0 00 0 0 40 80 0 0 40 008 0010 10 0300 10 0 002 04 7000 00 2 5 0200 03 000 02 2005 0000 0002
00000 0005 03200 0700 5020 3 0 02 08 00022 007 0000 9852 0005 0000 10000 100 5172 5300 00210 0000 360099
9 2 0 0 5003 00 00 0 8 00 0 0 0 1 28 0 0 0 0 9 0 000 00 00 6 8 80 70 00 051000 009 0020 000
120 050 5 9 00 0 0 00 00 7 0 00 000 0010 18 0300 00 4 006 00 0200 00 0 6 0080 02 105 00 8400 0000 0002
19007 1000 08000 0090 5001 0 0 10 00 00000 810 8010 5000 0005 0400 00000 020 0030 0302 00500 0100 000008
1 0 0 0 5100 80 00 5 3 00 0 6 0 0 07 0 0 0 0 5 0 000 10 00 0 0 04 00 80 890810 800 0000 020
103 003 0 5 90 0 0 10 30 0 0 00 907 0200 00 0304 10 4 402 08 0050 00 3 0 6009 00 005 90 7060 0710 0000
07300 0070 00005 8000 0001 5 5 02 90 02000 000 8000 0502 1005 0010 00007 004 0030 0300 03206 0080 007050
0 0 0 8 5020 95 10 5 0 00 9 0 0 0 00 0 0 0 4 0 0 009 16 40 0 0 08 00 23 807200 100 9000 550
063 060 3 0 00 8 0 10 00 0 1 00 060 5200 60 2010 10 0 072 00 0000 10 8 0 0000 00 400 00 0005 0010 8000
00003 0030 10000 8300 8021 0 0 00 80 00002 019 6002 0092 0000 7407 00205 000 0007 4310 03000 0183 005100
0 0 0 9 5000 00 00 0 0 12 0 2 0 1 08 5 0 0 0 0 1 900 17 00 0 8 00 00 03 009027 000 7020 000
003 009 0 0 30 0 0 00 80 0 0 00 900 6000 15 0000 60 0 900 00 1008 10 0 0 0200 00 700 10 2100 8000 0002
10306 0105 13200 0210 8001 0 5 00 90 00679 905 0002 0010 2000 0000 10005 900 5000 0100 00710 1089 120000
0 0 0 6 0080 00 00 0 1 00 0 2 0 1 20 9 3 0 0 0 1 517 00 40 9 0 00 00 23 090000 004 0000 006
020 000 0 0 12 0 0 12 00 0 0 00 080 0204 00 0014 00 0 000 00 0200 02 0 0 9000 00 000 05 2730 0700 7714
54006 0000 03000 0877 0060 0 5 00 00 00100 000 0002 0372 1000 5700 02007 108 5000 5010 59013 0000 000090
7 6 0 0 7000 00 07 0 0 02 0 0 0 0 20 0 0 1 0 0 8 002 00 05 0 0 00 00 23 000000 100 8903 086
030 020 5 0 00 8 0 00 00 4 0 00 000 0200 02 0000 00 4 900 04 0210 80 0 0 0004 10 070 00 0595 8000 2902
00010 0007 00260 0000 5008 0 6 00 00 12000 100 8900 0000 0055 0003 62890 100 1030 5000 00003 0000 070600
0 2 0 0 0023 00 12 0 0 00 0 0 6 0 00 0 0 1 7 0 0 000 10 85 0 8 20 00 00 601023 000 8483 056
120 503 0 0 00 0 0 10 00 0 0 80 000 0210 80 6010 02 0 510 01 5270 12 3 0 3880 00 005 12 0000 0238 0998
09710 1080 17000 0010 0001 0 0 50 90 00080 810 0000 0090 7000 0000 00005 944 5030 0706 50010 1053 000000
0 0 2 4 0800 05 10 0 0 72 9 0 0 4 00 0 0 0 4 0 0 000 00 00 0 0 60 70 00 000803 000 0000 156
090 000 0 9 00 0 2 69 39 9 0 05 006 0000 00 4008 82 0 908 00 0210 00 0 0 0800 00 900 00 0000 8982 0002
00000 0100 00015 0702 0000 6 0 90 00 05090 000 8002 7012 0000 2600 12007 120 4000 0000 03003 1003 000003
0 0 0 0 0050 00 10 0 5 00 0 8 0 5 20 0 0 0 0 5 0 050 10 00 0 8 00 00 00 200000 000 8723 006
000 050 0 0 90 0 0 02 08 9 0 90 000 1007 00 0007 00 4 002 00 0097 12 3 7 0200 10 000 02 0040 0000 0014
10060 0075 03200 0002 0100 3 0 00 00 10000 808 0000 9000 0000 5080 00005 090 0034 5002 50000 1003 080000
5 2 0 4 0143 00 10 0 0 00 0 0 0 0 00 0 0 1 0 0 1 807 19 50 9 8 00 10 00 001020 000 2020 050
503 000 0 9 79 0 0 05 02 0 1 02 907 3000 20 0850 00 0 000 04 1200 02 0 0 0990 90 005 02 2198 8000 0000
02600 0155 00000 8000 5070 0 8 72 00 00880 150 8000 0042 1000 0410 00200 100 7100 0000 00003 1000 920000
1 0 0 0 0063 00 02 0 0 00 0 0 0 5 00 0 2 0 4 0 0 500 07 40 0 8 08 80 05 090000 000 3820 009
00 000 0 0 00 0 0 40 00 0 1 00 000 0210 00 2004 17 0 000 80 0915 00 0 0 0000 50 000 00 9000 0000 0900
00003 0030 00000 8020 0020 0 0 72 98 00806 000 0000 7900 1000 0010 00000 100 0130 0092 09390 0600 100098
2 2 3 0 0000 08 00 0 0 72 0 0 0 0 20 0 0 0 4 0 0 000 10 40 4 0 00 03 00 001000 100 0003 006
123 093 9 6 10 8 4 02 00 0 0 90 680 7210 05 0005 02 0 000 00 1014 00 0 0 0000 18 910 00 0000 9710 8012
04000 4000 00200 0012 0000 0 5 00 00 12000 019 0902 0802 1010 0410 00010 000 0000 5210 20010 8000 005000
1 2 0 4 0103 00 00 0 6 00 9 5 0 0 00 0 0 0 4 0 3 592 00 00 0 0 00 00 00 001600 000 0000 050
090 600 0 0 60 8 0 00 09 9 0 59 980 0000 00 2380 00 0 000 34 0005 60 0 5 7907 10 610 00 0200 9410 0900
00000 4005 60265 0012 5000 0 0 00 04 00002 005 0002 9800 0000 0003 10200 027 0064 5000 00910 0053 900008
0 0 0 0 0020 05 00 5 5 00 0 0 0 1 00 5 8 3 0 0 0 002 00 40 0 0 00 92 03 990000 000 0070 000
000 000 0 0 12 6 2 00 09 9 0 89 090 0000 05 0900 02 0 008 09 0000 00 3 0 0000 02 410 00 0002 0310 0000
00003 0500 00010 8000 0003 0 0 08 08 00030 805 0010 0050 9005 8010 00005 120 0034 6000 00200 0053 500006
0 0 0 0 0000 90 08 5 5 00 0 2 0 0 00 0 0 1 0 0 0 919 00 47 0 0 20 00 00 090730 924 0920 507
107 000 5 0 00 4 0 09 30 0 8 82 908 1010 00 0310 10 0 802 00 1005 10 0 1 0000 00 016 10 2000 8000 9008
00003 1000 13000 0390 0000 3 0 10 00 02000 000 8000 3000 4000 5013 10000 000 5100 0310 00018 1003 070100
0 0 0 4 5003 40 00 0 0 10 9 0 0 1 28 0 0 1 0 0 0 000 06 00 0 0 00 02 20 001009 705 0000 000
825 705 0 0 12 0 0 10 00 0 0 00 900 1014 05 0000 02 4 900 04 0200 00 0 0 0080 02 010 02 2000 9000 7009
00003 0080 00280 0703 0001 0 5 10 50 00000 000 0762 9000 1010 0850 00500 020 5130 8000 00018 0005 600130
1 0 0 0 0020 00 00 0 0 00 0 0 0 0 00 0 0 0 5 0 2 010 02 09 0 0 00 00 00 700003 009 0103 007
020 320 8 0 10 9 0 00 00 0 0 52 007 0007 04 0014 00 0 000 12 0910 90 5 0 0200 00 000 00 2009 0010 6000
10050 0100 10200 0700 5092 3 0 00 90 10080 010 6902 0000 0009 0008 00050 024 0030 5000 03003 0058 005100
7 0 0 0 0023 40 00 0 5 00 0 2 0 0 00 0 0 0 0 5 0 058 00 00 9 0 04 02 00 690020 104 8100 050
020 320 0 0 00 0 0 02 09 8 1 00 088 0080 00 0014 16 0 000 00 0000 00 0 5 0000 00 000 10 2805 0000 0000
02000 0109 00500 0714 0120 0 0 10 00 62802 800 0010 0050 0260 0010 02000 060 7000 3000 00003 0050 000000
0 0 3 0 8100 00 02 5 0 00 8 0 0 0 09 0 0 5 8 0 0 000 15 00 9 0 04 00 00 890249 090 0080 008
020 100 0 0 00 9 2 02 80 7 0 80 500 1200 00 0016 00 4 900 00 7010 09 0 5 0000 10 000 10 0045 0000 0000
00000 0000 00000 8050 3000 0 5 02 90 00072 015 8900 0000 0000 1010 02085 107 0006 0300 50000 1850 000000
0 0 0 4 0023 00 00 5 0 70 0 0 0 2 08 0 0 0 0 5 9 000 90 00 0 0 00 00 00 800820 000 8003 000
100 002 0 9 00 0 2 80 09 3 0 82 903 0014 00 0310 00 6 002 10 1004 02 0 0 0009 00 010 07 7600 8006 7910
10600 0030 10010 0008 0020 0 0 70 00 00060 800 8002 0800 1200 0000 00805 004 5834 5302 00013 0100 022009
0 0 0 0 5003 00 00 0 0 10 2 0 0 0 00 0 2 0 0 5 0 010 00 46 0 8 00 10 80 006003 004 0007 006
004 400 0 9 00 9 2 00 07 7 1 80 000 1004 00 2000 92 0 000 00 1045 18 0 4 0209 10 010 00 0000 0719 0080
00010 0005 03005 0002 5000 0 7 00 00 02042 007 0709 0000 1230 5400 00000 000 5000 7002 00203 7006 000198
0 0 3 7 0000 00 80 4 0 00 0 8 6 0 00 0 2 1 0 0 0 002 00 45 0 0 05 00 02 090700 000 8000 000
00 000 5 0 00 0 0 20 09 0 2 22 000 0604 07 0004 01 0 000 00 6000 10 0 0 0080 10 400 02 0009 8002 8000
00804 9100 50000 5000 0000 0 8 00 90 10108 000 0079 9000 0706 0400 07205 008 0000 0000 09010 0070 105100
0 3 0 4 5023 70 00 0 0 68 0 0 0 0 00 0 4 0 0 0 0 900 00 00 8 0 00 10 00 090003 030 0109 006
820 903 0 0 10 0 0 00 00 7 0 02 000 0006 00 2010 60 6 706 04 0080 00 3 0 0000 10 409 00 0100 8080 8010
00800 0070 06000 8706 5000 3 0 00 90 00900 805 0900 0009 0975 0400 00270 000 0100 0000 00000 1003 920090
7 0 0 0 5020 40 12 0 0 12 0 0 9 0 00 8 0 0 0 5 0 002 12 83 9 0 00 60 23 000000 500 8000 050
100 000 0 3 10 8 0 12 99 0 0 80 087 1204 10 9300 12 0 000 50 0005 40 3 0 0000 00 800 00 0100 0000 0000
07003 1030 03000 0000 5085 0 0 00 90 00000 000 0000 0810 4200 0400 00005 020 0000 0000 00200 0500 005098
0 0 2 0 0009 65 10 0 0 00 0 0 0 0 07 7 9 0 0 0 0 900 29 08 0 8 29 00 00 000200 100 8103 000
045 000 0 0 02 0 0 00 09 0 0 82 000 0004 09 0000 00 2 003 07 0000 92 0 0 0080 30 000 00 0000 0000 0000
62600 0065 15830 0012 8001 0 0 02 08 00008 060 8000 0610 0200 0000 50090 000 0100 5012 03013 0060 100190
0 0 0 0 0003 00 02 0 0 10 0 0 0 0 20 0 0 0 0 0 0 002 14 55 9 0 00 00 00 809203 100 0000 000
200 073 0 0 00 0 0 50 80 2 0 00 007 0000 10 8504 00 4 902 08 0000 00 3 0 0900 04 000 12 0108 0000 0900
00900 0400 10060 5602 0100 0 0 00 00 00042 000 0900 0019 0705 0008 10005 000 0034 5800 53060 0103 020000
0 0 3 0 0020 40 00 0 8 00 0 0 0 0 70 0 2 0 0 6 0 600 00 00 0 0 00 00 00 000903 020 8200 503
060 100 0 6 00 0 7 02 00 0 0 00 070 0804 00 0000 98 4 900 00 0250 10 0 5 0009 00 415 00 2005 0010 8079
92000 0000 00015 0618 5000 0 0 02 00 02000 805 0900 0080 0010 0008 00000 400 0100 5952 00210 0057 095800
0 0 3 0 0003 02 00 0 0 82 0 0 0 0 00 6 2 7 0 0 0 001 10 00 0 8 94 02 73 801273 000 8500 000
023 000 0 9 10 9 0 50 02 0 0 00 000 1000 06 0074 02 0 000 70 0008 00 5 0 0009 00 000 00 0945 8002 0000
00010 0100 03808 0000 0008 0 5 18 00 12000 810 0802 2000 0205 2019 09000 000 5100 8000 50000 0000 020100
0 7 0 7 0003 05 10 0 0 00 0 0 0 0 09 0 0 1 0 0 0 610 00 70 0 0 04 02 00 020000 807 0070 000
600 000 0 9 11 0 2 88 00 0 7 00 907 1094 00 0300 62 0 900 00 0075 10 0 7 0080 00 004 00 0000 0002 0710
10300 0100 13085 0732 0600 4 5 10 08 00080 007 0090 0052 0200 0003 10506 004 0800 0012 00000 0000 100400
0 0 3 0 5100 00 00 5 0 00 0 7 8 4 00 9 0 0 4 0 0 000 00 00 4 0 00 02 00 000200 000 5090 800
400 403 0 0 30 0 1 10 80 0 0 00 080 0204 50 0010 00 0 000 00 1000 10 0 5 0009 00 080 10 0105 1700 0010
10013 4100 00010 0010 0000 0 0 00 07 02000 805 8902 0900 0005 0060 00205 000 0094 0300 64211 0350 180150
0 0 0 5 0000 40 10 0 0 00 0 2 0 0 00 9 2 0 0 0 0 500 00 40 9 0 04 08 03 800260 034 0020 806
000 000 5 0 00 0 0 10 00 0 0 00 007 1000 05 0010 10 0 000 05 0200 12 0 5 1008 00 030 10 2000 0010 0052
00090 0080 10000 8000 0001 0 5 00 08 00000 010 8990 0600 0010 0903 00090 000 5100 5302 00000 1003 004006

07000 0008 03015 0500 5000 0 0 00 68 00002 010 0000 9900 0000 0000 51000 000 0000 5000 53203 0653 125900
0 0 8 4 0000 00 00 0 0 00 0 2 3 0 28 9 0 8 0 5 9 900 00 05 9 0 00 03 00 809000 000 0000 520
003 050 0 0 10 8 0 00 89 0 1 02 080 9020 00 2000 05 0 006 14 0200 02 3 0 6080 10 015 06 5105 8010 0016
10001 0100 00031 0702 0000 8 9 40 08 00400 000 9010 0812 0000 0000 00008 020 0000 5070 09033 1053 000105
9 2 0 0 3000 08 00 0 0 50 0 2 0 1 08 0 0 0 4 8 1 010 80 40 0 5 00 90 00 099100 020 0050 870
50 080 5 0 00 8 2 00 00 0 0 40 800 4200 00 0004 06 0 019 00 1000 02 0 0 1289 00 405 05 0040 0700 8002
12000 4005 10000 8000 0190 0 5 00 00 02153 870 0006 0012 0200 0400 12000 090 0000 7010 00007 0150 005008
0 0 0 0 5000 30 12 0 0 00 9 0 0 0 00 0 3 1 0 0 9 000 02 40 5 0 00 00 00 708203 004 0043 020
003 003 0 0 10 0 0 00 80 8 1 00 000 0000 10 0000 10 0 000 00 0200 10 3 9 1209 10 400 00 2005 8700 0900
02300 9000 00270 0002 0020 3 0 00 00 10002 004 0000 9002 0000 0440 00000 100 7734 0000 00060 0058 106100
0 0 0 0 5020 00 12 0 0 00 0 2 0 0 00 9 0 0 0 0 0 002 00 90 0 3 20 00 00 000000 000 0020 056
000 903 5 0 00 8 2 00 09 0 0 00 004 0300 15 2310 00 4 000 00 0010 10 0 5 0002 10 000 00 0000 8700 8902
00960 1100 10200 0710 0020 0 0 60 98 00000 900 0009 0000 9005 0000 06070 104 0130 3000 03210 1100 835000
1 0 0 0 0000 00 70 0 0 02 9 0 0 3 20 0 0 0 0 0 0 008 72 00 0 8 04 10 00 007000 004 0000 000
000 000 9 0 00 8 0 22 09 0 1 00 000 0008 50 0000 12 0 080 10 0000 00 0 5 0000 02 800 02 0070 0000 0010
30000 1000 03200 9002 5001 0 4 10 00 00000 510 0000 9000 0410 0430 00207 006 0034 7060 03200 0000 100000
0 2 6 0 5020 40 00 0 9 00 0 0 0 0 00 8 0 0 4 0 0 002 00 00 6 8 40 02 63 000033 004 0000 550
000 003 0 0 00 0 0 10 80 0 0 00 000 0000 05 0006 00 0 900 00 0210 00 0 5 0000 00 010 00 7040 0008 0000
02303 1000 10710 8010 0100 3 0 02 00 02000 810 0980 0010 0055 2409 00010 000 0040 5099 53010 0000 130100
0 0 0 4 0820 40 02 0 9 90 0 0 0 0 00 0 0 0 4 9 0 000 00 00 0 8 00 08 00 005020 580 0000 000
602 020 5 1 00 0 0 03 09 0 0 82 000 5108 00 0800 00 0 000 90 0090 02 0 5 0070 12 710 20 4040 0010 0100
02000 0000 00000 0708 0000 0 0 10 90 92000 810 8902 0010 9800 0000 80950 004 0002 0002 50000 9003 500879
1 7 3 0 0000 40 00 0 3 10 0 2 0 0 20 0 2 8 0 5 6 022 18 40 8 0 29 40 00 800050 100 0020 050
073 003 0 7 00 0 0 02 00 0 0 04 800 0600 10 0000 00 4 000 08 0285 00 0 5 0000 00 210 02 0000 8000 0000
10000 1036 06200 0000 5400 3 0 00 00 15700 000 0002 9010 5700 5010 10080 024 5000 5015 80090 0000 000139
0 5 0 0 0100 00 10 5 9 80 0 2 0 1 00 9 0 0 0 0 0 000 00 08 0 8 00 00 00 890290 049 0020 500
009 901 5 0 00 0 0 00 00 2 0 82 080 1004 00 0000 00 0 008 14 0217 09 0 0 0000 90 000 82 0000 1702 0000
12007 0000 00000 8010 5080 3 0 00 09 00000 010 0050 9000 0075 0000 10015 064 7008 0002 53010 0003 125006
1 2 0 0 0000 10 00 0 5 02 0 8 0 0 03 3 0 0 0 0 1 000 10 00 0 8 00 10 70 091003 020 0100 550
073 005 0 4 02 8 2 08 00 0 1 00 000 0000 00 0010 80 6 000 04 1505 00 0 0 1000 00 008 00 0000 6000 0010
30300 1000 00005 8700 0100 0 0 10 95 97100 800 0000 5007 0605 8000 00015 028 0804 0000 00057 0003 120001
1 0 0 0 0020 00 82 0 7 50 0 2 7 0 00 0 2 1 0 0 0 000 00 40 0 0 00 00 00 001023 109 0000 000
000 000 0 0 00 6 7 00 00 0 0 82 060 0014 80 2004 00 0 000 10 0200 12 0 8 0200 00 000 02 0009 7700 5000
1 0 0 0 0020 09 00 5 0 10 9 0 0 0 02 0 0 0 7 5 1 010 10 00 0 8 70 00 00 003020 100 8020 550
000 090 0 0 00 8 0 00 00 6 0 02 900 1014 59 2302 12 0 000 04 0090 00 0 0 0080 20 000 00 2040 0010 0000
70000 1035 70810 0002 0000 3 0 02 00 02200 000 0302 0002 0210 3013 92005 063 0800 0703 00300 0100 020000
0 0 9 0 0023 01 07 0 0 00 0 0 0 0 48 0 0 0 4 0 9 902 00 45 4 8 07 18 13 801900 124 0097 000
05 023 0 3 04 0 0 10 09 0 6 00 000 0000 00 2300 80 0 019 70 1240 00 0 0 0280 02 000 00 0009 0010 4402
82000 1030 00200 0706 9500 0 0 10 00 00102 025 0000 0002 0000 5403 02000 004 5200 0000 90000 0083 020100
1 0 3 0 0000 40 10 0 0 02 0 0 9 0 20 0 0 1 0 5 0 060 10 05 0 0 00 10 00 800080 900 7503 010
420 096 5 9 10 0 0 09 00 8 0 00 000 7000 00 0060 12 0 000 00 1010 00 0 0 1059 00 400 00 2069 0000 0072
02090 0034 63000 3003 5128 0 6 02 07 00100 005 0000 0800 8215 5910 00040 020 0735 0002 00000 0000 100000
1 0 3 4 5103 00 00 5 7 02 0 2 0 0 08 0 0 0 0 0 0 012 10 05 0 0 04 00 00 000500 034 0000 000
003 900 8 0 06 0 2 00 08 0 0 52 088 5290 00 0300 00 0 000 74 2810 00 0 5 5480 00 000 02 0005 0000 0911
00070 0100 13090 0002 0021 0 5 02 00 00100 000 0000 9932 0205 0400 52200 000 0100 9010 03003 0000 005000
7 2 3 4 0000 45 02 0 5 00 6 2 0 6 06 0 0 0 2 0 0 030 00 40 9 0 00 00 20 007000 000 0100 050
000 000 6 0 00 0 0 10 09 7 0 00 900 9004 00 2010 00 4 012 00 0200 00 0 0 5900 04 000 00 0040 2708 0000
10603 0000 00009 0000 5500 0 0 00 00 00102 000 0900 0000 0000 5000 02000 060 0000 4002 00010 1000 005808
0 0 0 0 0100 42 00 0 0 08 0 3 0 0 00 0 0 0 5 7 1 900 00 09 0 0 24 10 70 000000 120 0000 008
600 010 0 3 00 0 0 09 60 8 0 02 000 0060 85 0019 00 0 002 08 0200 15 1 0 1009 02 000 00 0000 0190 6710
00310 1130 07100 9706 0100 0 5 12 00 00701 810 0000 9000 0400 0006 00105 000 0100 0300 90213 0058 000098
0 0 0 5 5000 09 02 5 0 10 0 0 0 1 28 9 0 1 0 5 1 000 02 45 7 0 54 00 00 001000 000 0000 006
100 063 0 9 00 0 0 00 00 8 0 00 900 0202 00 8000 10 0 009 00 5014 12 0 0 6206 10 690 00 0005 0000 0892
00600 0000 03005 8000 5000 0 0 10 00 19090 810 8009 0000 0015 0963 00010 004 0010 0004 00004 0003 005100
0 0 4 0 0103 00 00 0 0 08 9 7 9 0 68 0 0 5 0 0 1 000 10 05 0 0 00 10 00 099000 600 0120 056
100 008 0 0 00 0 0 02 09 0 0 00 000 1000 10 8000 02 0 004 74 0200 00 0 0 0000 12 010 60 2004 8700 8900
10010 9605 00000 0010 0071 0 0 00 98 00060 005 8900 0000 3008 0400 00080 124 0090 0000 03007 1603 005040
0 2 0 0 0103 00 10 0 0 00 0 0 0 0 08 0 0 0 0 5 1 000 00 40 0 8 09 02 03 007004 020 8000 050
003 100 0 7 00 0 0 10 80 0 1 00 080 1010 00 0700 01 8 000 54 0800 02 0 0 1000 00 500 10 0009 0802 0000
02008 1060 03000 0000 0000 0 0 00 90 00100 010 0000 3000 0005 0000 00000 060 0500 5013 53000 0500 103000
1 0 0 0 0100 05 70 0 0 10 9 3 0 1 00 0 0 0 0 0 1 002 02 00 0 0 00 03 00 400000 026 0003 000
900 920 7 0 12 8 5 00 09 0 0 07 030 8000 00 0060 00 0 012 13 1270 72 0 0 0209 30 007 10 0040 7000 0000
00009 0335 00335 0710 0000 0 0 02 90 00000 800 0900 0920 1290 0000 00260 000 0000 5580 00003 0003 020040
1 0 3 0 0000 00 00 5 0 05 9 2 4 1 00 0 0 5 0 0 1 900 00 40 0 0 90 70 00 090250 000 0100 006
000 003 4 9 00 8 0 60 00 8 1 00 007 1008 00 2800 06 0 010 39 0003 03 0 0 0090 02 005 12 0045 0012 0000
00010 0130 04310 0702 0100 0 0 40 90 30030 800 0900 9808 0000 0000 00300 004 6004 0300 07000 1150 185199
0 2 0 0 0003 40 00 0 8 90 0 0 0 1 04 0 0 1 4 5 1 900 18 00 0 7 04 18 00 800000 004 0000 050
003 000 5 5 00 0 2 00 00 9 1 02 600 0300 90 8010 92 0 060 10 0008 02 3 5 0000 00 935 00 0100 0600 0009
12107 0040 00910 8000 0108 3 0 10 09 00002 005 0800 0908 0050 0310 10210 000 0034 7000 00200 0000 095084
5 2 9 0 0020 48 02 5 5 00 0 0 0 0 08 0 0 0 0 0 0 900 07 05 0 0 04 00 00 001729 034 0000 006
59 604 0 5 09 0 0 00 70 0 0 00 900 0200 06 2014 00 0 030 00 0009 00 0 0 1244 02 000 00 3000 8000 0000
02000 0000 93900 3002 0080 3 0 02 90 10002 010 0010 9002 1010 0903 00200 000 0000 0017 54010 0000 000108
0 0 0 0 0008 44 10 0 0 00 9 0 0 0 20 0 2 1 0 0 0 000 12 00 0 0 00 00 00 790527 180 0670 006
009 100 5 9 00 0 0 02 00 9 0 80 000 0000 05 2000 90 8 018 00 0214 02 0 7 5000 00 000 10 6005 8086 0900
00300 0701 00005 8008 5031 0 0 80 07 00400 070 0500 9099 0085 8416 90010 004 0104 0929 50200 0051 100198
0 2 9 0 0040 00 80 5 0 10 0 8 0 0 08 0 0 0 0 0 1 000 00 00 0 0 04 02 03 000700 000 0000 000
007 070 0 0 09 8 8 00 00 0 1 30 009 0200 00 0804 10 0 010 06 0200 10 0 0 0000 96 040 60 2105 0000 0000
00300 1705 00200 0000 0100 7 0 05 00 08084 000 0912 0850 0000 0000 00000 004 0000 0080 00013 0000 000000
0 0 0 0 0000 40 02 5 0 90 0 0 6 0 08 9 0 0 0 0 1 002 00 05 0 0 50 00 00 001000 020 0003 200
006 003 0 0 10 0 0 22 00 7 8 00 060 0004 00 0010 00 4 000 00 0010 00 9 0 0080 00 400 02 8140 6800 8000
04050 1000 07018 0010 5090 0 0 00 98 00092 915 0900 5812 1004 0900 00010 004 0100 0080 00000 4350 009090
0 2 3 0 0000 40 10 5 0 03 0 0 0 0 00 0 2 0 0 0 1 002 10 07 9 0 00 02 00 880000 014 0506 850
000 020 0 0 16 0 7 12 20 0 6 40 000 1204 45 2000 02 9 000 00 3905 10 0 5 5084 12 000 15 2007 0800 0000
00000 0100 10000 0000 0001 3 7 00 08 02102 010 2082 0000 0005 0000 10000 130 0000 0010 50813 1003 000080
0 4 0 4 0103 05 02 0 0 02 0 0 8 1 40 0 0 0 0 0 0 900 00 00 0 3 00 00 00 060003 000 8007 006
104 009 0 9 19 0 0 00 04 0 2 80 087 0010 90 8004 00 0 052 00 0000 72 0 7 1080 92 010 00 8040 0012 8990
10000 0003 00203 0900 0020 3 5 02 04 92300 000 8900 0800 0015 0410 02200 003 0050 0560 00200 0000 000000
0 0 6 0 0100 00 10 0 5 00 0 2 0 1 08 0 0 0 4 2 0 000 00 00 8 0 00 00 01 001000 000 0003 000
000 053 5 8 10 0 0 02 80 0 0 40 000 0000 90 2008 06 0 018 09 0700 02 0 0 0500 00 010 04 6005 8702 8070
00009 0000 50010 0010 0120 3 0 00 00 10000 703 0900 0000 1210 5403 00290 020 0100 0000 58210 1050 000960
0 0 3 9 5606 05 02 7 5 19 0 0 0 0 00 0 0 0 4 0 0 902 00 00 6 0 29 12 20 000000 005 8004 090
900 004 0 0 10 0 0 10 80 0 0 80 900 0200 00 0000 10 0 010 16 6060 00 8 0 1080 02 004 19 3940 0010 8400
02000 0030 80305 6000 5021 3 0 00 90 00000 405 8010 0000 0005 0000 12005 020 0000 0300 00003 0050 020000
0 2 5 0 0120 35 22 0 5 00 0 0 0 0 57 0 2 0 4 0 1 000 02 00 0 0 24 03 23 008000 908 0120 050
003 000 0 0 00 0 0 03 00 7 0 00 907 0260 00 0300 22 0 002 07 0200 10 0 0 0280 04 005 09 0157 0080 0000
10300 0000 03208 0012 0000 0 0 00 08 00040 028 0090 0000 0000 0000 10000 105 0030 5008 00000 0003 005040
0 0 0 0 0000 44 10 0 0 10 0 2 0 0 00 0 0 0 0 0 0 006 10 40 0 0 03 00 00 001004 020 0150 570
000 880 0 0 10 0 5 19 00 0 0 06 000 1000 00 0314 12 0 010 04 0209 10 3 3 0000 10 000 00 0190 0710 0002
02500 0000 00040 0012 5060 3 5 70 00 10006 000 7012 3800 9260 0403 10900 000 5100 6305 03000 0000 004008
0 0 0 8 5000 40 00 0 2 50 9 0 0 0 28 0 0 0 0 0 7 002 70 00 0 0 04 00 00 001009 104 8100 505
003 000 0 9 12 0 0 06 80 0 8 00 000 0304 00 0004 10 0 997 00 0000 00 0 0 0009 00 000 05 0000 9210 0007
00200 4870 30010 0062 0000 3 0 10 08 10059 000 0000 0800 0004 0007 04200 090 0030 0379 00203 0400 000000
5 2 0 0 0000 90 00 0 0 00 0 0 0 0 00 0 0 1 0 5 1 070 00 06 0 8 07 10 00 000000 100 0080 406
50 003 0 9 00 8 0 00 00 6 7 80 000 1300 00 0084 02 0 910 00 0215 12 0 0 0200 09 002 05 2005 0010 0000
03003 0070 03000 0712 5000 0 0 10 00 10100 860 0000 0700 0005 0000 12000 000 0500 0300 06000 0050 170907
0 2 0 6 0120 40 12 0 0 00 0 0 0 3 20 8 0 8 4 0 0 912 00 00 9 0 20 10 60 890203 904 8006 006
103 020 0 0 82 0 8 00 00 0 0 85 987 4040 00 6308 06 0 010 00 0000 00 3 0 0200 02 007 00 2100 0700 0000
00003 0100 00205 0040 0007 0 5 02 90 00602 000 0000 9002 1010 0706 00210 100 0000 5095 03000 0009 820090
1 9 0 0 5800 00 00 0 0 12 0 2 0 8 70 0 0 0 4 0 0 010 02 40 9 8 20 00 00 000000 020 0003 050
500 103 6 0 02 8 0 10 00 0 0 08 980 0700 00 2060 10 0 000 10 0005 10 0 0 1000 10 005 10 0160 9810 8070
00310 0906 03010 8000 5001 3 5 10 04 10000 819 0900 0010 1610 0405 02055 120 0000 0010 00503 0050 000100
0 0 0 0 0100 65 00 0 0 00 0 0 7 0 03 9 0 0 0 1 0 010 10 00 0 0 00 00 29 000009 120 0000 006
029 003 0 9 52 8 0 02 80 0 6 00 800 0000 02 3300 20 0 960 00 6006 10 3 0 0080 10 405 00 0005 0000 0000
00013 0740 10000 0792 0009 6 5 00 08 12010 000 0902 0800 0410 0000 00006 000 0004 0300 03000 0050 100090
0 2 0 0 0108 00 00 0 0 00 9 0 0 1 90 0 0 1 0 7 0 902 30 40 0 0 00 00 00 003200 000 0000 050
100 900 5 3 02 1 0 02 09 8 1 00 000 6800 85 0000 19 4 900 89 0205 00 0 5 0080 00 007 00 0000 8000 0010
02000 0008 60202 0010 0000 0 0 10 90 00000 000 0014 0800 1005 0404 02010 564 8000 0000 50800 0005 100070
0 2 0 0 0000 05 00 0 0 10 0 0 9 0 00 9 6 0 0 5 0 000 52 05 0 0 26 12 00 090080 100 0020 556
180 000 0 0 00 8 9 02 80 7 0 10 000 6004 15 0000 08 0 003 08 0200 00 0 0 1280 80 000 00 0100 0017 8010
15310 0000 00000 0000 0000 7 0 02 08 00005 805 0000 0800 0400 5000 00000 100 0000 0300 50003 0400 000100
1 0 0 0 0003 00 02 6 0 00 5 0 0 0 00 0 0 1 0 0 0 002 05 90 0 0 90 00 20 501000 000 8724 060
020 003 0 9 00 8 0 90 09 0 0 00 087 0016 05 2004 00 2 912 00 0909 00 0 0 1000 00 010 10 2010 4010 8400
10310 0030 40000 8700 5062 0 0 12 06 02000 001 1002 0802 0080 0008 02060 105 0940 5000 00600 9018 105100
0 0 3 3 0020 00 00 5 9 00 0 7 8 0 08 0 0 7 0 0 8 050 12 40 9 3 00 00 03 010003 008 0000 000
000 003 0 9 02 8 0 02 00 0 0 89 008 1000 00 0000 92 0 000 07 0000 00 0 0 1200 00 405 00 0005 5708 0011
00300 7000 30000 0710 0121 3 0 00 08 70000 300 0300 0090 0006 5490 20000 000 0006 5060 00200 0033 035000
1 0 0 4 0600 00 02 0 0 00 9 0 0 0 00 0 8 0 4 5 0 000 09 40 0 0 20 08 00 801220 800 0087 080
020 040 0 0 02 0 0 00 07 0 0 00 900 1000 00 0000 00 0 092 60 1210 02 3 0 0009 00 000 00 0000 0000 8005
06000 0080 03400 1002 0020 0 0 00 00 04087 210 0000 0800 0500 7453 02060 104 5030 5000 00200 0100 805098
1 0 0 4 0020 07 02 0 0 00 9 0 0 7 40 5 6 0 4 0 0 600 02 00 0 0 00 00 03 991020 100 0003 000
620 003 5 5 02 0 4 10 09 8 0 00 000 0004 04 2614 10 7 000 04 0200 00 3 7 1200 10 495 60 0040 0002 0000
00300 1100 04000 0718 0900 3 0 00 98 00000 005 0002 0006 0010 0010 18000 000 5004 0102 00007 0100 700007
0 6 0 0 5080 25 10 0 5 73 0 0 9 1 00 0 0 0 6 5 0 086 42 40 0 0 04 12 08 901000 074 8003 006
020 050 0 0 00 0 0 02 09 0 1 90 000 0000 00 0004 07 0 020 00 1900 00 3 0 0200 10 405 10 7005 0020 1900
10303 5072 03040 8030 0100 0 0 00 00 00100 005 0002 9812 0085 0080 10200 000 0000 0070 00000 0000 000000
1 0 0 4 5520 05 10 0 0 00 0 0 0 0 09 0 0 1 0 5 0 000 00 05 0 0 20 00 00 801000 000 0300 000
58 123 5 0 02 8 0 50 09 0 1 82 082 0010 05 4309 00 9 000 40 0297 00 3 0 1000 00 400 00 0005 8000 0012
07317 0005 03200 0700 2001 3 0 10 50 10000 805 9000 0000 4000 5400 00008 045 0000 5010 00203 0050 020090
0 0 0 4 0003 00 00 0 0 00 0 0 6 0 20 9 0 1 0 7 0 939 18 00 0 0 20 02 00 087220 006 0003 007
000 080 9 0 02 0 2 00 00 0 0 00 981 0070 70 2010 98 0 002 00 0006 12 0 5 0000 00 400 00 0075 0000 8010
00080 0030 00000 8007 4020 0 0 00 08 15102 000 0005 4700 0009 4010 10010 005 8500 5300 00000 0686 059008
1 0 0 4 0120 00 90 0 8 02 3 2 0 0 29 0 9 1 0 0 0 000 12 70 0 0 00 06 00 890090 000 0000 000
000 080 5 0 00 8 9 00 30 0 0 50 000 1000 00 2384 00 0 000 30 1900 00 3 5 0000 10 400 10 0040 0000 8004
00010 0030 10008 0072 0020 0 0 00 00 00100 800 5912 0000 9000 0403 00075 008 5400 2000 59010 0103 060090
0 0 0 0 0020 00 00 5 0 80 0 0 0 0 20 0 0 0 0 0 0 910 10 05 0 0 04 00 00 040000 000 8000 000
080 000 5 0 00 0 2 80 80 0 0 80 007 7004 10 2700 00 4 805 74 1010 12 9 1 1000 12 300 00 2100 0002 0010
12303 0030 80084 0000 4000 0 9 00 00 00006 810 8910 0810 0005 8410 30015 050 5100 0000 50000 0300 005000
1 2 0 4 0125 40 07 0 0 10 0 0 0 0 28 0 0 1 0 0 8 004 05 00 0 8 00 62 00 901000 100 8106 000
243 000 9 0 10 8 3 00 87 0 0 09 080 0010 70 0000 30 0 002 00 0210 07 0 0 0700 00 716 10 6100 0710 8002
00303 0007 10060 0705 0000 3 0 02 00 60070 609 0570 9000 1010 0443 00200 500 0900 0862 03203 0050 000020
0 0 0 0 5000 00 10 5 0 00 0 2 8 1 88 0 2 0 0 0 9 000 60 00 9 0 24 10 00 094000 004 0050 057
723 020 0 0 02 0 2 00 00 0 0 02 007 0000 06 0300 02 0 000 14 0060 00 0 0 1220 65 050 02 2000 0700 0010
03860 0030 00910 6003 6000 3 7 09 00 69000 815 0012 0800 1010 5000 10200 024 5530 5010 00009 5050 025000
0 0 0 0 4003 40 06 0 0 20 0 0 0 1 00 9 0 1 0 0 0 099 00 40 0 8 44 10 00 090000 000 0050 500
103 600 3 9 10 0 0 02 89 9 6 40 040 0000 00 0010 10 0 800 90 0000 00 0 0 1209 12 050 00 2040 0010 0002
50000 1000 00010 0700 0001 0 0 10 90 00002 000 0000 0010 1000 5483 02000 600 5009 0800 00000 6008 100108
0 0 0 4 0100 00 08 0 5 00 0 0 9 9 20 9 2 0 0 0 0 910 10 40 0 0 00 00 20 000500 100 0020 006
110 100 0 9 00 8 0 00 00 8 1 02 010 0004 15 3318 40 0 900 04 8006 02 0 0 0000 10 910 00 0005 8010 0002
06310 0100 10000 0010 2001 0 0 00 98 00060 800 0010 0010 0000 0000 90500 000 5000 5010 53013 1050 090040
0 0 0 0 5009 00 00 0 0 00 9 0 0 4 00 0 7 0 0 0 0 000 00 50 9 7 00 10 00 005000 900 0600 856
000 090 0 0 00 0 0 00 89 0 1 00 907 0224 00 0004 60 0 900 04 0900 10 0 0 0009 00 388 00 0300 0000 0910
00000 0000 60010 0010 0108 0 0 90 90 00000 006 0900 0002 0010 5003 00000 060 8104 8350 00000 3109 000500
6 2 3 0 5000 00 00 5 0 20 0 2 0 0 90 0 2 1 0 0 1 902 70 49 0 8 07 30 00 800000 504 8100 906
000 090 5 0 00 8 0 00 00 0 0 00 860 1204 00 0306 12 9 008 14 0000 00 3 0 0000 00 000 12 2100 0000 0080
08003 0100 00005 0008 5020 0 0 10 08 00050 040 0918 0007 0000 0443 10010 600 0134 0082 50800 0001 128000
0 0 0 8 0020 00 00 0 0 00 7 2 7 1 60 9 0 0 0 0 5 600 00 99 9 0 00 02 00 850200 005 0120 006
100 020 0 0 00 0 9 00 00 0 0 00 500 0240 03 7010 00 4 700 10 0005 00 3 5 0289 00 000 42 8005 0700 0600
10030 0007 10200 0002 0001 0 0 10 70 90002 050 0002 0000 0005 0710 02400 990 0100 0032 59003 0400 105003
1 9 0 0 0023 05 62 0 5 00 9 0 5 8 00 0 0 0 0 5 0 900 00 00 9 8 00 10 00 001073 004 0115 560
50 804 0 0 00 0 0 02 88 0 1 00 007 0000 00 0600 02 0 010 00 0010 00 0 0 1200 00 000 00 0040 0900 8090
02000 0305 03005 7000 5100 0 7 60 08 82040 000 0012 0800 0000 0410 30009 050 5734 5302 50000 7000 000608
0 0 0 2 0003 00 02 0 5 02 9 0 0 0 00 9 0 0 4 0 0 012 00 00 0 8 04 10 83 000299 005 0103 000
103 600 8 0 02 0 0 00 05 1 0 02 000 3000 05 2000 90 4 005 80 0000 00 0 0 0200 10 400 10 5000 8009 0600
00000 0031 10000 0002 5103 4 5 02 98 00000 815 0900 9000 0879 0000 00700 000 0100 0912 88413 0100 020000
1 0 0 6 0020 07 06 7 6 00 0 0 7 0 00 9 0 0 0 0 0 052 00 00 0 0 20 00 00 790020 005 0193 000
000 020 0 0 00 0 0 00 95 8 0 89 987 1004 00 0000 10 4 009 49 0010 00 0 5 0005 00 000 08 0000 0000 8400
00003 0005 00000 8010 7020 0 0 90 50 00000 000 8900 9800 0010 5003 00009 140 9100 5300 06203 9100 105000
4 2 3 5 0600 00 00 0 5 00 0 0 0 0 00 0 3 0 0 5 0 900 04 66 0 0 90 00 20 800200 400 0000 580
703 000 0 9 10 0 0 12 00 0 1 00 900 0040 50 0000 72 0 000 07 1200 00 0 7 3000 00 000 12 0005 8040 0200
00000 0015 23010 0370 5100 0 0 00 00 00800 000 0002 0800 0800 5003 00075 113 5000 0382 00110 0603 009898
6 0 3 0 5000 05 12 0 0 00 0 2 0 0 00 0 0 0 6 9 1 900 00 00 6 0 20 02 00 000080 000 0008 000
003 100 0 3 10 0 0 02 90 0 0 80 900 0004 00 0000 10 0 000 10 0004 10 0 0 0088 02 490 00 2048 8012 0000
00400 1100 19000 0742 5011 0 0 02 90 10000 005 0910 0000 1095 0000 10205 000 5940 6000 59000 0050 040500
0 0 0 7 0190 05 00 5 0 00 8 2 0 0 08 9 0 0 4 0 0 002 00 50 5 0 04 00 33 800000 194 8003 003
000 020 0 9 10 8 0 09 00 0 0 08 007 0004 14 4010 01 6 006 00 0010 00 0 0 0000 10 000 02 0740 8012 0000
00000 0205 00210 8000 0001 0 0 13 98 80002 005 0072 0110 0005 0400 00010 120 8000 0009 06503 0740 000100
1 2 0 0 0123 00 02 6 0 13 0 6 0 3 00 0 0 0 0 0 0 002 02 00 0 0 31 00 23 000050 124 0003 500
003 091 0 0 00 0 0 00 00 0 0 10 000 1010 00 0070 00 0 900 00 0005 50 9 0 0000 00 000 00 0900 8010 0009
10000 0405 06000 8712 0105 0 0 07 00 00105 200 0001 0020 0000 0400 02000 004 0000 0010 07260 0050 140000
0 0 0 3 5000 00 00 0 0 02 0 0 0 0 00 9 0 0 0 9 0 000 00 00 7 7 04 10 73 001007 020 8028 056
000 073 0 0 02 9 2 10 00 0 0 00 600 0006 00 6054 02 0 010 10 0010 00 7 0 0000 00 000 06 0000 0000 0918
00810 0100 77310 0700 0100 6 0 00 00 72000 803 9002 0980 1000 0400 00205 000 0080 0300 53910 0020 000090
0 0 6 4 0000 40 00 0 0 00 9 0 3 0 60 0 0 0 4 5 0 010 12 03 0 0 40 02 00 801000 020 0020 000
000 800 0 0 10 0 1 02 09 0 0 90 000 0004 00 9680 00 4 000 80 0000 10 0 0 0006 02 400 10 0700 5700 0003
02603 0005 03205 0000 4004 0 5 02 90 02002 010 0010 0090 1085 0000 00000 000 0100 7000 50000 0000 005000
0 0 0 6 0003 40 00 0 0 00 0 0 0 0 03 0 0 0 4 0 1 005 00 00 0 7 00 82 03 040020 120 8092 050
020 000 0 0 50 8 0 10 70 7 1 80 080 1004 10 0039 07 4 000 00 1000 02 8 0 0590 12 005 12 8005 0014 0097
10061 0100 00005 8000 0100 8 5 10 08 00000 060 0000 0810 0005 5400 00470 124 0420 0312 00019 1900 020008
0 0 0 7 0000 00 10 0 0 00 0 0 0 0 03 9 2 0 0 0 1 010 92 00 0 8 04 06 00 090000 904 0003 000
020 123 0 0 00 8 0 60 00 6 1 00 980 0000 98 0010 08 4 980 10 1506 09 0 0 0000 00 400 02 2000 8000 0042
10313 0300 00018 0010 0400 0 3 12 00 80008 000 8900 4000 0005 0813 80200 000 0902 0002 05000 6007 025100
0 2 0 0 0073 80 00 5 0 00 0 0 0 1 24 9 0 0 0 0 0 000 00 45 0 8 44 10 73 805270 070 0025 357
00 003 0 0 00 0 0 04 00 0 0 00 000 0000 06 0000 02 0 005 08 0005 00 0 9 7050 00 410 02 0005 0000 0900
02010 0005 03900 8000 0000 0 0 00 07 08000 005 8900 0802 1208 0480 92015 040 0009 5000 50005 0000 020000
0 0 0 0 0160 05 00 0 0 10 0 0 0 0 20 0 0 0 0 0 4 900 02 00 8 0 00 10 70 090000 024 0020 550
520 880 0 9 00 0 0 10 80 0 0 00 980 0200 00 0310 10 0 078 04 1005 12 7 5 4279 00 060 10 0600 3500 8000
02100 0030 05010 0091 0001 0 0 00 54 10000 915 0960 0000 1008 9400 92000 080 0100 9080 03000 7000 105006
0 0 0 0 0000 00 70 0 0 00 8 0 0 0 27 9 0 0 0 0 1 008 42 40 7 0 00 12 08 800006 000 0070 006
023 700 0 0 10 8 2 00 80 0 0 08 489 0000 40 0314 00 0 900 14 0070 10 0 5 0000 00 475 02 0590 8016 0012
00103 0700 03000 8609 0120 0 5 00 90 00044 800 9760 9000 0008 5010 18050 000 0000 0010 83003 0653 005098
1 0 0 0 0100 05 00 5 0 00 0 2 0 6 26 0 8 0 0 0 0 002 00 02 0 0 00 00 23 030050 024 0123 046
020 000 5 0 82 0 0 88 49 9 6 00 100 1200 95 0304 10 0 900 40 0215 10 8 0 0000 80 015 00 4000 0700 0000
08253 0070 03000 9010 5106 0 8 00 08 02400 040 0907 9000 1015 0430 10280 000 0130 0002 00807 9100 065108
1 2 0 4 0003 00 00 0 0 00 0 0 0 0 00 6 0 0 0 7 8 070 00 05 0 0 00 10 00 009008 009 0113 500
003 003 0 0 10 0 0 10 09 0 0 00 900 0019 05 2000 10 8 002 09 0000 12 0 0 1280 12 015 00 0060 0300 0002
08005 0000 19000 0540 0001 3 0 00 98 02000 000 0000 0019 0005 0003 00000 100 5100 0340 00210 0106 000100
0 0 0 4 0000 00 62 0 0 08 9 0 0 1 00 9 8 0 0 0 0 700 00 06 0 0 00 10 00 800200 004 8003 006
020 000 8 8 00 0 0 90 77 2 6 00 080 0000 00 0390 00 0 002 00 1605 02 0 0 0060 19 000 80 0000 0080 0010
50310 0900 00015 0700 0000 0 0 00 00 10000 000 8202 0800 1090 0000 00005 000 0100 0382 01008 1000 020097
0 2 0 0 0000 40 12 6 0 00 0 7 0 1 00 0 9 1 0 0 0 008 28 00 0 0 20 00 20 085003 120 8003 050
020 820 0 9 00 0 0 10 00 0 0 10 007 0204 04 2000 10 0 002 04 0000 00 3 0 0000 92 215 12 0005 0302 0907
90303 7035 07015 6002 5000 3 0 10 08 05003 800 0000 0800 0000 0900 00000 000 0000 5009 09003 1000 020190
0 2 8 0 5100 00 00 0 0 02 0 0 0 0 07 0 2 0 4 0 0 900 10 40 9 0 04 00 00 000020 020 5000 000
900 003 0 0 02 8 0 10 00 0 0 02 000 0904 72 0050 07 0 000 00 0000 00 0 5 1000 09 000 00 0000 0002 0900
18380 1095 10045 0000 5007 0 0 00 00 01009 950 8012 0012 1000 0400 00030 094 0100 0300 00500 0000 125008
2 0 0 7 0000 00 40 0 5 00 9 0 0 0 09 9 9 0 0 0 5 032 10 05 7 0 00 02 00 000000 000 2000 600
000 000 0 0 00 0 0 02 00 0 0 02 080 0010 00 2000 00 0 000 10 0905 09 0 0 0000 12 408 00 0005 0009 0000
02000 1038 00010 0000 0100 0 0 60 90 10800 006 0505 9000 1000 0900 00005 824 4107 5002 53070 0002 100000
0 0 0 4 0000 20 00 0 0 02 9 9 0 0 18 0 0 0 0 0 0 002 00 07 0 8 00 00 24 090000 000 9100 000
000 000 5 0 00 0 9 00 89 0 0 06 000 1000 00 0290 00 0 300 04 0000 10 0 7 0043 00 005 62 0980 8000 0902
00013 7000 00000 0002 5100 3 0 12 90 04000 080 0970 9000 0200 6070 10205 105 0000 0002 03003 9000 000005
0 0 3 0 0100 40 05 6 0 10 0 0 7 4 00 0 0 0 0 5 0 000 70 00 0 0 00 10 00 801800 004 0100 000
000 320 0 0 00 0 0 90 00 0 0 00 087 0000 00 0004 10 0 102 00 0000 02 0 0 0000 10 000 00 2600 8509 0912
10500 1005 00010 0020 8020 0 6 18 08 00090 000 0910 0000 0000 0410 00000 000 5000 5020 00000 0005 060000
0 0 9 4 0123 40 10 5 0 02 2 0 0 0 20 0 7 1 0 0 0 718 00 50 7 0 00 10 20 090820 000 0000 006
00 001 9 0 02 8 0 12 45 8 0 80 087 0006 00 6014 00 0 000 14 0005 00 3 9 0300 02 000 00 0105 4000 0002
00309 0000 03200 8040 0061 0 0 27 00 00000 000 0617 9800 0003 0500 00010 000 0000 0000 00203 0100 000100
8 0 5 0 0000 00 10 0 3 00 9 0 0 5 29 0 2 1 0 0 0 002 00 08 0 0 00 02 23 001003 120 8920 300
800 003 9 0 08 0 0 00 89 0 1 00 000 0040 05 0300 00 4 000 03 4002 00 7 0 0000 14 400 03 0000 8000 0014
00810 1135 00290 8062 0001 0 0 70 90 10109 018 8012 9002 0015 5000 10000 000 0834 0042 03000 0003 000008
0 0 0 4 0000 00 02 0 0 02 0 4 0 0 08 0 0 0 0 8 7 097 30 00 0 7 20 00 00 004023 000 8026 036
000 177 8 0 00 8 0 10 00 0 0 00 900 0000 19 9909 02 4 602 00 9030 00 0 4 1009 10 410 00 0040 0900 8910
00000 0000 70007 7000 7100 0 0 02 00 00000 900 0002 0000 1000 5000 00000 120 0050 0800 03010 0156 507090
0 2 0 4 5003 00 97 0 0 00 9 2 0 0 28 0 2 1 4 6 9 002 00 00 7 8 00 00 00 001020 000 0020 000
000 103 0 0 02 0 0 00 87 2 1 00 080 0000 10 2000 12 0 900 16 1000 00 0 5 1000 00 004 00 0845 0000 0900
00090 0000 00010 0710 0101 0 0 10 00 00000 000 0002 9005 0200 0807 11240 154 0040 0002 03000 1600 725308
0 0 3 0 0000 45 10 0 0 00 0 0 6 0 00 0 0 9 6 0 0 900 01 40 0 8 05 00 00 094000 027 0020 500
180 683 5 0 12 0 0 10 40 9 9 82 907 1004 00 0004 60 0 910 78 0240 00 0 5 1080 10 608 90 0040 5006 0000
12300 1005 00715 0702 5401 3 0 02 00 50500 000 0000 0030 0210 0400 10005 000 0130 8002 03510 1003 100106
0 0 0 0 0000 00 00 0 4 00 9 2 7 6 08 9 3 0 6 0 1 602 10 05 0 0 99 01 00 000220 004 0100 000
000 020 0 9 02 0 2 00 00 0 0 02 390 1080 00 0580 00 0 010 00 0950 00 0 5 0700 40 055 40 2190 0070 8910
08300 1000 00000 0008 5000 8 0 60 00 00190 000 8007 0800 0065 0060 00210 000 5104 0300 00010 0050 080090
0 0 0 0 8000 03 10 5 0 30 9 0 0 0 05 3 2 1 0 0 1 002 00 47 0 8 09 00 00 800280 000 0000 000
000 103 0 0 10 0 0 80 00 9 1 00 080 0008 00 2300 07 0 900 04 1910 00 3 5 0009 00 000 10 0100 0070 0900
00010 1103 00010 0000 0000 0 0 00 00 06100 080 8000 9000 0000 5000 07205 000 0000 0007 00003 0000 000000
0 2 0 0 0103 00 10 0 0 00 0 2 0 1 00 6 2 0 4 0 0 012 00 40 9 0 20 09 28 880008 104 0000 550
700 003 0 0 10 8 0 10 80 0 7 00 907 2000 10 0020 30 0 570 09 0000 00 0 2 0008 10 300 10 0005 5000 0000
02003 0700 00000 8700 5000 5 0 10 00 00100 000 0000 9802 0215 0803 60000 198 0000 0080 07010 0103 025000
0 2 0 0 0003 00 70 0 0 00 0 0 0 0 00 0 2 0 0 5 1 907 10 09 9 0 04 02 00 400003 100 0007 000
500 820 5 9 00 0 6 00 00 3 6 00 000 0004 10 0000 09 0 000 00 1090 12 3 8 1080 02 000 00 0100 6000 8050
02000 0030 00200 0012 0001 3 9 02 00 00000 007 0940 0512 0005 5413 00500 600 5004 0000 00009 0890 100158
1 0 5 0 5003 00 00 0 0 00 0 0 0 1 20 0 2 0 0 0 4 000 03 00 0 0 00 12 09 090023 324 0003 002
003 000 6 0 09 0 0 00 80 0 1 00 080 0000 11 0014 00 0 072 10 0015 95 6 0 8000 08 000 00 1008 8000 0110
00800 7700 13000 0000 0200 3 0 60 90 00000 810 0000 0800 0200 0403 00006 100 0000 0300 00201 0000 007000
0 0 0 0 0101 40 00 0 0 00 0 0 6 0 00 0 0 0 4 3 0 000 52 40 0 0 00 07 00 890200 104 0003 000
000 100 0 9 85 0 2 03 00 9 0 02 900 1004 70 6744 00 0 010 00 5700 00 0 0 0000 90 080 82 0745 0002 0010
00390 1077 10200 8400 7009 9 5 10 00 00180 000 0003 0000 0010 0418 00000 004 5004 0316 00000 0040 000009
1 2 0 4 5000 00 00 0 7 00 0 0 9 1 00 6 0 1 0 0 1 005 00 00 9 5 00 00 00 400003 124 8620 000
50 020 0 9 10 0 0 00 70 7 1 82 080 1034 10 8004 00 0 000 00 7000 10 3 0 1009 00 410 10 0005 0702 0000
10005 0030 10000 0010 0170 0 0 00 08 30002 895 0910 9000 0000 0000 02710 000 5000 0002 00003 0000 000008
0 0 0 6 0420 00 10 0 7 02 9 0 0 0 00 0 0 1 7 0 1 050 10 00 9 0 00 00 00 090020 400 0020 056
100 000 0 0 00 3 0 00 00 0 0 00 000 0000 17 2000 00 4 982 00 1000 10 3 5 0003 00 000 12 2900 0600 0000
00483 1600 00005 0000 0700 0 0 00 00 00080 000 0900 0002 0000 5003 30217 100 0014 0309 00000 0150 070008
0 0 0 0 9000 05 03 0 0 02 0 0 0 7 00 0 6 0 4 5 0 900 00 00 4 8 00 12 03 800003 000 0003 500
100 026 0 0 00 8 2 05 04 0 0 02 000 9014 09 2001 80 4 030 54 1000 05 0 0 0000 00 019 00 2540 8002 8000
10003 0030 90040 4010 0801 0 5 10 07 18000 005 0092 9000 1015 5010 00607 004 0030 5000 00227 0100 080000
0 0 3 0 0073 20 10 0 0 11 0 0 0 0 00 9 2 3 0 0 0 800 00 45 0 8 04 10 20 004003 000 0007 150
006 500 0 0 10 0 2 10 06 0 0 84 007 0000 30 0304 70 5 802 80 7200 00 0 0 1000 00 300 10 0070 8710 0102
00305 0400 03800 0000 0901 0 0 06 98 02005 080 0001 0000 0010 2000 00900 024 0000 5300 00000 0020 623098
0 2 7 0 0000 45 00 4 0 02 6 0 0 0 20 0 2 0 6 5 1 080 10 00 6 0 09 00 00 000003 000 8020 000
000 300 0 0 00 8 2 00 50 0 0 02 007 7004 00 0304 00 0 010 10 1009 82 9 5 0080 00 007 60 0045 0000 8000
00003 0104 00000 0063 0101 0 0 20 00 02002 000 4000 9802 0010 5000 00209 020 0134 0300 00000 0557 100008
0 0 0 0 0120 44 00 0 0 06 0 0 3 6 09 9 2 0 0 0 0 710 10 00 8 8 20 10 00 890800 000 0600 050
427 000 4 0 12 0 0 15 00 0 8 00 000 7004 16 0000 00 4 012 04 1009 00 3 0 0200 60 000 00 2070 0702 0002
10070 7030 19000 8703 5000 0 0 00 56 10100 465 0008 0002 1004 0003 00200 000 6133 3012 00010 0000 000102
0 2 0 0 5103 00 00 0 0 00 0 0 0 2 00 9 0 0 0 5 0 509 00 00 0 0 80 04 00 000000 004 0000 010
600 007 0 0 00 6 0 10 80 7 0 00 003 0500 10 2070 00 4 907 34 0008 12 0 0 0000 02 050 02 0000 8810 3010
00035 1100 60005 0002 5001 0 0 12 00 00990 007 8000 0004 0010 5000 00407 000 0000 0000 54603 0000 040100
0 0 3 8 0073 00 42 0 2 04 0 0 0 1 00 0 4 1 0 0 0 912 02 95 0 9 04 16 00 000200 000 0020 506
089 003 5 0 70 8 0 32 80 0 1 05 000 0004 50 0000 00 0 090 00 6000 32 3 5 0000 16 000 00 2075 8000 1000
00009 6102 13000 0700 5000 0 0 00 08 10100 800 0010 0000 0200 0040 00210 824 0000 9000 00013 0040 923000
0 0 0 0 5000 05 00 0 0 00 5 2 0 0 00 0 0 1 0 5 0 000 00 00 9 0 20 10 00 801200 020 9000 000
023 100 0 9 90 0 0 10 00 0 7 09 000 0210 10 0317 15 0 090 00 0075 02 0 5 0009 00 000 90 0003 0709 8600
02003 0008 90015 0014 0000 0 6 10 08 70010 000 0910 0807 0005 0000 10015 008 0600 0910 00013 0300 109670
0 8 0 4 0000 00 00 0 5 80 0 2 0 0 30 0 0 1 4 5 9 008 10 05 0 0 00 05 01 860020 500 0003 000
070 000 0 9 10 0 5 10 85 0 0 00 000 0500 05 0080 02 4 900 03 1200 01 0 0 1000 00 010 00 0705 0708 5002
00090 0130 00005 0710 0000 7 0 08 90 19106 005 8008 0300 0200 5000 00200 800 0000 0312 00000 0000 700000
10010 0005 70000 0000 0004 0 0 00 06 00080 805 8002 0095 0000 5033 17010 000 0150 0350 90010 8000 120000
