0 0 0 0 0000 40 00 0 5 00 0 0 0 0 03 9 0 0 0 0 0 000 10 00 0 0 20 00 20 000000 000 0000 000 
100 000 0 9 02 0 0 00 00 0 0 00 000 0000 00 0000 82 0 000 50 0000 10 0 5 0000 00 000 00 0100 8000 0000
00000 0000 03000 0000 0000 0 0 00 08 00009 000 0000 0000 0000 0000 00000 000 0000 5350 00000 0000 020000
0 0 0 0 5100 05 00 0 0 00 0 0 0 0 08 0 0 8 8 0 0 000 00 00 0 0 00 00 00 000000 008 8000 000
00 000 5 0 00 2 0 10 00 0 0 00 090 0000 00 0002 00 0 000 09 0000 00 0 0 4008 00 400 00 0000 0000 0002
00303 0000 00000 0000 0000 0 0 00 00 00000 000 0003 0000 0000 0000 00000 104 0000 6300 03000 0000 005000
0 0 0 0 0000 00 00 5 0 00 0 0 0 0 03 0 0 7 0 5 0 000 00 00 9 0 00 00 23 800020 037 0100 000
000 000 0 0 00 0 0 02 00 0 0 00 900 0000 00 0000 07 4 900 50 0000 00 0 5 1000 00 005 00 0040 0000 0000
00009 9000 00000 0000 8000 0 0 49 00 00000 000 0000 0000 0010 0000 62000 000 0000 0000 03000 0000 009090
0 0 0 0 0020 00 00 0 0 00 0 0 7 0 00 9 0 3 4 0 4 000 00 40 0 0 00 00 00 800090 102 0000 506
000 000 0 0 02 0 0 02 80 0 0 00 080 0000 15 8030 00 0 900 00 0005 00 0 0 0009 00 000 00 0170 0020 0000
02000 0090 03010 0000 0100 3 0 00 00 00000 000 8000 0000 0000 0000 00000 000 0000 0000 00000 0000 100090
0 0 0 0 0100 00 00 0 0 00 0 0 0 0 00 0 0 0 0 0 0 000 00 05 0 8 04 00 00 006000 000 0000 500
003 000 0 0 00 0 0 00 00 0 1 00 005 0200 10 0000 00 0 060 80 0600 00 0 0 0000 00 000 05 0300 0050 0000
00000 0000 13000 0000 0100 0 0 72 00 00102 000 0000 0002 0000 0000 00000 000 8090 0000 00000 0000 000000
0 0 0 0 0600 00 10 0 0 00 0 0 0 0 00 0 0 0 0 5 0 402 70 00 0 0 00 00 00 090020 000 0003 000
000 600 0 0 00 0 0 00 00 0 0 00 007 0000 00 0000 00 0 000 28 0010 00 0 2 2000 02 000 05 0100 0000 0000
00003 0000 00095 0010 0001 0 0 13 00 12000 000 0000 0002 1000 5030 40000 320 7000 0000 03007 0000 505100
1 0 0 0 0070 00 00 0 0 00 0 0 0 1 00 0 0 0 4 0 0 900 00 00 0 0 00 08 00 000000 000 0100 000
000 100 0 0 00 0 0 00 80 0 0 00 000 7000 00 0010 10 4 010 04 7810 00 0 0 5089 09 000 00 0000 0000 0000
00000 0000 00006 0000 0000 0 0 00 00 50070 800 0000 0000 0000 5000 00000 100 0000 5000 50000 0003 000000
0 0 0 0 0000 05 00 5 0 00 8 0 0 0 00 0 0 1 0 0 0 900 00 70 0 0 00 00 00 091000 000 7000 000
020 000 0 0 00 0 9 00 00 0 0 00 000 0090 00 0000 00 0 002 00 0000 00 0 0 1900 02 000 10 0000 0060 0000
00000 0000 10000 8302 0000 0 5 10 00 00000 000 0000 0810 0005 0400 00210 000 0730 0000 70000 0000 005000
0 0 0 0 0000 00 00 0 0 80 0 0 0 0 00 0 0 0 0 0 0 000 12 05 0 0 04 50 00 804000 000 0020 009
000 000 0 0 00 0 0 20 00 0 0 80 050 0020 05 0000 00 0 000 00 0000 00 2 0 0000 94 010 00 0000 0000 0000
10000 4000 04010 0000 0000 0 0 05 00 00000 000 0000 0002 0000 0400 00000 000 5000 0300 00000 0000 000000
0 0 0 4 0100 05 40 0 0 00 0 9 0 0 90 0 9 1 0 0 0 010 00 00 0 0 00 00 00 000043 000 0900 000
003 000 0 0 02 0 0 00 00 0 0 00 500 0000 06 0000 00 0 000 00 0000 02 0 0 0000 04 000 00 2005 0022 0400
05000 0000 00000 0000 5000 0 5 02 00 00030 000 0010 0300 0000 0000 02000 000 0000 0010 00000 0070 000000
0 2 0 0 0000 00 00 0 0 00 0 0 0 0 00 0 0 0 0 0 0 000 04 00 0 0 04 00 00 000000 000 8000 000
003 050 8 0 00 0 0 10 00 0 0 00 000 0000 10 0000 00 0 000 00 1000 00 0 0 0009 00 400 00 2000 9008 0000
0 0 0 0 0000 00 00 0 0 08 0 0 0 0 00 0 0 0 0 0 0 000 00 40 0 0 00 00 00 000000 000 0120 070
090 000 0 0 00 0 0 30 00 0 0 00 990 0607 00 0000 05 9 000 00 0000 03 6 0 0000 00 000 00 0040 0000 0002
00000 1000 00000 0000 0100 0 0 00 00 00000 000 0000 9010 0000 0003 00005 009 0000 0010 00050 0000 000000
0 0 0 0 0000 30 00 0 5 00 0 0 0 0 00 0 0 0 0 5 0 300 94 40 0 0 00 00 00 000050 000 0100 056
00 503 0 0 00 8 0 10 00 0 0 00 000 8210 00 0000 00 0 000 04 9000 00 0 0 0000 00 000 00 0000 0060 0000
00000 0000 10000 0003 0009 0 0 00 04 00900 005 8000 0000 1400 0000 00000 000 0000 0080 00004 0050 120000
0 0 0 4 0100 00 30 0 0 92 9 0 0 0 08 0 0 0 0 0 0 002 00 00 0 0 06 00 00 000200 004 0002 500
000 000 0 9 00 0 7 12 00 0 0 00 090 0000 05 0000 00 4 000 04 0200 10 0 0 0050 00 000 60 0000 0000 0000
00303 0000 00510 0000 5100 0 0 00 58 00000 010 0000 0000 0200 0560 50000 000 5000 0030 00000 0160 000000
0 0 0 0 0305 05 80 5 0 02 0 0 0 0 20 9 0 0 0 0 0 000 00 00 0 0 04 12 00 000200 100 0000 000
040 000 0 0 02 0 0 00 80 0 0 00 000 0010 00 0010 00 0 000 00 0000 00 3 0 0000 00 000 00 0000 0000 8000
00000 9000 00000 0000 5100 0 0 00 00 00801 000 9900 0000 0008 0013 00000 070 5000 5008 00000 0050 100000
6 2 0 4 0050 00 00 0 0 00 4 0 0 0 00 0 2 0 0 0 0 000 06 00 0 0 00 00 00 000000 004 0000 000
000 100 0 0 00 0 0 70 00 0 0 00 902 0080 00 0009 00 0 000 05 0000 00 0 5 0000 00 000 00 0000 0000 0080
00000 0000 00009 0000 0400 0 0 10 00 00200 780 8009 0009 0280 5014 00010 000 0004 0000 00000 4100 120000
0 0 0 4 0008 00 00 0 0 02 0 0 0 1 00 0 0 0 0 0 0 006 70 80 0 0 00 08 03 001023 000 0003 500
000 000 5 0 00 0 0 10 00 0 0 00 900 0000 80 0000 00 4 000 00 0010 00 3 0 0000 00 000 00 0000 0000 0000
02000 0000 17000 0000 5000 0 0 00 90 00006 010 0010 0800 0000 5000 10015 004 0000 5000 00003 0000 000000
0 0 0 0 8003 00 00 0 0 00 0 0 0 0 00 0 0 0 0 0 0 000 00 00 0 0 00 00 00 800000 000 8020 000
000 004 0 3 40 0 0 00 00 0 0 00 977 1500 00 0300 00 0 002 00 0000 70 0 0 1000 00 000 00 0000 0000 0090
03000 0030 00000 0000 5000 0 0 00 98 02000 000 0000 0010 0600 0400 00000 000 0000 0000 00203 0004 050100
0 0 0 0 0005 00 05 0 0 00 0 0 0 6 00 0 0 0 0 0 0 010 00 00 0 0 24 10 00 000003 003 0000 000
000 006 6 0 00 0 0 02 00 0 8 00 000 0008 05 0000 10 0 000 04 0000 00 0 5 0000 00 000 10 0000 0000 0000
00004 0030 00000 0000 0000 0 0 00 00 00000 000 0000 0200 0010 0000 00000 000 0000 0300 05000 0203 000090
0 0 0 4 0000 00 00 0 0 00 0 0 0 0 00 9 0 1 0 0 0 000 80 00 0 0 00 00 00 090000 024 0000 000
000 000 0 0 00 0 0 90 00 0 0 00 900 0001 00 0380 00 0 600 00 0000 10 0 5 0000 00 009 02 0000 0000 0000
00010 0000 00005 0002 0060 0 0 30 00 00000 000 0000 0060 5200 0010 40005 000 0000 0000 00000 0000 000000
0 0 0 0 0000 00 50 0 0 10 9 2 0 0 08 0 0 0 4 0 0 000 10 90 0 0 00 00 05 890080 004 0000 707
005 000 0 0 00 0 0 00 00 0 0 00 000 0004 00 0400 00 0 000 00 0000 09 0 0 0040 00 000 10 0000 0000 0000
00906 1600 00000 0002 0000 0 0 00 90 00000 000 0000 7000 1050 0003 00070 000 0000 0000 00200 0000 000060
0 2 0 0 0007 09 00 0 0 02 0 0 0 2 00 9 0 1 0 0 0 000 00 05 0 0 00 17 00 001000 000 8020 000
000 000 0 0 02 0 2 00 00 0 0 70 000 0000 10 0004 00 0 000 00 0000 00 0 0 0000 00 000 00 0000 0700 8009
00000 0000 00205 8000 0000 0 0 00 00 00000 000 0000 0000 1000 0000 00007 000 0500 0090 00090 0050 100008
9 0 0 0 0000 00 00 0 0 00 9 0 0 0 08 0 0 1 0 0 0 000 10 00 0 3 00 00 20 900020 004 4100 007
000 000 0 0 10 0 0 10 80 0 0 00 706 0000 00 0000 00 0 800 00 1007 10 0 9 0000 00 000 00 0000 0000 8400
30000 0005 00200 0000 0020 3 0 00 00 00000 005 0000 0900 1000 0010 00000 080 0000 0000 83205 0000 000000
0 0 0 4 0000 00 00 1 0 06 0 0 0 0 00 0 0 0 0 0 0 000 00 05 0 0 00 00 00 800000 000 0020 000
50 000 0 0 00 0 0 00 00 0 0 00 050 1000 04 0000 10 0 000 00 4000 00 0 5 0000 00 000 00 0000 0008 0000
09000 1000 00000 0700 0000 3 5 00 00 00000 005 0000 0000 0000 5000 00000 080 0000 0002 00000 0000 000000
0 0 0 0 0002 00 10 0 0 00 0 0 0 0 20 0 0 0 0 0 0 000 10 00 0 0 03 00 03 700800 000 0000 000
007 003 0 9 00 8 0 00 00 0 0 80 000 5000 00 0000 00 0 000 14 0000 40 0 0 0000 00 805 00 0000 0009 0000
00000 0000 00200 0002 0020 3 0 00 04 00000 000 0000 0000 0000 0010 00000 000 0000 0000 00003 0050 000000
0 2 0 0 0000 00 00 0 0 00 0 2 0 1 00 0 0 0 0 0 0 000 90 00 0 8 00 00 00 000000 000 0003 500
100 000 0 9 00 0 2 00 80 9 0 90 000 0000 00 2000 00 0 000 60 0000 00 0 0 0000 00 015 02 0000 0000 0000
00000 0000 00000 0000 0000 0 0 10 90 00006 000 0000 0000 0200 4000 00000 009 0000 0002 00000 0050 000000
0 0 0 0 0000 05 10 0 0 00 0 0 0 0 00 0 0 0 7 0 0 000 00 08 0 8 00 00 00 801000 000 0000 000
003 000 0 0 00 0 0 00 70 9 0 02 000 0004 10 2005 00 9 000 00 0000 00 0 0 0089 00 000 00 0030 0500 0000
20000 0700 10000 6010 0600 0 0 00 00 09000 000 0900 0000 0000 6400 00005 008 0000 0050 00000 0050 020000
0 2 0 0 0000 00 00 0 0 00 0 2 0 0 00 0 0 0 0 0 0 002 00 00 0 0 00 00 00 000020 020 0020 050
000 003 0 9 02 0 0 00 00 0 0 00 080 0000 80 0090 00 0 000 00 0000 00 0 0 0005 02 000 10 0000 0002 0800
08000 0035 00010 0000 0001 0 0 10 90 00080 000 0010 0000 0290 0000 00000 000 0600 0007 03000 0003 000000
0 0 0 0 9000 00 00 0 0 00 0 0 0 0 20 0 0 0 0 5 0 000 00 40 0 0 00 00 00 007000 000 0000 000
003 000 5 0 00 0 0 00 00 0 0 02 000 0000 00 0004 02 0 000 00 0000 00 0 0 3000 28 000 00 0000 0000 8000
00010 0090 00090 0000 5000 0 5 12 98 00000 000 0000 0000 0090 0000 00003 000 0005 0000 50200 0003 000000
0 0 0 0 0100 08 00 0 5 00 0 0 0 0 00 0 0 0 6 6 0 002 00 40 0 0 00 00 00 000020 000 7000 500
000 000 5 0 00 8 0 00 00 0 0 00 000 0000 00 0000 00 0 000 00 0200 05 0 0 0800 00 000 00 4000 0000 0002
00006 8005 00000 8010 0020 0 0 00 00 00000 000 0010 0000 0200 0003 00000 000 0000 0010 00080 0000 000000
0 3 0 0 0020 40 02 0 0 00 0 0 0 0 06 0 0 0 0 0 1 000 08 06 5 0 20 16 03 000000 320 0020 000
000 000 5 0 00 0 0 00 89 0 5 30 500 1010 00 0000 00 0 020 00 0009 00 0 0 0080 00 010 10 0000 0700 0000
00300 0000 00900 6000 0000 0 5 00 00 00000 000 8000 0030 0000 5000 10000 000 0000 5000 00205 0050 005000
0 8 9 6 0000 40 02 0 0 00 9 0 0 0 00 0 0 0 0 0 0 000 00 00 0 0 00 00 00 006020 008 0000 000
000 120 0 9 00 0 0 09 80 7 0 02 900 1000 05 0000 00 0 000 00 6090 00 9 0 0000 00 000 00 0002 8000 0000
00900 0000 03000 0000 0020 0 0 00 09 02002 000 0000 0000 1307 0000 00000 004 6030 0000 00200 0100 000800
0 0 0 0 0000 75 90 0 0 00 0 0 0 0 00 0 0 0 0 5 0 000 00 00 0 0 20 50 00 880000 300 0000 000
020 000 0 0 00 0 0 00 00 0 0 00 000 0000 00 0000 00 0 900 00 0000 00 0 0 0000 00 000 00 0060 0000 0010
20000 0006 00009 0000 0000 0 0 02 00 00090 000 8000 0000 0000 0400 00000 000 9000 0300 00010 0064 000000
0 0 0 0 0100 00 00 0 0 03 0 0 0 0 00 0 0 0 0 5 0 002 00 00 9 8 00 00 00 800000 000 0000 000
020 000 0 0 10 0 9 02 09 9 0 00 900 0000 00 0014 10 0 000 03 0000 00 0 0 0099 00 005 00 0000 0000 0000
00000 0000 00000 0000 0000 0 5 00 00 00000 000 0000 0000 0000 0000 18000 000 0100 0000 50003 0600 000190
0 0 0 0 5003 00 02 0 5 80 0 0 0 8 00 0 2 0 0 0 0 000 00 00 0 7 00 02 09 801020 050 0200 000
08 000 0 0 00 0 0 00 00 0 1 00 000 1004 00 0300 02 0 000 00 0600 02 0 0 0000 00 009 00 0042 8000 8000
00003 0102 00000 0000 0000 0 0 00 50 00000 010 0000 9000 0000 0000 00000 109 8000 0000 00000 1003 020000
0 0 0 0 0100 00 60 0 0 00 0 2 0 3 00 0 0 0 0 0 0 000 02 00 0 0 00 10 00 000620 000 0000 000
000 000 0 0 00 0 2 00 80 0 0 00 000 0200 10 0010 00 0 000 00 0000 00 0 0 0000 60 050 00 0005 0000 0000
10000 0000 00000 0000 0000 0 0 00 00 00000 400 0010 0010 0090 0000 10000 100 0000 0900 00000 0000 020309
0 0 0 0 0020 80 00 0 0 07 0 0 0 0 00 9 0 0 0 5 0 000 00 40 0 8 00 00 06 000000 009 0090 700
000 300 0 0 00 0 0 00 01 0 0 02 080 0004 00 2000 00 0 000 00 0000 00 0 5 5000 00 400 00 0000 0000 8000
00000 0000 10010 0000 0000 0 0 00 90 00000 000 5000 0010 0000 0000 92000 104 0000 0000 06007 0000 000090
0 0 0 0 0100 05 10 0 5 00 0 0 0 0 00 0 0 0 0 5 0 015 08 00 9 0 20 00 20 001003 000 0000 500
000 000 5 9 90 0 0 00 80 0 0 00 000 0000 00 0000 00 0 000 00 0000 00 0 0 1000 00 000 04 2800 8012 0010
00006 0040 00005 0710 0000 3 4 00 00 52000 080 0000 0000 0018 0000 05000 120 5000 0300 00090 1700 000100
0 0 3 0 0000 40 00 0 0 00 0 1 0 0 20 7 0 0 0 0 1 009 00 00 0 0 00 00 00 000000 000 0003 007
005 000 0 9 00 8 2 00 00 0 0 00 000 0000 10 0004 00 0 910 00 7055 02 0 0 0000 00 000 00 0000 0002 9010
00000 0104 70000 0000 0020 0 6 80 00 00000 000 0600 0000 0000 0000 00000 000 0030 0300 00480 1000 005000
0 0 0 0 0000 05 00 0 0 00 9 0 7 0 03 0 0 9 0 0 0 900 06 00 0 0 00 02 00 000003 020 0000 006
100 003 0 9 00 8 2 00 00 0 0 02 000 0000 00 2000 00 0 000 00 0000 00 0 0 0700 30 005 00 0100 0000 0004
00007 0130 00000 8000 0701 0 0 00 80 00000 000 0610 9000 0000 0403 00700 000 0100 0310 00206 0050 000000
0 0 0 0 0000 00 00 0 0 00 9 0 0 0 00 0 0 0 0 0 8 000 10 00 0 0 00 00 00 090000 004 8000 000
007 020 5 0 00 0 0 00 00 0 0 00 080 0000 05 0000 00 0 000 30 0058 00 0 0 0000 00 000 02 0000 0702 0000
00003 0000 00006 0000 0000 0 0 99 00 02900 090 0000 0000 1000 0000 00900 100 0030 0000 00000 0100 000080
0 8 0 0 5000 00 00 1 0 00 0 0 0 0 00 9 0 0 0 0 1 000 30 00 0 0 00 00 60 000023 000 0000 000
000 000 5 0 02 0 0 08 00 0 0 00 000 0200 05 0002 00 0 000 00 0008 80 0 0 0009 02 000 00 0000 0000 0000
04000 0000 10200 0700 0004 3 0 00 00 00009 000 0000 0000 0200 0010 00010 180 0030 0004 00000 0100 000700
0 0 0 0 0000 00 00 0 0 00 0 0 0 0 20 0 0 0 0 0 0 610 00 00 0 0 04 00 00 800003 000 0000 000
000 002 0 0 02 0 0 00 00 0 0 00 007 0006 00 0300 00 0 000 04 7000 00 3 0 0000 00 400 10 0040 0000 0000
00310 0005 00070 0000 0008 0 0 00 00 10800 900 0010 0000 0000 0060 00000 000 5000 0000 00080 0000 020100
0 0 0 0 0000 08 00 0 0 00 0 0 0 0 00 0 0 0 4 0 0 000 00 00 0 0 00 00 23 000000 000 0020 050
020 000 0 0 00 0 0 02 09 0 0 00 000 0007 80 0004 00 0 000 10 0000 00 5 0 1005 00 000 02 0043 0000 0000
00000 0000 00010 0000 0000 0 0 06 00 00000 000 0070 0000 0000 0000 00000 000 0000 0000 00000 1300 000008
0 0 3 0 0000 00 10 0 0 00 0 4 0 0 08 9 3 0 0 5 0 000 00 00 0 0 00 14 00 007000 004 0020 000
000 000 0 0 00 0 0 00 09 0 0 00 000 1200 00 0008 00 0 000 10 0090 10 0 0 0000 04 000 00 8003 8400 0011
00000 0000 00005 0700 0080 0 0 00 00 92000 000 8000 0004 0000 5000 00000 000 0904 0000 00000 0000 000000
0 7 0 0 0000 40 00 0 4 00 0 0 0 0 05 0 0 0 8 0 0 002 00 05 0 0 00 00 00 000280 000 0200 050
00 100 0 0 00 0 0 00 00 0 0 80 080 0300 60 0000 02 0 000 00 0000 00 0 0 0200 00 400 10 0045 0000 0000
00300 0000 00000 0700 0000 0 0 00 00 00002 810 3000 0800 0000 5033 72040 078 0000 0000 50000 0900 000008
0 0 3 0 0027 00 00 0 0 00 0 0 0 0 70 0 0 0 0 0 0 010 04 00 0 0 00 02 00 006000 004 7000 006
100 000 0 0 00 8 0 00 00 0 0 00 000 0708 00 0090 02 0 000 10 0000 00 0 5 0089 00 080 00 0000 0080 0000
00100 0130 00000 0000 0000 3 0 00 00 10000 050 0000 0800 0000 0000 00090 000 0039 0000 00010 0000 020000
1 0 7 0 0000 00 10 0 5 00 0 0 0 0 00 9 0 0 0 9 0 000 00 00 0 8 00 10 00 000800 000 8003 500
000 000 0 0 18 8 0 00 00 3 0 00 000 0000 00 0009 00 0 010 00 0004 00 0 0 0080 00 000 02 0000 0000 0000
00000 0080 03000 0000 8020 0 0 00 00 00000 000 0000 0000 0000 0000 02000 604 0900 0000 05000 0900 000000
1 0 0 6 0020 00 16 0 0 00 0 0 0 0 08 0 0 0 0 0 0 010 00 00 3 0 00 00 00 000000 006 0060 000
500 000 0 9 12 0 0 10 00 0 1 00 000 7010 00 0070 00 0 000 00 0000 00 0 0 0000 00 010 00 0040 0000 0800
02000 0000 00000 0000 0000 0 0 00 00 00000 000 8000 0950 0000 0000 00060 006 0100 0300 00000 0000 000000
0 0 0 0 7000 00 00 0 0 00 0 0 0 0 07 0 0 0 0 0 0 000 00 00 0 0 00 00 00 000830 900 0700 000
000 060 6 0 00 8 2 00 80 0 0 00 000 0010 00 0000 02 0 900 14 0000 00 0 5 0700 00 000 16 0800 0010 0010
00000 0030 60000 8000 0000 0 0 00 00 00 000223 000 0000 000
104 000 0 7 09 0 0 02 00 0 6 00 076 0004 00 0094 00 0 000 10 9000 00 0 5 0000 00 000 10 0005 0000 0010
00500 0000 00000 0000 0000 0 0 00 00 00000 805 0000 0000 0205 0000 00015 000 0100 0000 50000 0070 000108
0 0 0 0 0000 90 00 0 0 02 0 0 0 0 00 0 0 0 0 0 0 000 02 00 0 0 25 02 00 000005 020 0000 010
000 000 0 0 10 9 0 00 09 0 0 00 000 0010 00 0314 02 0 000 00 0005 00 0 0 0080 00 000 00 0000 0002 5000
00040 9000 90800 0000 0000 0 0 00 00 00000 000 0000 0802 0000 0000 00010 129 0000 0000 09000 0010 100700

00063 0100 03050 0000 0000 0 0 00 09 12000 000 8000 0000 0030 9500 00000 000 0000 0000 00010 1103 100100
0 0 0 0 5020 00 00 0 0 80 0 0 0 0 00 0 0 0 0 0 0 000 00 00 0 0 00 00 08 090000 000 0003 000
000 000 0 0 00 0 0 10 00 0 0 00 060 0000 00 0054 10 0 000 04 0410 10 3 5 0070 00 010 00 1190 0000 0000
00000 0000 00005 0000 0100 0 5 00 08 04000 000 0000 0600 0005 0000 00000 100 0030 0000 00000 0000 000100
0 0 3 0 0000 40 10 5 0 00 0 0 0 0 00 9 0 1 0 0 1 000 00 00 0 0 00 00 20 000200 100 0000 500
70 000 5 0 00 0 0 00 00 0 0 00 900 0000 00 0000 12 0 000 04 1900 00 0 0 0000 00 000 00 0000 0000 0700
10000 0030 00000 0010 0000 4 0 00 90 70000 000 0000 0000 0000 0000 00000 000 0000 0080 00800 0003 036800
0 0 9 0 0000 00 00 0 0 00 0 0 0 7 00 0 0 1 1 0 0 000 00 00 0 0 00 00 00 891200 000 0000 000
000 900 0 3 08 0 0 00 00 0 0 06 700 0000 00 0070 02 0 000 00 6000 00 0 0 0025 00 000 00 0005 5710 0000
00000 0700 00080 8000 0060 0 0 00 00 10059 000 0000 0000 0000 0000 02030 000 0070 0000 50000 0009 000100
0 0 0 0 0003 40 05 0 5 00 0 0 0 0 00 0 0 0 0 5 0 000 00 00 0 0 04 00 00 000000 000 0000 007
000 000 0 0 00 0 0 00 09 0 1 02 900 1014 00 0000 00 0 010 00 0000 10 0 0 1007 00 000 00 0000 0000 0000
00080 9500 00010 8702 0001 0 0 00 00 00000 800 0007 0000 0000 5000 00000 200 0100 5000 00000 0000 000000
0 0 0 0 0000 00 00 0 0 00 0 2 0 0 00 5 0 1 9 0 0 900 00 00 5 0 08 12 00 090000 000 0000 000
009 023 0 0 00 0 0 02 00 0 9 50 000 0004 00 0000 10 0 000 60 0209 02 0 5 0000 00 000 10 2005 0000 0000
00800 0000 00005 0002 0025 0 0 00 00 02800 000 0010 9600 0010 0000 50000 000 0000 0300 00000 1003 000000
1 7 0 0 0000 00 00 0 5 02 0 0 0 0 03 0 0 0 0 0 0 000 02 05 9 0 00 00 00 000000 000 0000 000
100 070 0 0 00 0 0 00 00 9 0 00 000 0009 00 0010 10 0 000 04 0200 10 3 0 9200 00 000 00 2100 0000 0900
00000 0000 03000 0500 0000 0 0 00 00 10000 000 0000 0800 1000 0000 00000 000 0800 0000 00000 0000 900000
0 0 0 0 0000 00 00 2 0 00 9 0 7 0 00 0 0 0 0 0 0 000 10 00 0 0 00 00 00 000000 000 0003 000
000 000 0 0 00 0 0 08 00 0 0 00 000 0000 00 0000 00 0 012 08 0000 00 3 0 0000 00 010 02 0000 0000 0000
19078 0000 00900 0000 0000 0 0 00 68 10002 800 0000 0300 0200 0900 00000 400 0000 0010 03000 0053 005000
0 0 0 4 0003 00 00 0 0 00 7 0 0 0 00 0 0 0 0 0 1 002 42 00 0 0 06 00 00 000070 060 0006 900
100 000 0 0 00 0 0 00 00 0 0 00 080 0000 10 0000 02 0 000 04 0200 14 0 0 0000 00 000 00 0000 0000 0300
03000 0000 00000 0000 0000 0 0 00 90 10100 000 0000 0800 1090 0009 80000 100 5500 0300 50050 1100 020000
0 0 0 0 7100 00 00 0 0 00 0 5 0 0 20 0 0 0 0 0 0 000 02 00 0 8 04 00 03 008000 800 0000 006
100 000 0 0 10 6 0 00 00 0 0 00 007 0000 05 9000 00 0 900 00 0205 14 0 0 0060 00 010 20 0000 0000 0600
00000 0000 80000 0000 0700 0 5 02 00 02000 050 0010 0000 0000 0003 00200 000 0060 0000 00000 0600 000000
0 0 0 0 0000 00 00 0 0 00 0 8 0 0 00 0 0 0 0 0 0 902 00 00 0 8 00 10 03 000000 000 0120 000
000 000 0 0 00 0 0 00 00 0 0 00 000 9000 10 0000 00 0 000 00 0200 00 3 0 0000 10 010 00 0000 7000 0000
07000 0000 00000 0000 0000 0 0 00 00 00000 010 0000 0000 1000 0000 00008 000 5000 5800 00200 0000 000300
0 2 7 0 6000 00 00 0 0 08 0 0 4 1 08 0 0 0 0 0 0 000 00 00 9 0 00 42 00 091220 000 0000 000
000 000 0 0 12 0 0 00 00 0 0 00 087 0000 10 0000 00 4 000 00 0000 00 8 0 0300 16 000 00 0000 4010 0000
0 0 3 0 0000 00 00 4 0 00 0 0 0 0 00 0 0 0 0 0 3 010 00 00 0 0 00 02 08 000003 200 0000 050
000 000 0 0 00 0 0 02 09 0 0 58 004 0000 00 0000 10 0 000 00 0005 00 0 0 0000 00 000 00 0100 0700 0010
10000 0000 00000 0000 0020 0 0 00 92 02000 000 0000 0000 0010 0000 10090 070 5900 0000 00000 0100 000500
0 0 0 0 5000 00 00 5 0 00 9 0 0 0 00 0 6 0 0 0 0 000 00 80 0 0 00 02 20 000000 020 8000 000
00 000 0 0 00 0 0 00 00 0 1 00 007 0000 00 0000 00 0 700 04 0000 02 0 0 0200 02 000 00 0000 0000 0905
05000 0000 00000 0070 0000 0 0 00 00 00200 000 8000 9000 0000 0000 00000 000 0000 0000 50000 0000 000000
1 0 7 0 0000 00 00 0 0 02 0 0 0 0 00 0 0 0 3 0 0 000 00 00 0 0 04 19 20 090007 300 0000 000
120 000 0 0 00 0 0 00 00 9 0 00 007 0000 00 2000 00 0 000 09 0054 00 0 0 0009 00 000 00 0000 0000 0008
00000 0000 10000 0210 0000 0 0 00 00 02000 000 0820 0000 2000 0000 00000 020 0000 0000 00000 5000 000008
0 0 3 0 0000 09 00 0 0 00 0 0 0 0 00 0 0 0 0 5 0 900 00 00 0 8 80 00 00 000000 000 0120 700
000 700 5 0 02 0 0 50 09 5 0 82 000 0004 00 0000 09 0 000 00 0000 00 0 0 0000 00 000 00 0000 0000 0000
00000 0030 00003 0000 0101 0 0 00 00 00000 000 0000 0000 0005 0000 00000 009 0037 0000 00000 0000 000000
0 0 0 4 0020 00 00 5 0 10 0 0 0 0 00 0 0 0 0 0 0 900 00 00 0 0 00 12 00 001000 000 0000 004
120 000 0 0 00 0 0 00 00 8 0 00 000 0000 00 0300 08 0 900 07 0508 00 0 0 0000 82 000 00 0070 0000 1800
10000 0000 00000 0000 0001 0 0 70 00 00000 000 8000 0800 0000 0000 00208 010 0000 0300 00003 0000 000090
0 0 0 0 0003 00 01 0 0 00 0 9 0 0 00 0 0 0 0 0 0 060 00 00 0 0 00 00 00 801000 000 0100 000
100 000 0 0 12 0 2 10 40 0 0 80 000 0060 00 0009 00 0 400 00 1205 10 0 0 0000 00 000 00 0140 0000 0000
00000 0000 00900 0000 0000 0 0 00 60 00100 000 0060 0014 0066 0000 00000 000 0900 3000 53000 7000 000008
0 0 3 0 0103 00 00 0 5 00 0 4 0 0 00 0 0 0 0 8 0 000 00 60 0 0 00 90 00 000200 000 0520 000
010 000 0 9 10 0 0 02 00 0 0 80 080 0000 00 0080 00 0 007 00 0005 00 0 5 0000 10 000 00 0000 8009 0000
00001 0000 00000 0000 0000 0 0 00 90 00000 200 0800 0002 0800 5803 40000 000 0000 0000 00010 0000 000005
4 0 0 0 0003 00 00 0 0 00 0 0 8 0 29 0 0 0 0 0 1 900 00 08 0 0 00 10 00 790003 000 8000 000
000 000 0 0 19 4 0 00 07 0 0 09 900 0000 00 0000 10 0 000 00 0005 00 0 5 0000 00 000 00 0000 0000 9002
82000 0000 00000 0000 0000 0 0 10 00 02000 000 0900 0000 0000 0000 00000 000 5104 0000 00203 0000 000500
0 0 3 0 0000 00 00 0 0 00 0 0 9 0 00 0 0 1 0 0 0 000 00 00 8 0 00 00 00 000020 000 0000 000
003 000 5 0 05 0 0 08 00 0 2 00 960 0000 00 0600 02 0 000 00 0000 00 0 0 0009 10 000 00 0000 0002 9000
00000 0000 10000 0000 0001 0 5 00 08 02000 000 0910 0002 0000 0709 00000 000 0000 0000 00000 0000 006000
0 0 0 0 0000 00 00 0 5 00 0 0 7 0 06 0 0 0 0 0 0 900 00 70 9 0 60 00 00 000020 000 0000 000
033 086 0 0 00 0 0 00 80 0 1 00 880 0200 00 0000 00 0 000 00 0000 02 0 0 4210 00 000 10 0000 0002 0000
02000 0000 00010 0710 0000 0 0 00 00 10007 010 0002 0012 0000 0000 00700 000 0100 5000 00000 0000 000008
1 0 0 0 0200 00 00 0 0 00 0 0 0 0 00 0 0 7 0 0 0 000 00 00 0 7 00 00 00 000000 004 0000 050
000 000 0 0 00 4 0 10 00 0 0 02 000 0000 05 0000 00 4 000 00 1000 00 0 0 0000 00 000 00 0009 0000 0000
10010 0000 00000 0010 0000 0 7 00 00 00100 000 0200 0800 0010 0000 00000 000 0000 0002 00013 0000 100000
0 0 0 0 0020 00 00 0 0 02 0 0 0 0 00 0 0 0 0 0 0 000 00 09 9 0 00 00 00 000003 000 0000 000
020 003 0 0 00 0 0 00 00 0 0 00 080 0000 00 0500 00 0 000 00 0010 90 0 0 0000 00 000 00 0005 0700 0098
00005 0005 00000 0000 0001 0 0 00 06 00000 000 0006 9000 0000 0000 00000 000 0000 5000 00200 0000 000000
0 0 0 5 0000 40 00 0 0 00 0 0 0 0 00 0 0 0 0 0 7 000 02 05 0 0 00 00 00 000003 000 0000 000
40 000 0 0 00 0 2 00 00 0 0 00 000 0000 00 0000 00 0 000 00 0000 10 0 0 0009 20 005 00 0005 8000 0010
00003 5000 10000 8000 5300 0 0 02 00 04090 000 0000 0630 0405 0400 00000 100 0004 0000 00000 0000 020098
0 5 0 0 0903 00 08 0 0 00 0 0 0 0 00 0 0 0 0 0 0 002 09 00 0 8 00 00 00 000000 000 0000 000
000 003 0 0 10 0 0 00 00 0 0 00 000 0000 00 3000 02 2 000 00 0000 10 0 0 5000 00 000 00 0040 0008 0060
00000 0060 07200 0000 0000 0 0 00 00 00004 000 0002 4009 1000 5000 00000 320 0104 0000 00010 0000 000100
0 0 3 0 0000 00 00 0 0 00 0 0 0 0 00 0 0 1 0 0 9 000 10 00 9 0 04 00 00 000000 000 0020 790
000 000 0 0 00 9 2 00 00 0 0 00 000 1000 00 0000 07 0 000 00 0000 02 0 5 0000 00 085 02 0000 8012 0000
00010 0000 00200 0000 0000 0 0 00 03 00000 000 0000 9000 0010 0090 90010 020 0000 5000 00500 0000 600000
0 0 0 0 5000 80 02 5 0 04 4 0 0 0 00 6 2 0 0 0 0 000 00 40 9 0 00 00 60 000300 000 0000 000
100 062 0 0 00 0 0 10 00 9 0 02 100 0000 00 2004 00 0 000 09 0000 09 0 0 0000 02 000 00 2000 0000 8000
06000 0000 00000 0009 5000 0 0 00 00 00000 010 0000 0000 0012 0000 00000 100 6000 0090 00000 0000 000000
7 0 0 0 0103 00 00 0 0 00 0 0 0 0 00 0 0 0 0 0 0 900 00 00 4 0 00 00 23 800003 000 0000 000
000 000 5 0 00 6 0 00 00 0 1 00 007 0000 06 5300 00 0 000 03 1900 00 0 0 0000 00 000 02 0000 0000 0000
00040 0000 00000 0000 0000 0 0 02 70 00002 004 0000 0000 0000 0400 12000 000 0000 0010 53200 0000 000100
3 0 0 0 0006 00 00 0 0 00 0 0 0 0 08 0 0 0 0 0 0 000 02 00 9 0 60 00 03 000000 000 0000 000
400 100 0 0 00 0 0 00 00 0 0 00 000 0000 00 0004 02 0 010 10 0010 00 0 0 0000 10 000 00 0000 0000 0002
00000 0000 40200 0000 0028 0 0 00 00 00000 000 0000 9000 0000 0000 00000 000 0000 0000 00000 0000 000000
0 5 0 0 0000 04 02 0 0 00 9 0 0 0 20 0 0 0 0 0 0 000 80 00 0 0 00 00 00 000000 020 0000 000
000 000 0 0 06 8 0 00 00 0 0 00 000 1200 15 0000 00 3 000 00 0000 00 0 0 0000 00 000 50 0000 0500 8010
00000 0005 00000 0000 0000 0 0 00 90 00000 009 0000 0010 0000 0000 00000 300 0000 0000 00000 0000 090000
0 0 0 0 0020 08 00 5 0 00 0 0 0 0 08 0 0 0 0 5 0 000 00 80 0 0 00 00 00 000000 100 0100 200
080 003 5 0 00 0 0 00 00 0 0 90 000 0700 00 0000 07 0 000 00 0010 02 0 0 0000 00 010 00 0100 0010 0002
10000 1030 00090 0000 0000 0 0 00 00 00000 010 0000 0000 0005 0000 00200 009 3000 0010 00000 0000 000000
5 0 0 8 0000 40 00 0 0 00 0 0 0 0 00 0 0 0 0 0 0 010 00 05 0 0 00 00 20 801000 060 0000 000
000 000 0 0 00 0 0 00 80 0 0 00 407 0000 10 0004 00 0 000 00 0030 00 7 0 0000 00 000 00 0000 0000 0000
00000 0090 03000 0570 5009 0 0 02 00 00000 000 0000 0002 0000 0000 10000 100 0007 0010 00000 0050 000000
4 0 0 0 0000 00 00 0 0 00 0 0 0 0 00 4 5 0 0 0 0 000 10 80 0 0 00 02 00 000000 008 0000 000
020 000 0 0 00 0 0 00 00 0 0 00 000 0008 00 0010 00 0 000 00 0000 10 0 5 0000 00 000 00 0040 6060 0000
00000 0000 00000 0000 9099 0 0 00 90 00100 000 0000 0800 0000 0060 70000 000 0034 0000 00200 0000 020108
0 0 0 4 0000 80 02 5 0 00 0 0 0 0 00 0 0 0 0 0 0 500 00 00 0 0 00 09 00 090000 000 6060 000
100 000 0 0 00 0 0 00 00 0 0 00 000 9206 00 0300 00 0 900 00 0000 00 0 0 0000 00 000 00 0000 0000 0002
00000 1800 10000 0000 0000 0 8 00 00 00000 000 0000 0014 0000 0000 00000 000 0100 0600 00000 0000 900010
0 0 0 0 0000 40 00 0 5 00 0 0 0 1 00 0 0 0 0 5 0 000 00 05 0 0 08 00 90 000000 000 0200 000
00 722 0 0 00 0 0 00 00 0 0 02 080 1000 09 2000 10 0 800 00 0700 79 0 0 0200 00 000 00 0001 0000 0000
00010 0000 00000 0000 0000 0 0 00 90 30000 010 0000 0704 1000 0000 00500 000 0020 0002 00000 0000 505000
0 2 0 0 0000 00 00 0 5 10 8 0 0 7 00 9 0 0 9 0 1 000 00 00 9 0 00 00 00 090000 000 8000 000
000 000 0 0 00 0 0 00 00 0 1 02 900 0000 00 0300 00 0 000 00 8000 00 0 5 0000 12 007 00 7005 0000 0000
00005 6000 53000 0010 0000 0 0 12 08 00000 400 0004 0000 0000 0000 70000 000 0000 0000 00000 0000 000000
0 0 0 0 0000 00 00 0 0 00 0 0 0 1 00 8 0 4 0 0 0 000 00 00 0 0 00 00 00 000000 027 0000 000
000 000 0 0 10 0 0 00 00 0 0 00 000 0064 00 0300 00 5 001 00 0200 00 0 0 0000 00 040 60 2005 0000 0000
00000 0000 03000 0010 0000 0 0 00 04 02000 000 0000 0010 0010 0000 00090 000 0030 0390 40000 0000 500090
0 0 0 4 0003 00 00 0 0 00 0 2 0 0 00 0 0 0 2 0 0 000 00 00 0 0 00 00 00 000003 000 0000 500
000 000 0 0 00 0 0 12 00 0 0 00 007 0000 60 0204 00 0 502 00 1000 00 8 0 1009 00 000 00 4040 0000 0080
00000 0000 00000 0000 0100 0 0 22 00 00000 000 0000 0000 0010 0000 00000 000 0000 5000 00000 0600 000000
1 0 0 0 0000 00 00 0 0 00 0 0 0 0 00 0 0 0 0 0 1 700 00 05 5 0 00 00 00 000000 000 0000 000
803 070 0 0 90 0 0 00 00 0 0 08 000 0200 00 0904 02 0 200 00 8008 00 9 0 0000 00 030 00 0100 0010 7000
00000 4000 00015 8000 0100 0 0 12 00 00000 000 0000 0010 0000 0003 82000 700 0900 0000 00000 0100 000000
0 0 0 0 0100 00 00 0 0 60 9 7 0 1 08 0 0 0 4 0 0 000 00 00 0 0 00 00 00 390000 000 0000 800
020 003 0 0 00 0 0 00 00 9 0 00 000 0000 00 5000 00 0 000 00 0200 02 0 0 0080 00 400 00 2700 0002 8000
00090 0020 00030 0000 0000 0 0 09 00 00000 000 0000 0000 0000 0000 00200 000 0000 5700 40007 0003 000000
0 0 0 3 0020 00 00 5 0 00 0 0 0 0 00 0 0 1 0 0 0 030 00 45 0 0 00 00 00 800000 000 8000 000
000 000 0 0 00 0 5 00 84 0 0 00 707 0000 00 0000 00 0 002 00 1000 00 4 0 0000 00 000 00 0100 0000 0000
00000 0060 00000 0700 0000 0 0 06 00 00000 000 0000 0000 0000 0206 00200 000 9060 0600 00000 0000 001000
0 0 8 0 0000 07 02 0 5 00 0 8 0 0 00 4 0 0 0 0 0 000 10 00 0 0 20 00 00 000000 000 0000 000
090 000 0 9 00 6 0 00 00 0 0 80 000 0000 00 0000 09 4 010 00 0005 00 0 0 0000 90 470 00 0000 0000 8900
00003 1900 10000 0000 0000 0 0 00 00 02000 010 8000 9000 0030 4000 00000 000 0000 0000 00000 5000 000090
0 0 0 0 0000 00 00 0 0 00 0 0 0 0 00 0 0 1 4 0 0 000 00 00 9 8 08 12 00 001000 007 0000 800
100 000 0 0 00 0 0 00 00 0 0 00 000 0000 00 0900 00 0 000 00 0200 00 0 0 0000 00 000 00 0000 0000 0000
00000 0400 00905 0002 0000 0 0 00 08 00000 050 0002 0000 0005 0000 00000 000 0000 0000 00800 0000 000000
0 0 0 0 0000 00 00 0 5 00 0 0 0 0 00 0 0 1 0 0 0 000 02 00 0 0 04 00 00 000000 000 0000 000
000 000 0 8 02 0 2 00 00 0 0 04 007 0004 10 0008 10 0 000 00 0000 09 0 0 0200 00 000 00 9040 5000 0000
00000 0000 14000 8000 0000 0 0 00 00 10000 000 0000 0002 5000 0000 02005 004 1100 0600 00000 0000 000000
8 0 0 0 0000 00 00 0 5 00 0 9 0 0 20 0 0 0 4 0 0 000 02 00 0 0 04 00 00 000000 100 0000 000
000 000 0 0 00 0 0 00 00 0 0 50 000 0000 00 0010 00 0 000 00 0200 00 3 0 0000 02 000 00 0007 8000 8002
02010 0007 00800 8700 0000 0 0 00 08 00020 510 0010 0000 0090 0400 06000 008 0000 0010 50000 0000 020000
0 0 0 0 0090 00 00 0 5 00 0 0 0 0 00 0 0 0 0 0 0 000 00 00 0 8 02 00 00 090000 020 8000 800
00 000 0 0 00 0 1 00 00 6 0 00 090 0004 05 0000 00 0 042 00 0960 00 0 0 0000 00 000 00 0000 0010 0000
00000 1000 10000 0092 0000 0 0 00 00 15000 000 0000 0000 0000 0010 10000 020 0000 0300 00200 0000 000000
0 0 0 0 0480 40 00 0 0 00 0 7 0 0 00 9 0 0 0 1 0 002 10 05 0 0 00 10 00 000000 004 0000 000
000 000 0 0 00 0 0 00 00 0 0 00 000 0010 00 0320 12 0 000 01 0015 00 0 5 0000 06 000 00 0000 0000 0000
00007 0005 00200 0010 0000 0 0 40 00 10002 000 0000 0000 6000 5000 00000 000 0000 5002 00200 0050 000008
0 0 0 0 0000 00 00 5 0 00 0 0 0 0 00 9 0 0 0 0 0 000 00 00 0 0 00 00 00 000000 000 0000 000
000 000 0 0 00 0 0 10 08 0 0 00 007 0000 00 0060 00 0 002 00 0200 00 0 0 0000 02 050 00 7000 0700 0010
00000 0005 15000 0060 0000 0 0 00 00 00000 000 0000 0860 0000 5003 00200 006 0000 5002 00000 0000 000000
0 0 0 0 0000 05 02 0 0 70 9 4 0 8 90 0 4 2 0 0 0 600 20 08 0 0 00 00 00 000000 604 0000 050
066 005 0 0 02 0 2 00 00 0 0 00 000 0600 00 0000 00 6 080 00 0000 10 0 0 0000 10 000 05 2000 8010 8000
00000 0000 00005 0002 9008 0 0 15 00 02000 000 0000 0040 0005 0000 00000 000 0000 0000 00000 0000 005100
0 0 0 0 0020 00 00 0 5 00 9 0 0 0 00 0 0 0 0 5 0 916 00 00 0 0 00 80 02 800000 102 0100 000
003 000 0 0 00 0 9 10 60 0 0 80 000 0000 40 0300 00 0 600 00 0000 00 0 0 1000 02 010 00 0000 0000 8000
02070 0100 00005 0000 0001 0 5 00 00 00000 010 1000 0010 0200 0090 00200 000 0000 0010 50003 0000 000100
3 0 0 0 0000 00 02 0 0 00 0 2 2 0 00 0 0 0 0 0 0 900 00 05 0 8 59 00 00 000002 000 8000 009
090 000 0 0 00 9 0 10 00 0 0 00 300 1210 00 0000 00 0 900 00 0700 00 0 0 0000 00 070 00 0000 0000 0000
02003 0500 00000 0700 5000 0 0 00 00 10000 000 0000 0000 0000 0000 00000 000 0090 0010 00060 0000 109080
8 0 0 0 0000 00 00 0 0 00 5 0 9 0 00 0 2 0 0 0 0 002 00 00 0 0 00 02 00 000000 080 0000 000
000 700 0 0 00 8 0 02 00 0 0 00 000 0090 00 2010 00 8 900 10 0000 00 3 5 0000 00 000 10 0050 0000 0900
00300 0035 00000 8000 0020 0 0 00 01 00000 010 0000 0000 0010 0000 00000 300 0003 0000 03000 0050 004090
1 0 0 0 0020 00 00 0 0 00 0 2 8 0 00 0 0 0 0 0 0 000 00 00 0 0 00 00 00 000000 000 0000 008
000 000 0 0 09 0 0 00 80 0 0 02 000 0000 05 0000 00 4 000 00 0000 02 3 0 0000 07 000 00 2500 0010 0003
00000 0800 00000 0000 0000 0 0 00 00 00040 000 0000 0000 0000 0000 00200 000 0000 0000 00000 0000 000000
0 0 0 0 0000 00 00 5 0 00 0 0 0 0 00 5 0 0 0 7 0 008 03 00 0 0 04 00 00 000220 100 0000 000
003 020 0 0 00 0 0 00 00 0 0 08 000 9010 00 0000 00 0 000 00 0010 00 0 0 0700 00 060 00 2005 0800 0800
00000 0000 10210 0000 0030 0 0 05 00 00000 000 0000 0000 0000 0003 00000 105 0000 0300 00000 0000 000000
0 0 0 0 0007 00 00 5 0 00 0 0 0 0 00 0 0 0 0 0 0 000 00 00 6 0 04 00 20 001000 000 9008 000
000 000 1 0 00 0 0 00 00 0 0 80 400 0000 00 0000 00 0 010 00 1010 10 0 0 0060 10 000 00 2000 0090 0000
00000 0000 47002 0010 0000 0 0 30 00 00000 000 8000 0000 0000 0009 00010 080 0000 0000 00000 0000 000108
0 0 0 0 0009 00 00 0 0 08 3 0 0 0 20 0 0 0 0 0 0 004 00 00 0 0 00 00 07 000000 000 0900 006
100 000 0 0 10 0 0 50 00 9 0 00 000 0000 00 2007 07 0 000 00 0000 02 0 0 0200 00 000 60 0040 0040 0010
00000 0000 10000 0010 0000 0 0 00 00 00000 000 0000 0000 0200 0000 00000 000 0000 0000 00010 1100 000095
0 0 0 0 0000 00 00 0 0 00 0 0 0 0 20 0 0 0 0 0 0 080 00 00 0 0 00 00 00 000000 000 0000 000
00 010 0 0 00 0 0 00 00 0 0 00 000 0070 00 0014 00 4 000 90 1005 02 3 0 0080 00 000 00 0002 0000 0002
00000 0000 07000 0000 0000 0 0 40 00 00040 600 0000 0200 0000 0000 00060 000 0000 0010 00000 0000 000190
0 0 8 0 0020 00 00 0 0 00 0 0 8 0 00 0 7 0 0 0 0 000 50 00 0 0 80 00 20 000000 000 0023 550
000 000 0 0 00 0 0 00 80 0 0 00 000 0034 00 0000 00 0 000 00 0000 00 0 0 0080 09 000 02 0000 0700 5002
60000 0100 70000 0000 0000 0 0 00 00 02000 000 0010 0060 0000 0000 00000 000 0000 0302 00000 6000 000100
0 2 0 0 5080 00 10 0 0 00 0 0 0 0 00 0 0 0 4 5 0 900 00 85 0 0 20 00 00 000005 000 0003 000
040 000 9 0 02 0 0 10 00 0 2 00 000 0000 00 0000 00 0 000 00 0000 02 0 0 0000 00 000 00 0500 0002 0000
00010 0009 00000 0007 0000 0 0 00 90 02600 000 0002 0000 0000 9003 00002 100 0100 0000 00600 0000 905000
1 0 9 0 0000 00 01 0 0 05 0 0 0 0 00 0 0 0 0 0 0 000 10 00 0 8 00 00 27 000000 900 0000 000
006 007 0 0 00 0 0 00 00 0 0 00 906 1294 05 0300 00 0 000 00 0200 00 0 0 5000 00 005 00 2000 7000 0400
02000 0030 00000 0702 0100 0 7 12 00 00000 070 0007 4000 0010 0000 00009 000 0000 0000 00000 0001 000000
0 0 8 0 0000 00 00 3 0 00 0 0 0 0 00 0 0 0 0 0 0 008 00 00 0 0 00 00 03 001000 044 0800 006
000 000 0 0 00 0 0 00 80 0 0 00 080 0000 00 0300 00 0 010 04 0000 00 0 0 0000 02 000 10 0000 0000 0000
00000 0000 00000 0000 0005 4 0 00 00 02000 000 0900 0000 0200 0000 00000 000 5000 0000 03000 0100 020000
1 0 0 0 0000 00 50 0 0 00 0 2 0 1 00 0 0 0 0 7 0 002 06 00 0 0 00 00 00 000000 120 0000 000
000 000 0 0 00 0 0 90 00 0 1 00 080 0000 40 0000 00 0 000 10 0000 00 0 0 0200 00 000 00 0000 8052 0400
02000 0000 20010 0000 7001 0 0 00 00 00000 010 0802 7000 0005 0403 00000 400 6000 0000 00007 0000 000008
0 0 0 0 0000 00 10 0 5 00 9 0 0 0 08 0 0 0 0 5 0 000 00 08 0 0 00 00 00 000000 000 0020 500
003 000 0 0 00 0 0 00 00 0 0 00 900 0060 00 0310 00 0 000 02 0000 03 0 0 6000 05 000 02 0000 0000 0000
00000 0030 00000 8001 9000 0 0 00 00 00000 405 0000 5000 2000 0000 10000 000 0600 0000 40000 0000 000000
1 0 0 4 0006 40 03 0 0 00 0 0 0 0 00 9 2 0 0 0 0 000 00 08 0 0 20 00 00 000003 000 0120 500
000 020 0 0 00 0 3 00 90 0 1 00 000 1004 00 2300 00 0 900 00 6000 02 0 5 0000 00 000 00 0100 0006 0000
00008 0000 30000 7700 5000 0 4 00 08 00000 007 0000 0007 0000 0010 00005 000 0500 0000 00013 0003 000100
0 5 0 0 5000 00 02 0 0 00 0 0 0 0 08 0 0 0 0 0 0 800 00 00 0 0 90 90 00 000003 030 0090 000
090 000 0 0 00 0 2 00 00 0 0 82 000 6900 00 2000 00 9 900 04 0000 10 3 0 0000 00 000 00 2000 5000 0000
10003 0009 00210 0000 0000 0 0 00 09 00000 000 0010 0000 0065 0000 00000 000 0004 0010 00000 0000 000108
0 0 4 0 0000 05 00 0 0 08 0 0 0 0 00 0 0 0 0 0 0 000 00 00 0 0 00 80 00 000000 000 0000 050
020 000 0 0 00 0 0 00 00 0 0 00 000 0000 Ö0 0000 10 0 000 10 7800 00 9 0 1000 00 000 10 0100 0000 0060
00000 0120 00200 0000 0100 0 0 00 00 00108 010 0010 0000 0000 0007 00000 000 0000 0000 00000 0000 000100
0 0 0 0 0020 20 10 8 5 00 0 0 0 0 04 0 0 0 0 0 0 000 00 00 0 0 00 18 00 000200 004 8000 000
003 023 0 0 00 0 0 00 00 5 1 00 000 8000 00 0000 00 0 000 00 0005 00 0 0 0000 00 000 00 0000 0000 0900
00010 0000 00010 0000 0000 0 0 05 00 02000 000 0900 6000 0000 2000 00000 000 0000 0010 00200 0000 000100
0 0 0 0 0090 00 10 0 0 02 9 2 0 0 00 0 0 0 4 0 0 004 00 00 0 0 04 08 00 000050 060 0000 000
00 000 5 9 00 0 0 00 09 0 0 00 030 1004 00 0000 07 0 000 00 0000 02 0 0 0009 00 014 00 7000 0000 0000
00000 0037 00207 0000 0000 0 0 00 08 02000 000 8000 0002 0000 0400 02000 000 0000 0302 00000 0000 060000
0 0 0 0 9000 00 10 0 0 00 0 0 0 0 00 0 0 0 0 0 0 000 05 00 0 0 00 07 00 000090 000 0100 000
000 000 8 0 02 0 0 60 00 0 0 62 000 0000 00 0300 00 0 000 05 0000 00 0 0 0405 10 000 00 0140 0900 0000
00000 0000 03010 0000 0000 0 0 00 00 00002 000 0900 9010 0010 0000 00090 020 0000 0300 00260 0000 000000
0 0 0 0 0000 00 00 0 9 00 0 0 0 1 00 0 0 0 4 0 6 000 00 00 0 0 00 00 00 000000 100 2000 000
000 000 6 0 00 0 0 00 02 7 0 00 900 8000 00 0014 00 4 900 00 0000 00 0 0 0004 00 000 00 0096 0000 0010
00000 0400 00000 8009 0000 0 0 00 00 10000 000 0000 9000 0000 0000 00000 000 5004 0000 00200 0000 005090
0 0 0 0 0003 00 00 0 0 02 0 0 0 0 00 9 0 4 0 0 0 004 00 00 0 0 00 00 03 000060 000 4000 050
020 020 0 0 02 0 0 90 00 0 0 00 080 0000 05 0000 00 0 000 04 0000 00 0 0 1700 00 000 00 0049 0700 0002
00003 0000 03000 0002 5000 0 0 00 00 00002 000 0009 0800 0000 0000 00000 000 0000 0000 07004 0000 000000
0 0 0 0 0000 00 00 0 0 00 0 0 0 0 00 0 0 0 0 0 1 010 00 00 0 0 02 00 00 800003 000 0020 500
009 100 0 0 00 0 0 04 00 0 0 00 000 0000 00 2000 02 1 080 10 0008 00 0 0 0003 00 610 00 0700 6000 0000
00005 0030 00000 0010 5000 0 0 02 08 00060 010 0012 0000 0005 0003 00010 004 0000 0000 50010 1000 000000
0 0 0 8 5000 00 90 0 0 02 0 0 0 0 00 0 0 0 0 5 0 400 00 00 0 0 00 00 00 890020 020 0000 570
020 000 0 0 00 0 0 00 00 7 0 72 000 0000 00 0000 72 0 000 00 0015 00 0 0 0000 00 000 00 0006 8906 0000
03000 0005 00000 8000 0000 0 0 00 00 00040 000 0000 7000 0000 0400 00010 020 5000 0002 50000 1100 007009
0 0 0 4 0100 05 02 0 0 00 0 0 0 1 00 0 0 1 0 0 0 000 00 00 9 0 00 00 00 800010 000 0090 000
100 000 0 0 00 0 0 30 00 6 0 00 000 0000 00 0000 00 0 010 00 1000 02 0 0 1700 00 000 00 0700 0010 0900
00000 0030 03000 0000 0600 0 0 00 09 00000 000 0000 0000 0000 0080 00000 000 5000 0000 00000 0000 000108
0 0 0 0 5000 00 00 0 0 00 0 2 0 0 00 0 0 0 0 0 0 000 00 00 0 0 06 00 00 000000 020 0003 000
202 100 0 0 00 0 2 02 09 0 0 00 009 1400 09 0300 00 0 000 00 0000 07 0 0 0000 00 470 00 0000 3730 0000
82300 0000 00005 0000 0000 0 8 00 00 00000 000 0000 0002 0006 0000 00009 000 0000 0000 00010 0106 100000
0 0 0 0 0000 40 00 0 0 00 0 0 0 0 00 0 0 0 0 5 0 010 00 00 0 8 05 10 00 000000 000 0000 006
100 000 0 0 00 8 2 02 00 0 0 00 000 0003 09 0000 00 0 000 04 0000 00 0 5 0000 00 000 00 0005 0017 0002
20000 0000 00000 0090 0001 0 0 10 00 06700 000 0900 0090 0085 0000 00015 000 0000 0000 00000 1003 000050
0 0 0 0 2100 00 00 0 0 00 6 0 0 0 00 0 0 0 0 0 0 000 02 07 0 0 00 10 00 000200 000 0003 000
200 000 0 0 10 0 0 00 00 0 0 02 000 0000 00 0300 00 4 900 00 0005 00 3 0 0000 40 000 00 0000 0700 0010
00000 0000 00000 8000 0000 3 0 00 08 00000 000 0002 9000 0000 0400 00000 000 5100 0002 00010 0003 060000
1 0 0 0 0000 00 10 0 5 00 0 2 0 0 00 0 0 1 0 0 9 000 10 00 9 0 03 40 03 800000 000 0000 000
000 000 5 0 00 0 0 00 00 0 0 00 080 0010 00 0010 00 0 008 00 0000 00 3 0 0200 10 040 00 0000 0000 0000
00000 0000 10000 0400 0001 0 0 00 00 09000 000 0090 9000 0200 0000 70017 020 5070 0000 20000 0000 000000
0 0 0 4 0000 09 00 0 0 00 0 2 0 0 00 0 0 0 0 0 0 040 80 00 0 0 00 00 03 001290 000 0000 000
00 000 0 0 00 0 0 00 00 0 0 05 907 0004 10 0000 00 0 000 00 0000 00 3 0 0000 00 000 00 0000 0000 0000
00000 0030 70000 0010 0000 0 0 00 06 02000 010 0002 0800 0015 0000 10000 000 0100 0000 00060 0000 000000
0 0 0 0 5040 00 00 7 0 70 0 0 0 0 08 9 0 1 0 8 1 000 00 00 0 0 00 09 00 000020 000 0000 000
053 800 0 0 00 0 0 00 00 1 0 00 000 0010 05 0000 00 0 010 00 1005 10 0 0 0200 22 400 00 0100 0070 8906
00000 0000 80075 0000 0400 0 0 00 00 00002 000 0000 0002 0000 0010 00200 020 0000 0000 00000 7000 000000
0 0 0 0 5003 40 00 0 0 00 0 0 0 0 00 4 0 0 0 0 1 050 00 75 0 0 00 00 00 001020 000 0100 000
100 000 0 0 00 0 0 00 00 0 1 00 000 0004 13 0000 00 0 000 00 0000 00 3 0 0000 00 000 75 0000 9000 0010
00003 0000 00000 0010 0005 0 0 00 00 60000 000 5000 0000 0005 0000 00000 100 0107 0000 00000 0000 000700
1 0 0 0 0030 80 00 5 5 00 0 0 0 0 00 0 0 1 0 0 0 000 10 00 0 0 04 00 00 000003 020 0000 507
006 000 0 0 00 7 0 00 80 0 0 80 000 0200 00 0000 00 0 000 00 0000 60 0 0 0000 00 000 00 0100 0002 0000
00000 0005 50000 0700 0000 0 0 80 08 00002 900 0012 0002 0000 0000 09000 000 0104 0010 90003 6000 000000
0 0 0 0 0023 40 00 0 0 00 0 0 0 0 00 0 0 0 0 0 0 000 00 00 9 0 24 02 00 090080 000 0000 508
000 000 0 0 00 0 0 00 00 0 0 02 007 1000 00 0000 08 0 900 00 0005 90 0 0 1000 00 000 00 0000 0704 0000
00000 0100 00000 0000 5000 3 0 10 00 00000 500 8700 0000 0000 0090 00005 000 9000 0000 00000 9093 000000
0 0 0 0 0003 00 00 1 0 00 0 0 0 9 00 9 0 1 0 0 0 000 00 00 0 8 00 10 00 880000 000 0003 500
100 100 6 0 00 0 0 00 00 0 0 00 020 0090 00 0000 00 6 400 00 0000 00 0 0 0200 00 000 00 0000 0000 0007
00000 0000 00000 0000 0100 0 0 40 00 70000 005 0000 0810 0050 0000 00000 029 0000 5000 50110 0000 000500
0 0 0 4 0000 00 00 0 7 00 0 0 0 7 00 9 0 0 4 0 0 000 00 00 0 0 00 08 00 000000 000 8100 000
000 000 0 0 00 8 0 10 00 0 8 00 050 0204 00 0010 20 0 000 00 0000 02 0 0 6200 00 000 10 0100 0000 0080
00000 0000 00900 8000 0000 0 0 00 08 00000 005 0000 9000 0000 0800 00000 000 0034 0008 50003 0000 560000
0 0 2 7 0020 00 00 9 0 10 0 0 0 0 08 0 0 0 4 0 1 000 00 00 0 0 00 00 00 001703 800 0000 000
000 000 0 9 00 0 0 00 00 0 0 00 000 0204 00 0004 00 0 000 00 0000 00 0 0 0800 00 400 00 0000 0000 0000
00080 0000 00200 9000 0000 0 0 00 00 02050 000 0000 0010 1090 0000 00000 000 0004 0000 08000 0000 002000
0 0 0 0 0000 00 09 0 0 10 5 0 0 0 80 0 0 0 0 0 0 000 10 00 7 0 00 00 00 000000 000 0000 000
100 000 0 0 00 0 0 60 00 3 1 00 000 0000 00 0370 32 0 000 00 0010 00 0 0 0000 00 000 00 0060 0000 8000
00000 0000 00100 8002 0001 0 0 20 00 00006 000 0000 0000 0200 5013 70200 000 0000 0000 53000 0000 000000
0 0 0 0 0000 69 12 0 0 80 0 0 0 0 00 0 4 0 0 0 0 000 02 30 0 0 04 03 00 000000 000 0003 006
000 000 0 0 00 0 0 00 00 0 0 00 000 0000 50 0000 10 0 000 00 0005 00 0 0 5000 80 000 00 6000 0010 0500
09000 0000 00000 6050 4001 0 0 00 00 02000 300 0000 0800 0000 6093 00200 000 0000 0000 70003 0000 000090
0 0 0 8 0060 00 00 0 0 12 0 0 0 0 08 0 0 0 0 0 0 000 02 00 0 0 00 00 06 800000 000 0000 050
000 000 0 0 00 8 0 95 00 0 0 00 000 0214 00 0010 00 0 008 00 0000 00 0 0 0000 00 000 00 0040 0000 0090
00000 0010 00000 7800 0001 0 0 00 00 00030 800 0000 0062 0000 0000 10050 100 0000 5002 00000 0600 000009
0 0 0 4 0000 00 00 0 0 00 9 0 0 0 00 8 0 0 4 5 0 000 00 80 8 0 00 00 03 000000 600 1600 540
54 000 0 0 00 0 6 03 09 0 0 00 980 0200 00 0000 00 0 900 04 0000 02 3 0 0000 00 000 00 0000 7000 0000
18000 0100 00037 0000 0000 0 9 00 00 00000 005 0000 0000 1005 0000 00000 029 0000 0002 00000 0000 105100
0 0 0 0 5000 07 00 1 0 10 9 0 0 0 00 0 0 0 4 0 0 900 09 00 0 0 00 00 00 890020 002 0800 006
000 000 0 0 00 0 0 00 00 0 0 00 000 0000 05 0000 00 0 000 00 0010 00 0 0 0000 00 000 00 0100 0000 0010
00000 1000 00000 0000 0109 0 0 00 00 00000 810 0000 0000 1000 0604 00070 000 0000 0000 00000 0000 000290
0 0 0 8 0000 00 00 5 0 00 0 0 0 9 00 0 0 5 0 0 0 000 00 00 0 0 00 00 08 800000 120 0000 000
000 000 0 0 00 0 0 00 00 0 1 00 809 0000 00 0005 00 0 000 10 0090 00 0 0 0000 00 410 00 5005 0730 0000
00000 0000 00000 0000 0000 0 0 90 00 00102 000 0000 0002 0090 5000 00000 020 9000 0000 00003 0000 000000
0 0 0 0 0000 00 00 0 0 00 0 0 0 5 00 0 0 1 0 0 0 000 02 46 0 0 00 02 00 000000 000 0000 000
000 000 0 0 00 0 0 02 00 0 0 00 707 0000 00 0010 00 0 002 00 0000 00 0 0 0000 00 010 00 0000 0010 0000
00000 0020 00000 0000 0107 0 0 00 00 00000 000 0000 0002 0000 0000 00200 100 0004 6000 50000 0000 000090
0 0 7 0 0000 00 12 0 0 00 0 0 0 0 00 0 0 0 0 0 0 000 00 00 0 0 00 00 20 800000 000 8100 000
004 000 0 0 30 0 0 00 00 0 1 00 007 0200 00 0310 00 0 002 00 0060 90 0 0 0000 00 400 70 0000 0700 8002
00090 0100 00002 0000 0000 0 0 00 00 00000 008 0000 0000 0200 0000 10000 000 0900 0709 00000 0050 020090
0 0 0 0 0003 00 00 0 0 10 9 0 0 0 00 0 0 0 0 0 0 002 10 00 0 0 04 00 00 800020 000 0000 550
000 020 0 0 00 0 2 00 00 0 1 07 080 0001 00 0007 00 0 000 00 0005 00 0 0 0000 00 000 00 0000 8800 0002
00009 0000 00000 0903 0100 0 0 00 08 00000 000 8000 0000 0000 0400 00000 000 0030 1000 00000 0000 000000
0 0 0 0 0900 60 02 0 0 00 0 0 0 0 00 0 0 0 0 0 0 000 30 45 0 0 20 08 20 000000 020 0000 000
064 500 0 9 00 0 0 07 00 0 0 02 000 0304 00 0000 00 0 010 10 0240 00 0 0 0070 03 000 00 0000 0700 0000
00000 0006 00002 0000 0020 0 0 00 00 00000 000 0012 0000 0000 9000 00000 000 5834 0002 00500 0000 000000
0 0 0 0 6020 00 00 0 0 00 0 0 0 0 20 0 0 0 4 0 1 000 00 40 0 0 00 08 00 000000 020 0000 000
000 000 0 0 00 0 0 00 00 0 7 00 000 0000 00 0010 00 0 010 00 0200 00 0 0 0000 00 000 00 0000 0070 0000
00003 0000 00070 8000 0001 3 0 08 00 02000 000 0000 0000 1000 0006 00000 000 0000 0000 00000 0104 000000
0 0 3 0 0050 00 00 0 2 07 0 0 0 1 08 0 2 0 6 0 0 900 00 00 0 0 00 00 00 090000 120 0000 000
003 000 0 0 10 0 4 05 00 0 8 02 080 0000 05 0000 00 0 000 00 0600 00 0 0 5000 00 007 06 0050 0000 0000
00000 0000 00000 0000 0000 0 0 00 00 00100 000 0210 0008 0000 0000 00000 020 0000 0003 00000 0000 000008
0 0 0 0 5000 40 00 0 0 00 0 0 0 9 00 0 2 0 0 0 0 000 02 00 0 0 06 00 00 001000 020 0003 000
000 000 0 0 00 8 0 12 08 7 0 00 009 0000 00 0000 10 0 900 10 0200 00 0 0 0080 00 000 70 2000 0000 0015
00000 0000 00000 0010 5020 0 0 00 00 00160 000 0000 0000 0805 0000 02005 100 0000 0300 00003 1000 000000

00000 0030 00000 0070 0000 4 5 00 90 10000 000 0000 0600 0000 5000 00000 000 0600 0000 00000 0000 100000
0 0 6 0 2000 00 20 0 0 00 0 0 0 0 00 0 0 0 0 0 0 000 10 00 0 0 00 00 00 090000 000 0020 608
003 020 5 0 00 0 0 00 00 6 0 02 000 0005 00 0314 00 0 090 00 9006 00 0 0 0000 00 000 00 0005 0010 0000
09340 0400 00000 0070 0000 0 0 00 90 02000 010 0003 0000 0000 0010 00000 000 0000 0000 00010 0000 000000
1 0 0 4 0080 00 10 0 0 00 0 0 0 0 00 0 0 0 0 0 0 002 00 05 0 0 00 00 00 000000 000 0000 050
00 000 0 0 00 0 2 10 03 0 0 00 080 0000 80 5000 00 0 010 04 0000 00 0 0 1000 00 000 00 0070 0000 0000
00000 0002 00000 0000 8000 0 0 00 00 00000 000 0000 0000 0090 0000 10900 000 0100 0000 00000 0000 000008
0 0 0 0 0000 40 00 0 0 10 0 0 0 0 08 9 0 1 0 0 0 910 92 00 0 0 04 00 00 000000 000 0100 000
000 000 0 0 17 0 0 00 00 0 0 00 080 0000 00 0004 00 0 090 00 0000 00 0 0 0700 00 000 00 0000 0000 0000
00000 0100 00203 0000 0000 0 0 02 90 00000 000 0910 0000 0000 0000 02000 000 0100 0000 00000 0150 020000
0 0 3 0 0000 00 00 5 0 00 9 0 0 0 00 5 2 0 0 0 0 000 00 05 0 0 60 00 03 001000 190 0003 000
000 000 0 0 80 0 0 00 00 0 0 00 098 0000 00 0000 00 4 010 00 0006 00 0 0 0000 00 000 00 0000 0000 0005
00000 0000 00000 0009 8001 0 0 00 00 02002 000 0010 9000 0010 0000 72000 804 5000 0000 09000 0100 000008
0 0 3 0 0000 00 00 0 0 00 0 2 0 0 00 0 0 0 0 0 0 000 00 00 9 0 00 00 00 000020 000 0000 000
033 000 0 0 00 8 0 00 80 0 0 00 080 0002 00 6010 00 0 000 00 0205 00 0 0 0000 00 000 60 0000 0000 0000
10003 0800 00030 0000 0000 0 0 00 00 00080 000 0493 0010 0000 0400 00000 004 0030 0050 00003 0000 000000
0 0 0 0 5020 00 00 0 0 90 0 0 0 0 08 0 8 0 0 0 0 900 03 00 0 0 00 00 05 080000 100 0000 000
000 100 0 0 00 0 0 07 00 2 0 00 000 0000 00 0010 02 0 013 00 0007 06 0 0 0000 00 000 00 0000 0000 0000
00000200 000090
0 2 0 0 0000 00 40 0 0 00 0 0 9 0 00 0 0 6 0 0 0 010 32 00 0 0 04 02 00 009000 000 0000 006
020 000 0 9 00 0 0 00 00 0 0 00 050 0000 05 0008 50 0 010 00 0260 00 0 5 0000 00 690 00 0000 0000 8710
00300 1000 00000 8700 0000 0 0 00 70 00000 000 0000 0002 0000 0010 00000 000 0000 0005 00005 0000 075000
0 0 0 0 0003 00 00 5 0 00 0 0 0 0 00 0 0 1 0 0 0 080 00 00 0 0 00 00 00 000000 000 5020 000
000 000 0 0 50 0 0 06 00 0 1 00 900 0000 00 0075 00 0 000 04 0000 00 7 0 0000 10 000 00 0000 6000 0000
00040 8180 00090 0708 0001 0 0 00 00 00900 010 0200 0000 0005 0003 00000 004 0100 0300 00000 0000 005000
0 0 0 4 0000 30 00 0 0 02 0 0 0 0 20 0 0 0 0 0 1 000 00 00 8 8 09 10 00 000020 020 8000 000
700 000 0 0 72 0 0 00 80 0 1 00 000 9000 05 0000 00 0 900 00 0000 00 0 0 0000 00 000 00 0040 0000 0002
50000 0000 00000 0000 0000 8 5 00 00 02070 040 0050 9800 0000 0000 00000 007 0000 0000 60053 7000 200090
0 8 0 0 0000 00 00 0 0 00 0 0 0 0 00 9 0 0 0 0 1 000 00 88 0 6 00 10 00 800200 100 0000 000
50 800 0 0 00 0 0 00 00 0 0 00 000 0000 00 0000 00 0 010 09 0210 00 0 5 0000 00 000 00 0000 0000 0000
02300 1000 00205 0000 0120 0 0 00 00 02000 800 0000 0000 4000 5000 09000 000 0030 0902 00000 0000 000000
0 0 0 0 5020 00 00 0 0 00 0 0 0 0 00 0 0 0 0 0 0 000 00 00 0 0 00 00 00 000300 000 0000 090
000 000 7 0 00 8 0 50 00 5 5 00 000 0020 00 7000 82 0 010 00 0000 10 0 0 0000 00 400 10 0000 8000 0000
00400 0000 00000 6005 0020 0 0 10 00 00000 000 0010 9000 1000 0000 16005 009 0000 5300 00000 0000 000100
0 0 0 0 0000 05 00 0 5 00 0 0 0 0 00 0 0 1 0 0 0 000 00 00 0 0 00 30 00 000000 000 0000 500
000 003 0 0 00 0 0 00 30 0 1 00 000 1014 00 0100 00 0 000 90 4005 00 8 0 0002 00 005 02 0000 8700 0002
00000 0000 00400 0900 5100 0 0 00 00 00030 010 0000 0000 0200 0000 00000 000 0109 0000 00000 0000 905000
0 0 0 0 0000 05 02 5 0 00 0 0 0 0 20 0 2 1 0 0 0 000 02 00 6 0 20 00 00 000003 000 8000 006
090 000 0 0 60 0 0 00 00 0 7 00 000 0000 00 2000 02 0 002 04 0000 00 0 0 1000 00 000 02 0005 0700 0000
00007 0133 70005 8000 0000 0 0 02 00 00002 020 0000 0007 0000 0000 00200 004 0100 0000 03000 1053 706108
0 2 0 0 0003 40 70 3 5 00 9 0 0 0 00 0 0 0 0 0 0 002 00 00 0 0 04 60 00 000000 000 8000 000
000 000 0 4 00 0 0 00 00 0 1 00 000 0000 00 8000 00 0 012 00 0200 10 0 0 0089 10 010 02 0000 0000 0000
08000 0000 00200 0700 5000 0 0 00 00 00000 510 0000 9000 0000 0010 10200 000 0034 0000 03600 0000 100008
0 0 0 0 0000 00 00 0 0 60 0 2 0 0 00 0 0 0 0 0 0 000 10 00 0 0 00 08 00 700000 004 0020 000
000 000 5 9 00 0 0 02 80 0 1 80 000 1000 00 0000 00 0 000 04 0240 00 0 0 5000 00 010 00 0005 0000 0000
00000 1030 00000 0000 0000 0 0 00 00 00002 010 0000 0000 0097 0060 00015 000 5000 0000 90000 0050 000003
0 0 7 0 0000 00 00 0 0 00 8 0 0 0 00 0 2 0 0 0 0 015 80 00 0 0 04 00 00 090000 000 8000 006
000 000 0 0 00 0 3 02 00 0 0 00 000 0500 00 5000 00 0 000 00 0000 00 0 9 1080 00 000 00 9000 0000 0000
00013 0000 00900 6040 0020 0 0 00 00 04090 800 0000 0000 0000 0003 00000 000 0000 0300 08000 0050 000090
0 0 0 0 0000 00 00 5 0 00 0 0 0 0 20 0 0 0 0 0 0 000 00 00 0 0 07 10 00 000000 000 0000 050
000 001 2 0 00 0 0 00 00 0 0 00 000 0004 00 2000 00 0 000 00 0209 00 3 5 0000 00 000 10 6000 0702 0000
00000 0000 00060 0000 0000 0 0 00 00 00000 000 0009 0050 1000 0000 00000 000 0000 0010 09203 1100 020100
0 0 0 0 0000 00 10 7 0 10 0 0 0 0 00 0 2 1 0 7 0 000 00 00 0 0 90 10 00 090000 000 0070 000
000 003 0 0 02 0 0 00 06 0 0 00 007 0000 00 0010 00 0 000 00 0000 90 0 5 0800 02 000 00 0000 0000 0000
00000 0880 00000 9000 0900 0 0 00 00 06100 005 0000 0000 0000 0000 00000 100 0050 0000 00000 5000 000000
6 0 0 0 0000 00 00 0 0 00 0 0 0 0 20 0 0 0 0 0 0 010 00 00 0 0 00 00 00 000000 000 9093 000
000 020 5 0 09 0 2 00 07 8 0 00 000 0000 00 0300 10 0 000 00 0013 02 0 5 0009 00 000 00 0005 0000 0900
00000 0000 00008 8000 0001 0 0 00 00 00000 000 0000 1000 0000 0000 30000 000 0000 0000 00000 0100 800800
0 0 0 0 0100 00 00 0 0 00 0 0 0 0 20 0 2 0 4 0 0 010 08 00 0 0 27 09 00 000003 000 0000 006
003 020 0 0 02 0 0 80 00 0 0 00 005 1060 05 0000 00 4 000 00 0010 00 3 0 0000 70 000 07 0005 0000 0000
00000 0005 00000 0700 0100 9 0 00 00 00000 000 0000 0000 0000 0009 00004 000 0000 0000 50060 0000 000000
0 2 0 0 0003 05 00 0 0 00 0 0 0 0 00 0 0 1 4 5 7 000 00 00 0 0 00 00 08 800020 070 0000 050
00 040 0 0 00 0 0 10 00 0 0 00 000 0000 00 0010 00 0 000 00 0000 10 0 0 0000 00 000 10 0000 0000 0000
02010 0000 03000 0000 0100 0 0 06 05 00000 000 0000 0006 0000 0000 50000 109 9000 0004 50008 0050 105090
0 0 0 0 0010 00 00 0 0 00 0 4 8 0 00 0 0 0 4 0 0 700 00 00 0 0 05 00 00 090020 100 8000 000
520 000 0 9 00 8 0 00 09 0 0 00 000 0000 00 0304 00 0 000 00 0000 00 0 0 7000 10 000 00 0000 0000 0000
00000 0000 00000 0000 0000 0 0 01 00 00000 040 0000 0000 0008 0000 00000 000 5100 0010 57200 0000 050890
0 0 0 0 0000 00 00 0 5 00 9 0 9 0 48 0 0 0 0 0 0 000 00 40 0 8 20 00 90 000200 000 0190 000
000 000 5 0 02 0 0 00 00 0 0 00 000 0000 10 0000 00 0 030 00 0900 00 0 5 0080 00 400 80 0000 0000 0000
00000 1000 00000 0000 0000 0 0 00 00 50000 040 4000 9000 0000 0000 02010 000 0100 5000 09600 0000 000000
0 0 0 9 5007 00 04 0 0 00 0 0 0 0 20 0 0 1 4 0 0 000 00 00 0 0 20 10 00 000790 000 8100 500
000 000 0 0 02 0 0 00 00 0 0 00 000 0076 00 0004 00 8 000 10 0000 00 3 0 0000 00 000 00 0005 0710 0000
00000 0000 00000 8600 0000 0 0 00 00 00000 000 0000 0000 0030 0010 00000 000 0860 0000 00000 0000 000000
0 0 3 0 0000 40 10 0 0 00 0 0 0 0 00 2 0 1 0 0 1 010 00 00 0 0 00 00 03 000009 000 0900 000
300 000 0 0 00 0 0 00 70 0 0 00 700 0200 00 6000 00 5 000 00 0000 00 0 0 0000 00 410 00 2040 0002 0000
00000 0008 00000 0001 0000 0 0 00 00 00000 080 0010 0700 0600 0010 00000 800 4030 5000 50000 0000 000000
0 0 0 0 0100 00 00 0 0 00 0 0 0 0 20 0 0 0 0 0 0 010 02 00 0 0 00 00 00 000200 000 0000 506
020 000 0 0 00 5 0 10 89 0 0 80 907 0050 00 0008 02 0 000 00 0000 00 0 0 0000 00 000 00 0000 0000 0900
00000 0000 00000 0000 0020 5 0 00 00 00000 000 0013 0000 0000 0000 00000 000 0000 0000 80000 0050 000008
0 0 0 4 0000 00 12 0 0 00 0 0 0 0 00 0 2 0 0 0 0 000 00 00 0 0 07 00 00 000000 000 0000 000
000 010 0 9 03 8 0 10 00 0 0 00 800 0000 00 0010 00 0 000 00 0000 00 0 0 0209 00 010 10 0000 0000 0010
00000 1057 90005 0000 0900 0 0 80 00 00100 000 0000 0000 1010 0000 00000 000 0000 0000 00200 0000 005008
0 0 0 0 0000 07 00 0 0 00 0 0 0 0 08 0 0 0 0 0 0 000 60 00 0 0 00 60 00 800000 000 0000 056
000 060 0 0 00 0 0 10 00 8 1 00 000 0000 00 0300 00 0 000 00 0710 00 0 0 0000 10 000 00 9000 0000 0000
00000 0000 00000 0000 5000 3 0 00 00 00000 000 0000 0000 0000 0000 02200 000 0006 0005 00200 5000 128000
0 0 0 0 0020 00 02 0 0 00 0 0 0 0 00 0 0 0 0 0 0 000 00 00 0 0 00 10 00 000600 000 0020 500
000 000 0 0 06 0 0 02 00 0 0 70 000 0000 00 2000 00 0 000 00 0000 00 0 0 0200 00 000 00 0000 0706 0000
07000 0000 00000 0700 0000 0 0 00 00 00000 000 0002 0810 0000 0000 10000 000 0000 0000 00000 0000 000000
0 0 0 0 0000 00 30 3 4 00 9 0 0 0 00 0 0 0 0 0 0 000 00 08 0 0 00 00 00 306000 100 8000 596
020 000 0 0 00 0 0 00 79 0 0 80 000 0000 00 0000 10 0 000 00 1000 02 0 5 1000 17 600 10 0000 0700 0048
00000 0000 10000 0000 0000 3 0 00 00 00080 090 0000 9800 0015 0500 40000 000 0000 0020 00000 5800 100098
9 0 0 0 0000 00 02 0 0 00 0 0 0 9 00 0 0 0 0 0 0 000 00 40 8 0 00 00 00 001000 000 0000 000
100 003 0 4 02 8 0 00 50 0 0 80 000 0000 30 9000 00 0 000 04 0200 00 0 0 0000 00 000 00 0000 8000 0000
00000 0800 00000 0000 0000 0 5 00 00 02002 000 0010 0010 0000 0400 00015 000 0004 0000 00000 6000 080300
5 2 3 0 0023 00 00 8 0 00 0 0 0 1 08 9 0 0 0 0 1 000 06 00 0 0 20 02 30 000000 024 0000 000
00 800 5 0 00 0 0 00 80 0 0 00 000 0010 10 0000 10 0 000 00 7000 00 0 0 0000 00 000 00 2000 0000 0000
00000 0000 00200 0000 5020 0 0 00 00 00022 007 0000 0002 0000 0000 00000 000 0072 5000 00010 0000 000009
0 0 0 0 0000 00 00 0 8 00 0 0 0 1 20 0 0 0 0 0 0 000 00 00 0 0 80 00 00 000000 000 0020 000
100 000 5 0 00 0 0 00 00 0 0 00 000 0000 00 0300 00 4 000 00 0000 00 0 0 0000 02 000 00 8400 0000 0002
00000 0000 00000 0000 0000 0 0 00 00 00000 000 8000 0000 0005 0000 00000 020 0000 0002 00500 0000 000008
1 0 0 0 5100 80 00 5 0 00 0 0 0 0 07 0 0 0 0 0 0 000 00 00 0 0 00 00 00 000800 800 0000 000
103 000 0 0 90 0 0 10 30 0 0 00 000 0200 00 0004 10 0 402 00 0000 00 0 0 0009 00 000 00 0000 0700 0000
07000 0070 00005 8000 0000 5 5 00 90 02000 000 8000 0502 1005 0000 00000 004 0000 0000 00000 0000 000050
0 0 0 0 5000 90 10 5 0 00 0 0 0 0 00 0 0 0 4 0 0 009 00 00 0 0 08 00 00 800000 000 0000 050
060 000 0 0 00 0 0 10 00 0 1 00 000 0200 00 2000 10 0 072 00 0000 00 0 0 0000 00 400 00 0000 0000 8000
00003 0000 10000 0000 0020 0 0 00 80 00000 019 0002 0002 0000 7407 00000 000 0007 4010 03000 0180 000100
0 0 0 0 0000 00 00 0 0 12 0 0 0 0 08 5 0 0 0 0 0 900 07 00 0 8 00 00 00 009020 000 0020 000
000 000 0 0 30 0 0 00 80 0 0 00 900 0000 05 0000 60 0 000 00 0008 10 0 0 0000 00 000 10 0000 0000 0002
10006 0000 03000 0000 0000 0 0 00 00 00670 005 0000 0000 0000 0000 00000 000 5000 0100 00000 1080 000000
0 0 0 0 0000 00 00 0 0 00 0 0 0 0 00 0 3 0 0 0 1 507 00 00 0 0 00 00 03 000000 000 0000 000
000 000 0 0 10 0 0 00 00 0 0 00 000 0000 00 0004 00 0 000 00 0000 00 0 0 9000 00 000 05 2000 0700 0010
54000 0000 00000 0007 0000 0 5 00 00 00000 000 0002 0302 1000 5000 02000 000 5000 0010 50003 0000 000000
0 6 0 0 7000 00 07 0 0 00 0 0 0 0 00 0 0 1 0 0 0 002 00 05 0 0 00 00 00 000000 000 0000 086
030 020 0 0 00 0 0 00 00 4 0 00 000 0200 02 0000 00 4 000 04 0000 00 0 0 0000 10 000 00 0590 0000 0000
00000 0000 00060 0000 5000 0 0 00 00 10000 000 8000 0000 0050 0003 60890 000 0000 5000 00000 0000 070000
0 2 0 0 0023 00 02 0 0 00 0 0 0 0 00 0 0 1 7 0 0 000 00 00 0 0 20 00 00 001000 000 8083 050
100 000 0 0 00 0 0 00 00 0 0 80 000 0010 00 6000 02 0 500 01 0070 00 0 0 3880 00 000 02 0000 0008 0990
00010 0080 00000 0010 0000 0 0 50 00 00000 010 0000 0090 7000 0000 00000 000 0000 0706 50010 0053 000000
0 0 0 0 0000 05 10 0 0 00 9 0 0 0 00 0 0 0 0 0 0 000 00 00 0 0 00 00 00 000800 000 0000 150
090 000 0 0 00 0 2 69 09 9 0 05 006 0000 00 0008 80 0 000 00 0010 00 0 0 0800 00 900 00 0000 8982 0002
00000 0100 00015 0700 0000 6 0 00 00 00000 000 0002 7000 0000 2600 10000 000 0000 0000 03000 1000 000000
0 0 0 0 0000 00 00 0 0 00 0 8 0 0 00 0 0 0 0 0 0 000 00 00 0 0 00 00 00 000000 000 8023 006
000 050 0 0 90 0 0 00 00 0 0 00 000 1007 00 0000 00 4 002 00 0090 12 0 7 0200 00 000 00 0040 0000 0004
10060 0005 00200 0000 0100 0 0 00 00 10000 008 0000 9000 0000 5080 00005 090 0030 0000 00000 0003 080000
0 0 0 4 0043 00 00 0 0 00 0 0 0 0 00 0 0 1 0 0 1 800 19 00 0 0 00 00 00 001000 000 0020 000
000 000 0 0 00 0 0 00 00 0 1 00 900 0000 20 0050 00 0 000 00 1000 00 0 0 0000 00 005 02 0098 0000 0000
00600 0055 00000 8000 0000 0 8 70 00 00880 050 0000 0042 1000 0410 00200 000 0100 0000 00003 0000 020000
0 0 0 0 0000 00 00 0 0 00 0 0 0 0 00 0 0 0 4 0 0 000 00 00 0 0 00 80 05 000000 000 3000 009
00 000 0 0 00 0 0 00 00 0 0 00 000 0010 00 0004 00 0 000 80 0900 00 0 0 0000 00 000 00 9000 0000 0900
00003 0000 00000 0020 0000 0 0 00 98 00000 000 0000 7900 1000 0000 00000 100 0100 0000 00390 0600 000000
2 2 0 0 0000 00 00 0 0 02 0 0 0 0 00 0 0 0 4 0 0 000 10 00 0 0 00 03 00 001000 000 0003 000
100 003 9 0 10 8 4 00 00 0 0 00 680 7010 00 0000 00 0 000 00 1000 00 0 0 0000 08 000 00 0000 0010 8010
04000 4000 00000 0010 0000 0 0 00 00 02000 019 0900 0002 1010 0000 00010 000 0000 0010 20000 8000 005000
0 0 0 4 0000 00 00 0 6 00 0 0 0 0 00 0 0 0 0 0 3 502 00 00 0 0 00 00 00 000000 000 0000 000
090 600 0 0 60 0 0 00 09 0 0 09 900 0000 00 0380 00 0 000 30 0000 60 0 5 7907 10 000 00 0200 0400 0900
00000 4005 00200 0010 5000 0 0 00 00 00000 005 0000 9800 0000 0003 00200 020 0060 0000 00010 0003 900008
0 0 0 0 0020 00 00 5 0 00 0 0 0 1 00 0 0 0 0 0 0 000 00 40 0 0 00 02 00 900000 000 0070 000
000 000 0 0 00 0 2 00 09 9 0 89 090 0000 00 0900 00 0 000 00 0000 00 0 0 0000 02 000 00 0000 0000 0000
00000 0000 00010 0000 0003 0 0 00 00 00030 000 0000 0050 0005 0000 00005 020 0034 6000 00200 0053 500000
0 0 0 0 0000 00 08 0 0 00 0 2 0 0 00 0 0 0 0 0 0 000 00 07 0 0 00 00 00 000700 004 0920 507
100 000 5 0 00 4 0 00 00 0 8 02 908 0000 00 0000 10 0 802 00 0000 00 0 0 0000 00 006 00 2000 8000 0000
00000 1000 00000 0000 0000 3 0 00 00 02000 000 8000 3000 0000 5013 10000 000 5100 0300 00008 1000 000000
0 0 0 4 0000 00 00 0 0 10 9 0 0 1 28 0 0 1 0 0 0 000 00 00 0 0 00 02 00 000000 005 0000 000
800 705 0 0 10 0 0 10 00 0 0 00 900 0000 05 0000 00 4 000 04 0000 00 0 0 0080 00 000 02 0000 0000 7000
00000 0000 00200 0000 0000 0 0 10 50 00000 000 0702 9000 0000 0800 00000 000 0100 8000 00000 0000 000030
0 0 0 0 0020 00 00 0 0 00 0 0 0 0 00 0 0 0 0 0 0 010 00 09 0 0 00 00 00 000000 009 0003 007
020 320 0 0 10 0 0 00 00 0 0 02 007 0007 04 0004 00 0 000 00 0000 00 0 0 0200 00 000 00 2000 0000 6000
00050 0100 00200 0700 0002 0 0 00 00 10080 010 6002 0000 0009 0000 00050 024 0030 0000 00003 0050 000000
7 0 0 0 0020 40 00 0 5 00 0 2 0 0 00 0 0 0 0 5 0 058 00 00 0 0 00 00 00 690000 100 0100 000
020 300 0 0 00 0 0 02 09 0 1 00 008 0080 00 0004 06 0 000 00 0000 00 0 5 0000 00 000 00 2000 0000 0000
00000 0000 00500 0710 0100 0 0 10 00 00002 000 0010 0050 0260 0010 00000 000 0000 3000 00000 0050 000000
0 0 0 0 8000 00 02 5 0 00 0 0 0 0 00 0 0 0 8 0 0 000 05 00 0 0 00 00 00 890249 090 0080 000
020 100 0 0 00 0 2 00 00 7 0 80 500 0200 00 0016 00 4 900 00 7010 00 0 5 0000 00 000 00 0005 0000 0000
00000 0000 00000 0050 3000 0 0 00 00 00072 000 0000 0000 0000 0010 02080 100 0000 0000 00000 0850 000000
0 0 0 0 0020 00 00 0 0 70 0 0 0 0 08 0 0 0 0 0 0 000 00 00 0 0 00 00 00 000000 000 8000 000
100 002 0 9 00 0 2 80 09 0 0 00 003 0000 00 0310 00 6 000 10 1000 00 0 0 0000 00 000 00 0000 8000 0910
00600 0000 00010 0000 0020 0 0 00 00 00060 800 8000 0000 1200 0000 00000 000 0034 0000 00003 0100 000000
0 0 0 0 0000 00 00 0 0 10 0 0 0 0 00 0 0 0 0 5 0 010 00 00 0 8 00 00 80 006003 004 0007 000
004 400 0 9 00 0 0 00 00 0 1 80 000 1000 00 0000 90 0 000 00 0005 00 0 4 0209 00 000 00 0000 0719 0080
00000 0005 00000 0000 5000 0 7 00 00 00002 000 0709 0000 0030 0400 00000 000 0000 7002 00200 7006 000198
0 0 0 7 0000 00 00 4 0 00 0 0 0 0 00 0 0 0 0 0 0 000 00 45 0 0 05 00 00 000700 000 0000 000
00 000 0 0 00 0 0 00 00 0 2 02 000 0000 00 0004 01 0 000 00 6000 00 0 0 0080 00 400 00 0000 0002 0000
00000 9100 00000 0000 0000 0 8 00 00 00100 000 0000 9000 0000 0400 00200 000 0000 0000 09000 0000 000000
0 3 0 0 0000 70 00 0 0 60 0 0 0 0 00 0 0 0 0 0 0 000 00 00 8 0 00 10 00 000003 030 0000 000
000 900 0 0 00 0 0 00 00 7 0 00 000 0006 00 0000 00 6 006 00 0080 00 3 0 0000 10 000 00 0000 0080 0010
00800 0000 00000 0000 5000 0 0 00 90 00900 000 0900 0009 0970 0000 00000 000 0000 0000 00000 0003 000000
0 0 0 0 5020 40 10 0 0 00 0 0 9 0 00 0 0 0 0 5 0 000 02 00 9 0 00 00 20 000000 000 8000 050
100 000 0 0 00 0 0 00 09 0 0 80 000 0200 00 0000 00 0 000 00 0000 00 3 0 0000 00 000 00 0100 0000 0000
07003 0000 00000 0000 5085 0 0 00 00 00000 000 0000 0800 0000 0000 00000 000 0000 0000 00000 0500 000098
0 0 2 0 0000 05 00 0 0 00 0 0 0 0 00 7 9 0 0 0 0 900 00 00 0 0 20 00 00 000000 000 0000 000
040 000 0 0 00 0 0 00 00 0 0 82 000 0000 00 0000 00 2 000 00 0000 00 0 0 0000 00 000 00 0000 0000 0000
02600 0000 15000 0010 0000 0 0 00 08 00000 000 8000 0000 0000 0000 50000 000 0000 0002 00000 0060 000090
0 0 0 0 0003 00 00 0 0 00 0 0 0 0 00 0 0 0 0 0 0 002 04 55 0 0 00 00 00 009200 100 0000 000
200 070 0 0 00 0 0 00 00 2 0 00 000 0000 10 0500 00 4 000 00 0000 00 3 0 0900 00 000 00 0000 0000 0000
00000 0000 00060 5600 0000 0 0 00 00 00000 000 0900 0009 0005 0008 10000 000 0034 5800 03000 0103 000000
0 0 3 0 0000 00 00 0 8 00 0 0 0 0 00 0 0 0 0 6 0 000 00 00 0 0 00 00 00 000900 000 8200 500
060 000 0 6 00 0 7 00 00 0 0 00 000 0800 00 0000 08 0 000 00 0200 00 0 0 0000 00 010 00 0000 0000 0009
00000 0000 00005 0608 5000 0 0 02 00 02000 000 0900 0080 0010 0008 00000 000 0100 0052 00000 0007 005000
0 0 0 0 0000 00 00 0 0 00 0 0 0 0 00 0 0 7 0 0 0 000 10 00 0 0 04 00 73 001203 000 8500 000
020 000 0 9 00 0 0 50 00 0 0 00 000 1000 00 0074 00 0 000 70 0000 00 0 0 0009 00 000 00 0040 0002 0000
00010 0000 03808 0000 0000 0 5 10 00 02000 810 0802 2000 0000 0019 00000 000 0100 0000 50000 0000 000000
0 7 0 0 0000 05 10 0 0 00 0 0 0 0 09 0 0 1 0 0 0 010 00 00 0 0 00 00 00 000000 007 0070 000
000 000 0 9 00 0 0 80 00 0 0 00 900 0090 00 0300 02 0 900 00 0005 00 0 0 0000 00 004 00 0000 0002 0700
10000 0000 00080 0700 0000 4 5 00 08 00000 000 0090 0050 0200 0003 00006 004 0000 0000 00000 0000 000400
0 0 3 0 0100 00 00 0 0 00 0 0 8 0 00 9 0 0 4 0 0 000 00 00 4 0 00 00 00 000000 000 0000 000
000 000 0 0 00 0 0 00 80 0 0 00 080 0004 00 0000 00 0 000 00 1000 00 0 0 0009 00 000 00 0105 0000 0010
00010 0000 00010 0010 0000 0 0 00 07 02000 800 0902 0000 0000 0060 00005 000 0000 0300 64201 0000 000050
0 0 0 0 0000 40 10 0 0 00 0 2 0 0 00 9 2 0 0 0 0 500 00 40 0 0 00 00 00 000260 004 0000 006
000 000 5 0 00 0 0 10 00 0 0 00 000 0000 00 0000 00 0 000 05 0200 02 0 5 0008 00 000 10 2000 0010 0002
00090 0080 00000 0000 0000 0 5 00 00 00000 010 0000 0000 0000 0903 00000 000 0000 0002 00000 0000 004006

07000 0000 00005 0500 0000 0 0 00 68 00002 010 0000 9000 0000 0000 01000 000 0000 0000 53000 0600 100900
0 0 8 0 0000 00 00 0 0 00 0 2 3 0 20 9 0 0 0 0 0 900 00 00 9 0 00 00 00 009000 000 0000 520
000 050 0 0 10 0 0 00 00 0 0 00 080 9000 00 2000 00 0 000 14 0000 00 0 0 0080 00 005 00 0005 0000 0000
10001 0000 00000 0700 0000 8 9 40 08 00000 000 9000 0802 0000 0000 00000 000 0000 5000 09030 1053 000005
0 0 0 0 0000 00 00 0 0 50 0 2 0 0 00 0 0 0 0 0 0 000 00 00 0 5 00 90 00 000100 000 0000 800
50 000 5 0 00 8 0 00 00 0 0 00 000 0000 00 0000 00 0 019 00 1000 00 0 0 1289 00 000 05 0040 0000 0002
12000 0005 10000 0000 0090 0 5 00 00 02153 070 0000 0002 0000 0000 10000 090 0000 7000 00007 0050 005000
0 0 0 0 5000 00 00 0 0 00 0 0 0 0 00 0 0 0 0 0 9 000 02 40 0 0 00 00 00 000200 004 0043 020
000 000 0 0 00 0 0 00 80 8 1 00 000 0000 10 0000 10 0 000 00 0000 10 3 9 1209 00 400 00 0000 8000 0000
00300 0000 00000 0000 0020 3 0 00 00 00002 000 0000 9002 0000 0000 00000 100 0004 0000 00060 0000 000100
0 0 0 0 5000 00 02 0 0 00 0 0 0 0 00 0 0 0 0 0 0 000 00 00 0 3 00 00 00 000000 000 0020 050
000 000 5 0 00 0 0 00 09 0 0 00 004 0300 00 0010 00 4 000 00 0000 10 0 5 0002 10 000 00 0000 8000 0900
00000 0000 10000 0000 0000 0 0 00 08 00000 900 0000 0000 0005 0000 06000 000 0100 3000 00210 0100 805000
0 0 0 0 0000 00 00 0 0 00 9 0 0 3 00 0 0 0 0 0 0 008 70 00 0 8 04 00 00 007000 000 0000 000
000 000 9 0 00 8 0 00 09 0 1 00 000 0008 00 0000 10 0 080 00 0000 00 0 0 0000 00 800 00 0070 0000 0010
30000 0000 00000 0002 5000 0 0 10 00 00000 000 0000 0000 0000 0000 00200 006 0004 7060 03000 0000 100000
0 2 6 0 0020 00 00 0 0 00 0 0 0 0 00 8 0 0 0 0 0 002 00 00 6 8 40 02 63 000033 000 0000 500
000 000 0 0 00 0 0 00 00 0 0 00 000 0000 05 0000 00 0 000 00 0210 00 0 5 0000 00 000 00 0040 0000 0000
02000 0000 00710 8010 0000 3 0 00 00 00000 000 0000 0010 0000 0409 00010 000 0040 0090 00000 0000 130100
0 0 0 0 0820 40 00 0 9 90 0 0 0 0 00 0 0 0 4 9 0 000 00 00 0 8 00 00 00 000000 500 0000 000
602 000 0 0 00 0 0 00 09 0 0 80 000 5008 00 0000 00 0 000 90 0000 00 0 0 0000 10 000 20 0000 0000 0100
00000 0000 00000 0700 0000 0 0 10 00 00000 000 8002 0000 9000 0000 00000 004 0000 0000 00000 0003 500879
0 0 0 0 0000 40 00 0 0 10 0 2 0 0 00 0 0 0 0 5 0 002 10 00 8 0 00 40 00 000000 000 0000 000
003 000 0 7 00 0 0 00 00 0 0 00 000 0000 10 0000 00 4 000 00 0200 00 0 5 0000 00 010 00 0000 0000 0000
10000 0030 00200 0000 0000 0 0 00 00 05000 000 0002 9000 5000 5000 00000 004 5000 0000 00000 0000 000009
0 0 0 0 0100 00 00 0 0 00 0 2 0 1 00 0 0 0 0 0 0 000 00 00 0 0 00 00 00 000200 040 0020 500
000 901 0 0 00 0 0 00 00 2 0 80 000 0004 00 0000 00 0 008 14 0000 00 0 0 0000 90 000 00 0000 1000 0000
02007 0000 00000 0010 0000 0 0 00 09 00000 010 0000 0000 0075 0000 10005 000 7000 0000 53000 0000 005006
1 0 0 0 0000 00 00 0 5 02 0 0 0 0 00 0 0 0 0 0 0 000 10 00 0 8 00 00 00 001000 020 0000 500
070 000 0 0 00 0 0 00 00 0 0 00 000 0000 00 0010 80 0 000 00 1505 00 0 0 1000 00 000 00 0000 6000 0010
30300 0000 00005 8000 0100 0 0 00 00 90000 000 0000 5000 0005 0000 00000 000 0004 0000 00057 0003 000001
1 0 0 0 0020 00 02 0 7 50 0 0 0 0 00 0 0 0 0 0 0 000 00 00 0 0 00 00 00 001000 009 0000 000
000 000 0 0 00 0 0 00 00 0 0 82 000 0004 00 2004 00 0 000 10 0200 02 0 0 0000 00 000 02 0009 0000 5000
1 0 0 0 0020 00 00 5 0 00 9 0 0 0 00 0 0 0 0 5 1 010 00 00 0 0 00 00 00 003020 100 0020 000
000 000 0 0 00 8 0 00 00 0 0 02 000 0000 50 0000 00 0 000 00 0000 00 0 0 0080 00 000 00 0040 0000 0000
00000 1000 00000 0000 0000 0 0 02 00 02200 000 0302 0000 0010 0003 02000 060 0800 0700 00000 0100 020000
0 0 0 0 0000 01 07 0 0 00 0 0 0 0 48 0 0 0 0 0 0 002 00 00 0 8 07 08 00 800000 000 0097 000
00 003 0 0 04 0 0 00 00 0 0 00 000 0000 00 0300 00 0 010 00 1240 00 0 0 0200 02 000 00 0000 0000 0400
00000 1000 00200 0706 0500 0 0 10 00 00102 020 0000 0000 0000 5403 02000 000 5000 0000 90000 0083 020100
0 0 0 0 0000 00 00 0 0 00 0 0 9 0 00 0 0 0 0 5 0 000 00 05 0 0 00 00 00 800080 900 0500 000
400 096 0 9 00 0 0 09 00 0 0 00 000 7000 00 0000 10 0 000 00 1000 00 0 0 0000 00 000 00 0000 0000 0000
00090 0034 63000 3000 5008 0 0 02 07 00000 005 0000 0800 8015 0900 00000 020 0035 0000 00000 0000 100000
1 0 0 4 0100 00 00 5 7 00 0 0 0 0 00 0 0 0 0 0 0 000 00 00 0 0 00 00 00 000500 034 0000 000
003 900 0 0 00 0 2 00 00 0 0 52 000 0000 00 0000 00 0 000 00 2810 00 0 5 0000 00 000 00 0000 0000 0911
00070 0000 10090 0002 0021 0 0 02 00 00000 000 0000 9902 0005 0400 52000 000 0000 0010 03003 0000 005000
7 2 3 4 0000 00 00 0 5 00 6 0 0 6 00 0 0 0 0 0 0 030 00 00 9 0 00 00 00 000000 000 0100 050
000 000 6 0 00 0 0 00 00 7 0 00 000 0000 00 0000 00 4 012 00 0000 00 0 0 5900 04 000 00 0000 0000 0000
10000 0000 00000 0000 0000 0 0 00 00 00100 000 0000 0000 0000 5000 00000 000 0000 0000 00010 0000 000808
0 0 0 0 0100 42 00 0 0 08 0 0 0 0 00 0 0 0 5 0 1 900 00 00 0 0 24 10 00 000000 100 0000 000
600 010 0 3 00 0 0 00 00 8 0 00 000 0000 80 0009 00 0 002 00 0200 05 0 0 0009 00 000 00 0000 0100 6700
00000 1030 07000 0700 0000 0 0 02 00 00001 000 0000 9000 0000 0006 00000 000 0000 0000 00013 0050 000090
0 0 0 5 0000 09 00 0 0 00 0 0 0 1 20 0 0 1 0 5 1 000 00 45 0 0 50 00 00 001000 000 0000 006
000 000 0 0 00 0 0 00 00 8 0 00 000 0000 00 0000 10 0 009 00 5000 00 0 0 6206 10 090 00 0000 0000 0000
00000 0000 00000 0000 5000 0 0 10 00 00000 000 0009 0000 0010 0960 00000 004 0000 0000 00004 0000 000000
0 0 0 0 0003 00 00 0 0 00 0 0 0 0 00 0 0 0 0 0 1 000 00 00 0 0 00 10 00 009000 000 0100 000
000 000 0 0 00 0 0 00 00 0 0 00 000 1000 00 0000 02 0 000 00 0200 00 0 0 0000 00 010 60 2000 8000 0000
10000 0000 00000 0010 0071 0 0 00 98 00060 000 8900 0000 3008 0000 00000 004 0090 0000 00000 1003 000000
0 2 0 0 0003 00 00 0 0 00 0 0 0 0 08 0 0 0 0 5 1 000 00 00 0 0 09 02 00 000004 020 0000 050
000 000 0 0 00 0 0 00 80 0 0 00 080 1010 00 0700 01 0 000 00 0800 00 0 0 1000 00 500 00 0009 0800 0000
02008 0060 03000 0000 0000 0 0 00 00 00100 000 0000 0000 0005 0000 00000 060 0000 5010 03000 0500 103000
1 0 0 0 0100 05 70 0 0 10 9 3 0 0 00 0 0 0 0 0 1 000 00 00 0 0 00 00 00 000000 020 0000 000
000 920 0 0 02 0 5 00 09 0 0 07 000 0000 00 0000 00 0 002 10 0270 72 0 0 0009 30 000 10 0000 7000 0000
00009 0335 00000 0000 0000 0 0 00 90 00000 000 0000 0020 0000 0000 00260 000 0000 0080 00000 0003 000000
0 0 3 0 0000 00 00 0 0 05 0 0 0 1 00 0 0 0 0 0 0 000 00 40 0 0 90 00 00 000050 000 0100 000
000 000 0 0 00 8 0 00 00 0 0 00 000 0008 00 2000 06 0 000 39 0000 03 0 0 0090 00 000 10 0040 0002 0000
00000 0130 00310 0000 0000 0 0 00 90 00030 800 0000 0800 0000 0000 00300 000 0000 0000 00000 1050 100009
0 0 0 0 0000 00 00 0 0 90 0 0 0 0 04 0 0 1 0 5 1 900 18 00 0 7 00 18 00 800000 000 0000 000
003 000 5 0 00 0 0 00 00 0 1 02 600 0300 90 8010 00 0 000 10 0008 02 0 5 0000 00 005 00 0000 0000 0009
00107 0000 00010 8000 0000 3 0 00 09 00000 005 0000 0908 0050 0000 10010 000 0034 0000 00000 0000 095000
0 0 9 0 0020 00 00 0 5 00 0 0 0 0 08 0 0 0 0 0 0 900 00 00 0 0 04 00 00 001000 034 0000 006
09 600 0 5 00 0 0 00 00 0 0 00 900 0000 06 2010 00 0 030 00 0000 00 0 0 1004 00 000 00 0000 8000 0000
02000 0000 90900 0000 0000 0 0 00 90 00002 010 0010 0002 1010 0903 00000 000 0000 0010 04000 0000 000108
0 0 0 0 0008 40 00 0 0 00 0 0 0 0 00 0 2 0 0 0 0 000 12 00 0 0 00 00 00 000027 000 0070 000
000 000 0 0 00 0 0 00 00 9 0 80 000 0000 00 2000 00 8 010 00 0000 02 0 7 0000 00 000 00 6000 0080 0900
00000 0700 00000 0000 0001 0 0 00 00 00000 000 0500 0009 0080 8000 90000 004 0000 0009 00000 0001 100190
0 0 0 0 0040 00 00 5 0 10 0 8 0 0 00 0 0 0 0 0 0 000 00 00 0 0 00 02 03 000700 000 0000 000
000 000 0 0 09 8 0 00 00 0 1 00 000 0200 00 0800 00 0 000 00 0000 10 0 0 0000 90 040 00 2000 0000 0000
00000 1005 00200 0000 0100 0 0 05 00 08080 000 0900 0800 0000 0000 00000 004 0000 0000 00010 0000 000000
0 0 0 0 0000 40 00 5 0 90 0 0 6 0 00 9 0 0 0 0 1 002 00 00 0 0 00 00 00 000000 000 0000 000
006 000 0 0 00 0 0 22 00 7 8 00 000 0004 00 0000 00 4 000 00 0010 00 9 0 0000 00 000 00 8040 6000 0000
00000 1000 00000 0010 5090 0 0 00 90 00002 910 0900 5000 1004 0000 00000 000 0000 0080 00000 4300 000000
0 0 3 0 0000 00 00 5 0 00 0 0 0 0 00 0 2 0 0 0 1 000 00 07 0 0 00 00 00 080000 000 0500 850
000 020 0 0 00 0 0 02 00 0 6 00 000 0000 40 0000 02 9 000 00 3905 00 0 0 5004 00 000 15 0007 0000 0000
00000 0000 00000 0000 0000 0 7 00 08 00000 000 2000 0000 0005 0000 00000 130 0000 0000 50810 0000 000000
0 4 0 0 0003 05 00 0 0 02 0 0 0 0 00 0 0 0 0 0 0 000 00 00 0 3 00 00 00 060003 000 8007 000
004 009 0 9 10 0 0 00 04 0 2 80 087 0010 90 0000 00 0 052 00 0000 02 0 0 1080 00 000 00 0000 0002 0900
10000 0000 00003 0900 0000 0 5 00 00 92000 000 8900 0800 0005 0010 02200 000 0000 0500 00000 0000 000000
0 0 0 0 0100 00 00 0 0 00 0 0 0 1 00 0 0 0 0 2 0 000 00 00 0 0 00 00 01 001000 000 0003 000
000 050 0 0 00 0 0 02 80 0 0 40 000 0000 00 2000 00 0 018 09 0000 02 0 0 0500 00 010 04 6005 8002 8070
00009 0000 00000 0010 0100 0 0 00 00 10000 000 0000 0000 1200 0000 00200 000 0000 0000 00200 0000 000060
0 0 3 9 0606 05 02 7 0 19 0 0 0 0 00 0 0 0 0 0 0 900 00 00 0 0 00 10 20 000000 005 8000 000
900 004 0 0 00 0 0 10 80 0 0 80 000 0200 00 0000 10 0 000 00 0060 00 8 0 0080 00 000 09 0940 0000 0400
02000 0030 80005 0000 0000 3 0 00 90 00000 405 8000 0000 0005 0000 12005 020 0000 0300 00003 0000 000000
0 0 0 0 0100 35 22 0 0 00 0 0 0 0 57 0 2 0 0 0 1 000 00 00 0 0 24 03 00 000000 008 0000 050
000 000 0 0 00 0 0 00 00 0 0 00 007 0060 00 0000 20 0 002 07 0000 10 0 0 0080 00 000 09 0100 0080 0000
00300 0000 03208 0000 0000 0 0 00 08 00000 008 0090 0000 0000 0000 00000 100 0030 5008 00000 0000 005000
0 0 0 0 0000 00 00 0 0 00 0 0 0 0 00 0 0 0 0 0 0 006 10 00 0 0 00 00 00 001000 000 0000 570
000 000 0 0 00 0 0 00 00 0 0 00 000 0000 00 0310 10 0 000 04 0009 00 3 3 0000 00 000 00 0190 0700 0002
00000 0000 00000 0000 5060 0 0 70 00 00006 000 7002 0800 0260 0003 10900 000 5100 6300 03000 0000 004008
0 0 0 0 5000 00 00 0 0 00 0 0 0 0 20 0 0 0 0 0 7 000 70 00 0 0 00 00 00 000009 000 8100 500
003 000 0 0 00 0 0 06 00 0 0 00 000 0000 00 0000 10 0 000 00 0000 00 0 0 0009 00 000 05 0000 9000 0000
00200 0000 30000 0062 0000 0 0 00 00 00009 000 0000 0000 0004 0000 04200 090 0000 0000 00203 0000 000000
0 0 0 0 0000 90 00 0 0 00 0 0 0 0 00 0 0 1 0 0 0 070 00 00 0 0 00 10 00 000000 000 0080 000
50 003 0 0 00 8 0 00 00 6 7 00 000 1000 00 0004 02 0 000 00 0200 10 0 0 0000 09 000 00 2000 0000 0000
03000 0000 00000 0000 5000 0 0 00 00 00000 860 0000 0000 0005 0000 12000 000 0500 0000 00000 0000 100900
0 0 0 6 0120 00 02 0 0 00 0 0 0 0 20 8 0 0 0 0 0 010 00 00 0 0 20 10 60 000203 004 8006 000
003 020 0 0 82 0 0 00 00 0 0 80 080 4040 00 0300 00 0 010 00 0000 00 3 0 0200 00 007 00 0100 0700 0000
00000 0100 00000 0000 0000 0 5 02 00 00002 000 0000 9002 0010 0006 00200 000 0000 0090 00000 0000 020000
0 0 0 0 0000 00 00 0 0 02 0 2 0 8 00 0 0 0 0 0 0 000 02 40 0 8 20 00 00 000000 000 0003 000
000 100 6 0 02 0 0 10 00 0 0 08 900 0700 00 2000 00 0 000 10 0005 10 0 0 0000 00 000 00 0160 0810 8070
00000 0906 03010 8000 0001 3 5 10 04 10000 019 0000 0010 1000 0405 02050 000 0000 0010 00003 0000 000100
0 0 0 0 0000 60 00 0 0 00 0 0 7 0 03 0 0 0 0 0 0 010 00 00 0 0 00 00 00 000000 120 0000 000
000 000 0 0 52 0 0 00 00 0 0 00 800 0000 02 3000 00 0 060 00 0000 00 0 0 0000 00 405 00 0000 0000 0000
00003 0040 10000 0790 0000 6 0 00 00 00010 000 0000 0800 0410 0000 00000 000 0000 0000 03000 0000 000090
0 2 0 0 0100 00 00 0 0 00 9 0 0 0 90 0 0 0 0 7 0 000 30 00 0 0 00 00 00 000000 000 0000 000
100 000 5 0 00 0 0 00 09 0 0 00 000 0800 05 0000 09 0 900 00 0200 00 0 5 0080 00 000 00 0000 8000 0000
00000 0000 60200 0010 0000 0 0 10 90 00000 000 0014 0800 0000 0000 02000 560 0000 0000 50800 0000 000070
0 0 0 0 0000 05 00 0 0 00 0 0 9 0 00 9 0 0 0 5 0 000 52 00 0 0 20 02 00 000080 000 0000 500
000 000 0 0 00 0 9 02 00 0 0 10 000 0000 10 0000 00 0 000 08 0200 00 0 0 0000 00 000 00 0100 0010 0000
10300 0000 00000 0000 0000 0 0 02 00 00000 805 0000 0000 0400 0000 00000 100 0000 0000 00003 0000 000000
0 0 0 0 0000 00 02 0 0 00 0 0 0 0 00 0 0 0 0 0 0 000 00 00 0 0 00 00 00 500000 000 8004 060
000 003 0 9 00 0 0 00 09 0 0 00 000 0010 00 0000 00 0 902 00 0909 00 0 0 0000 00 000 10 2000 0000 8000
00010 0030 00000 0700 0002 0 0 10 00 00000 001 1002 0802 0000 0008 02000 100 0000 5000 00000 9010 005000
0 0 3 0 0000 00 00 5 9 00 0 7 8 0 00 0 0 0 0 0 8 000 10 40 0 3 00 00 00 000003 008 0000 000
000 000 0 9 00 8 0 02 00 0 0 00 000 1000 00 0000 02 0 000 00 0000 00 0 0 1000 00 000 00 0005 0008 0000
00000 0000 00000 0000 0021 0 0 00 08 70000 300 0000 0000 0000 5090 00000 000 0006 0000 00000 0003 030000
0 0 0 4 0600 00 00 0 0 00 9 0 0 0 00 0 0 0 4 5 0 000 00 00 0 0 20 08 00 801020 800 0080 080
020 040 0 0 02 0 0 00 07 0 0 00 900 0000 00 0000 00 0 002 60 0000 02 0 0 0009 00 000 00 0000 0000 0005
06000 0080 00400 0000 0020 0 0 00 00 04007 000 0000 0000 0000 7003 00060 104 5000 0000 00000 0100 000008
1 0 0 4 0020 00 00 0 0 00 0 0 0 7 00 0 0 0 4 0 0 600 00 00 0 0 00 00 00 090020 000 0000 000
620 000 5 5 02 0 4 00 09 0 0 00 000 0000 00 0614 10 7 000 00 0000 00 0 0 1200 00 090 00 0040 0000 0000
00300 1000 00000 0718 0000 3 0 00 08 00000 005 0002 0000 0000 0000 08000 000 0000 0100 00007 0100 700000
0 0 0 0 0080 00 00 0 5 73 0 0 9 0 00 0 0 0 6 5 0 086 40 40 0 0 04 02 08 900000 000 0000 006
000 000 0 0 00 0 0 00 00 0 0 00 000 0000 00 0000 00 0 000 00 0000 00 0 0 0200 10 005 00 7000 0020 0900
10300 0070 03040 8000 0000 0 0 00 00 00000 005 0000 9810 0085 0080 00200 000 0000 0000 00000 0000 000000
0 0 0 0 0500 00 00 0 0 00 0 0 0 0 09 0 0 1 0 5 0 000 00 05 0 0 20 00 00 001000 000 0000 000
08 120 5 0 02 0 0 50 00 0 0 00 000 0010 05 4309 00 0 000 00 0290 00 3 0 0000 00 400 00 0005 0000 0010
00007 0005 00000 0000 0000 0 0 00 50 00000 000 0000 0000 0000 0000 00008 000 0000 5000 00000 0050 020090
0 0 0 4 0003 00 00 0 0 00 0 0 0 0 00 0 0 0 0 0 0 900 08 00 0 0 00 00 00 007000 006 0000 000
000 000 0 0 02 0 0 00 00 0 0 00 981 0000 70 0010 08 0 002 00 0006 02 0 5 0000 00 000 00 0070 0000 8010
00080 0030 00000 0007 0000 0 0 00 00 05102 000 0000 4700 0000 0000 10010 000 0000 0300 00000 0680 059000
1 0 0 4 0100 00 00 0 8 00 0 0 0 0 09 0 9 0 0 0 0 000 10 00 0 0 00 06 00 800090 000 0000 000
000 080 0 0 00 0 0 00 00 0 0 00 000 0000 00 0380 00 0 000 30 0000 00 0 5 0000 10 000 10 0000 0000 0000
00000 0000 10008 0002 0020 0 0 00 00 00000 800 5900 0000 9000 0003 00000 000 0000 2000 50000 0000 060000
0 0 0 0 0020 00 00 0 0 00 0 0 0 0 20 0 0 0 0 0 0 900 10 00 0 0 00 00 00 040000 000 8000 000
080 000 5 0 00 0 2 80 80 0 0 00 007 7004 00 2700 00 0 000 70 0010 00 9 1 1000 00 300 00 0100 0000 0010
02000 0030 00004 0000 4000 0 0 00 00 00000 000 8900 0000 0005 8000 30000 050 0100 0000 00000 0000 005000
0 0 0 4 0000 00 00 0 0 00 0 0 0 0 00 0 0 0 0 0 0 000 00 00 0 0 00 00 00 000000 000 0106 000
043 000 0 0 10 0 0 00 80 0 0 00 080 0000 00 0000 00 0 000 00 0210 00 0 0 0000 00 000 10 0100 0000 0000
00300 0000 00060 0700 0000 3 0 02 00 60000 000 0000 0000 0010 0040 00000 000 0900 0002 00003 0000 000000
0 0 0 0 0000 00 10 0 0 00 0 2 8 0 00 0 0 0 0 0 9 000 60 00 0 0 00 00 00 090000 000 0050 000
723 020 0 0 00 0 0 00 00 0 0 00 007 0000 00 0300 00 0 000 00 0000 00 0 0 0200 00 050 02 2000 0000 0000
03000 0030 00010 0000 0000 3 0 09 00 09000 805 0000 0000 0010 5000 00200 020 5000 0000 00009 0000 005000
0 0 0 0 0000 00 00 0 0 00 0 0 0 0 00 0 0 1 0 0 0 009 00 40 0 0 00 10 00 000000 000 0000 000
103 600 0 0 00 0 0 00 09 0 6 00 040 0000 00 0010 00 0 000 00 0000 00 0 0 1000 10 050 00 2000 0010 0002
50000 1000 00000 0700 0000 0 0 10 00 00002 000 0000 0000 1000 5003 00000 600 5000 0000 00000 6000 100100
0 0 0 0 0000 00 00 0 5 00 0 0 9 0 00 9 2 0 0 0 0 000 00 40 0 0 00 00 00 000000 100 0000 000
010 100 0 0 00 8 0 00 00 0 0 00 010 0000 05 0008 40 0 000 04 8006 00 0 0 0000 10 000 00 0000 0010 0000
06310 0000 10000 0000 2001 0 0 00 00 00000 000 0010 0000 0000 0000 90500 000 0000 5000 53010 0050 000000
0 0 0 0 0000 00 00 0 0 00 9 0 0 4 00 0 0 0 0 0 0 000 00 50 9 0 00 00 00 005000 900 0000 806
000 090 0 0 00 0 0 00 80 0 1 00 900 0220 00 0000 00 0 900 00 0000 10 0 0 0000 00 008 00 0300 0000 0900
00000 0000 00010 0000 0000 0 0 90 90 00000 000 0900 0000 0010 0003 00000 000 0100 0000 00000 3009 000000
0 2 0 0 5000 00 00 5 0 00 0 0 0 0 00 0 2 0 0 0 1 900 70 49 0 8 00 30 00 800000 004 0000 906
000 000 0 0 00 8 0 00 00 0 0 00 860 1000 00 0000 10 0 008 14 0000 00 3 0 0000 00 000 00 0000 0000 0000
08000 0100 00005 0008 5020 0 0 10 00 00000 000 0008 0007 0000 0040 10010 000 0000 0080 50800 0001 128000
0 0 0 0 0000 00 00 0 0 00 0 2 0 0 60 9 0 0 0 0 5 600 00 99 0 0 00 00 00 000000 000 0000 000
000 020 0 0 00 0 0 00 00 0 0 00 000 0200 03 0000 00 4 700 00 0000 00 3 0 0209 00 000 40 0005 0700 0000
00030 0007 00000 0002 0001 0 0 10 70 00000 000 0000 0000 0005 0710 00000 000 0100 0000 59003 0000 000000
0 0 0 0 0020 00 60 0 0 00 9 0 0 0 00 0 0 0 0 5 0 900 00 00 0 8 00 00 00 000003 004 0000 000
00 000 0 0 00 0 0 02 80 0 0 00 007 0000 00 0000 00 0 010 00 0010 00 0 0 1000 00 000 00 0040 0000 8090
00000 0000 03000 0000 5100 0 7 60 00 82040 000 0000 0000 0000 0010 30000 050 0004 0000 00000 0000 000000
0 0 0 2 0000 00 02 0 5 00 9 0 0 0 00 9 0 0 0 0 0 000 00 00 0 8 04 00 80 000009 005 0000 000
000 000 0 0 02 0 0 00 05 0 0 00 000 0000 00 0000 00 4 005 00 0000 00 0 0 0200 00 400 00 5000 0009 0000
00000 0001 10000 0000 5100 0 0 00 00 00000 805 0000 0000 0000 0000 00000 000 0100 0900 88410 0000 020000
0 0 0 0 0000 00 06 7 0 00 0 0 7 0 00 9 0 0 0 0 0 050 00 00 0 0 20 00 00 790020 000 0093 000
000 020 0 0 00 0 0 00 00 8 0 80 907 0000 00 0000 00 0 000 09 0010 00 0 5 0005 00 000 00 0000 0000 8400
00000 0000 00000 0000 0020 0 0 00 00 00000 000 0900 0000 0010 5000 00000 040 0100 0300 06203 0000 105000
0 2 0 5 0600 00 00 0 5 00 0 0 0 0 00 0 3 0 0 5 0 900 00 06 0 0 00 00 00 000200 400 0000 000
703 000 0 0 00 0 0 10 00 0 1 00 900 0000 50 0000 02 0 000 00 0200 00 0 7 0000 00 000 00 0000 0000 0200
00000 0000 23000 0300 5000 0 0 00 00 00000 000 0000 0800 0000 0000 00000 000 0000 0082 00010 0003 009808
0 0 3 0 0000 00 00 0 0 00 0 2 0 0 00 0 0 0 0 0 0 000 00 00 6 0 00 00 00 000000 000 0008 000
000 100 0 0 10 0 0 00 00 0 0 80 000 0000 00 0000 00 0 000 00 0000 00 0 0 0000 00 090 00 0000 0012 0000
00400 0100 00000 0002 5010 0 0 00 00 00000 000 0000 0000 0090 0000 00200 000 0000 0000 59000 0000 000000
0 0 0 0 0190 05 00 5 0 00 0 0 0 0 00 9 0 0 4 0 0 002 00 50 5 0 04 00 30 000000 000 0000 000
000 020 0 9 10 8 0 09 00 0 0 00 000 0000 10 0000 01 6 006 00 0000 00 0 0 0000 00 000 02 0740 0002 0000
00000 0005 00000 0000 0000 0 0 10 08 80000 005 0070 0000 0005 0000 00000 100 0000 0000 06503 0700 000000
0 0 0 0 0020 00 00 6 0 03 0 0 0 0 00 0 0 0 0 0 0 000 00 00 0 0 00 00 03 000000 020 0003 500
000 001 0 0 00 0 0 00 00 0 0 00 000 0000 00 0000 00 0 900 00 0000 00 9 0 0000 00 000 00 0000 0010 0000
10000 0405 00000 0010 0000 0 0 07 00 00100 200 0001 0000 0000 0000 02000 004 0000 0000 07000 0000 000000
0 0 0 3 0000 00 00 0 0 00 0 0 0 0 00 0 0 0 0 0 0 000 00 00 7 7 04 10 03 000000 020 0028 006
000 070 0 0 02 9 2 10 00 0 0 00 600 0006 00 0000 02 0 000 00 0000 00 7 0 0000 00 000 06 0000 0000 0908
00010 0000 07000 0000 0100 6 0 00 00 02000 003 0000 0980 0000 0000 00000 000 0000 0000 50000 0000 000090
0 0 0 4 0000 40 00 0 0 00 0 0 3 0 00 0 0 0 4 5 0 000 10 00 0 0 40 00 00 001000 020 0020 000
000 800 0 0 10 0 1 00 00 0 0 90 000 0000 00 0080 00 0 000 80 0000 00 0 0 0006 00 000 00 0700 0000 0000
00603 0000 03000 0000 0004 0 5 02 00 00000 000 0000 0000 0080 0000 00000 000 0100 0000 50000 0000 000000
0 0 0 0 0000 40 00 0 0 00 0 0 0 0 03 0 0 0 4 0 1 005 00 00 0 7 00 00 00 000020 100 0000 000
020 000 0 0 00 8 0 00 00 7 0 80 000 0000 00 0000 00 0 000 00 1000 02 8 0 0000 00 000 10 8005 0000 0000
00061 0100 00005 0000 0100 8 0 00 00 00000 000 0000 0010 0000 5400 00000 100 0000 0000 00009 1000 000008
0 0 0 7 0000 00 00 0 0 00 0 0 0 0 03 0 0 0 0 0 0 000 90 00 0 8 00 00 00 000000 004 0003 000
020 023 0 0 00 0 0 00 00 6 0 00 000 0000 90 0010 08 4 900 10 1506 00 0 0 0000 00 000 02 2000 8000 0002
10003 0000 00000 0000 0400 0 3 00 00 80000 000 0900 4000 0000 0000 00000 000 0000 0002 00000 0000 000100
0 2 0 0 0070 00 00 5 0 00 0 0 0 0 00 0 0 0 0 0 0 000 00 00 0 0 40 00 03 800000 070 0005 300
00 003 0 0 00 0 0 04 00 0 0 00 000 0000 00 0000 00 0 000 00 0000 00 0 0 7000 00 000 02 0005 0000 0000
02000 0000 00900 8000 0000 0 0 00 07 08000 000 0900 0000 0000 0000 92000 040 0000 5000 50000 0000 020000
0 0 0 0 0000 05 00 0 0 10 0 0 0 0 00 0 0 0 0 0 0 000 00 00 8 0 00 00 70 090000 004 0000 000
500 080 0 0 00 0 0 00 00 0 0 00 980 0000 00 0010 10 0 008 04 1000 02 0 5 4079 00 060 00 0600 0500 8000
00000 0000 00000 0001 0001 0 0 00 50 00000 010 0900 0000 1000 9000 00000 000 0100 9080 00000 7000 000000
0 0 0 0 0000 00 00 0 0 00 0 0 0 0 07 0 0 0 0 0 1 008 40 00 0 0 00 02 00 800000 000 0070 000
000 000 0 0 10 8 0 00 00 0 0 08 009 0000 40 0314 00 0 900 00 0070 00 0 0 0000 00 405 00 0090 8006 0010
00100 0000 03000 0600 0020 0 0 00 90 00044 800 0000 0000 0008 0000 00000 000 0000 0010 83000 0050 005000
0 0 0 0 0000 00 00 5 0 00 0 2 0 0 20 0 0 0 0 0 0 002 00 00 0 0 00 00 20 000000 004 0003 006
020 000 0 0 02 0 0 80 00 0 6 00 000 1200 95 0004 00 0 000 00 0010 00 0 0 0000 00 005 00 0000 0700 0000
00203 0070 00000 0000 5106 0 8 00 00 02000 000 0900 0000 0005 0400 00080 000 0030 0002 00800 9000 060000
1 2 0 4 0000 00 00 0 0 00 0 0 0 0 00 6 0 0 0 7 0 070 00 00 0 0 00 10 00 000000 000 0110 000
000 000 0 0 00 0 0 10 09 0 0 00 900 0000 05 2000 10 0 002 00 0000 00 0 0 0200 10 010 00 0060 0000 0000
08000 0000 19000 0500 0000 0 0 00 90 00000 000 0000 0010 0000 0003 00000 000 0000 0340 00000 0000 000000
0 0 0 4 0000 00 60 0 0 08 0 0 0 1 00 0 8 0 0 0 0 000 00 06 0 0 00 00 00 800000 004 8000 006
020 000 8 0 00 0 0 90 00 0 6 00 080 0000 00 0300 00 0 000 00 0000 00 0 0 0060 19 000 00 0000 0000 0000
00010 0000 00000 0700 0000 0 0 00 00 00000 000 8200 0000 1090 0000 00000 000 0000 0300 01000 1000 020000
0 0 0 0 0000 00 02 0 0 00 0 7 0 0 00 0 0 1 0 0 0 008 28 00 0 0 00 00 20 000003 000 8000 050
000 800 0 0 00 0 0 10 00 0 0 10 007 0204 00 0000 00 0 002 00 0000 00 3 0 0000 90 215 02 0005 0302 0000
00300 0030 07000 6000 0000 3 0 10 08 05000 800 0000 0800 0000 0000 00000 000 0000 5000 00000 1000 000000
0 2 0 0 0000 00 00 0 0 02 0 0 0 0 00 0 0 0 4 0 0 000 10 00 9 0 00 00 00 000000 000 5000 000
000 000 0 0 00 8 0 10 00 0 0 00 000 0900 72 0000 00 0 000 00 0000 00 0 0 0000 00 000 00 0000 0000 0000
00300 0090 10005 0000 0000 0 0 00 00 00009 000 0012 0000 0000 0000 00000 000 0100 0000 00000 0000 125000
0 0 0 7 0000 00 00 0 0 00 0 0 0 0 00 0 9 0 0 0 0 002 00 00 0 0 00 02 00 000000 000 0000 000
000 000 0 0 00 0 0 00 00 0 0 00 000 0010 00 0000 00 0 000 10 0900 00 0 0 0000 10 000 00 0005 0009 0000
02000 0038 00000 0000 0000 0 0 60 90 00800 006 0000 0000 0000 0900 00005 800 4000 0000 50000 0002 000000
0 0 0 0 0000 00 00 0 0 00 9 0 0 0 10 0 0 0 0 0 0 000 00 00 0 8 00 00 00 000000 000 9100 000
000 000 0 0 00 0 9 00 09 0 0 06 000 0000 00 0090 00 0 300 04 0000 10 0 7 0043 00 000 02 0080 8000 0002
00013 7000 00000 0000 5100 0 0 10 00 04000 080 0070 0000 0200 6000 10000 005 0000 0000 00000 0000 000005
0 0 3 0 0000 00 00 0 0 00 0 0 7 0 00 0 0 0 0 0 0 000 70 00 0 0 00 00 00 001800 004 0100 000
000 020 0 0 00 0 0 00 00 0 0 00 080 0000 00 0000 00 0 000 00 0000 02 0 0 0000 00 000 00 0000 0500 0010
00500 0005 00000 0020 8000 0 0 08 08 00000 000 0000 0000 0000 0000 00000 000 5000 0000 00000 0000 000000
0 0 9 4 0123 40 10 0 0 02 2 0 0 0 00 0 7 0 0 0 0 708 00 00 7 0 00 10 00 000820 000 0000 000
00 001 9 0 00 0 0 02 00 8 0 80 007 0000 00 6004 00 0 000 00 0005 00 3 0 0000 00 000 00 0005 4000 0000
00000 0000 00000 0040 0000 0 0 07 00 00000 000 0610 9000 0000 0500 00000 000 0000 0000 00203 0100 000000
0 0 5 0 0000 00 00 0 0 00 0 0 0 0 09 0 2 1 0 0 0 002 00 00 0 0 00 02 03 001000 100 8900 000
800 003 0 0 00 0 0 00 09 0 0 00 000 0000 00 0000 00 4 000 00 0002 00 7 0 0000 10 000 00 0000 0000 0000
00010 0035 00000 0062 0001 0 0 00 90 10009 000 8000 0002 0010 5000 10000 000 0834 0040 03000 0003 000008
0 0 0 4 0000 00 02 0 0 02 0 0 0 0 08 0 0 0 0 0 7 090 00 00 0 7 20 00 00 000003 000 8026 036
000 007 8 0 00 0 0 10 00 0 0 00 900 0000 10 9009 00 4 600 00 9030 00 0 0 1000 10 010 00 0040 0000 8010
00000 0000 00000 7000 7100 0 0 00 00 00000 900 0000 0000 0000 5000 00000 000 0000 0800 00010 0150 000000
0 2 0 0 0003 00 90 0 0 00 0 2 0 0 20 0 0 1 4 0 0 000 00 00 0 0 00 00 00 001000 000 0020 000
000 003 0 0 02 0 0 00 00 2 1 00 000 0000 10 2000 12 0 900 16 1000 00 0 0 0000 00 000 00 0040 0000 0000
00090 0000 00000 0010 0100 0 0 00 00 00000 000 0000 0000 0000 0800 10200 100 0000 0000 03000 1600 005300
0 0 0 0 0000 00 10 0 0 00 0 0 6 0 00 0 0 0 0 0 0 000 00 00 0 0 00 00 00 090000 027 0020 000
100 600 5 0 00 0 0 00 40 9 0 82 000 1000 00 0004 00 0 000 08 0000 00 0 0 0000 10 600 90 0040 0006 0000
00300 1005 00015 0702 5400 0 0 02 00 50500 000 0000 0000 0210 0000 00000 000 0130 0000 00000 0003 000006
0 0 0 0 0000 00 00 0 0 00 0 0 0 0 08 0 3 0 0 0 0 002 00 00 0 0 09 01 00 000200 004 0000 000
000 020 0 0 00 0 0 00 00 0 0 00 300 0080 00 0000 00 0 000 00 0950 00 0 0 0000 00 005 40 2090 0000 0000
00000 1000 00000 0000 0000 0 0 00 00 00090 000 8000 0800 0000 0000 00000 000 0104 0000 00010 0050 080000
0 0 0 0 0000 00 00 0 0 30 0 0 0 0 00 3 2 1 0 0 0 002 00 40 0 8 00 00 00 000000 000 0000 000
000 000 0 0 00 0 0 00 00 0 1 00 000 0008 00 2000 00 0 000 00 1910 00 3 5 0009 00 000 10 0100 0070 0900
00010 1103 00010 0000 0000 0 0 00 00 00000 080 8000 9000 0000 0000 00005 000 0000 0007 00000 0000 000000
0 0 0 0 0100 00 10 0 0 00 0 2 0 1 00 0 0 0 0 0 0 002 00 40 0 0 00 00 28 000008 000 0000 050
700 000 0 0 00 0 0 00 80 0 7 00 000 0000 00 0020 30 0 570 00 0000 00 0 0 0000 10 300 10 0000 0000 0000
00000 0700 00000 8700 0000 5 0 10 00 00000 000 0000 9002 0215 0800 00000 000 0000 0000 00000 0100 020000
0 0 0 0 0003 00 70 0 0 00 0 0 0 0 00 0 2 0 0 0 0 000 10 09 0 0 00 02 00 000000 000 0000 000
500 020 5 0 00 0 6 00 00 0 6 00 000 0004 10 0000 00 0 000 00 1090 00 3 0 0080 02 000 00 0100 0000 0000
02000 0030 00200 0010 0000 3 0 00 00 00000 007 0000 0012 0005 5000 00000 000 0004 0000 00009 0090 000058
1 0 0 0 5003 00 00 0 0 00 0 0 0 1 20 0 2 0 0 0 4 000 03 00 0 0 00 12 00 000023 300 0003 002
003 000 6 0 09 0 0 00 00 0 0 00 080 0000 10 0000 00 0 070 00 0010 00 6 0 8000 00 000 00 1008 8000 0110
00000 7000 00000 0000 0200 3 0 00 00 00000 800 0000 0800 0200 0400 00006 000 0000 0300 00000 0000 000000
0 0 0 0 0001 40 00 0 0 00 0 0 6 0 00 0 0 0 4 3 0 000 00 40 0 0 00 07 00 000200 104 0003 000
000 100 0 9 00 0 2 00 00 9 0 00 000 1004 70 6040 00 0 010 00 5000 00 0 0 0000 00 080 80 0000 0000 0000
00300 0007 00200 0000 7009 0 0 10 00 00000 000 0000 0000 0000 0018 00000 000 0000 0316 00000 0000 000009
0 0 0 0 0000 00 00 0 0 00 0 0 9 1 00 0 0 0 0 0 1 000 00 00 0 0 00 00 00 000003 004 8020 000
00 000 0 0 00 0 0 00 00 7 1 00 080 0000 10 8000 00 0 000 00 7000 00 0 0 1000 00 010 10 0000 0000 0000
00005 0000 00000 0000 0070 0 0 00 00 30000 895 0010 9000 0000 0000 00010 000 5000 0000 00003 0000 000008
0 0 0 0 0020 00 00 0 7 00 9 0 0 0 00 0 0 0 0 0 1 000 00 00 0 0 00 00 00 090000 000 0020 056
000 000 0 0 00 3 0 00 00 0 0 00 000 0000 00 2000 00 0 000 00 0000 10 0 5 0000 00 000 00 0000 0000 0000
00083 0600 00005 0000 0000 0 0 00 00 00000 000 0900 0002 0000 5000 00010 100 0014 0309 00000 0000 000000
0 0 0 0 9000 05 03 0 0 00 0 0 0 0 00 0 0 0 0 5 0 900 00 00 4 0 00 02 03 800003 000 0000 000
000 020 0 0 00 0 2 00 00 0 0 00 000 0010 00 2000 00 4 030 54 1000 05 0 0 0000 00 009 00 0500 8002 0000
00003 0000 00040 4010 0800 0 0 00 00 10000 005 0092 0000 1005 0000 00607 004 0030 0000 00227 0100 080000
0 0 0 0 0000 00 00 0 0 11 0 0 0 0 00 0 2 3 0 0 0 800 00 00 0 8 04 00 20 004000 000 0000 150
006 000 0 0 00 0 0 00 06 0 0 04 007 0000 30 0300 00 5 000 80 0000 00 0 0 1000 00 300 10 0000 0700 0102
00005 0400 03000 0000 0901 0 0 00 90 00005 000 0001 0000 0010 0000 00000 004 0000 5000 00000 0020 600090
0 0 0 0 0000 00 00 4 0 00 6 0 0 0 20 0 2 0 0 0 0 000 00 00 0 0 00 00 00 000000 000 8020 000
000 000 0 0 00 8 0 00 50 0 0 00 000 0004 00 0004 00 0 010 10 1000 80 0 0 0000 00 007 00 0040 0000 8000
00003 0104 00000 0060 0000 0 0 20 00 00000 000 0000 0802 0010 0000 00200 000 0030 0300 00000 0057 100000
0 0 0 0 0000 40 00 0 0 00 0 0 3 6 09 0 2 0 0 0 0 000 00 00 8 0 00 00 00 800800 000 0000 000
407 000 0 0 10 0 0 00 00 0 0 00 000 0000 16 0000 00 0 002 04 0000 00 3 0 0200 60 000 00 2000 0000 0000
10000 7000 09000 8003 5000 0 0 00 50 00000 060 0000 0000 0004 0000 00000 000 0000 0002 00000 0000 000102
0 0 0 0 0000 00 00 0 0 00 0 0 0 0 00 9 0 0 0 5 0 000 00 00 0 0 00 00 00 000000 004 0000 010
000 007 0 0 00 0 0 10 80 7 0 00 000 0000 10 2000 00 0 007 04 0000 12 0 0 0000 00 000 02 0000 0800 3010
00005 0000 60005 0000 5000 0 0 00 00 00000 007 0000 0000 0000 0000 00000 000 0000 0000 00600 0000 040100
0 0 0 0 0070 00 02 0 0 04 0 0 0 0 00 0 0 0 0 0 0 012 00 95 0 0 00 06 00 000000 000 0020 006
080 000 5 0 00 8 0 32 80 0 1 05 000 0000 00 0000 00 0 090 00 6000 00 0 0 0000 06 000 00 0075 8000 0000
00009 0102 13000 0000 5000 0 0 00 08 00000 000 0010 0000 0000 0040 00210 800 0000 9000 00010 0000 900000
0 0 0 0 5000 00 00 0 0 00 0 0 0 0 00 0 0 0 0 5 0 000 00 00 0 0 00 00 00 801200 000 0000 000
020 000 0 0 00 0 0 00 00 0 7 09 000 0200 00 0000 10 0 000 00 0000 00 0 0 0000 00 000 90 0000 0000 0600
02003 0008 00005 0000 0000 0 6 10 08 70000 000 0900 0007 0000 0000 00000 008 0600 0010 00000 0300 100600
0 0 0 0 0000 00 00 0 5 00 0 0 0 0 30 0 0 0 4 5 0 008 10 05 0 0 00 05 00 000000 500 0000 000
070 000 0 9 10 0 0 10 85 0 0 00 000 0500 05 0000 00 0 900 03 1000 00 0 0 1000 00 000 00 0000 0708 5002
00090 0100 00000 0700 0000 7 0 00 90 00000 000 0000 0000 0200 5000 00200 000 0000 0302 00000 0000 700000
00010 0005 00000 0000 0000 0 0 00 00 00000 000 8002 0000 0000 0030 00000 000 0150 0050 90000 8000 120000
