0 0 0 0 0000 40 00 0 0 00 0 0 0 0 03 9 0 0 0 0 0 000 00 00 0 0 20 00 20 000000 000 0000 000 
000 000 0 0 02 0 0 00 00 0 0 00 000 0000 00 0000 80 0 000 00 0000 00 0 5 0000 00 000 00 0000 0000 0000
00000 0000 03000 0000 0000 0 0 00 00 00009 000 0000 0000 0000 0000 00000 000 0000 5000 00000 0000 020000
0 0 0 0 0000 00 00 0 0 00 0 0 0 0 08 0 0 0 0 0 0 000 00 00 0 0 00 00 00 000000 008 0000 000
00 000 0 0 00 2 0 00 00 0 0 00 000 0000 00 0002 00 0 000 09 0000 00 0 0 4008 00 000 00 0000 0000 0002
00003 0000 00000 0000 0000 0 0 00 00 00000 000 0003 0000 0000 0000 00000 004 0000 0000 00000 0000 000000
0 0 0 0 0000 00 00 5 0 00 0 0 0 0 03 0 0 7 0 0 0 000 00 00 0 0 00 00 23 800000 000 0100 000
000 000 0 0 00 0 0 00 00 0 0 00 000 0000 00 0000 07 4 900 00 0000 00 0 5 0000 00 000 00 0000 0000 0000
00000 9000 00000 0000 0000 0 0 40 00 00000 000 0000 0000 0000 0000 60000 000 0000 0000 00000 0000 000000
0 0 0 0 0020 00 00 0 0 00 0 0 7 0 00 0 0 3 0 0 4 000 00 00 0 0 00 00 00 800090 100 0000 000
000 000 0 0 00 0 0 02 00 0 0 00 000 0000 10 0000 00 0 000 00 0005 00 0 0 0000 00 000 00 0170 0020 0000
00000 0000 00000 0000 0000 0 0 00 00 00000 000 8000 0000 0000 0000 00000 000 0000 0000 00000 0000 100000
0 0 0 0 0000 00 00 0 0 00 0 0 0 0 00 0 0 0 0 0 0 000 00 00 0 0 04 00 00 006000 000 0000 500
000 000 0 0 00 0 0 00 00 0 0 00 000 0200 10 0000 00 0 000 00 0000 00 0 0 0000 00 000 00 0000 0050 0000
00000 0000 00000 0000 0000 0 0 72 00 00102 000 0000 0000 0000 0000 00000 000 8000 0000 00000 0000 000000
0 0 0 0 0600 00 00 0 0 00 0 0 0 0 00 0 0 0 0 5 0 402 00 00 0 0 00 00 00 000020 000 0003 000
000 600 0 0 00 0 0 00 00 0 0 00 000 0000 00 0000 00 0 000 20 0010 00 0 2 2000 00 000 00 0100 0000 0000
00003 0000 00005 0010 0001 0 0 10 00 12000 000 0000 0000 1000 5000 00000 320 0000 0000 00007 0000 505100
0 0 0 0 0000 00 00 0 0 00 0 0 0 0 00 0 0 0 4 0 0 000 00 00 0 0 00 08 00 000000 000 0100 000
000 100 0 0 00 0 0 00 00 0 0 00 000 0000 00 0000 00 4 000 04 7010 00 0 0 0089 09 000 00 0000 0000 0000
00000 0000 00006 0000 0000 0 0 00 00 00070 800 0000 0000 0000 5000 00000 000 0000 0000 50000 0000 000000
0 0 0 0 0000 05 00 0 0 00 0 0 0 0 00 0 0 0 0 0 0 900 00 00 0 0 00 00 00 090000 000 0000 000
000 000 0 0 00 0 9 00 00 0 0 00 000 0000 00 0000 00 0 000 00 0000 00 0 0 1900 02 000 10 0000 0000 0000
00000 0000 00000 0000 0000 0 0 10 00 00000 000 0000 0000 0000 0000 00200 000 0030 0000 00000 0000 000000
0 0 0 0 0000 00 00 0 0 00 0 0 0 0 00 0 0 0 0 0 0 000 12 00 0 0 04 50 00 804000 000 0000 009
000 000 0 0 00 0 0 20 00 0 0 80 000 0000 05 0000 00 0 000 00 0000 00 2 0 0000 04 000 00 0000 0000 0000
10000 4000 04010 0000 0000 0 0 00 00 00000 000 0000 0002 0000 0000 00000 000 0000 0000 00000 0000 000000
0 0 0 4 0100 00 40 0 0 00 0 9 0 0 90 0 9 0 0 0 0 000 00 00 0 0 00 00 00 000040 000 0900 000
000 000 0 0 02 0 0 00 00 0 0 00 500 0000 00 0000 00 0 000 00 0000 00 0 0 0000 00 000 00 0005 0020 0000
05000 0000 00000 0000 0000 0 0 02 00 00030 000 0010 0000 0000 0000 00000 000 0000 0000 00000 0070 000000
0 0 0 0 0000 00 00 0 0 00 0 0 0 0 00 0 0 0 0 0 0 000 00 00 0 0 00 00 00 000000 000 8000 000
003 050 0 0 00 0 0 10 00 0 0 00 000 0000 00 0000 00 0 000 00 1000 00 0 0 0009 00 400 00 0000 0008 0000
0 0 0 0 0000 00 00 0 0 08 0 0 0 0 00 0 0 0 0 0 0 000 00 00 0 0 00 00 00 000000 000 0000 070
090 000 0 0 00 0 0 30 00 0 0 00 990 0607 00 0000 05 0 000 00 0000 00 6 0 0000 00 000 00 0040 0000 0002
00000 0000 00000 0000 0100 0 0 00 00 00000 000 0000 0000 0000 0003 00000 000 0000 0010 00050 0000 000000
0 0 0 0 0000 00 00 0 5 00 0 0 0 0 00 0 0 0 0 0 0 000 00 00 0 0 00 00 00 000000 000 0100 050
00 000 0 0 00 0 0 10 00 0 0 00 000 0210 00 0000 00 0 000 04 9000 00 0 0 0000 00 000 00 0000 0060 0000
00000 0000 00000 0000 0000 0 0 00 00 00000 000 8000 0000 0000 0000 00000 000 0000 0080 00004 0000 100000
0 0 0 0 0100 00 30 0 0 92 0 0 0 0 00 0 0 0 0 0 0 002 00 00 0 0 00 00 00 000000 004 0000 500
000 000 0 9 00 0 7 02 00 0 0 00 000 0000 00 0000 00 0 000 00 0200 00 0 0 0000 00 000 60 0000 0000 0000
00300 0000 00000 0000 5100 0 0 00 50 00000 010 0000 0000 0000 0060 00000 000 0000 0000 00000 0000 000000
0 0 0 0 0300 00 80 5 0 00 0 0 0 0 20 9 0 0 0 0 0 000 00 00 0 0 00 02 00 000200 100 0000 000
000 000 0 0 02 0 0 00 00 0 0 00 000 0010 00 0010 00 0 000 00 0000 00 0 0 0000 00 000 00 0000 0000 0000
00000 0000 00000 0000 5000 0 0 00 00 00001 000 0000 0000 0000 0013 00000 000 0000 5008 00000 0050 100000
0 0 0 4 0000 00 00 0 0 00 4 0 0 0 00 0 2 0 0 0 0 000 00 00 0 0 00 00 00 000000 000 0000 000
000 100 0 0 00 0 0 00 00 0 0 00 000 0080 00 0009 00 0 000 00 0000 00 0 5 0000 00 000 00 0000 0000 0080
00000 0000 00000 0000 0000 0 0 10 00 00000 700 8009 0000 0280 5010 00010 000 0000 0000 00000 0100 000000
0 0 0 4 0000 00 00 0 0 00 0 0 0 0 00 0 0 0 0 0 0 006 00 80 0 0 00 00 03 000000 000 0000 000
000 000 0 0 00 0 0 10 00 0 0 00 900 0000 00 0000 00 4 000 00 0000 00 3 0 0000 00 000 00 0000 0000 0000
00000 0000 10000 0000 5000 0 0 00 90 00006 000 0000 0000 0000 5000 00015 000 0000 5000 00000 0000 000000
0 0 0 0 8000 00 00 0 0 00 0 0 0 0 00 0 0 0 0 0 0 000 00 00 0 0 00 00 00 800000 000 0020 000
000 000 0 0 40 0 0 00 00 0 0 00 007 1000 00 0000 00 0 002 00 0000 00 0 0 0000 00 000 00 0000 0000 0000
03000 0000 00000 0000 0000 0 0 00 08 00000 000 0000 0000 0600 0400 00000 000 0000 0000 00203 0004 050100
0 0 0 0 0005 00 05 0 0 00 0 0 0 6 00 0 0 0 0 0 0 010 00 00 0 0 00 10 00 000003 003 0000 000
000 000 0 0 00 0 0 00 00 0 0 00 000 0008 00 0000 00 0 000 04 0000 00 0 5 0000 00 000 00 0000 0000 0000
00004 0030 00000 0000 0000 0 0 00 00 00000 000 0000 0200 0000 0000 00000 000 0000 0000 00000 0203 000000
0 0 0 0 0000 00 00 0 0 00 0 0 0 0 00 0 0 0 0 0 0 000 00 00 0 0 00 00 00 000000 000 0000 000
000 000 0 0 00 0 0 90 00 0 0 00 900 0001 00 0380 00 0 000 00 0000 00 0 0 0000 00 009 02 0000 0000 0000
00010 0000 00005 0002 0000 0 0 00 00 00000 000 0000 0000 0000 0000 00005 000 0000 0000 00000 0000 000000
0 0 0 0 0000 00 50 0 0 10 0 2 0 0 08 0 0 0 0 0 0 000 00 00 0 0 00 00 05 890000 000 0000 700
000 000 0 0 00 0 0 00 00 0 0 00 000 0004 00 0000 00 0 000 00 0000 00 0 0 0000 00 000 10 0000 0000 0000
00000 0600 00000 0002 0000 0 0 00 00 00000 000 0000 0000 1000 0000 00000 000 0000 0000 00000 0000 000000
0 2 0 0 0007 00 00 0 0 00 0 0 0 2 00 0 0 1 0 0 0 000 00 00 0 0 00 17 00 000000 000 0000 000
000 000 0 0 02 0 2 00 00 0 0 00 000 0000 00 0004 00 0 000 00 0000 00 0 0 0000 00 000 00 0000 0700 0000
00000 0000 00005 8000 0000 0 0 00 00 00000 000 0000 0000 1000 0000 00007 000 0500 0090 00090 0000 000008
0 0 0 0 0000 00 00 0 0 00 0 0 0 0 08 0 0 0 0 0 0 000 10 00 0 3 00 00 20 000000 004 4000 007
000 000 0 0 00 0 0 00 00 0 0 00 700 0000 00 0000 00 0 000 00 1007 00 0 9 0000 00 000 00 0000 0000 0000
30000 0005 00200 0000 0000 0 0 00 00 00000 000 0000 0000 0000 0010 00000 080 0000 0000 03205 0000 000000
0 0 0 0 0000 00 00 1 0 00 0 0 0 0 00 0 0 0 0 0 0 000 00 00 0 0 00 00 00 800000 000 0020 000
00 000 0 0 00 0 0 00 00 0 0 00 000 0000 00 0000 00 0 000 00 4000 00 0 5 0000 00 000 00 0000 0008 0000
09000 0000 00000 0700 0000 0 5 00 00 00000 005 0000 0000 0000 5000 00000 080 0000 0000 00000 0000 000000
0 0 0 0 0002 00 10 0 0 00 0 0 0 0 20 0 0 0 0 0 0 000 00 00 0 0 00 00 03 700000 000 0000 000
000 003 0 9 00 8 0 00 00 0 0 00 000 0000 00 0000 00 0 000 00 0000 40 0 0 0000 00 005 00 0000 0000 0000
00000 0000 00000 0000 0020 3 0 00 04 00000 000 0000 0000 0000 0010 00000 000 0000 0000 00003 0000 000000
0 0 0 0 0000 00 00 0 0 00 0 0 0 0 00 0 0 0 0 0 0 000 90 00 0 0 00 00 00 000000 000 0000 000
000 000 0 9 00 0 2 00 80 0 0 90 000 0000 00 2000 00 0 000 60 0000 00 0 0 0000 00 000 00 0000 0000 0000
00000 0000 00000 0000 0000 0 0 10 00 00006 000 0000 0000 0000 0000 00000 000 0000 0002 00000 0000 000000
0 0 0 0 0000 05 10 0 0 00 0 0 0 0 00 0 0 0 0 0 0 000 00 00 0 0 00 00 00 801000 000 0000 000
000 000 0 0 00 0 0 00 70 9 0 00 000 0004 00 2005 00 9 000 00 0000 00 0 0 0000 00 000 00 0030 0000 0000
20000 0000 00000 6010 0000 0 0 00 00 00000 000 0000 0000 0000 6400 00000 008 0000 0000 00000 0050 000000
0 0 0 0 0000 00 00 0 0 00 0 2 0 0 00 0 0 0 0 0 0 000 00 00 0 0 00 00 00 000020 000 0020 000
000 000 0 0 02 0 0 00 00 0 0 00 080 0000 00 0000 00 0 000 00 0000 00 0 0 0005 00 000 00 0000 0000 0000
08000 0005 00000 0000 0000 0 0 00 00 00080 000 0000 0000 0000 0000 00000 000 0000 0000 00000 0000 000000
0 0 0 0 0000 00 00 0 0 00 0 0 0 0 00 0 0 0 0 5 0 000 00 00 0 0 00 00 00 007000 000 0000 000
000 000 0 0 00 0 0 00 00 0 0 02 000 0000 00 0000 02 0 000 00 0000 00 0 0 0000 00 000 00 0000 0000 0000
00000 0000 00000 0000 5000 0 5 10 90 00000 000 0000 0000 0090 0000 00000 000 0000 0000 00200 0000 000000
0 0 0 0 0000 00 00 0 5 00 0 0 0 0 00 0 0 0 0 6 0 000 00 00 0 0 00 00 00 000000 000 0000 000
000 000 0 0 00 0 0 00 00 0 0 00 000 0000 00 0000 00 0 000 00 0200 00 0 0 0800 00 000 00 4000 0000 0000
00006 8000 00000 0010 0020 0 0 00 00 00000 000 0000 0000 0000 0000 00000 000 0000 0010 00000 0000 000000
0 0 0 0 0020 40 02 0 0 00 0 0 0 0 00 0 0 0 0 0 1 000 08 06 5 0 20 06 03 000000 320 0000 000
000 000 0 0 00 0 0 00 80 0 0 30 000 0010 00 0000 00 0 020 00 0009 00 0 0 0000 00 000 10 0000 0700 0000
00000 0000 00000 0000 0000 0 5 00 00 00000 000 8000 0000 0000 5000 00000 000 0000 0000 00200 0000 005000
0 8 0 0 0000 00 02 0 0 00 9 0 0 0 00 0 0 0 0 0 0 000 00 00 0 0 00 00 00 000020 008 0000 000
000 020 0 0 00 0 0 00 80 0 0 02 900 0000 05 0000 00 0 000 00 0000 00 0 0 0000 00 000 00 0000 0000 0000
00000 0000 03000 0000 0020 0 0 00 09 00002 000 0000 0000 0307 0000 00000 000 6000 0000 00200 0000 000000
0 0 0 0 0000 00 90 0 0 00 0 0 0 0 00 0 0 0 0 0 0 000 00 00 0 0 00 00 00 080000 000 0000 000
000 000 0 0 00 0 0 00 00 0 0 00 000 0000 00 0000 00 0 000 00 0000 00 0 0 0000 00 000 00 0000 0000 0010
00000 0006 00009 0000 0000 0 0 02 00 00000 000 8000 0000 0000 0400 00000 000 9000 0300 00000 0064 000000
0 0 0 0 0000 00 00 0 0 03 0 0 0 0 00 0 0 0 0 0 0 000 00 00 0 0 00 00 00 800000 000 0000 000
020 000 0 0 10 0 9 00 00 0 0 00 900 0000 00 0004 10 0 000 00 0000 00 0 0 0099 00 000 00 0000 0000 0000
00000 0000 00000 0000 0000 0 5 00 00 00000 000 0000 0000 0000 0000 00000 000 0100 0000 50000 0600 000100
0 0 0 0 0000 00 00 0 5 00 0 0 0 8 00 0 0 0 0 0 0 000 00 00 0 0 00 02 00 801000 000 0000 000
08 000 0 0 00 0 0 00 00 0 1 00 000 0000 00 0300 02 0 000 00 0000 00 0 0 0000 00 000 00 0042 8000 0000
00003 0100 00000 0000 0000 0 0 00 50 00000 000 0000 9000 0000 0000 00000 000 0000 0000 00000 1000 000000
0 0 0 0 0000 00 00 0 0 00 0 2 0 3 00 0 0 0 0 0 0 000 02 00 0 0 00 10 00 000000 000 0000 000
000 000 0 0 00 0 0 00 00 0 0 00 000 0000 00 0000 00 0 000 00 0000 00 0 0 0000 60 050 00 0005 0000 0000
00000 0000 00000 0000 0000 0 0 00 00 00000 400 0000 0000 0000 0000 10000 000 0000 0900 00000 0000 020300
0 0 0 0 0020 80 00 0 0 00 0 0 0 0 00 9 0 0 0 0 0 000 00 40 0 8 00 00 00 000000 000 0090 000
000 300 0 0 00 0 0 00 00 0 0 00 080 0004 00 2000 00 0 000 00 0000 00 0 5 5000 00 400 00 0000 0000 8000
00000 0000 00000 0000 0000 0 0 00 90 00000 000 0000 0000 0000 0000 90000 000 0000 0000 06000 0000 000000
0 0 0 0 0000 00 00 0 0 00 0 0 0 0 00 0 0 0 0 5 0 015 00 00 0 0 20 00 20 000003 000 0000 000
000 000 0 9 90 0 0 00 00 0 0 00 000 0000 00 0000 00 0 000 00 0000 00 0 0 0000 00 000 00 2800 8010 0010
00000 0040 00000 0710 0000 0 4 00 00 00000 000 0000 0000 0000 0000 00000 100 5000 0000 00090 1000 000100
0 0 3 0 0000 40 00 0 0 00 0 1 0 0 00 7 0 0 0 0 1 000 00 00 0 0 00 00 00 000000 000 0003 000
005 000 0 0 00 8 2 00 00 0 0 00 000 0000 10 0000 00 0 900 00 0000 00 0 0 0000 00 000 00 0000 0002 9000
00000 0004 00000 0000 0000 0 0 00 00 00000 000 0000 0000 0000 0000 00000 000 0000 0300 00080 0000 000000
0 0 0 0 0000 00 00 0 0 00 0 0 0 0 00 0 0 9 0 0 0 900 06 00 0 0 00 02 00 000000 000 0000 000
000 000 0 9 00 0 0 00 00 0 0 02 000 0000 00 2000 00 0 000 00 0000 00 0 0 0700 30 005 00 0100 0000 0000
00000 0130 00000 0000 0700 0 0 00 00 00000 000 0010 0000 0000 0000 00000 000 0000 0000 00000 0050 000000
0 0 0 0 0000 00 00 0 0 00 0 0 0 0 00 0 0 0 0 0 0 000 00 00 0 0 00 00 00 090000 000 8000 000
000 000 0 0 00 0 0 00 00 0 0 00 080 0000 00 0000 00 0 000 00 0008 00 0 0 0000 00 000 02 0000 0700 0000
00003 0000 00006 0000 0000 0 0 09 00 00900 000 0000 0000 1000 0000 00000 000 0000 0000 00000 0000 000080
0 8 0 0 0000 00 00 1 0 00 0 0 0 0 00 0 0 0 0 0 1 000 30 00 0 0 00 00 60 000020 000 0000 000
000 000 5 0 02 0 0 00 00 0 0 00 000 0200 00 0000 00 0 000 00 0008 80 0 0 0000 00 000 00 0000 0000 0000
00000 0000 10200 0700 0004 3 0 00 00 00000 000 0000 0000 0200 0010 00000 000 0000 0000 00000 0000 000700
0 0 0 0 0000 00 00 0 0 00 0 0 0 0 00 0 0 0 0 0 0 000 00 00 0 0 04 00 00 800000 000 0000 000
000 002 0 0 00 0 0 00 00 0 0 00 007 0000 00 0300 00 0 000 04 7000 00 0 0 0000 00 000 00 0040 0000 0000
00010 0005 00070 0000 0008 0 0 00 00 10000 000 0000 0000 0000 0000 00000 000 5000 0000 00000 0000 000100
0 0 0 0 0000 00 00 0 0 00 0 0 0 0 00 0 0 0 4 0 0 000 00 00 0 0 00 00 20 000000 000 0000 050
020 000 0 0 00 0 0 02 09 0 0 00 000 0000 80 0000 00 0 000 10 0000 00 0 0 0000 00 000 02 0040 0000 0000
00000 0000 00000 0000 0000 0 0 06 00 00000 000 0070 0000 0000 0000 00000 000 0000 0000 00000 1000 000000
0 0 3 0 0000 00 00 0 0 00 0 4 0 0 08 0 0 0 0 5 0 000 00 00 0 0 00 00 00 000000 004 0000 000
000 000 0 0 00 0 0 00 09 0 0 00 000 0000 00 0008 00 0 000 10 0000 00 0 0 0000 04 000 00 0000 0400 0001
00000 0000 00005 0700 0000 0 0 00 00 02000 000 0000 0000 0000 0000 00000 000 0004 0000 00000 0000 000000
0 0 0 0 0000 00 00 0 4 00 0 0 0 0 00 0 0 0 0 0 0 000 00 05 0 0 00 00 00 000000 000 0200 000
00 000 0 0 00 0 0 00 00 0 0 00 080 0000 00 0000 00 0 000 00 0000 00 0 0 0000 00 000 00 0005 0000 0000
00000 0000 00000 0700 0000 0 0 00 00 00000 000 0000 0800 0000 0000 02000 070 0000 0000 00000 0900 000008
0 0 0 0 0007 00 00 0 0 00 0 0 0 0 00 0 0 0 0 0 0 000 00 00 0 0 00 02 00 000000 000 7000 000
000 000 0 0 00 0 0 00 00 0 0 00 000 0008 00 0090 00 0 000 00 0000 00 0 5 0089 00 000 00 0000 0000 0000
00100 0000 00000 0000 0000 0 0 00 00 00000 050 0000 0800 0000 0000 00000 000 0000 0000 00000 0000 000000
0 0 0 0 0000 00 10 0 5 00 0 0 0 0 00 9 0 0 0 9 0 000 00 00 0 0 00 00 00 000000 000 0003 000
000 000 0 0 08 8 0 00 00 3 0 00 000 0000 00 0009 00 0 010 00 0000 00 0 0 0000 00 000 02 0000 0000 0000
00000 0080 00000 0000 8000 0 0 00 00 00000 000 0000 0000 0000 0000 00000 000 0900 0000 05000 0900 000000
0 0 0 6 0000 00 06 0 0 00 0 0 0 0 08 0 0 0 0 0 0 000 00 00 0 0 00 00 00 000000 000 0000 000
000 000 0 9 02 0 0 00 00 0 0 00 000 0000 00 0000 00 0 000 00 0000 00 0 0 0000 00 000 00 0000 0000 0000
02000 0000 00000 0000 0000 0 0 00 00 00000 000 8000 0900 0000 0000 00000 000 0000 0000 00000 0000 000000
0 0 0 0 0000 00 00 0 0 00 0 0 0 0 00 0 0 0 0 0 0 000 00 00 0 0 00 00 00 000000 000 0700 000
000 000 6 0 00 8 2 00 00 0 0 00 000 0000 00 0000 02 0 000 04 0000 00 0 5 0700 00 000 06 0000 0010 0000
00000 0000 00000 8000 0000 0 0 00 00 00 000020 000 0000 000
000 000 0 0 09 0 0 00 00 0 0 00 000 0004 00 0004 00 0 000 10 0000 00 0 0 0000 00 000 10 0000 0000 0010
00000 0000 00000 0000 0000 0 0 00 00 00000 000 0000 0000 0205 0000 00000 000 0100 0000 50000 0000 000108
0 0 0 0 0000 90 00 0 0 02 0 0 0 0 00 0 0 0 0 0 0 000 00 00 0 0 05 02 00 000005 000 0000 010
000 000 0 0 00 9 0 00 00 0 0 00 000 0010 00 0000 00 0 000 00 0005 00 0 0 0080 00 000 00 0000 0000 0000
00000 0000 00800 0000 0000 0 0 00 00 00000 000 0000 0000 0000 0000 00010 000 0000 0000 09000 0000 100700

00000 0000 03050 0000 0000 0 0 00 09 12000 000 0000 0000 0030 0000 00000 000 0000 0000 00010 1000 000000
0 0 0 0 5000 00 00 0 0 80 0 0 0 0 00 0 0 0 0 0 0 000 00 00 0 0 00 00 08 000000 000 0000 000
000 000 0 0 00 0 0 00 00 0 0 00 060 0000 00 0000 00 0 000 04 0010 10 0 0 0070 00 000 00 0190 0000 0000
00000 0000 00000 0000 0100 0 0 00 08 04000 000 0000 0000 0000 0000 00000 100 0030 0000 00000 0000 000100
0 0 3 0 0000 40 00 0 0 00 0 0 0 0 00 9 0 0 0 0 0 000 00 00 0 0 00 00 20 000000 100 0000 500
70 000 5 0 00 0 0 00 00 0 0 00 900 0000 00 0000 12 0 000 00 1000 00 0 0 0000 00 000 00 0000 0000 0000
10000 0030 00000 0010 0000 4 0 00 00 00000 000 0000 0000 0000 0000 00000 000 0000 0000 00800 0000 000000
0 0 9 0 0000 00 00 0 0 00 0 0 0 7 00 0 0 0 1 0 0 000 00 00 0 0 00 00 00 001000 000 0000 000
000 000 0 3 00 0 0 00 00 0 0 06 000 0000 00 0070 00 0 000 00 0000 00 0 0 0025 00 000 00 0000 5700 0000
00000 0000 00000 0000 0000 0 0 00 00 00050 000 0000 0000 0000 0000 00000 000 0070 0000 50000 0000 000000
0 0 0 0 0000 40 05 0 0 00 0 0 0 0 00 0 0 0 0 0 0 000 00 00 0 0 04 00 00 000000 000 0000 007
000 000 0 0 00 0 0 00 00 0 1 00 000 0014 00 0000 00 0 010 00 0000 00 0 0 0000 00 000 00 0000 0000 0000
00080 0000 00010 0000 0000 0 0 00 00 00000 800 0007 0000 0000 0000 00000 200 0000 5000 00000 0000 000000
0 0 0 0 0000 00 00 0 0 00 0 0 0 0 00 0 0 1 0 0 0 000 00 00 5 0 08 00 00 000000 000 0000 000
000 020 0 0 00 0 0 02 00 0 0 50 000 0000 00 0000 00 0 000 60 0009 02 0 0 0000 00 000 00 2005 0000 0000
00000 0000 00005 0002 0025 0 0 00 00 02800 000 0000 0000 0010 0000 50000 000 0000 0000 00000 1000 000000
0 7 0 0 0000 00 00 0 5 00 0 0 0 0 00 0 0 0 0 0 0 000 00 05 9 0 00 00 00 000000 000 0000 000
000 070 0 0 00 0 0 00 00 0 0 00 000 0000 00 0000 10 0 000 00 0200 00 0 0 0200 00 000 00 0100 0000 0900
00000 0000 03000 0500 0000 0 0 00 00 10000 000 0000 0000 0000 0000 00000 000 0000 0000 00000 0000 900000
0 0 0 0 0000 00 00 0 0 00 0 0 7 0 00 0 0 0 0 0 0 000 00 00 0 0 00 00 00 000000 000 0000 000
000 000 0 0 00 0 0 08 00 0 0 00 000 0000 00 0000 00 0 002 00 0000 00 0 0 0000 00 000 00 0000 0000 0000
00000 0000 00900 0000 0000 0 0 00 08 00000 000 0000 0000 0000 0900 00000 000 0000 0010 00000 0000 005000
0 0 0 0 0000 00 00 0 0 00 7 0 0 0 00 0 0 0 0 0 0 002 00 00 0 0 00 00 00 000000 000 0000 900
000 000 0 0 00 0 0 00 00 0 0 00 080 0000 00 0000 00 0 000 04 0200 04 0 0 0000 00 000 00 0000 0000 0000
03000 0000 00000 0000 0000 0 0 00 00 10100 000 0000 0800 1000 0009 00000 100 0500 0300 00050 1000 000000
0 0 0 0 0000 00 00 0 0 00 0 0 0 0 20 0 0 0 0 0 0 000 02 00 0 0 04 00 03 000000 000 0000 000
000 000 0 0 00 0 0 00 00 0 0 00 007 0000 00 0000 00 0 900 00 0000 00 0 0 0000 00 010 00 0000 0000 0600
00000 0000 00000 0000 0700 0 5 00 00 02000 050 0000 0000 0000 0003 00200 000 0060 0000 00000 0600 000000
0 0 0 0 0000 00 00 0 0 00 0 0 0 0 00 0 0 0 0 0 0 002 00 00 0 8 00 00 03 000000 000 0000 000
000 000 0 0 00 0 0 00 00 0 0 00 000 9000 10 0000 00 0 000 00 0200 00 3 0 0000 10 000 00 0000 0000 0000
00000 0000 00000 0000 0000 0 0 00 00 00000 000 0000 0000 0000 0000 00000 000 0000 5000 00000 0000 000300
0 2 0 0 6000 00 00 0 0 08 0 0 4 0 00 0 0 0 0 0 0 000 00 00 0 0 00 42 00 090000 000 0000 000
000 000 0 0 12 0 0 00 00 0 0 00 087 0000 00 0000 00 0 000 00 0000 00 0 0 0300 06 000 00 0000 0010 0000
0 0 3 0 0000 00 00 0 0 00 0 0 0 0 00 0 0 0 0 0 0 000 00 00 0 0 00 00 08 000000 000 0000 000
000 000 0 0 00 0 0 00 09 0 0 50 000 0000 00 0000 00 0 000 00 0000 00 0 0 0000 00 000 00 0100 0000 0010
10000 0000 00000 0000 0000 0 0 00 92 00000 000 0000 0000 0000 0000 10000 000 5900 0000 00000 0100 000500
0 0 0 0 0000 00 00 0 0 00 0 0 0 0 00 0 0 0 0 0 0 000 00 00 0 0 00 00 00 000000 020 0000 000
00 000 0 0 00 0 0 00 00 0 0 00 000 0000 00 0000 00 0 700 04 0000 00 0 0 0200 02 000 00 0000 0000 0000
05000 0000 00000 0070 0000 0 0 00 00 00000 000 8000 9000 0000 0000 00000 000 0000 0000 00000 0000 000000
1 0 7 0 0000 00 00 0 0 02 0 0 0 0 00 0 0 0 0 0 0 000 00 00 0 0 00 00 00 090007 000 0000 000
000 000 0 0 00 0 0 00 00 0 0 00 000 0000 00 0000 00 0 000 09 0000 00 0 0 0000 00 000 00 0000 0000 0000
00000 0000 00000 0000 0000 0 0 00 00 02000 000 0000 0000 0000 0000 00000 000 0000 0000 00000 0000 000000
0 0 3 0 0000 00 00 0 0 00 0 0 0 0 00 0 0 0 0 0 0 900 00 00 0 0 80 00 00 000000 000 0000 700
000 700 0 0 02 0 0 00 09 0 0 80 000 0004 00 0000 09 0 000 00 0000 00 0 0 0000 00 000 00 0000 0000 0000
00000 0000 00000 0000 0000 0 0 00 00 00000 000 0000 0000 0000 0000 00000 000 0037 0000 00000 0000 000000
0 0 0 4 0000 00 00 0 0 00 0 0 0 0 00 0 0 0 0 0 0 900 00 00 0 0 00 02 00 001000 000 0000 004
100 000 0 0 00 0 0 00 00 8 0 00 000 0000 00 0000 00 0 900 00 0008 00 0 0 0000 02 000 00 0070 0000 1800
10000 0000 00000 0000 0000 0 0 70 00 00000 000 0000 0000 0000 0000 00200 010 0000 0300 00000 0000 000000
0 0 0 0 0003 00 01 0 0 00 0 0 0 0 00 0 0 0 0 0 0 060 00 00 0 0 00 00 00 000000 000 0000 000
000 000 0 0 10 0 2 00 00 0 0 00 000 0060 00 0000 00 0 000 00 0000 10 0 0 0000 00 000 00 0100 0000 0000
00000 0000 00000 0000 0000 0 0 00 00 00000 000 0060 0004 0060 0000 00000 000 0000 3000 00000 7000 000008
0 0 0 0 0003 00 00 0 0 00 0 0 0 0 00 0 0 0 0 8 0 000 00 00 0 0 00 00 00 000200 000 0000 000
000 000 0 9 00 0 0 02 00 0 0 00 000 0000 00 0000 00 0 007 00 0000 00 0 5 0000 10 000 00 0000 0000 0000
00001 0000 00000 0000 0000 0 0 00 90 00000 200 0000 0000 0000 0000 40000 000 0000 0000 00000 0000 000005
4 0 0 0 0003 00 00 0 0 00 0 0 0 0 29 0 0 0 0 0 0 900 00 00 0 0 00 00 00 700000 000 0000 000
000 000 0 0 00 4 0 00 07 0 0 09 000 0000 00 0000 10 0 000 00 0005 00 0 5 0000 00 000 00 0000 0000 9000
80000 0000 00000 0000 0000 0 0 10 00 00000 000 0900 0000 0000 0000 00000 000 5004 0000 00000 0000 000000
0 0 0 0 0000 00 00 0 0 00 0 0 9 0 00 0 0 0 0 0 0 000 00 00 0 0 00 00 00 000000 000 0000 000
000 000 5 0 05 0 0 08 00 0 2 00 000 0000 00 0000 02 0 000 00 0000 00 0 0 0009 00 000 00 0000 0002 0000
00000 0000 10000 0000 0000 0 0 00 08 02000 000 0900 0002 0000 0700 00000 000 0000 0000 00000 0000 000000
0 0 0 0 0000 00 00 0 5 00 0 0 0 0 00 0 0 0 0 0 0 900 00 70 9 0 00 00 00 000020 000 0000 000
003 080 0 0 00 0 0 00 80 0 0 00 800 0000 00 0000 00 0 000 00 0000 00 0 0 0000 00 000 10 0000 0002 0000
02000 0000 00000 0000 0000 0 0 00 00 00000 000 0000 0012 0000 0000 00700 000 0100 0000 00000 0000 000000
0 0 0 0 0200 00 00 0 0 00 0 0 0 0 00 0 0 0 0 0 0 000 00 00 0 0 00 00 00 000000 000 0000 000
000 000 0 0 00 0 0 00 00 0 0 02 000 0000 05 0000 00 4 000 00 0000 00 0 0 0000 00 000 00 0009 0000 0000
00010 0000 00000 0010 0000 0 0 00 00 00100 000 0000 0000 0010 0000 00000 000 0000 0000 00003 0000 000000
0 0 0 0 0020 00 00 0 0 02 0 0 0 0 00 0 0 0 0 0 0 000 00 09 0 0 00 00 00 000003 000 0000 000
000 003 0 0 00 0 0 00 00 0 0 00 000 0000 00 0500 00 0 000 00 0010 90 0 0 0000 00 000 00 0005 0000 0090
00000 0000 00000 0000 0001 0 0 00 00 00000 000 0000 0000 0000 0000 00000 000 0000 0000 00000 0000 000000
0 0 0 5 0000 00 00 0 0 00 0 0 0 0 00 0 0 0 0 0 0 000 00 05 0 0 00 00 00 000003 000 0000 000
40 000 0 0 00 0 2 00 00 0 0 00 000 0000 00 0000 00 0 000 00 0000 10 0 0 0009 00 005 00 0005 0000 0000
00000 5000 00000 0000 5000 0 0 02 00 00000 000 0000 0000 0000 0000 00000 000 0004 0000 00000 0000 020000
0 0 0 0 0003 00 08 0 0 00 0 0 0 0 00 0 0 0 0 0 0 002 00 00 0 8 00 00 00 000000 000 0000 000
000 003 0 0 00 0 0 00 00 0 0 00 000 0000 00 3000 02 2 000 00 0000 10 0 0 0000 00 000 00 0000 0000 0000
00000 0060 00200 0000 0000 0 0 00 00 00000 000 0002 0009 0000 0000 00000 300 0104 0000 00000 0000 000100
0 0 0 0 0000 00 00 0 0 00 0 0 0 0 00 0 0 0 0 0 9 000 10 00 0 0 04 00 00 000000 000 0020 790
000 000 0 0 00 9 0 00 00 0 0 00 000 0000 00 0000 00 0 000 00 0000 00 0 0 0000 00 085 00 0000 8010 0000
00010 0000 00200 0000 0000 0 0 00 00 00000 000 0000 9000 0000 0090 00000 000 0000 0000 00500 0000 000000
0 0 0 0 0000 80 02 0 0 04 4 0 0 0 00 6 2 0 0 0 0 000 00 40 0 0 00 00 60 000000 000 0000 000
100 000 0 0 00 0 0 10 00 0 0 00 100 0000 00 2000 00 0 000 00 0000 09 0 0 0000 00 000 00 0000 0000 8000
06000 0000 00000 0009 0000 0 0 00 00 00000 010 0000 0000 0002 0000 00000 000 0000 0090 00000 0000 000000
0 0 0 0 0103 00 00 0 0 00 0 0 0 0 00 0 0 0 0 0 0 900 00 00 4 0 00 00 23 000003 000 0000 000
000 000 5 0 00 6 0 00 00 0 1 00 007 0000 06 0000 00 0 000 03 0900 00 0 0 0000 00 000 00 0000 0000 0000
00040 0000 00000 0000 0000 0 0 02 70 00002 004 0000 0000 0000 0000 12000 000 0000 0000 03200 0000 000100
0 0 0 0 0000 00 00 0 0 00 0 0 0 0 00 0 0 0 0 0 0 000 00 00 0 0 00 00 00 000000 000 0000 000
000 000 0 0 00 0 0 00 00 0 0 00 000 0000 00 0004 00 0 000 00 0010 00 0 0 0000 00 000 00 0000 0000 0002
00000 0000 40000 0000 0000 0 0 00 00 00000 000 0000 9000 0000 0000 00000 000 0000 0000 00000 0000 000000
0 0 0 0 0000 04 02 0 0 00 0 0 0 0 20 0 0 0 0 0 0 000 80 00 0 0 00 00 00 000000 000 0000 000
000 000 0 0 00 8 0 00 00 0 0 00 000 1200 00 0000 00 0 000 00 0000 00 0 0 0000 00 000 50 0000 0000 8000
00000 0005 00000 0000 0000 0 0 00 90 00000 009 0000 0000 0000 0000 00000 300 0000 0000 00000 0000 090000
0 0 0 0 0020 08 00 5 0 00 0 0 0 0 08 0 0 0 0 0 0 000 00 00 0 0 00 00 00 000000 100 0100 000
080 000 0 0 00 0 0 00 00 0 0 00 000 0700 00 0000 00 0 000 00 0000 00 0 0 0000 00 000 00 0000 0000 0002
00000 1000 00090 0000 0000 0 0 00 00 00000 000 0000 0000 0000 0000 00200 009 0000 0000 00000 0000 000000
0 0 0 0 0000 40 00 0 0 00 0 0 0 0 00 0 0 0 0 0 0 010 00 00 0 0 00 00 00 001000 000 0000 000
000 000 0 0 00 0 0 00 00 0 0 00 007 0000 00 0000 00 0 000 00 0000 00 7 0 0000 00 000 00 0000 0000 0000
00000 0090 03000 0000 5009 0 0 00 00 00000 000 0000 0002 0000 0000 00000 000 0007 0010 00000 0000 000000
4 0 0 0 0000 00 00 0 0 00 0 0 0 0 00 0 5 0 0 0 0 000 00 80 0 0 00 00 00 000000 008 0000 000
000 000 0 0 00 0 0 00 00 0 0 00 000 0000 00 0010 00 0 000 00 0000 00 0 0 0000 00 000 00 0000 0060 0000
00000 0000 00000 0000 9099 0 0 00 90 00100 000 0000 0800 0000 0060 70000 000 0004 0000 00200 0000 020008
0 0 0 4 0000 00 00 0 0 00 0 0 0 0 00 0 0 0 0 0 0 000 00 00 0 0 00 00 00 000000 000 0000 000
100 000 0 0 00 0 0 00 00 0 0 00 000 0006 00 0300 00 0 000 00 0000 00 0 0 0000 00 000 00 0000 0000 0000
00000 0800 00000 0000 0000 0 8 00 00 00000 000 0000 0004 0000 0000 00000 000 0000 0600 00000 0000 900010
0 0 0 0 0000 00 00 0 5 00 0 0 0 1 00 0 0 0 0 0 0 000 00 00 0 0 00 00 90 000000 000 0200 000
00 002 0 0 00 0 0 00 00 0 0 00 000 0000 00 0000 00 0 800 00 0700 00 0 0 0200 00 000 00 0001 0000 0000
00000 0000 00000 0000 0000 0 0 00 00 30000 000 0000 0704 0000 0000 00500 000 0020 0002 00000 0000 505000
0 0 0 0 0000 00 00 0 5 10 8 0 0 7 00 0 0 0 0 0 1 000 00 00 0 0 00 00 00 000000 000 8000 000
000 000 0 0 00 0 0 00 00 0 1 00 000 0000 00 0000 00 0 000 00 8000 00 0 5 0000 12 000 00 7005 0000 0000
00000 0000 50000 0000 0000 0 0 00 08 00000 400 0000 0000 0000 0000 70000 000 0000 0000 00000 0000 000000
0 0 0 0 0000 00 00 0 0 00 0 0 0 0 00 8 0 0 0 0 0 000 00 00 0 0 00 00 00 000000 027 0000 000
000 000 0 0 00 0 0 00 00 0 0 00 000 0004 00 0000 00 5 000 00 0000 00 0 0 0000 00 040 00 0005 0000 0000
00000 0000 00000 0010 0000 0 0 00 00 00000 000 0000 0000 0010 0000 00000 000 0030 0300 00000 0000 000090
0 0 0 4 0000 00 00 0 0 00 0 2 0 0 00 0 0 0 0 0 0 000 00 00 0 0 00 00 00 000000 000 0000 000
000 000 0 0 00 0 0 10 00 0 0 00 007 0000 60 0200 00 0 500 00 1000 00 0 0 1009 00 000 00 0040 0000 0000
00000 0000 00000 0000 0100 0 0 22 00 00000 000 0000 0000 0000 0000 00000 000 0000 5000 00000 0000 000000
1 0 0 0 0000 00 00 0 0 00 0 0 0 0 00 0 0 0 0 0 0 700 00 05 5 0 00 00 00 000000 000 0000 000
000 070 0 0 90 0 0 00 00 0 0 08 000 0200 00 0900 00 0 200 00 8008 00 0 0 0000 00 030 00 0100 0000 0000
00000 4000 00010 0000 0000 0 0 02 00 00000 000 0000 0000 0000 0003 00000 000 0900 0000 00000 0100 000000
0 0 0 0 0100 00 00 0 0 60 0 0 0 1 00 0 0 0 0 0 0 000 00 00 0 0 00 00 00 390000 000 0000 800
020 000 0 0 00 0 0 00 00 0 0 00 000 0000 00 0000 00 0 000 00 0000 02 0 0 0080 00 000 00 2000 0000 8000
00000 0020 00000 0000 0000 0 0 09 00 00000 000 0000 0000 0000 0000 00000 000 0000 0000 00000 0003 000000
0 0 0 3 0020 00 00 5 0 00 0 0 0 0 00 0 0 1 0 0 0 000 00 05 0 0 00 00 00 800000 000 0000 000
000 000 0 0 00 0 0 00 80 0 0 00 707 0000 00 0000 00 0 002 00 0000 00 0 0 0000 00 000 00 0000 0000 0000
00000 0000 00000 0700 0000 0 0 00 00 00000 000 0000 0000 0000 0200 00000 000 9000 0000 00000 0000 001000
0 0 8 0 0000 07 02 0 0 00 0 0 0 0 00 4 0 0 0 0 0 000 00 00 0 0 00 00 00 000000 000 0000 000
090 000 0 9 00 6 0 00 00 0 0 80 000 0000 00 0000 09 0 000 00 0000 00 0 0 0000 00 070 00 0000 0000 0900
00000 0900 10000 0000 0000 0 0 00 00 00000 010 8000 0000 0030 0000 00000 000 0000 0000 00000 0000 000000
0 0 0 0 0000 00 00 0 0 00 0 0 0 0 00 0 0 1 4 0 0 000 00 00 9 0 00 02 00 001000 007 0000 000
100 000 0 0 00 0 0 00 00 0 0 00 000 0000 00 0900 00 0 000 00 0200 00 0 0 0000 00 000 00 0000 0000 0000
00000 0400 00005 0000 0000 0 0 00 08 00000 000 0002 0000 0000 0000 00000 000 0000 0000 00000 0000 000000
0 0 0 0 0000 00 00 0 5 00 0 0 0 0 00 0 0 1 0 0 0 000 00 00 0 0 04 00 00 000000 000 0000 000
000 000 0 8 00 0 2 00 00 0 0 04 000 0004 00 0000 00 0 000 00 0000 00 0 0 0200 00 000 00 9000 0000 0000
00000 0000 14000 8000 0000 0 0 00 00 00000 000 0000 0002 0000 0000 02000 000 0000 0000 00000 0000 000000
8 0 0 0 0000 00 00 0 5 00 0 0 0 0 00 0 0 0 0 0 0 000 02 00 0 0 04 00 00 000000 000 0000 000
000 000 0 0 00 0 0 00 00 0 0 50 000 0000 00 0000 00 0 000 00 0200 00 0 0 0000 02 000 00 0007 8000 0000
00000 0000 00000 0700 0000 0 0 00 08 00000 510 0010 0000 0000 0000 00000 000 0000 0010 00000 0000 000000
0 0 0 0 0090 00 00 0 5 00 0 0 0 0 00 0 0 0 0 0 0 000 00 00 0 8 00 00 00 000000 020 8000 000
00 000 0 0 00 0 1 00 00 0 0 00 090 0004 05 0000 00 0 042 00 0900 00 0 0 0000 00 000 00 0000 0000 0000
00000 1000 10000 0000 0000 0 0 00 00 10000 000 0000 0000 0000 0000 00000 000 0000 0300 00000 0000 000000
0 0 0 0 0080 40 00 0 0 00 0 7 0 0 00 0 0 0 0 1 0 000 00 05 0 0 00 00 00 000000 004 0000 000
000 000 0 0 00 0 0 00 00 0 0 00 000 0000 00 0320 10 0 000 01 0000 00 0 5 0000 06 000 00 0000 0000 0000
00007 0000 00000 0000 0000 0 0 00 00 00002 000 0000 0000 6000 0000 00000 000 0000 0002 00000 0000 000008
0 0 0 0 0000 00 00 5 0 00 0 0 0 0 00 9 0 0 0 0 0 000 00 00 0 0 00 00 00 000000 000 0000 000
000 000 0 0 00 0 0 10 08 0 0 00 000 0000 00 0060 00 0 002 00 0200 00 0 0 0000 00 000 00 0000 0000 0000
00000 0005 05000 0000 0000 0 0 00 00 00000 000 0000 0800 0000 5000 00000 006 0000 0000 00000 0000 000000
0 0 0 0 0000 00 00 0 0 00 0 0 0 0 90 0 4 0 0 0 0 600 00 00 0 0 00 00 00 000000 004 0000 000
066 005 0 0 00 0 2 00 00 0 0 00 000 0600 00 0000 00 6 080 00 0000 10 0 0 0000 00 000 05 2000 8000 0000
00000 0000 00005 0000 0000 0 0 10 00 00000 000 0000 0040 0000 0000 00000 000 0000 0000 00000 0000 000100
0 0 0 0 0000 00 00 0 5 00 0 0 0 0 00 0 0 0 0 0 0 906 00 00 0 0 00 80 00 800000 000 0100 000
003 000 0 0 00 0 0 00 00 0 0 00 000 0000 00 0000 00 0 600 00 0000 00 0 0 0000 02 000 00 0000 0000 0000
02070 0100 00005 0000 0000 0 5 00 00 00000 000 0000 0010 0000 0000 00000 000 0000 0000 50003 0000 000100
0 0 0 0 0000 00 02 0 0 00 0 0 2 0 00 0 0 0 0 0 0 900 00 05 0 0 00 00 00 000002 000 0000 009
000 000 0 0 00 0 0 10 00 0 0 00 000 0200 00 0000 00 0 000 00 0000 00 0 0 0000 00 070 00 0000 0000 0000
00003 0500 00000 0000 5000 0 0 00 00 00000 000 0000 0000 0000 0000 00000 000 0090 0010 00000 0000 100000
0 0 0 0 0000 00 00 0 0 00 0 0 0 0 00 0 0 0 0 0 0 002 00 00 0 0 00 00 00 000000 000 0000 000
000 700 0 0 00 0 0 00 00 0 0 00 000 0000 00 2000 00 0 000 00 0000 00 3 0 0000 00 000 10 0050 0000 0000
00300 0030 00000 8000 0000 0 0 00 00 00000 000 0000 0000 0000 0000 00000 300 0000 0000 00000 0000 000090
0 0 0 0 0020 00 00 0 0 00 0 2 8 0 00 0 0 0 0 0 0 000 00 00 0 0 00 00 00 000000 000 0000 008
000 000 0 0 09 0 0 00 80 0 0 02 000 0000 05 0000 00 0 000 00 0000 02 0 0 0000 07 000 00 0500 0000 0000
00000 0000 00000 0000 0000 0 0 00 00 00000 000 0000 0000 0000 0000 00200 000 0000 0000 00000 0000 000000
0 0 0 0 0000 00 00 0 0 00 0 0 0 0 00 0 0 0 0 0 0 000 03 00 0 0 00 00 00 000020 100 0000 000
003 000 0 0 00 0 0 00 00 0 0 00 000 9000 00 0000 00 0 000 00 0010 00 0 0 0700 00 060 00 0005 0800 0800
00000 0000 00000 0000 0030 0 0 05 00 00000 000 0000 0000 0000 0000 00000 000 0000 0300 00000 0000 000000
0 0 0 0 0007 00 00 0 0 00 0 0 0 0 00 0 0 0 0 0 0 000 00 00 6 0 04 00 20 000000 000 9000 000
000 000 0 0 00 0 0 00 00 0 0 00 000 0000 00 0000 00 0 010 00 1010 10 0 0 0060 00 000 00 2000 0090 0000
00000 0000 07000 0000 0000 0 0 00 00 00000 000 8000 0000 0000 0009 00010 080 0000 0000 00000 0000 000100
0 0 0 0 0009 00 00 0 0 00 3 0 0 0 00 0 0 0 0 0 0 000 00 00 0 0 00 00 07 000000 000 0900 006
000 000 0 0 00 0 0 50 00 0 0 00 000 0000 00 0007 00 0 000 00 0000 00 0 0 0000 00 000 00 0040 0040 0000
00000 0000 00000 0010 0000 0 0 00 00 00000 000 0000 0000 0000 0000 00000 000 0000 0000 00000 0000 000090
0 0 0 0 0000 00 00 0 0 00 0 0 0 0 20 0 0 0 0 0 0 080 00 00 0 0 00 00 00 000000 000 0000 000
00 000 0 0 00 0 0 00 00 0 0 00 000 0000 00 0014 00 0 000 00 0005 00 3 0 0080 00 000 00 0000 0000 0000
00000 0000 00000 0000 0000 0 0 00 00 00000 600 0000 0000 0000 0000 00000 000 0000 0000 00000 0000 000190
0 0 8 0 0020 00 00 0 0 00 0 0 8 0 00 0 7 0 0 0 0 000 00 00 0 0 80 00 00 000000 000 0003 050
000 000 0 0 00 0 0 00 80 0 0 00 000 0004 00 0000 00 0 000 00 0000 00 0 0 0000 09 000 00 0000 0000 5002
60000 0000 00000 0000 0000 0 0 00 00 02000 000 0000 0000 0000 0000 00000 000 0000 0300 00000 0000 000000
0 0 0 0 5080 00 10 0 0 00 0 0 0 0 00 0 0 0 4 5 0 900 00 85 0 0 20 00 00 000005 000 0003 000
040 000 0 0 00 0 0 00 00 0 0 00 000 0000 00 0000 00 0 000 00 0000 00 0 0 0000 00 000 00 0000 0002 0000
00010 0009 00000 0000 0000 0 0 00 00 02600 000 0000 0000 0000 0000 00000 000 0000 0000 00000 0000 905000
1 0 0 0 0000 00 00 0 0 00 0 0 0 0 00 0 0 0 0 0 0 000 00 00 0 0 00 00 00 000000 900 0000 000
000 000 0 0 00 0 0 00 00 0 0 00 906 1000 00 0300 00 0 000 00 0200 00 0 0 5000 00 000 00 2000 0000 0000
00000 0000 00000 0002 0100 0 7 10 00 00000 000 0000 0000 0000 0000 00000 000 0000 0000 00000 0001 000000
0 0 0 0 0000 00 00 3 0 00 0 0 0 0 00 0 0 0 0 0 0 008 00 00 0 0 00 00 00 000000 004 0800 006
000 000 0 0 00 0 0 00 80 0 0 00 000 0000 00 0000 00 0 010 04 0000 00 0 0 0000 02 000 00 0000 0000 0000
00000 0000 00000 0000 0005 4 0 00 00 00000 000 0900 0000 0200 0000 00000 000 0000 0000 00000 0100 020000
1 0 0 0 0000 00 00 0 0 00 0 0 0 1 00 0 0 0 0 0 0 000 06 00 0 0 00 00 00 000000 000 0000 000
000 000 0 0 00 0 0 90 00 0 0 00 000 0000 00 0000 00 0 000 10 0000 00 0 0 0200 00 000 00 0000 0000 0000
02000 0000 00010 0000 0000 0 0 00 00 00000 000 0800 7000 0005 0000 00000 000 6000 0000 00007 0000 000008
0 0 0 0 0000 00 10 0 0 00 9 0 0 0 00 0 0 0 0 5 0 000 00 00 0 0 00 00 00 000000 000 0000 000
000 000 0 0 00 0 0 00 00 0 0 00 000 0000 00 0310 00 0 000 00 0000 00 0 0 6000 00 000 00 0000 0000 0000
00000 0030 00000 0001 0000 0 0 00 00 00000 005 0000 0000 0000 0000 00000 000 0600 0000 00000 0000 000000
1 0 0 4 0006 40 00 0 0 00 0 0 0 0 00 9 2 0 0 0 0 000 00 00 0 0 00 00 00 000003 000 0100 000
000 000 0 0 00 0 3 00 00 0 1 00 000 1000 00 0000 00 0 900 00 0000 02 0 0 0000 00 000 00 0000 0000 0000
00008 0000 00000 0000 5000 0 0 00 00 00000 000 0000 0007 0000 0000 00000 000 0500 0000 00003 0000 000100
0 5 0 0 0000 00 02 0 0 00 0 0 0 0 08 0 0 0 0 0 0 000 00 00 0 0 90 00 00 000000 000 0090 000
000 000 0 0 00 0 2 00 00 0 0 80 000 0000 00 0000 00 0 000 04 0000 00 0 0 0000 00 000 00 2000 5000 0000
00000 0009 00000 0000 0000 0 0 00 09 00000 000 0010 0000 0065 0000 00000 000 0000 0010 00000 0000 000100
0 0 4 0 0000 00 00 0 0 00 0 0 0 0 00 0 0 0 0 0 0 000 00 00 0 0 00 00 00 000000 000 0000 000
020 000 0 0 00 0 0 00 00 0 0 00 000 0000 Ö0 0000 10 0 000 10 0000 00 0 0 0000 00 000 10 0000 0000 0000
00000 0100 00200 0000 0000 0 0 00 00 00100 000 0010 0000 0000 0000 00000 000 0000 0000 00000 0000 000100
0 0 0 0 0000 00 00 8 0 00 0 0 0 0 00 0 0 0 0 0 0 000 00 00 0 0 00 10 00 000000 000 0000 000
003 000 0 0 00 0 0 00 00 0 1 00 000 8000 00 0000 00 0 000 00 0000 00 0 0 0000 00 000 00 0000 0000 0900
00000 0000 00000 0000 0000 0 0 00 00 02000 000 0000 6000 0000 2000 00000 000 0000 0000 00000 0000 000100
0 0 0 0 0090 00 00 0 0 02 0 2 0 0 00 0 0 0 4 0 0 000 00 00 0 0 04 08 00 000000 060 0000 000
00 000 5 9 00 0 0 00 09 0 0 00 000 0000 00 0000 00 0 000 00 0000 02 0 0 0009 00 010 00 7000 0000 0000
00000 0030 00000 0000 0000 0 0 00 08 02000 000 0000 0000 0000 0000 00000 000 0000 0302 00000 0000 000000
0 0 0 0 0000 00 10 0 0 00 0 0 0 0 00 0 0 0 0 0 0 000 00 00 0 0 00 00 00 000000 000 0100 000
000 000 8 0 00 0 0 00 00 0 0 02 000 0000 00 0300 00 0 000 00 0000 00 0 0 0000 10 000 00 0000 0900 0000
00000 0000 00000 0000 0000 0 0 00 00 00002 000 0000 0000 0010 0000 00090 020 0000 0000 00000 0000 000000
0 0 0 0 0000 00 00 0 9 00 0 0 0 0 00 0 0 0 4 0 0 000 00 00 0 0 00 00 00 000000 000 2000 000
000 000 6 0 00 0 0 00 00 0 0 00 900 0000 00 0010 00 0 900 00 0000 00 0 0 0000 00 000 00 0000 0000 0010
00000 0400 00000 8000 0000 0 0 00 00 10000 000 0000 0000 0000 0000 00000 000 5000 0000 00200 0000 005090
0 0 0 0 0003 00 00 0 0 02 0 0 0 0 00 9 0 0 0 0 0 004 00 00 0 0 00 00 03 000060 000 0000 050
020 020 0 0 00 0 0 90 00 0 0 00 080 0000 00 0000 00 0 000 04 0000 00 0 0 0700 00 000 00 0000 0700 0000
00000 0000 03000 0002 0000 0 0 00 00 00002 000 0000 0000 0000 0000 00000 000 0000 0000 00000 0000 000000
0 0 0 0 0000 00 00 0 0 00 0 0 0 0 00 0 0 0 0 0 0 000 00 00 0 0 02 00 00 800000 000 0020 500
000 100 0 0 00 0 0 04 00 0 0 00 000 0000 00 2000 00 0 080 00 0008 00 0 0 0003 00 000 00 0700 6000 0000
00005 0000 00000 0010 5000 0 0 00 00 00060 000 0000 0000 0005 0000 00000 000 0000 0000 50000 1000 000000
0 0 0 8 5000 00 00 0 0 00 0 0 0 0 00 0 0 0 0 5 0 000 00 00 0 0 00 00 00 000020 000 0000 000
000 000 0 0 00 0 0 00 00 0 0 72 000 0000 00 0000 02 0 000 00 0000 00 0 0 0000 00 000 00 0000 0000 0000
03000 0000 00000 0000 0000 0 0 00 00 00000 000 0000 0000 0000 0000 00010 020 0000 0002 00000 0100 000009
0 0 0 4 0100 00 02 0 0 00 0 0 0 0 00 0 0 0 0 0 0 000 00 00 0 0 00 00 00 000000 000 0000 000
100 000 0 0 00 0 0 00 00 0 0 00 000 0000 00 0000 00 0 010 00 0000 00 0 0 0700 00 000 00 0700 0000 0000
00000 0030 00000 0000 0000 0 0 00 00 00000 000 0000 0000 0000 0000 00000 000 5000 0000 00000 0000 000100
0 0 0 0 5000 00 00 0 0 00 0 2 0 0 00 0 0 0 0 0 0 000 00 00 0 0 00 00 00 000000 020 0003 000
002 100 0 0 00 0 0 02 00 0 0 00 009 1400 00 0000 00 0 000 00 0000 00 0 0 0000 00 000 00 0000 0030 0000
02000 0000 00000 0000 0000 0 8 00 00 00000 000 0000 0002 0006 0000 00009 000 0000 0000 00000 0000 100000
0 0 0 0 0000 00 00 0 0 00 0 0 0 0 00 0 0 0 0 5 0 010 00 00 0 0 05 00 00 000000 000 0000 000
000 000 0 0 00 0 0 00 00 0 0 00 000 0003 09 0000 00 0 000 00 0000 00 0 5 0000 00 000 00 0005 0000 0000
20000 0000 00000 0000 0001 0 0 00 00 06700 000 0000 0090 0005 0000 00000 000 0000 0000 00000 1000 000000
0 0 0 0 0000 00 00 0 0 00 6 0 0 0 00 0 0 0 0 0 0 000 00 00 0 0 00 00 00 000200 000 0000 000
000 000 0 0 00 0 0 00 00 0 0 00 000 0000 00 0300 00 4 000 00 0005 00 3 0 0000 00 000 00 0000 0000 0010
00000 0000 00000 0000 0000 0 0 00 00 00000 000 0000 9000 0000 0000 00000 000 0000 0002 00010 0000 060000
1 0 0 0 0000 00 00 0 0 00 0 2 0 0 00 0 0 0 0 0 0 000 10 00 9 0 00 00 00 000000 000 0000 000
000 000 0 0 00 0 0 00 00 0 0 00 000 0010 00 0010 00 0 008 00 0000 00 0 0 0200 00 040 00 0000 0000 0000
00000 0000 00000 0000 0000 0 0 00 00 00000 000 0090 0000 0000 0000 70007 020 0070 0000 00000 0000 000000
0 0 0 4 0000 00 00 0 0 00 0 0 0 0 00 0 0 0 0 0 0 000 80 00 0 0 00 00 00 001000 000 0000 000
00 000 0 0 00 0 0 00 00 0 0 00 900 0004 10 0000 00 0 000 00 0000 00 0 0 0000 00 000 00 0000 0000 0000
00000 0000 00000 0000 0000 0 0 00 00 02000 010 0000 0000 0010 0000 10000 000 0000 0000 00000 0000 000000
0 0 0 0 0040 00 00 7 0 00 0 0 0 0 08 0 0 0 0 8 1 000 00 00 0 0 00 09 00 000000 000 0000 000
053 000 0 0 00 0 0 00 00 0 0 00 000 0010 05 0000 00 0 010 00 0005 00 0 0 0000 02 400 00 0100 0000 0900
00000 0000 00070 0000 0000 0 0 00 00 00002 000 0000 0002 0000 0010 00000 020 0000 0000 00000 0000 000000
0 0 0 0 5003 00 00 0 0 00 0 0 0 0 00 4 0 0 0 0 0 050 00 05 0 0 00 00 00 000000 000 0000 000
000 000 0 0 00 0 0 00 00 0 0 00 000 0004 03 0000 00 0 000 00 0000 00 3 0 0000 00 000 75 0000 9000 0000
00000 0000 00000 0000 0005 0 0 00 00 60000 000 0000 0000 0000 0000 00000 000 0007 0000 00000 0000 000000
0 0 0 0 0030 80 00 0 0 00 0 0 0 0 00 0 0 1 0 0 0 000 00 00 0 0 00 00 00 000000 000 0000 507
006 000 0 0 00 0 0 00 00 0 0 80 000 0200 00 0000 00 0 000 00 0000 00 0 0 0000 00 000 00 0000 0000 0000
00000 0000 50000 0000 0000 0 0 80 00 00000 000 0010 0002 0000 0000 00000 000 0104 0000 00000 6000 000000
0 0 0 0 0000 00 00 0 0 00 0 0 0 0 00 0 0 0 0 0 0 000 00 00 0 0 20 02 00 090080 000 0000 000
000 000 0 0 00 0 0 00 00 0 0 02 000 0000 00 0000 00 0 000 00 0005 00 0 0 0000 00 000 00 0000 0000 0000
00000 0000 00000 0000 0000 0 0 00 00 00000 500 0700 0000 0000 0090 00000 000 0000 0000 00000 0003 000000
0 0 0 0 0000 00 00 1 0 00 0 0 0 9 00 9 0 0 0 0 0 000 00 00 0 0 00 10 00 880000 000 0003 000
000 100 0 0 00 0 0 00 00 0 0 00 000 0000 00 0000 00 0 400 00 0000 00 0 0 0200 00 000 00 0000 0000 0000
00000 0000 00000 0000 0000 0 0 00 00 00000 000 0000 0010 0050 0000 00000 000 0000 0000 50100 0000 000500
0 0 0 4 0000 00 00 0 7 00 0 0 0 7 00 9 0 0 0 0 0 000 00 00 0 0 00 08 00 000000 000 8100 000
000 000 0 0 00 8 0 00 00 0 8 00 050 0200 00 0000 20 0 000 00 0000 00 0 0 0200 00 000 00 0000 0000 0000
00000 0000 00900 0000 0000 0 0 00 08 00000 005 0000 9000 0000 0800 00000 000 0004 0008 00000 0000 500000
0 0 0 0 0020 00 00 0 0 00 0 0 0 0 08 0 0 0 4 0 1 000 00 00 0 0 00 00 00 000000 800 0000 000
000 000 0 0 00 0 0 00 00 0 0 00 000 0000 00 0004 00 0 000 00 0000 00 0 0 0000 00 400 00 0000 0000 0000
00080 0000 00200 9000 0000 0 0 00 00 02050 000 0000 0000 1090 0000 00000 000 0000 0000 00000 0000 002000
0 0 0 0 0000 00 00 0 0 10 0 0 0 0 00 0 0 0 0 0 0 000 00 00 0 0 00 00 00 000000 000 0000 000
000 000 0 0 00 0 0 00 00 3 0 00 000 0000 00 0370 00 0 000 00 0000 00 0 0 0000 00 000 00 0000 0000 0000
00000 0000 00100 8000 0000 0 0 00 00 00000 000 0000 0000 0000 5010 00000 000 0000 0000 50000 0000 000000
0 0 0 0 0000 69 00 0 0 80 0 0 0 0 00 0 0 0 0 0 0 000 00 30 0 0 00 03 00 000000 000 0003 006
000 000 0 0 00 0 0 00 00 0 0 00 000 0000 00 0000 10 0 000 00 0000 00 0 0 5000 80 000 00 6000 0000 0500
00000 0000 00000 0050 0000 0 0 00 00 02000 000 0000 0800 0000 6000 00000 000 0000 0000 00003 0000 000000
0 0 0 0 0060 00 00 0 0 12 0 0 0 0 00 0 0 0 0 0 0 000 00 00 0 0 00 00 06 000000 000 0000 000
000 000 0 0 00 0 0 00 00 0 0 00 000 0200 00 0010 00 0 000 00 0000 00 0 0 0000 00 000 00 0000 0000 0000
00000 0000 00000 0800 0001 0 0 00 00 00030 800 0000 0062 0000 0000 00000 000 0000 0000 00000 0600 000009
0 0 0 4 0000 00 00 0 0 00 0 0 0 0 00 0 0 0 4 0 0 000 00 00 0 0 00 00 00 000000 600 1600 500
04 000 0 0 00 0 6 00 09 0 0 00 080 0000 00 0000 00 0 000 00 0000 00 3 0 0000 00 000 00 0000 7000 0000
08000 0000 00037 0000 0000 0 0 00 00 00000 005 0000 0000 1000 0000 00000 000 0000 0002 00000 0000 100000
0 0 0 0 0000 07 00 1 0 10 0 0 0 0 00 0 0 0 0 0 0 000 09 00 0 0 00 00 00 090020 000 0800 006
000 000 0 0 00 0 0 00 00 0 0 00 000 0000 00 0000 00 0 000 00 0010 00 0 0 0000 00 000 00 0000 0000 0010
00000 0000 00000 0000 0009 0 0 00 00 00000 810 0000 0000 0000 0004 00000 000 0000 0000 00000 0000 000290
0 0 0 0 0000 00 00 5 0 00 0 0 0 0 00 0 0 0 0 0 0 000 00 00 0 0 00 00 00 000000 120 0000 000
000 000 0 0 00 0 0 00 00 0 0 00 809 0000 00 0000 00 0 000 10 0000 00 0 0 0000 00 410 00 0005 0730 0000
00000 0000 00000 0000 0000 0 0 00 00 00100 000 0000 0000 0090 0000 00000 000 0000 0000 00003 0000 000000
0 0 0 0 0000 00 00 0 0 00 0 0 0 0 00 0 0 1 0 0 0 000 00 06 0 0 00 00 00 000000 000 0000 000
000 000 0 0 00 0 0 00 00 0 0 00 007 0000 00 0000 00 0 002 00 0000 00 0 0 0000 00 010 00 0000 0000 0000
00000 0020 00000 0000 0000 0 0 00 00 00000 000 0000 0000 0000 0000 00200 000 0004 0000 00000 0000 000090
0 0 7 0 0000 00 12 0 0 00 0 0 0 0 00 0 0 0 0 0 0 000 00 00 0 0 00 00 20 000000 000 8100 000
004 000 0 0 00 0 0 00 00 0 1 00 007 0200 00 0000 00 0 000 00 0000 00 0 0 0000 00 000 70 0000 0000 8002
00090 0000 00000 0000 0000 0 0 00 00 00000 000 0000 0000 0200 0000 10000 000 0000 0009 00000 0050 020000
0 0 0 0 0000 00 00 0 0 10 9 0 0 0 00 0 0 0 0 0 0 000 00 00 0 0 00 00 00 000000 000 0000 550
000 000 0 0 00 0 0 00 00 0 0 00 000 0000 00 0000 00 0 000 00 0005 00 0 0 0000 00 000 00 0000 0800 0002
00000 0000 00000 0000 0100 0 0 00 08 00000 000 0000 0000 0000 0400 00000 000 0000 0000 00000 0000 000000
0 0 0 0 0000 00 02 0 0 00 0 0 0 0 00 0 0 0 0 0 0 000 00 05 0 0 00 00 20 000000 020 0000 000
000 000 0 0 00 0 0 00 00 0 0 02 000 0000 00 0000 00 0 010 10 0000 00 0 0 0070 00 000 00 0000 0700 0000
00000 0000 00002 0000 0020 0 0 00 00 00000 000 0000 0000 0000 9000 00000 000 0804 0002 00500 0000 000000
0 0 0 0 0000 00 00 0 0 00 0 0 0 0 20 0 0 0 4 0 1 000 00 40 0 0 00 00 00 000000 000 0000 000
000 000 0 0 00 0 0 00 00 0 0 00 000 0000 00 0000 00 0 010 00 0200 00 0 0 0000 00 000 00 0000 0000 0000
00003 0000 00070 8000 0000 0 0 00 00 00000 000 0000 0000 1000 0000 00000 000 0000 0000 00000 0100 000000
0 0 0 0 0050 00 00 0 2 07 0 0 0 0 08 0 0 0 6 0 0 900 00 00 0 0 00 00 00 000000 000 0000 000
000 000 0 0 10 0 0 05 00 0 0 00 080 0000 00 0000 00 0 000 00 0000 00 0 0 0000 00 007 00 0050 0000 0000
00000 0000 00000 0000 0000 0 0 00 00 00000 000 0210 0008 0000 0000 00000 000 0000 0000 00000 0000 000000
0 0 0 0 5000 00 00 0 0 00 0 0 0 0 00 0 0 0 0 0 0 000 00 00 0 0 00 00 00 001000 020 0003 000
000 000 0 0 00 8 0 02 08 0 0 00 000 0000 00 0000 00 0 000 10 0000 00 0 0 0000 00 000 70 2000 0000 0010
00000 0000 00000 0000 5000 0 0 00 00 00160 000 0000 0000 0805 0000 00005 100 0000 0000 00003 1000 000000

00000 0000 00000 0000 0000 0 0 00 90 00000 000 0000 0600 0000 5000 00000 000 0000 0000 00000 0000 000000
0 0 0 0 0000 00 20 0 0 00 0 0 0 0 00 0 0 0 0 0 0 000 10 00 0 0 00 00 00 090000 000 0020 600
000 000 0 0 00 0 0 00 00 0 0 00 000 0005 00 0300 00 0 090 00 0000 00 0 0 0000 00 000 00 0000 0010 0000
09340 0000 00000 0070 0000 0 0 00 00 02000 000 0000 0000 0000 0010 00000 000 0000 0000 00000 0000 000000
1 0 0 0 0080 00 00 0 0 00 0 0 0 0 00 0 0 0 0 0 0 002 00 00 0 0 00 00 00 000000 000 0000 050
00 000 0 0 00 0 2 10 00 0 0 00 080 0000 80 0000 00 0 010 04 0000 00 0 0 0000 00 000 00 0070 0000 0000
00000 0000 00000 0000 0000 0 0 00 00 00000 000 0000 0000 0000 0000 00000 000 0000 0000 00000 0000 000008
0 0 0 0 0000 40 00 0 0 00 0 0 0 0 08 9 0 0 0 0 0 010 00 00 0 0 04 00 00 000000 000 0100 000
000 000 0 0 00 0 0 00 00 0 0 00 000 0000 00 0000 00 0 000 00 0000 00 0 0 0700 00 000 00 0000 0000 0000
00000 0100 00203 0000 0000 0 0 02 90 00000 000 0910 0000 0000 0000 02000 000 0000 0000 00000 0100 000000
0 0 3 0 0000 00 00 0 0 00 0 0 0 0 00 0 2 0 0 0 0 000 00 00 0 0 00 00 00 001000 090 0000 000
000 000 0 0 00 0 0 00 00 0 0 00 000 0000 00 0000 00 4 000 00 0006 00 0 0 0000 00 000 00 0000 0000 0005
00000 0000 00000 0009 8000 0 0 00 00 00002 000 0010 9000 0000 0000 00000 004 0000 0000 00000 0100 000000
0 0 0 0 0000 00 00 0 0 00 0 2 0 0 00 0 0 0 0 0 0 000 00 00 0 0 00 00 00 000020 000 0000 000
003 000 0 0 00 8 0 00 00 0 0 00 000 0000 00 6000 00 0 000 00 0200 00 0 0 0000 00 000 60 0000 0000 0000
00003 0800 00000 0000 0000 0 0 00 00 00000 000 0493 0000 0000 0000 00000 004 0030 0000 00000 0000 000000
0 0 0 0 0020 00 00 0 0 00 0 0 0 0 00 0 0 0 0 0 0 900 00 00 0 0 00 00 05 000000 100 0000 000
000 000 0 0 00 0 0 00 00 0 0 00 000 0000 00 0000 02 0 000 00 0007 00 0 0 0000 00 000 00 0000 0000 0000
00000200 000000
0 2 0 0 0000 00 00 0 0 00 0 0 0 0 00 0 0 6 0 0 0 010 32 00 0 0 04 02 00 009000 000 0000 006
020 000 0 9 00 0 0 00 00 0 0 00 000 0000 05 0000 00 0 000 00 0060 00 0 5 0000 00 000 00 0000 0000 8000
00300 1000 00000 0000 0000 0 0 00 00 00000 000 0000 0000 0000 0010 00000 000 0000 0000 00000 0000 075000
0 0 0 0 0000 00 00 0 0 00 0 0 0 0 00 0 0 0 0 0 0 000 00 00 0 0 00 00 00 000000 000 0000 000
000 000 0 0 00 0 0 06 00 0 0 00 000 0000 00 0000 00 0 000 00 0000 00 0 0 0000 00 000 00 0000 6000 0000
00000 0100 00000 0708 0000 0 0 00 00 00900 000 0000 0000 0000 0000 00000 000 0100 0300 00000 0000 000000
0 0 0 4 0000 00 00 0 0 00 0 0 0 0 00 0 0 0 0 0 0 000 00 00 0 8 09 00 00 000020 020 0000 000
000 000 0 0 00 0 0 00 80 0 0 00 000 0000 00 0000 00 0 900 00 0000 00 0 0 0000 00 000 00 0000 0000 0000
00000 0000 00000 0000 0000 8 5 00 00 00070 040 0000 0000 0000 0000 00000 000 0000 0000 00053 0000 200090
0 8 0 0 0000 00 00 0 0 00 0 0 0 0 00 0 0 0 0 0 0 000 00 00 0 6 00 00 00 000000 100 0000 000
50 000 0 0 00 0 0 00 00 0 0 00 000 0000 00 0000 00 0 010 00 0210 00 0 0 0000 00 000 00 0000 0000 0000
02000 0000 00205 0000 0000 0 0 00 00 00000 800 0000 0000 0000 0000 09000 000 0000 0902 00000 0000 000000
0 0 0 0 5000 00 00 0 0 00 0 0 0 0 00 0 0 0 0 0 0 000 00 00 0 0 00 00 00 000300 000 0000 090
000 000 7 0 00 0 0 00 00 5 5 00 000 0000 00 7000 80 0 000 00 0000 00 0 0 0000 00 400 00 0000 8000 0000
00400 0000 00000 0000 0020 0 0 00 00 00000 000 0010 9000 0000 0000 00005 009 0000 0300 00000 0000 000000
0 0 0 0 0000 00 00 0 5 00 0 0 0 0 00 0 0 1 0 0 0 000 00 00 0 0 00 30 00 000000 000 0000 000
000 003 0 0 00 0 0 00 00 0 0 00 000 1000 00 0100 00 0 000 00 4000 00 8 0 0002 00 000 00 0000 8700 0000
00000 0000 00000 0000 5000 0 0 00 00 00030 010 0000 0000 0200 0000 00000 000 0009 0000 00000 0000 000000
0 0 0 0 0000 05 00 0 0 00 0 0 0 0 20 0 2 0 0 0 0 000 00 00 6 0 00 00 00 000000 000 0000 006
000 000 0 0 60 0 0 00 00 0 0 00 000 0000 00 2000 02 0 000 00 0000 00 0 0 0000 00 000 02 0005 0700 0000
00000 0003 70005 8000 0000 0 0 00 00 00000 020 0000 0007 0000 0000 00200 004 0000 0000 03000 1000 706000
0 2 0 0 0000 00 70 3 0 00 0 0 0 0 00 0 0 0 0 0 0 000 00 00 0 0 00 00 00 000000 000 8000 000
000 000 0 0 00 0 0 00 00 0 0 00 000 0000 00 0000 00 0 010 00 0000 00 0 0 0080 10 010 02 0000 0000 0000
00000 0000 00200 0000 0000 0 0 00 00 00000 500 0000 9000 0000 0010 00000 000 0004 0000 00000 0000 100000
0 0 0 0 0000 00 00 0 0 60 0 2 0 0 00 0 0 0 0 0 0 000 10 00 0 0 00 00 00 000000 004 0000 000
000 000 0 0 00 0 0 00 00 0 1 00 000 0000 00 0000 00 0 000 04 0000 00 0 0 0000 00 010 00 0005 0000 0000
00000 1000 00000 0000 0000 0 0 00 00 00002 000 0000 0000 0007 0000 00000 000 5000 0000 90000 0050 000003
0 0 7 0 0000 00 00 0 0 00 0 0 0 0 00 0 2 0 0 0 0 015 00 00 0 0 04 00 00 000000 000 0000 006
000 000 0 0 00 0 0 00 00 0 0 00 000 0000 00 0000 00 0 000 00 0000 00 0 0 1080 00 000 00 9000 0000 0000
00013 0000 00000 6000 0020 0 0 00 00 00090 800 0000 0000 0000 0003 00000 000 0000 0300 08000 0050 000000
0 0 0 0 0000 00 00 5 0 00 0 0 0 0 20 0 0 0 0 0 0 000 00 00 0 0 00 00 00 000000 000 0000 050
000 001 0 0 00 0 0 00 00 0 0 00 000 0000 00 0000 00 0 000 00 0200 00 3 0 0000 00 000 10 0000 0702 0000
00000 0000 00060 0000 0000 0 0 00 00 00000 000 0000 0050 1000 0000 00000 000 0000 0010 00003 0100 020000
0 0 0 0 0000 00 00 0 0 10 0 0 0 0 00 0 0 0 0 7 0 000 00 00 0 0 00 00 00 090000 000 0070 000
000 003 0 0 00 0 0 00 00 0 0 00 000 0000 00 0010 00 0 000 00 0000 90 0 0 0800 02 000 00 0000 0000 0000
00000 0000 00000 9000 0900 0 0 00 00 00000 005 0000 0000 0000 0000 00000 000 0000 0000 00000 0000 000000
0 0 0 0 0000 00 00 0 0 00 0 0 0 0 20 0 0 0 0 0 0 010 00 00 0 0 00 00 00 000000 000 0003 000
000 020 0 0 00 0 0 00 00 8 0 00 000 0000 00 0300 00 0 000 00 0013 00 0 0 0000 00 000 00 0005 0000 0000
00000 0000 00008 0000 0000 0 0 00 00 00000 000 0000 1000 0000 0000 30000 000 0000 0000 00000 0100 800800
0 0 0 0 0100 00 00 0 0 00 0 0 0 0 20 0 0 0 4 0 0 000 08 00 0 0 00 00 00 000000 000 0000 000
000 020 0 0 00 0 0 80 00 0 0 00 005 0000 05 0000 00 4 000 00 0010 00 3 0 0000 70 000 00 0005 0000 0000
00000 0000 00000 0000 0000 0 0 00 00 00000 000 0000 0000 0000 0000 00004 000 0000 0000 00060 0000 000000
0 2 0 0 0000 05 00 0 0 00 0 0 0 0 00 0 0 0 0 0 0 000 00 00 0 0 00 00 00 800000 070 0000 000
00 040 0 0 00 0 0 10 00 0 0 00 000 0000 00 0010 00 0 000 00 0000 00 0 0 0000 00 000 10 0000 0000 0000
02000 0000 00000 0000 0000 0 0 00 00 00000 000 0000 0000 0000 0000 00000 000 9000 0000 00000 0050 000000
0 0 0 0 0000 00 00 0 0 00 0 4 0 0 00 0 0 0 0 0 0 700 00 00 0 0 00 00 00 000020 100 8000 000
020 000 0 9 00 0 0 00 00 0 0 00 000 0000 00 0304 00 0 000 00 0000 00 0 0 0000 00 000 00 0000 0000 0000
00000 0000 00000 0000 0000 0 0 00 00 00000 040 0000 0000 0008 0000 00000 000 0000 0000 00200 0000 050890
0 0 0 0 0000 00 00 0 0 00 0 0 0 0 08 0 0 0 0 0 0 000 00 00 0 8 00 00 00 000200 000 0090 000
000 000 0 0 00 0 0 00 00 0 0 00 000 0000 10 0000 00 0 000 00 0000 00 0 0 0000 00 000 00 0000 0000 0000
00000 1000 00000 0000 0000 0 0 00 00 00000 000 0000 0000 0000 0000 00010 000 0100 0000 00000 0000 000000
0 0 0 0 5007 00 00 0 0 00 0 0 0 0 00 0 0 0 4 0 0 000 00 00 0 0 00 10 00 000000 000 0000 000
000 000 0 0 00 0 0 00 00 0 0 00 000 0076 00 0004 00 0 000 00 0000 00 0 0 0000 00 000 00 0000 0710 0000
00000 0000 00000 8600 0000 0 0 00 00 00000 000 0000 0000 0000 0010 00000 000 0860 0000 00000 0000 000000
0 0 0 0 0000 00 00 0 0 00 0 0 0 0 00 0 0 1 0 0 0 000 00 00 0 0 00 00 00 000009 000 0000 000
000 000 0 0 00 0 0 00 00 0 0 00 000 0000 00 6000 00 0 000 00 0000 00 0 0 0000 00 400 00 0000 0002 0000
00000 0008 00000 0001 0000 0 0 00 00 00000 080 0010 0000 0000 0010 00000 000 0000 0000 00000 0000 000000
0 0 0 0 0000 00 00 0 0 00 0 0 0 0 20 0 0 0 0 0 0 000 00 00 0 0 00 00 00 000200 000 0000 000
020 000 0 0 00 5 0 00 89 0 0 80 907 0050 00 0000 00 0 000 00 0000 00 0 0 0000 00 000 00 0000 0000 0000
00000 0000 00000 0000 0000 0 0 00 00 00000 000 0000 0000 0000 0000 00000 000 0000 0000 80000 0050 000000
0 0 0 4 0000 00 02 0 0 00 0 0 0 0 00 0 2 0 0 0 0 000 00 00 0 0 00 00 00 000000 000 0000 000
000 000 0 0 03 8 0 00 00 0 0 00 800 0000 00 0000 00 0 000 00 0000 00 0 0 0209 00 010 00 0000 0000 0010
00000 1007 00005 0000 0000 0 0 80 00 00100 000 0000 0000 0010 0000 00000 000 0000 0000 00000 0000 000008
0 0 0 0 0000 07 00 0 0 00 0 0 0 0 00 0 0 0 0 0 0 000 60 00 0 0 00 00 00 000000 000 0000 000
000 000 0 0 00 0 0 00 00 8 0 00 000 0000 00 0300 00 0 000 00 0000 00 0 0 0000 00 000 00 9000 0000 0000
00000 0000 00000 0000 0000 3 0 00 00 00000 000 0000 0000 0000 0000 00000 000 0000 0005 00000 5000 000000
0 0 0 0 0020 00 00 0 0 00 0 0 0 0 00 0 0 0 0 0 0 000 00 00 0 0 00 00 00 000000 000 0000 500
000 000 0 0 06 0 0 02 00 0 0 70 000 0000 00 2000 00 0 000 00 0000 00 0 0 0200 00 000 00 0000 0700 0000
07000 0000 00000 0700 0000 0 0 00 00 00000 000 0000 0010 0000 0000 00000 000 0000 0000 00000 0000 000000
0 0 0 0 0000 00 00 3 4 00 9 0 0 0 00 0 0 0 0 0 0 000 00 08 0 0 00 00 00 306000 100 0000 506
000 000 0 0 00 0 0 00 70 0 0 80 000 0000 00 0000 00 0 000 00 1000 00 0 0 1000 00 600 10 0000 0000 0000
00000 0000 00000 0000 0000 3 0 00 00 00000 090 0000 9000 0010 0000 00000 000 0000 0000 00000 0800 000090
9 0 0 0 0000 00 02 0 0 00 0 0 0 0 00 0 0 0 0 0 0 000 00 00 0 0 00 00 00 000000 000 0000 000
100 000 0 4 00 0 0 00 00 0 0 00 000 0000 00 0000 00 0 000 04 0000 00 0 0 0000 00 000 00 0000 0000 0000
00000 0000 00000 0000 0000 0 0 00 00 02002 000 0010 0000 0000 0000 00000 000 0004 0000 00000 6000 000300
0 2 0 0 0003 00 00 8 0 00 0 0 0 1 00 9 0 0 0 0 0 000 06 00 0 0 00 00 00 000000 024 0000 000
00 800 5 0 00 0 0 00 80 0 0 00 000 0010 00 0000 10 0 000 00 7000 00 0 0 0000 00 000 00 0000 0000 0000
00000 0000 00200 0000 0000 0 0 00 00 00020 007 0000 0002 0000 0000 00000 000 0072 5000 00010 0000 000009
0 0 0 0 0000 00 00 0 0 00 0 0 0 1 20 0 0 0 0 0 0 000 00 00 0 0 80 00 00 000000 000 0020 000
000 000 5 0 00 0 0 00 00 0 0 00 000 0000 00 0000 00 4 000 00 0000 00 0 0 0000 00 000 00 0400 0000 0002
00000 0000 00000 0000 0000 0 0 00 00 00000 000 8000 0000 0000 0000 00000 000 0000 0000 00500 0000 000008
0 0 0 0 0100 80 00 0 0 00 0 0 0 0 00 0 0 0 0 0 0 000 00 00 0 0 00 00 00 000800 000 0000 000
100 000 0 0 90 0 0 10 00 0 0 00 000 0000 00 0000 00 0 000 00 0000 00 0 0 0009 00 000 00 0000 0000 0000
00000 0070 00005 8000 0000 0 0 00 90 02000 000 0000 0000 0000 0000 00000 000 0000 0000 00000 0000 000000
0 0 0 0 0000 00 00 5 0 00 0 0 0 0 00 0 0 0 0 0 0 009 00 00 0 0 08 00 00 000000 000 0000 050
060 000 0 0 00 0 0 10 00 0 1 00 000 0200 00 0000 00 0 002 00 0000 00 0 0 0000 00 000 00 0000 0000 0000
00003 0000 00000 0000 0020 0 0 00 80 00000 019 0000 0002 0000 0400 00000 000 0007 0000 00000 0100 000100
0 0 0 0 0000 00 00 0 0 10 0 0 0 0 08 0 0 0 0 0 0 000 00 00 0 0 00 00 00 000020 000 0000 000
000 000 0 0 30 0 0 00 00 0 0 00 000 0000 05 0000 60 0 000 00 0000 00 0 0 0000 00 000 00 0000 0000 0002
00000 0000 00000 0000 0000 0 0 00 00 00070 005 0000 0000 0000 0000 00000 000 5000 0100 00000 1080 000000
0 0 0 0 0000 00 00 0 0 00 0 0 0 0 00 0 0 0 0 0 1 007 00 00 0 0 00 00 00 000000 000 0000 000
000 000 0 0 10 0 0 00 00 0 0 00 000 0000 00 0004 00 0 000 00 0000 00 0 0 9000 00 000 05 0000 0000 0000
00000 0000 00000 0000 0000 0 0 00 00 00000 000 0002 0000 1000 0000 02000 000 0000 0010 00000 0000 000000
0 0 0 0 0000 00 07 0 0 00 0 0 0 0 00 0 0 0 0 0 0 002 00 00 0 0 00 00 00 000000 000 0000 000
030 020 0 0 00 0 0 00 00 0 0 00 000 0000 00 0000 00 0 000 04 0000 00 0 0 0000 00 000 00 0090 0000 0000
00000 0000 00060 0000 0000 0 0 00 00 00000 000 8000 0000 0000 0003 00090 000 0000 0000 00000 0000 070000
0 0 0 0 0003 00 02 0 0 00 0 0 0 0 00 0 0 1 0 0 0 000 00 00 0 0 20 00 00 000000 000 8000 050
100 000 0 0 00 0 0 00 00 0 0 80 000 0010 00 0000 00 0 000 00 0070 00 0 0 3880 00 000 02 0000 0008 0000
00010 0000 00000 0000 0000 0 0 50 00 00000 000 0000 0090 0000 0000 00000 000 0000 0006 50010 0050 000000
0 0 0 0 0000 00 00 0 0 00 9 0 0 0 00 0 0 0 0 0 0 000 00 00 0 0 00 00 00 000000 000 0000 000
000 000 0 0 00 0 2 60 09 9 0 00 000 0000 00 0000 80 0 000 00 0010 00 0 0 0800 00 000 00 0000 8000 0002
00000 0100 00015 0000 0000 0 0 00 00 00000 000 0000 0000 0000 2600 10000 000 0000 0000 03000 0000 000000
0 0 0 0 0000 00 00 0 0 00 0 0 0 0 00 0 0 0 0 0 0 000 00 00 0 0 00 00 00 000000 000 0000 000
000 000 0 0 00 0 0 00 00 0 0 00 000 1000 00 0000 00 0 002 00 0000 02 0 7 0200 00 000 00 0040 0000 0004
00060 0000 00200 0000 0000 0 0 00 00 10000 008 0000 0000 0000 5080 00000 090 0030 0000 00000 0000 080000
0 0 0 0 0040 00 00 0 0 00 0 0 0 0 00 0 0 1 0 0 1 000 19 00 0 0 00 00 00 000000 000 0020 000
000 000 0 0 00 0 0 00 00 0 1 00 900 0000 00 0050 00 0 000 00 0000 00 0 0 0000 00 000 00 0008 0000 0000
00000 0005 00000 0000 0000 0 0 70 00 00000 000 0000 0000 1000 0010 00000 000 0000 0000 00003 0000 000000
0 0 0 0 0000 00 00 0 0 00 0 0 0 0 00 0 0 0 0 0 0 000 00 00 0 0 00 00 00 000000 000 3000 000
00 000 0 0 00 0 0 00 00 0 0 00 000 0000 00 0000 00 0 000 00 0000 00 0 0 0000 00 000 00 0000 0000 0000
00000 0000 00000 0000 0000 0 0 00 90 00000 000 0000 0900 0000 0000 00000 100 0100 0000 00000 0600 000000
0 2 0 0 0000 00 00 0 0 00 0 0 0 0 00 0 0 0 0 0 0 000 00 00 0 0 00 00 00 001000 000 0003 000
000 003 0 0 10 8 0 00 00 0 0 00 000 7000 00 0000 00 0 000 00 0000 00 0 0 0000 00 000 00 0000 0000 8010
00000 0000 00000 0000 0000 0 0 00 00 00000 009 0900 0000 1010 0000 00000 000 0000 0010 00000 8000 005000
0 0 0 4 0000 00 00 0 6 00 0 0 0 0 00 0 0 0 0 0 0 502 00 00 0 0 00 00 00 000000 000 0000 000
090 000 0 0 00 0 0 00 00 0 0 00 000 0000 00 0300 00 0 000 00 0000 60 0 0 7007 10 000 00 0200 0400 0000
00000 4005 00200 0000 0000 0 0 00 00 00000 000 0000 0000 0000 0003 00200 020 0000 0000 00000 0000 000000
0 0 0 0 0000 00 00 0 0 00 0 0 0 0 00 0 0 0 0 0 0 000 00 40 0 0 00 00 00 000000 000 0000 000
000 000 0 0 00 0 0 00 09 0 0 00 000 0000 00 0000 00 0 000 00 0000 00 0 0 0000 00 000 00 0000 0000 0000
00000 0000 00010 0000 0003 0 0 00 00 00000 000 0000 0000 0000 0000 00000 020 0030 0000 00000 0050 500000
0 0 0 0 0000 00 00 0 0 00 0 0 0 0 00 0 0 0 0 0 0 000 00 00 0 0 00 00 00 000000 004 0020 000
100 000 0 0 00 4 0 00 00 0 8 00 008 0000 00 0000 00 0 800 00 0000 00 0 0 0000 00 006 00 0000 0000 0000
00000 1000 00000 0000 0000 0 0 00 00 02000 000 0000 3000 0000 5010 00000 000 0100 0300 00000 1000 000000
0 0 0 0 0000 00 00 0 0 00 0 0 0 1 28 0 0 1 0 0 0 000 00 00 0 0 00 02 00 000000 000 0000 000
000 000 0 0 00 0 0 00 00 0 0 00 000 0000 05 0000 00 0 000 00 0000 00 0 0 0000 00 000 02 0000 0000 7000
00000 0000 00200 0000 0000 0 0 10 50 00000 000 0002 9000 0000 0800 00000 000 0000 8000 00000 0000 000030
0 0 0 0 0000 00 00 0 0 00 0 0 0 0 00 0 0 0 0 0 0 010 00 00 0 0 00 00 00 000000 009 0003 000
020 000 0 0 00 0 0 00 00 0 0 00 000 0007 04 0000 00 0 000 00 0000 00 0 0 0200 00 000 00 0000 0000 6000
00050 0000 00200 0000 0002 0 0 00 00 00000 010 0000 0000 0000 0000 00000 024 0000 0000 00000 0000 000000
7 0 0 0 0000 40 00 0 0 00 0 0 0 0 00 0 0 0 0 0 0 000 00 00 0 0 00 00 00 600000 100 0000 000
020 300 0 0 00 0 0 00 00 0 1 00 000 0080 00 0004 06 0 000 00 0000 00 0 0 0000 00 000 00 2000 0000 0000
00000 0000 00000 0000 0100 0 0 00 00 00002 000 0000 0050 0060 0010 00000 000 0000 3000 00000 0000 000000
0 0 0 0 0000 00 02 0 0 00 0 0 0 0 00 0 0 0 8 0 0 000 05 00 0 0 00 00 00 000049 090 0000 000
020 000 0 0 00 0 0 00 00 0 0 00 000 0000 00 0000 00 0 000 00 0010 00 0 0 0000 00 000 00 0000 0000 0000
00000 0000 00000 0000 3000 0 0 00 00 00002 000 0000 0000 0000 0000 02080 000 0000 0000 00000 0050 000000
0 0 0 0 0000 00 00 0 0 00 0 0 0 0 08 0 0 0 0 0 0 000 00 00 0 0 00 00 00 000000 000 0000 000
100 002 0 0 00 0 2 00 00 0 0 00 003 0000 00 0300 00 6 000 00 0000 00 0 0 0000 00 000 00 0000 8000 0910
00000 0000 00000 0000 0000 0 0 00 00 00060 000 0000 0000 1200 0000 00000 000 0004 0000 00003 0000 000000
0 0 0 0 0000 00 00 0 0 10 0 0 0 0 00 0 0 0 0 5 0 000 00 00 0 0 00 00 80 000003 004 0000 000
004 400 0 0 00 0 0 00 00 0 1 80 000 1000 00 0000 00 0 000 00 0000 00 0 0 0200 00 000 00 0000 0700 0000
00000 0000 00000 0000 0000 0 7 00 00 00000 000 0009 0000 0000 0400 00000 000 0000 7000 00000 7006 000000
0 0 0 0 0000 00 00 0 0 00 0 0 0 0 00 0 0 0 0 0 0 000 00 00 0 0 05 00 00 000700 000 0000 000
00 000 0 0 00 0 0 00 00 0 2 00 000 0000 00 0000 01 0 000 00 6000 00 0 0 0080 00 000 00 0000 0002 0000
00000 9000 00000 0000 0000 0 0 00 00 00000 000 0000 9000 0000 0000 00000 000 0000 0000 09000 0000 000000
0 0 0 0 0000 70 00 0 0 00 0 0 0 0 00 0 0 0 0 0 0 000 00 00 0 0 00 10 00 000000 030 0000 000
000 900 0 0 00 0 0 00 00 0 0 00 000 0000 00 0000 00 6 006 00 0000 00 3 0 0000 00 000 00 0000 0080 0010
00000 0000 00000 0000 5000 0 0 00 90 00900 000 0900 0000 0070 0000 00000 000 0000 0000 00000 0000 000000
0 0 0 0 0020 00 00 0 0 00 0 0 0 0 00 0 0 0 0 0 0 000 00 00 9 0 00 00 00 000000 000 0000 050
100 000 0 0 00 0 0 00 00 0 0 00 000 0200 00 0000 00 0 000 00 0000 00 0 0 0000 00 000 00 0000 0000 0000
07003 0000 00000 0000 0000 0 0 00 00 00000 000 0000 0800 0000 0000 00000 000 0000 0000 00000 0000 000008
0 0 2 0 0000 05 00 0 0 00 0 0 0 0 00 7 0 0 0 0 0 900 00 00 0 0 00 00 00 000000 000 0000 000
040 000 0 0 00 0 0 00 00 0 0 02 000 0000 00 0000 00 0 000 00 0000 00 0 0 0000 00 000 00 0000 0000 0000
02000 0000 10000 0000 0000 0 0 00 00 00000 000 0000 0000 0000 0000 50000 000 0000 0000 00000 0000 000000
0 0 0 0 0000 00 00 0 0 00 0 0 0 0 00 0 0 0 0 0 0 002 04 50 0 0 00 00 00 000000 000 0000 000
000 000 0 0 00 0 0 00 00 2 0 00 000 0000 10 0000 00 0 000 00 0000 00 3 0 0900 00 000 00 0000 0000 0000
00000 0000 00000 5000 0000 0 0 00 00 00000 000 0900 0000 0000 0008 10000 000 0004 0800 00000 0000 000000
0 0 0 0 0000 00 00 0 8 00 0 0 0 0 00 0 0 0 0 0 0 000 00 00 0 0 00 00 00 000900 000 0200 500
000 000 0 6 00 0 0 00 00 0 0 00 000 0000 00 0000 08 0 000 00 0200 00 0 0 0000 00 010 00 0000 0000 0000
00000 0000 00005 0000 5000 0 0 02 00 02000 000 0000 0000 0000 0000 00000 000 0000 0052 00000 0000 000000
0 0 0 0 0000 00 00 0 0 00 0 0 0 0 00 0 0 0 0 0 0 000 00 00 0 0 00 00 00 001200 000 8000 000
020 000 0 9 00 0 0 50 00 0 0 00 000 0000 00 0004 00 0 000 00 0000 00 0 0 0009 00 000 00 0040 0000 0000
00000 0000 00000 0000 0000 0 0 00 00 02000 810 0800 2000 0000 0010 00000 000 0000 0000 00000 0000 000000
0 0 0 0 0000 05 10 0 0 00 0 0 0 0 00 0 0 1 0 0 0 000 00 00 0 0 00 00 00 000000 000 0070 000
000 000 0 0 00 0 0 00 00 0 0 00 000 0090 00 0000 00 0 900 00 0000 00 0 0 0000 00 004 00 0000 0000 0000
10000 0000 00000 0000 0000 0 5 00 08 00000 000 0000 0000 0200 0003 00000 000 0000 0000 00000 0000 000400
0 0 0 0 0100 00 00 0 0 00 0 0 0 0 00 0 0 0 4 0 0 000 00 00 0 0 00 00 00 000000 000 0000 000
000 000 0 0 00 0 0 00 80 0 0 00 000 0004 00 0000 00 0 000 00 0000 00 0 0 0000 00 000 00 0005 0000 0000
00010 0000 00000 0010 0000 0 0 00 07 00000 800 0900 0000 0000 0060 00005 000 0000 0300 04200 0000 000000
0 0 0 0 0000 40 00 0 0 00 0 2 0 0 00 0 0 0 0 0 0 000 00 40 0 0 00 00 00 000200 004 0000 006
000 000 0 0 00 0 0 00 00 0 0 00 000 0000 00 0000 00 0 000 05 0200 02 0 5 0000 00 000 10 0000 0000 0000
00000 0080 00000 0000 0000 0 0 00 00 00000 000 0000 0000 0000 0903 00000 000 0000 0002 00000 0000 000000

07000 0000 00000 0000 0000 0 0 00 00 00002 000 0000 0000 0000 0000 00000 000 0000 0000 53000 0600 000900
0 0 8 0 0000 00 00 0 0 00 0 2 0 0 00 9 0 0 0 0 0 000 00 00 9 0 00 00 00 000000 000 0000 500
000 050 0 0 00 0 0 00 00 0 0 00 000 9000 00 2000 00 0 000 00 0000 00 0 0 0080 00 000 00 0000 0000 0000
00000 0000 00000 0000 0000 8 9 40 08 00000 000 9000 0000 0000 0000 00000 000 0000 5000 00000 0000 000000
0 0 0 0 0000 00 00 0 0 50 0 0 0 0 00 0 0 0 0 0 0 000 00 00 0 5 00 00 00 000000 000 0000 800
00 000 5 0 00 8 0 00 00 0 0 00 000 0000 00 0000 00 0 000 00 0000 00 0 0 1209 00 000 00 0000 0000 0002
00000 0005 10000 0000 0000 0 5 00 00 00153 000 0000 0000 0000 0000 10000 000 0000 0000 00000 0000 005000
0 0 0 0 0000 00 00 0 0 00 0 0 0 0 00 0 0 0 0 0 0 000 00 40 0 0 00 00 00 000000 004 0040 000
000 000 0 0 00 0 0 00 80 0 1 00 000 0000 10 0000 10 0 000 00 0000 00 0 0 0200 00 400 00 0000 8000 0000
00300 0000 00000 0000 0020 3 0 00 00 00000 000 0000 9000 0000 0000 00000 000 0004 0000 00000 0000 000100
0 0 0 0 0000 00 00 0 0 00 0 0 0 0 00 0 0 0 0 0 0 000 00 00 0 3 00 00 00 000000 000 0000 050
000 000 0 0 00 0 0 00 00 0 0 00 000 0000 00 0010 00 0 000 00 0000 00 0 0 0000 10 000 00 0000 8000 0900
00000 0000 10000 0000 0000 0 0 00 08 00000 000 0000 0000 0005 0000 06000 000 0100 0000 00000 0100 805000
0 0 0 0 0000 00 00 0 0 00 9 0 0 3 00 0 0 0 0 0 0 000 00 00 0 0 00 00 00 007000 000 0000 000
000 000 0 0 00 0 0 00 09 0 0 00 000 0008 00 0000 10 0 000 00 0000 00 0 0 0000 00 800 00 0000 0000 0000
30000 0000 00000 0000 0000 0 0 10 00 00000 000 0000 0000 0000 0000 00200 000 0004 0060 03000 0000 100000
0 0 0 0 0020 00 00 0 0 00 0 0 0 0 00 0 0 0 0 0 0 002 00 00 0 8 40 00 00 000003 000 0000 000
000 000 0 0 00 0 0 00 00 0 0 00 000 0000 00 0000 00 0 000 00 0000 00 0 5 0000 00 000 00 0000 0000 0000
00000 0000 00700 0010 0000 3 0 00 00 00000 000 0000 0000 0000 0400 00010 000 0040 0000 00000 0000 100100
0 0 0 0 0820 40 00 0 0 00 0 0 0 0 00 0 0 0 4 0 0 000 00 00 0 8 00 00 00 000000 500 0000 000
602 000 0 0 00 0 0 00 00 0 0 00 000 0000 00 0000 00 0 000 00 0000 00 0 0 0000 00 000 20 0000 0000 0000
00000 0000 00000 0700 0000 0 0 10 00 00000 000 0000 0000 9000 0000 00000 004 0000 0000 00000 0000 000800
0 0 0 0 0000 00 00 0 0 00 0 2 0 0 00 0 0 0 0 0 0 000 00 00 0 0 00 00 00 000000 000 0000 000
000 000 0 0 00 0 0 00 00 0 0 00 000 0000 00 0000 00 0 000 00 0200 00 0 0 0000 00 000 00 0000 0000 0000
00000 0030 00000 0000 0000 0 0 00 00 05000 000 0000 9000 0000 0000 00000 000 0000 0000 00000 0000 000009
0 0 0 0 0100 00 00 0 0 00 0 0 0 1 00 0 0 0 0 0 0 000 00 00 0 0 00 00 00 000200 040 0020 000
000 900 0 0 00 0 0 00 00 0 0 00 000 0000 00 0000 00 0 000 10 0000 00 0 0 0000 00 000 00 0000 1000 0000
02007 0000 00000 0010 0000 0 0 00 09 00000 000 0000 0000 0000 0000 10000 000 0000 0000 50000 0000 005006
1 0 0 0 0000 00 00 0 5 00 0 0 0 0 00 0 0 0 0 0 0 000 00 00 0 8 00 00 00 000000 000 0000 500
000 000 0 0 00 0 0 00 00 0 0 00 000 0000 00 0010 00 0 000 00 1000 00 0 0 0000 00 000 00 0000 6000 0000
30300 0000 00005 8000 0000 0 0 00 00 00000 000 0000 5000 0000 0000 00000 000 0004 0000 00000 0003 000000
1 0 0 0 0000 00 02 0 0 00 0 0 0 0 00 0 0 0 0 0 0 000 00 00 0 0 00 00 00 001000 000 0000 000
000 000 0 0 00 0 0 00 00 0 0 80 000 0004 00 0004 00 0 000 10 0000 02 0 0 0000 00 000 00 0000 0000 0000
1 0 0 0 0000 00 00 5 0 00 0 0 0 0 00 0 0 0 0 5 0 000 00 00 0 0 00 00 00 003020 000 0000 000
000 000 0 0 00 0 0 00 00 0 0 02 000 0000 00 0000 00 0 000 00 0000 00 0 0 0000 00 000 00 0040 0000 0000
00000 0000 00000 0000 0000 0 0 00 00 00200 000 0302 0000 0000 0003 02000 060 0000 0000 00000 0100 000000
0 0 0 0 0000 00 07 0 0 00 0 0 0 0 00 0 0 0 0 0 0 002 00 00 0 8 00 00 00 000000 000 0007 000
00 003 0 0 00 0 0 00 00 0 0 00 000 0000 00 0300 00 0 000 00 1000 00 0 0 0200 00 000 00 0000 0000 0400
00000 1000 00000 0706 0000 0 0 00 00 00100 000 0000 0000 0000 5003 02000 000 0000 0000 00000 0003 020000
0 0 0 0 0000 00 00 0 0 00 0 0 9 0 00 0 0 0 0 5 0 000 00 00 0 0 00 00 00 800000 000 0000 000
000 000 0 0 00 0 0 00 00 0 0 00 000 7000 00 0000 00 0 000 00 0000 00 0 0 0000 00 000 00 0000 0000 0000
00090 0030 00000 0000 5008 0 0 00 00 00000 005 0000 0800 0010 0000 00000 020 0000 0000 00000 0000 100000
1 0 0 4 0000 00 00 0 0 00 0 0 0 0 00 0 0 0 0 0 0 000 00 00 0 0 00 00 00 000500 030 0000 000
000 000 0 0 00 0 2 00 00 0 0 00 000 0000 00 0000 00 0 000 00 0010 00 0 0 0000 00 000 00 0000 0000 0000
00070 0000 10090 0000 0020 0 0 00 00 00000 000 0000 0000 0000 0400 02000 000 0000 0010 03000 0000 000000
7 2 0 4 0000 00 00 0 5 00 6 0 0 6 00 0 0 0 0 0 0 030 00 00 0 0 00 00 00 000000 000 0000 050
000 000 6 0 00 0 0 00 00 0 0 00 000 0000 00 0000 00 4 012 00 0000 00 0 0 5900 00 000 00 0000 0000 0000
10000 0000 00000 0000 0000 0 0 00 00 00000 000 0000 0000 0000 0000 00000 000 0000 0000 00000 0000 000008
0 0 0 0 0100 40 00 0 0 00 0 0 0 0 00 0 0 0 0 0 0 900 00 00 0 0 20 10 00 000000 100 0000 000
000 000 0 3 00 0 0 00 00 0 0 00 000 0000 80 0000 00 0 000 00 0200 00 0 0 0000 00 000 00 0000 0000 0000
00000 1030 07000 0700 0000 0 0 02 00 00000 000 0000 9000 0000 0006 00000 000 0000 0000 00013 0050 000000
0 0 0 0 0000 00 00 0 0 00 0 0 0 0 20 0 0 1 0 0 1 000 00 05 0 0 00 00 00 001000 000 0000 000
000 000 0 0 00 0 0 00 00 0 0 00 000 0000 00 0000 10 0 000 00 0000 00 0 0 0000 00 000 00 0000 0000 0000
00000 0000 00000 0000 0000 0 0 10 00 00000 000 0000 0000 0010 0000 00000 000 0000 0000 00004 0000 000000
0 0 0 0 0000 00 00 0 0 00 0 0 0 0 00 0 0 0 0 0 1 000 00 00 0 0 00 00 00 009000 000 0100 000
000 000 0 0 00 0 0 00 00 0 0 00 000 0000 00 0000 02 0 000 00 0200 00 0 0 0000 00 000 60 2000 8000 0000
00000 0000 00000 0010 0070 0 0 00 90 00060 000 8000 0000 3000 0000 00000 000 0000 0000 00000 1003 000000
0 2 0 0 0003 00 00 0 0 00 0 0 0 0 00 0 0 0 0 0 0 000 00 00 0 0 00 00 00 000000 020 0000 050
000 000 0 0 00 0 0 00 80 0 0 00 000 0000 00 0000 01 0 000 00 0000 00 0 0 0000 00 500 00 0000 0000 0000
02000 0060 00000 0000 0000 0 0 00 00 00100 000 0000 0000 0000 0000 00000 000 0000 5010 03000 0000 000000
1 0 0 0 0000 05 00 0 0 10 9 3 0 0 00 0 0 0 0 0 1 000 00 00 0 0 00 00 00 000000 020 0000 000
000 000 0 0 00 0 5 00 00 0 0 00 000 0000 00 0000 00 0 000 00 0070 70 0 0 0000 30 000 10 0000 0000 0000
00000 0030 00000 0000 0000 0 0 00 00 00000 000 0000 0020 0000 0000 00000 000 0000 0080 00000 0003 000000
0 0 0 0 0000 00 00 0 0 05 0 0 0 0 00 0 0 0 0 0 0 000 00 40 0 0 00 00 00 000050 000 0000 000
000 000 0 0 00 0 0 00 00 0 0 00 000 0000 00 2000 00 0 000 00 0000 00 0 0 0000 00 000 00 0000 0000 0000
00000 0030 00300 0000 0000 0 0 00 00 00030 800 0000 0800 0000 0000 00300 000 0000 0000 00000 1000 100009
0 0 0 0 0000 00 00 0 0 00 0 0 0 0 00 0 0 0 0 0 0 000 08 00 0 7 00 10 00 000000 000 0000 000
000 000 0 0 00 0 0 00 00 0 0 02 000 0300 90 0010 00 0 000 00 0008 00 0 5 0000 00 000 00 0000 0000 0000
00107 0000 00000 0000 0000 0 0 00 09 00000 000 0000 0900 0050 0000 00000 000 0000 0000 00000 0000 095000
0 0 0 0 0000 00 00 0 0 00 0 0 0 0 08 0 0 0 0 0 0 000 00 00 0 0 04 00 00 001000 000 0000 000
09 000 0 0 00 0 0 00 00 0 0 00 900 0000 06 0000 00 0 030 00 0000 00 0 0 1000 00 000 00 0000 8000 0000
00000 0000 90900 0000 0000 0 0 00 00 00000 010 0000 0000 0010 0000 00000 000 0000 0010 00000 0000 000108
0 0 0 0 0008 40 00 0 0 00 0 0 0 0 00 0 0 0 0 0 0 000 12 00 0 0 00 00 00 000020 000 0070 000
000 000 0 0 00 0 0 00 00 9 0 80 000 0000 00 0000 00 8 010 00 0000 00 0 7 0000 00 000 00 0000 0080 0000
00000 0700 00000 0000 0001 0 0 00 00 00000 000 0500 0009 0000 8000 90000 004 0000 0000 00000 0000 000090
0 0 0 0 0040 00 00 5 0 00 0 8 0 0 00 0 0 0 0 0 0 000 00 00 0 0 00 02 03 000000 000 0000 000
000 000 0 0 00 0 0 00 00 0 0 00 000 0200 00 0000 00 0 000 00 0000 00 0 0 0000 00 040 00 0000 0000 0000
00000 1005 00200 0000 0100 0 0 00 00 08080 000 0000 0800 0000 0000 00000 000 0000 0000 00000 0000 000000
0 0 0 0 0000 40 00 0 0 90 0 0 0 0 00 9 0 0 0 0 1 002 00 00 0 0 00 00 00 000000 000 0000 000
006 000 0 0 00 0 0 00 00 0 0 00 000 0000 00 0000 00 0 000 00 0000 00 0 0 0000 00 000 00 0040 6000 0000
00000 1000 00000 0010 0090 0 0 00 90 00002 910 0900 0000 0000 0000 00000 000 0000 0000 00000 4300 000000
0 0 3 0 0000 00 00 0 0 00 0 0 0 0 00 0 2 0 0 0 0 000 00 07 0 0 00 00 00 000000 000 0000 800
000 000 0 0 00 0 0 02 00 0 6 00 000 0000 00 0000 02 0 000 00 0000 00 0 0 0000 00 000 10 0000 0000 0000
00000 0000 00000 0000 0000 0 7 00 08 00000 000 0000 0000 0000 0000 00000 030 0000 0000 00010 0000 000000
0 0 0 0 0000 00 00 0 0 02 0 0 0 0 00 0 0 0 0 0 0 000 00 00 0 0 00 00 00 000003 000 8000 000
004 009 0 9 00 0 0 00 00 0 2 80 000 0000 00 0000 00 0 000 00 0000 00 0 0 0080 00 000 00 0000 0002 0900
00000 0000 00000 0000 0000 0 5 00 00 02000 000 8000 0800 0000 0010 00000 000 0000 0500 00000 0000 000000
0 0 0 0 0000 00 00 0 0 00 0 0 0 0 00 0 0 0 0 2 0 000 00 00 0 0 00 00 01 001000 000 0000 000
000 050 0 0 00 0 0 02 00 0 0 40 000 0000 00 2000 00 0 018 00 0000 02 0 0 0000 00 010 00 6005 0000 8000
00000 0000 00000 0010 0100 0 0 00 00 00000 000 0000 0000 1000 0000 00000 000 0000 0000 00200 0000 000000
0 0 3 9 0600 05 02 0 0 19 0 0 0 0 00 0 0 0 0 0 0 000 00 00 0 0 00 10 20 000000 000 8000 000
000 000 0 0 00 0 0 00 00 0 0 00 000 0000 00 0000 00 0 000 00 0060 00 0 0 0080 00 000 00 0000 0000 0000
00000 0000 00000 0000 0000 0 0 00 00 00000 005 0000 0000 0000 0000 00000 000 0000 0300 00003 0000 000000
0 0 0 0 0100 05 02 0 0 00 0 0 0 0 07 0 2 0 0 0 1 000 00 00 0 0 00 03 00 000000 008 0000 050
000 000 0 0 00 0 0 00 00 0 0 00 000 0000 00 0000 00 0 000 07 0000 10 0 0 0000 00 000 00 0000 0080 0000
00000 0000 00200 0000 0000 0 0 00 08 00000 000 0000 0000 0000 0000 00000 100 0000 0008 00000 0000 000000
0 0 0 0 0000 00 00 0 0 00 0 0 0 0 00 0 0 0 0 0 0 006 00 00 0 0 00 00 00 000000 000 0000 070
000 000 0 0 00 0 0 00 00 0 0 00 000 0000 00 0310 10 0 000 04 0009 00 3 3 0000 00 000 00 0090 0000 0002
00000 0000 00000 0000 0060 0 0 00 00 00000 000 0002 0000 0060 0000 00900 000 5000 0000 00000 0000 004000
0 0 0 0 5000 00 00 0 0 00 0 0 0 0 00 0 0 0 0 0 0 000 70 00 0 0 00 00 00 000009 000 0100 500
003 000 0 0 00 0 0 06 00 0 0 00 000 0000 00 0000 10 0 000 00 0000 00 0 0 0009 00 000 05 0000 0000 0000
00000 0000 30000 0060 0000 0 0 00 00 00000 000 0000 0000 0004 0000 00200 000 0000 0000 00203 0000 000000
0 0 0 0 0000 90 00 0 0 00 0 0 0 0 00 0 0 1 0 0 0 000 00 00 0 0 00 00 00 000000 000 0000 000
50 000 0 0 00 8 0 00 00 6 0 00 000 0000 00 0004 00 0 000 00 0200 10 0 0 0000 09 000 00 2000 0000 0000
00000 0000 00000 0000 5000 0 0 00 00 00000 800 0000 0000 0000 0000 02000 000 0500 0000 00000 0000 000900
0 0 0 0 0120 00 00 0 0 00 0 0 0 0 00 8 0 0 0 0 0 010 00 00 0 0 00 10 00 000200 000 8000 000
003 020 0 0 00 0 0 00 00 0 0 80 000 4040 00 0000 00 0 010 00 0000 00 0 0 0200 00 000 00 0100 0000 0000
00000 0000 00000 0000 0000 0 0 02 00 00000 000 0000 0002 0000 0006 00000 000 0000 0000 00000 0000 000000
0 0 0 0 0000 00 00 0 0 02 0 0 0 0 00 0 0 0 0 0 0 000 00 00 0 0 00 00 00 000000 000 0000 000
000 000 6 0 02 0 0 00 00 0 0 08 000 0000 00 2000 00 0 000 00 0000 00 0 0 0000 00 000 00 0100 0800 0070
00000 0906 03010 0000 0000 0 0 10 04 10000 010 0000 0000 1000 0000 00000 000 0000 0000 00003 0000 000000
0 0 0 0 0000 60 00 0 0 00 0 0 0 0 00 0 0 0 0 0 0 000 00 00 0 0 00 00 00 000000 000 0000 000
000 000 0 0 00 0 0 00 00 0 0 00 800 0000 00 0000 00 0 000 00 0000 00 0 0 0000 00 400 00 0000 0000 0000
00000 0040 00000 0790 0000 0 0 00 00 00010 000 0000 0000 0000 0000 00000 000 0000 0000 00000 0000 000000
0 0 0 0 0000 00 00 0 0 00 0 0 0 0 90 0 0 0 0 7 0 000 30 00 0 0 00 00 00 000000 000 0000 000
000 000 5 0 00 0 0 00 09 0 0 00 000 0000 00 0000 00 0 900 00 0200 00 0 5 0000 00 000 00 0000 0000 0000
00000 0000 00000 0000 0000 0 0 00 90 00000 000 0010 0000 0000 0000 00000 000 0000 0000 00000 0000 000000
0 0 0 0 0000 05 00 0 0 00 0 0 9 0 00 0 0 0 0 5 0 000 02 00 0 0 20 02 00 000080 000 0000 000
000 000 0 0 00 0 9 00 00 0 0 10 000 0000 10 0000 00 0 000 00 0200 00 0 0 0000 00 000 00 0100 0010 0000
00000 0000 00000 0000 0000 0 0 00 00 00000 800 0000 0000 0000 0000 00000 000 0000 0000 00000 0000 000000
0 0 0 0 0000 00 02 0 0 00 0 0 0 0 00 0 0 0 0 0 0 000 00 00 0 0 00 00 00 000000 000 8000 000
000 003 0 0 00 0 0 00 09 0 0 00 000 0010 00 0000 00 0 002 00 0909 00 0 0 0000 00 000 00 0000 0000 0000
00000 0000 00000 0000 0000 0 0 10 00 00000 000 0002 0800 0000 0000 00000 000 0000 0000 00000 0000 000000
0 0 0 0 0000 00 00 0 0 00 0 7 0 0 00 0 0 0 0 0 8 000 00 40 0 0 00 00 00 000000 008 0000 000
000 000 0 0 00 0 0 02 00 0 0 00 000 1000 00 0000 02 0 000 00 0000 00 0 0 0000 00 000 00 0000 0008 0000
00000 0000 00000 0000 0001 0 0 00 08 70000 000 0000 0000 0000 0000 00000 000 0006 0000 00000 0000 000000
0 0 0 0 0600 00 00 0 0 00 0 0 0 0 00 0 0 0 0 5 0 000 00 00 0 0 00 00 00 801000 000 0080 080
020 000 0 0 02 0 0 00 07 0 0 00 900 0000 00 0000 00 0 000 00 0000 02 0 0 0000 00 000 00 0000 0000 0000
00000 0000 00000 0000 0000 0 0 00 00 00000 000 0000 0000 0000 7000 00000 100 5000 0000 00000 0100 000000
0 0 0 4 0020 00 00 0 0 00 0 0 0 7 00 0 0 0 0 0 0 000 00 00 0 0 00 00 00 090000 000 0000 000
000 000 5 0 02 0 4 00 00 0 0 00 000 0000 00 0600 10 7 000 00 0000 00 0 0 1200 00 090 00 0000 0000 0000
00300 0000 00000 0010 0000 0 0 00 00 00000 005 0002 0000 0000 0000 08000 000 0000 0000 00007 0100 700000
0 0 0 0 0000 00 00 0 5 73 0 0 0 0 00 0 0 0 6 0 0 086 00 40 0 0 00 02 00 000000 000 0000 000
000 000 0 0 00 0 0 00 00 0 0 00 000 0000 00 0000 00 0 000 00 0000 00 0 0 0000 10 000 00 0000 0020 0000
10000 0070 00000 0000 0000 0 0 00 00 00000 005 0000 0000 0005 0000 00000 000 0000 0000 00000 0000 000000
0 0 0 0 0500 00 00 0 0 00 0 0 0 0 00 0 0 1 0 0 0 000 00 05 0 0 20 00 00 001000 000 0000 000
08 120 5 0 02 0 0 00 00 0 0 00 000 0010 05 4300 00 0 000 00 0000 00 0 0 0000 00 000 00 0000 0000 0000
00007 0005 00000 0000 0000 0 0 00 50 00000 000 0000 0000 0000 0000 00008 000 0000 5000 00000 0000 000000
0 0 0 0 0000 00 00 0 0 00 0 0 0 0 00 0 0 0 0 0 0 900 00 00 0 0 00 00 00 007000 006 0000 000
000 000 0 0 00 0 0 00 00 0 0 00 000 0000 00 0010 08 0 002 00 0000 00 0 0 0000 00 000 00 0000 0000 8010
00080 0000 00000 0000 0000 0 0 00 00 05102 000 0000 0700 0000 0000 10000 000 0000 0000 00000 0680 059000
0 0 0 4 0000 00 00 0 8 00 0 0 0 0 09 0 9 0 0 0 0 000 00 00 0 0 00 06 00 000000 000 0000 000
000 080 0 0 00 0 0 00 00 0 0 00 000 0000 00 0300 00 0 000 00 0000 00 0 0 0000 00 000 00 0000 0000 0000
00000 0000 00000 0002 0020 0 0 00 00 00000 800 0000 0000 0000 0003 00000 000 0000 0000 50000 0000 000000
0 0 0 0 0000 00 00 0 0 00 0 0 0 0 20 0 0 0 0 0 0 000 00 00 0 0 00 00 00 040000 000 8000 000
000 000 0 0 00 0 0 00 80 0 0 00 000 0000 00 2000 00 0 000 00 0010 00 0 1 0000 00 000 00 0000 0000 0010
00000 0000 00000 0000 4000 0 0 00 00 00000 000 0000 0000 0005 8000 30000 000 0100 0000 00000 0000 000000
0 0 0 0 0000 00 00 0 0 00 0 0 0 0 00 0 0 0 0 0 0 000 00 00 0 0 00 00 00 000000 000 0106 000
000 000 0 0 00 0 0 00 80 0 0 00 080 0000 00 0000 00 0 000 00 0210 00 0 0 0000 00 000 10 0000 0000 0000
00300 0000 00060 0000 0000 3 0 02 00 60000 000 0000 0000 0000 0040 00000 000 0900 0000 00000 0000 000000
0 0 0 0 0000 00 10 0 0 00 0 2 0 0 00 0 0 0 0 0 9 000 60 00 0 0 00 00 00 090000 000 0000 000
703 000 0 0 00 0 0 00 00 0 0 00 007 0000 00 0300 00 0 000 00 0000 00 0 0 0200 00 000 00 2000 0000 0000
03000 0000 00000 0000 0000 3 0 09 00 00000 800 0000 0000 0000 0000 00200 000 5000 0000 00000 0000 005000
0 0 0 0 0000 00 00 0 0 00 0 0 0 0 00 0 0 1 0 0 0 000 00 40 0 0 00 00 00 000000 000 0000 000
003 600 0 0 00 0 0 00 00 0 6 00 000 0000 00 0000 00 0 000 00 0000 00 0 0 0000 00 000 00 2000 0010 0000
00000 0000 00000 0000 0000 0 0 10 00 00002 000 0000 0000 1000 0003 00000 000 0000 0000 00000 6000 100100
0 0 0 0 0000 00 00 0 0 00 0 0 9 0 00 9 2 0 0 0 0 000 00 40 0 0 00 00 00 000000 000 0000 000
010 000 0 0 00 0 0 00 00 0 0 00 000 0000 00 0000 00 0 000 04 0000 00 0 0 0000 00 000 00 0000 0000 0000
00300 0000 10000 0000 2001 0 0 00 00 00000 000 0010 0000 0000 0000 00000 000 0000 0000 03010 0000 000000
0 0 0 0 0000 00 00 0 0 00 0 0 0 0 00 0 0 0 0 0 0 000 00 50 0 0 00 00 00 000000 900 0000 006
000 090 0 0 00 0 0 00 00 0 0 00 000 0220 00 0000 00 0 000 00 0000 10 0 0 0000 00 008 00 0000 0000 0900
00000 0000 00010 0000 0000 0 0 00 90 00000 000 0900 0000 0000 0000 00000 000 0100 0000 00000 0009 000000
0 0 0 0 5000 00 00 5 0 00 0 0 0 0 00 0 2 0 0 0 0 000 70 00 0 0 00 30 00 800000 000 0000 000
000 000 0 0 00 0 0 00 00 0 0 00 860 1000 00 0000 00 0 000 10 0000 00 3 0 0000 00 000 00 0000 0000 0000
00000 0100 00000 0008 0000 0 0 10 00 00000 000 0000 0007 0000 0000 10010 000 0000 0000 00800 0001 128000
0 0 0 0 0000 00 00 0 0 00 0 2 0 0 60 0 0 0 0 0 5 000 00 90 0 0 00 00 00 000000 000 0000 000
000 000 0 0 00 0 0 00 00 0 0 00 000 0200 00 0000 00 4 000 00 0000 00 3 0 0200 00 000 00 0000 0000 0000
00000 0007 00000 0002 0001 0 0 10 70 00000 000 0000 0000 0000 0010 00000 000 0000 0000 00003 0000 000000
0 0 0 0 0000 00 00 0 0 00 0 0 0 0 00 0 0 0 0 0 0 900 00 00 0 0 00 00 00 000000 000 0000 000
00 000 0 0 00 0 0 00 00 0 0 00 000 0000 00 0000 00 0 000 00 0010 00 0 0 0000 00 000 00 0040 0000 0000
00000 0000 03000 0000 0000 0 0 60 00 02040 000 0000 0000 0000 0000 00000 050 0004 0000 00000 0000 000000
0 0 0 0 0000 00 00 0 5 00 9 0 0 0 00 0 0 0 0 0 0 000 00 00 0 0 00 00 80 000009 005 0000 000
000 000 0 0 00 0 0 00 00 0 0 00 000 0000 00 0000 00 0 005 00 0000 00 0 0 0000 00 000 00 0000 0009 0000
00000 0000 00000 0000 0000 0 0 00 00 00000 005 0000 0000 0000 0000 00000 000 0000 0900 80010 0000 020000
0 0 0 0 0000 00 00 7 0 00 0 0 7 0 00 9 0 0 0 0 0 050 00 00 0 0 00 00 00 090000 000 0000 000
000 000 0 0 00 0 0 00 00 0 0 80 007 0000 00 0000 00 0 000 09 0000 00 0 5 0005 00 000 00 0000 0000 8000
00000 0000 00000 0000 0000 0 0 00 00 00000 000 0000 0000 0010 5000 00000 000 0000 0300 00000 0000 100000
0 0 0 5 0000 00 00 0 0 00 0 0 0 0 00 0 0 0 0 0 0 000 00 00 0 0 00 00 00 000000 000 0000 000
703 000 0 0 00 0 0 10 00 0 0 00 000 0000 00 0000 00 0 000 00 0000 00 0 7 0000 00 000 00 0000 0000 0200
00000 0000 00000 0300 0000 0 0 00 00 00000 000 0000 0800 0000 0000 00000 000 0000 0002 00000 0000 009000
0 0 3 0 0000 00 00 0 0 00 0 2 0 0 00 0 0 0 0 0 0 000 00 00 6 0 00 00 00 000000 000 0008 000
000 000 0 0 10 0 0 00 00 0 0 80 000 0000 00 0000 00 0 000 00 0000 00 0 0 0000 00 000 00 0000 0002 0000
00000 0000 00000 0002 0000 0 0 00 00 00000 000 0000 0000 0090 0000 00000 000 0000 0000 09000 0000 000000
0 0 0 0 0000 05 00 0 0 00 0 0 0 0 00 0 0 0 0 0 0 000 00 00 5 0 00 00 00 000000 000 0000 000
000 020 0 0 00 0 0 09 00 0 0 00 000 0000 00 0000 00 0 000 00 0000 00 0 0 0000 00 000 02 0040 0000 0000
00000 0005 00000 0000 0000 0 0 00 08 80000 005 0070 0000 0005 0000 00000 100 0000 0000 00500 0700 000000
0 0 0 0 0020 00 00 0 0 03 0 0 0 0 00 0 0 0 0 0 0 000 00 00 0 0 00 00 03 000000 000 0003 500
000 000 0 0 00 0 0 00 00 0 0 00 000 0000 00 0000 00 0 900 00 0000 00 9 0 0000 00 000 00 0000 0000 0000
10000 0000 00000 0000 0000 0 0 00 00 00100 000 0001 0000 0000 0000 00000 000 0000 0000 07000 0000 000000
0 0 0 0 0000 00 00 0 0 00 0 0 0 0 00 0 0 0 0 0 0 000 00 00 0 0 04 00 00 000000 000 0000 000
000 070 0 0 02 0 0 10 00 0 0 00 600 0000 00 0000 02 0 000 00 0000 00 7 0 0000 00 000 06 0000 0000 0908
00010 0000 00000 0000 0100 0 0 00 00 00000 000 0000 0000 0000 0000 00000 000 0000 0000 00000 0000 000000
0 0 0 0 0000 00 00 0 0 00 0 0 0 0 00 0 0 0 0 5 0 000 10 00 0 0 00 00 00 000000 020 0000 000
000 000 0 0 10 0 1 00 00 0 0 90 000 0000 00 0000 00 0 000 00 0000 00 0 0 0000 00 000 00 0700 0000 0000
00600 0000 00000 0000 0004 0 0 02 00 00000 000 0000 0000 0080 0000 00000 000 0000 0000 50000 0000 000000
0 0 0 0 0000 00 00 0 0 00 0 0 0 0 00 0 0 0 4 0 0 005 00 00 0 0 00 00 00 000020 100 0000 000
000 000 0 0 00 0 0 00 00 7 0 00 000 0000 00 0000 00 0 000 00 0000 02 8 0 0000 00 000 00 0000 0000 0000
00001 0000 00005 0000 0100 0 0 00 00 00000 000 0000 0010 0000 0400 00000 000 0000 0000 00000 1000 000008
0 0 0 0 0000 00 00 0 0 00 0 0 0 0 03 0 0 0 0 0 0 000 90 00 0 0 00 00 00 000000 000 0000 000
000 000 0 0 00 0 0 00 00 6 0 00 000 0000 90 0000 08 0 900 00 0506 00 0 0 0000 00 000 02 0000 0000 0000
10000 0000 00000 0000 0000 0 3 00 00 80000 000 0900 0000 0000 0000 00000 000 0000 0000 00000 0000 000100
0 2 0 0 0000 00 00 0 0 00 0 0 0 0 00 0 0 0 0 0 0 000 00 00 0 0 40 00 00 000000 070 0000 300
00 003 0 0 00 0 0 04 00 0 0 00 000 0000 00 0000 00 0 000 00 0000 00 0 0 7000 00 000 00 0000 0000 0000
00000 0000 00900 8000 0000 0 0 00 00 08000 000 0000 0000 0000 0000 02000 040 0000 0000 00000 0000 000000
0 0 0 0 0000 00 00 0 0 00 0 0 0 0 00 0 0 0 0 0 0 000 00 00 8 0 00 00 00 000000 000 0000 000
500 080 0 0 00 0 0 00 00 0 0 00 000 0000 00 0000 00 0 000 00 0000 00 0 5 4079 00 060 00 0600 0500 0000
00000 0000 00000 0000 0000 0 0 00 00 00000 010 0900 0000 0000 9000 00000 000 0100 9080 00000 7000 000000
0 0 0 0 0000 00 00 0 0 00 0 0 0 0 00 0 0 0 0 0 1 008 00 00 0 0 00 00 00 800000 000 0000 000
000 000 0 0 00 0 0 00 00 0 0 00 000 0000 00 0004 00 0 000 00 0070 00 0 0 0000 00 405 00 0090 8000 0000
00000 0000 03000 0000 0000 0 0 00 00 00000 800 0000 0000 0000 0000 00000 000 0000 0000 80000 0000 005000
0 0 0 0 0000 00 00 5 0 00 0 0 0 0 00 0 0 0 0 0 0 002 00 00 0 0 00 00 20 000000 004 0000 000
000 000 0 0 00 0 0 80 00 0 6 00 000 0200 00 0004 00 0 000 00 0010 00 0 0 0000 00 000 00 0000 0700 0000
00200 0070 00000 0000 0006 0 0 00 00 00000 000 0900 0000 0000 0400 00000 000 0000 0002 00000 9000 000000
1 0 0 4 0000 00 00 0 0 00 0 0 0 0 00 6 0 0 0 0 0 000 00 00 0 0 00 00 00 000000 000 0110 000
000 000 0 0 00 0 0 00 00 0 0 00 000 0000 05 0000 00 0 002 00 0000 00 0 0 0000 00 000 00 0060 0000 0000
08000 0000 09000 0500 0000 0 0 00 90 00000 000 0000 0010 0000 0003 00000 000 0000 0040 00000 0000 000000
0 0 0 4 0000 00 00 0 0 00 0 0 0 0 00 0 0 0 0 0 0 000 00 00 0 0 00 00 00 000000 004 0000 000
000 000 8 0 00 0 0 00 00 0 0 00 000 0000 00 0000 00 0 000 00 0000 00 0 0 0060 19 000 00 0000 0000 0000
00000 0000 00000 0700 0000 0 0 00 00 00000 000 8200 0000 0000 0000 00000 000 0000 0000 01000 0000 020000
0 0 0 0 0000 00 02 0 0 00 0 0 0 0 00 0 0 1 0 0 0 000 08 00 0 0 00 00 00 000003 000 8000 050
000 800 0 0 00 0 0 00 00 0 0 10 007 0000 00 0000 00 0 002 00 0000 00 3 0 0000 90 005 00 0000 0300 0000
00000 0000 07000 0000 0000 3 0 10 08 05000 800 0000 0000 0000 0000 00000 000 0000 5000 00000 1000 000000
0 2 0 0 0000 00 00 0 0 02 0 0 0 0 00 0 0 0 0 0 0 000 00 00 9 0 00 00 00 000000 000 5000 000
000 000 0 0 00 0 0 00 00 0 0 00 000 0000 02 0000 00 0 000 00 0000 00 0 0 0000 00 000 00 0000 0000 0000
00300 0000 00000 0000 0000 0 0 00 00 00000 000 0010 0000 0000 0000 00000 000 0000 0000 00000 0000 025000
0 0 0 7 0000 00 00 0 0 00 0 0 0 0 00 0 9 0 0 0 0 002 00 00 0 0 00 00 00 000000 000 0000 000
000 000 0 0 00 0 0 00 00 0 0 00 000 0010 00 0000 00 0 000 00 0900 00 0 0 0000 00 000 00 0000 0000 0000
00000 0030 00000 0000 0000 0 0 00 90 00000 000 0000 0000 0000 0900 00000 000 4000 0000 00000 0002 000000
0 0 0 0 0000 00 00 0 0 00 0 0 0 0 10 0 0 0 0 0 0 000 00 00 0 8 00 00 00 000000 000 0000 000
000 000 0 0 00 0 0 00 00 0 0 06 000 0000 00 0090 00 0 300 04 0000 00 0 0 0003 00 000 00 0080 0000 0002
00010 7000 00000 0000 0000 0 0 10 00 04000 000 0000 0000 0200 0000 00000 000 0000 0000 00000 0000 000000
0 0 3 0 0000 00 00 0 0 00 0 0 7 0 00 0 0 0 0 0 0 000 70 00 0 0 00 00 00 000800 000 0000 000
000 020 0 0 00 0 0 00 00 0 0 00 080 0000 00 0000 00 0 000 00 0000 00 0 0 0000 00 000 00 0000 0500 0000
00000 0000 00000 0000 0000 0 0 00 00 00000 000 0000 0000 0000 0000 00000 000 5000 0000 00000 0000 000000
0 0 9 0 0023 00 10 0 0 02 0 0 0 0 00 0 0 0 0 0 0 708 00 00 7 0 00 10 00 000020 000 0000 000
00 001 0 0 00 0 0 00 00 8 0 00 000 0000 00 6000 00 0 000 00 0000 00 0 0 0000 00 000 00 0005 4000 0000
00000 0000 00000 0040 0000 0 0 07 00 00000 000 0010 0000 0000 0000 00000 000 0000 0000 00203 0100 000000
0 0 5 0 0000 00 00 0 0 00 0 0 0 0 00 0 0 0 0 0 0 000 00 00 0 0 00 00 03 001000 000 0000 000
000 003 0 0 00 0 0 00 09 0 0 00 000 0000 00 0000 00 4 000 00 0002 00 7 0 0000 10 000 00 0000 0000 0000
00010 0000 00000 0000 0001 0 0 00 00 00009 000 0000 0000 0000 0000 00000 000 0804 0000 00000 0000 000000
0 0 0 4 0000 00 02 0 0 02 0 0 0 0 00 0 0 0 0 0 0 000 00 00 0 0 00 00 00 000000 000 8020 006
000 007 0 0 00 0 0 00 00 0 0 00 900 0000 00 0009 00 0 000 00 0030 00 0 0 1000 00 000 00 0040 0000 0010
00000 0000 00000 0000 7000 0 0 00 00 00000 000 0000 0000 0000 0000 00000 000 0000 0000 00000 0100 000000
0 2 0 0 0000 00 90 0 0 00 0 2 0 0 20 0 0 1 0 0 0 000 00 00 0 0 00 00 00 001000 000 0000 000
000 000 0 0 00 0 0 00 00 2 0 00 000 0000 10 0000 12 0 900 10 0000 00 0 0 0000 00 000 00 0040 0000 0000
00000 0000 00000 0010 0000 0 0 00 00 00000 000 0000 0000 0000 0000 10200 100 0000 0000 03000 0000 000000
0 0 0 0 0000 00 00 0 0 00 0 0 0 0 00 0 0 0 0 0 0 000 00 00 0 0 00 00 00 000000 000 0020 000
100 600 0 0 00 0 0 00 40 9 0 02 000 0000 00 0004 00 0 000 08 0000 00 0 0 0000 10 000 00 0040 0000 0000
00000 1000 00010 0702 0400 0 0 00 00 50500 000 0000 0000 0210 0000 00000 000 0130 0000 00000 0000 000000
0 0 0 0 0000 00 00 0 0 00 0 0 0 0 08 0 0 0 0 0 0 000 00 00 0 0 09 01 00 000200 004 0000 000
000 020 0 0 00 0 0 00 00 0 0 00 300 0000 00 0000 00 0 000 00 0000 00 0 0 0000 00 000 40 2000 0000 0000
00000 0000 00000 0000 0000 0 0 00 00 00090 000 0000 0800 0000 0000 00000 000 0000 0000 00010 0050 000000
0 0 0 0 0000 00 00 0 0 00 0 0 0 0 00 3 2 0 0 0 0 002 00 00 0 0 00 00 00 000000 000 0000 000
000 000 0 0 00 0 0 00 00 0 0 00 000 0000 00 0000 00 0 000 00 1900 00 3 0 0009 00 000 00 0100 0000 0000
00000 0000 00000 0000 0000 0 0 00 00 00000 000 8000 0000 0000 0000 00005 000 0000 0000 00000 0000 000000
0 0 0 0 0000 00 00 0 0 00 0 0 0 1 00 0 0 0 0 0 0 000 00 00 0 0 00 00 00 000000 000 0000 000
700 000 0 0 00 0 0 00 80 0 7 00 000 0000 00 0020 30 0 500 00 0000 00 0 0 0000 00 000 00 0000 0000 0000
00000 0000 00000 0700 0000 0 0 10 00 00000 000 0000 0000 0005 0000 00000 000 0000 0000 00000 0100 000000
0 0 0 0 0000 00 70 0 0 00 0 0 0 0 00 0 0 0 0 0 0 000 10 00 0 0 00 02 00 000000 000 0000 000
000 020 0 0 00 0 6 00 00 0 6 00 000 0000 00 0000 00 0 000 00 1000 00 3 0 0080 02 000 00 0000 0000 0000
02000 0000 00200 0000 0000 0 0 00 00 00000 007 0000 0010 0000 0000 00000 000 0000 0000 00000 0000 000058
0 0 0 0 0000 00 00 0 0 00 0 0 0 1 00 0 2 0 0 0 0 000 00 00 0 0 00 10 00 000003 000 0003 002
000 000 0 0 00 0 0 00 00 0 0 00 080 0000 00 0000 00 0 000 00 0000 00 0 0 0000 00 000 00 1000 0000 0110
00000 7000 00000 0000 0200 3 0 00 00 00000 000 0000 0000 0000 0400 00000 000 0000 0000 00000 0000 000000
0 0 0 0 0000 40 00 0 0 00 0 0 6 0 00 0 0 0 4 0 0 000 00 00 0 0 00 00 00 000200 000 0003 000
000 100 0 0 00 0 2 00 00 0 0 00 000 1000 00 0000 00 0 000 00 0000 00 0 0 0000 00 000 00 0000 0000 0000
00000 0000 00000 0000 7009 0 0 00 00 00000 000 0000 0000 0000 0008 00000 000 0000 0316 00000 0000 000000
0 0 0 0 0000 00 00 0 0 00 0 0 9 0 00 0 0 0 0 0 0 000 00 00 0 0 00 00 00 000000 004 8000 000
00 000 0 0 00 0 0 00 00 0 0 00 080 0000 10 0000 00 0 000 00 7000 00 0 0 0000 00 010 10 0000 0000 0000
00000 0000 00000 0000 0070 0 0 00 00 00000 800 0000 9000 0000 0000 00000 000 0000 0000 00003 0000 000008
0 0 0 0 0000 00 00 0 7 00 0 0 0 0 00 0 0 0 0 0 0 000 00 00 0 0 00 00 00 000000 000 0000 056
000 000 0 0 00 3 0 00 00 0 0 00 000 0000 00 2000 00 0 000 00 0000 00 0 5 0000 00 000 00 0000 0000 0000
00080 0600 00005 0000 0000 0 0 00 00 00000 000 0900 0000 0000 0000 00010 000 0004 0300 00000 0000 000000
0 0 0 0 9000 00 00 0 0 00 0 0 0 0 00 0 0 0 0 5 0 900 00 00 4 0 00 00 03 000000 000 0000 000
000 020 0 0 00 0 0 00 00 0 0 00 000 0000 00 2000 00 0 000 54 0000 00 0 0 0000 00 009 00 0000 0000 0000
00000 0000 00000 4010 0800 0 0 00 00 10000 000 0002 0000 1005 0000 00607 000 0000 0000 00000 0100 000000
0 0 0 0 0000 00 00 0 0 01 0 0 0 0 00 0 2 3 0 0 0 000 00 00 0 0 04 00 20 000000 000 0000 000
000 000 0 0 00 0 0 00 00 0 0 00 007 0000 30 0300 00 5 000 00 0000 00 0 0 0000 00 000 00 0000 0000 0002
00000 0000 03000 0000 0900 0 0 00 00 00005 000 0000 0000 0010 0000 00000 000 0000 5000 00000 0000 600090
0 0 0 0 0000 00 00 4 0 00 0 0 0 0 00 0 2 0 0 0 0 000 00 00 0 0 00 00 00 000000 000 0000 000
000 000 0 0 00 0 0 00 00 0 0 00 000 0004 00 0004 00 0 010 10 1000 80 0 0 0000 00 000 00 0000 0000 0000
00000 0100 00000 0060 0000 0 0 00 00 00000 000 0000 0000 0010 0000 00200 000 0000 0300 00000 0057 100000
0 0 0 0 0000 40 00 0 0 00 0 0 0 0 00 0 2 0 0 0 0 000 00 00 8 0 00 00 00 000800 000 0000 000
400 000 0 0 00 0 0 00 00 0 0 00 000 0000 00 0000 00 0 000 00 0000 00 0 0 0200 00 000 00 0000 0000 0000
00000 7000 00000 0000 0000 0 0 00 50 00000 000 0000 0000 0004 0000 00000 000 0000 0002 00000 0000 000002
0 0 0 0 0000 00 00 0 0 00 0 0 0 0 00 9 0 0 0 0 0 000 00 00 0 0 00 00 00 000000 004 0000 000
000 000 0 0 00 0 0 10 80 0 0 00 000 0000 10 2000 00 0 007 00 0000 10 0 0 0000 00 000 00 0000 0000 0010
00005 0000 60000 0000 0000 0 0 00 00 00000 007 0000 0000 0000 0000 00000 000 0000 0000 00000 0000 040000
0 0 0 0 0000 00 02 0 0 04 0 0 0 0 00 0 0 0 0 0 0 012 00 00 0 0 00 06 00 000000 000 0000 000
080 000 5 0 00 8 0 32 80 0 1 05 000 0000 00 0000 00 0 090 00 6000 00 0 0 0000 00 000 00 0005 0000 0000
00009 0000 13000 0000 5000 0 0 00 08 00000 000 0010 0000 0000 0040 00010 800 0000 9000 00000 0000 900000
0 0 0 0 5000 00 00 0 0 00 0 0 0 0 00 0 0 0 0 0 0 000 00 00 0 0 00 00 00 000000 000 0000 000
000 000 0 0 00 0 0 00 00 0 7 00 000 0000 00 0000 00 0 000 00 0000 00 0 0 0000 00 000 00 0000 0000 0000
00000 0008 00000 0000 0000 0 6 00 00 70000 000 0000 0000 0000 0000 00000 000 0000 0000 00000 0000 100600
0 0 0 0 0000 00 00 0 0 00 0 0 0 0 00 0 0 0 4 5 0 008 00 05 0 0 00 05 00 000000 500 0000 000
070 000 0 9 00 0 0 00 00 0 0 00 000 0000 00 0000 00 0 000 03 0000 00 0 0 0000 00 000 00 0000 0708 5000
00000 0000 00000 0700 0000 0 0 00 90 00000 000 0000 0000 0000 5000 00000 000 0000 0300 00000 0000 000000
00000 0005 00000 0000 0000 0 0 00 00 00000 000 8002 0000 0000 0030 00000 000 0050 0000 00000 8000 020000
