0 0 0 0 0000 00 00 0 0 00 0 0 0 0 03 0 0 0 0 0 0 000 00 00 0 0 20 00 20 000000 000 0000 000 
000 000 0 0 02 0 0 00 00 0 0 00 000 0000 00 0000 80 0 000 00 0000 00 0 0 0000 00 000 00 0000 0000 0000
00000 0000 03000 0000 0000 0 0 00 00 00009 000 0000 0000 0000 0000 00000 000 0000 5000 00000 0000 000000
0 0 0 0 0000 00 00 0 0 00 0 0 0 0 00 0 0 0 0 0 0 000 00 00 0 0 00 00 00 000000 000 0000 000
00 000 0 0 00 0 0 00 00 0 0 00 000 0000 00 0000 00 0 000 00 0000 00 0 0 0008 00 000 00 0000 0000 0000
00000 0000 00000 0000 0000 0 0 00 00 00000 000 0000 0000 0000 0000 00000 004 0000 0000 00000 0000 000000
0 0 0 0 0000 00 00 5 0 00 0 0 0 0 03 0 0 7 0 0 0 000 00 00 0 0 00 00 03 000000 000 0000 000
000 000 0 0 00 0 0 00 00 0 0 00 000 0000 00 0000 00 0 900 00 0000 00 0 5 0000 00 000 00 0000 0000 0000
00000 0000 00000 0000 0000 0 0 00 00 00000 000 0000 0000 0000 0000 00000 000 0000 0000 00000 0000 000000
0 0 0 0 0000 00 00 0 0 00 0 0 0 0 00 0 0 3 0 0 4 000 00 00 0 0 00 00 00 000090 100 0000 000
000 000 0 0 00 0 0 02 00 0 0 00 000 0000 10 0000 00 0 000 00 0000 00 0 0 0000 00 000 00 0100 0000 0000
00000 0000 00000 0000 0000 0 0 00 00 00000 000 0000 0000 0000 0000 00000 000 0000 0000 00000 0000 100000
0 0 0 0 0000 00 00 0 0 00 0 0 0 0 00 0 0 0 0 0 0 000 00 00 0 0 00 00 00 000000 000 0000 500
000 000 0 0 00 0 0 00 00 0 0 00 000 0000 00 0000 00 0 000 00 0000 00 0 0 0000 00 000 00 0000 0000 0000
00000 0000 00000 0000 0000 0 0 72 00 00000 000 0000 0000 0000 0000 00000 000 8000 0000 00000 0000 000000
0 0 0 0 0000 00 00 0 0 00 0 0 0 0 00 0 0 0 0 5 0 002 00 00 0 0 00 00 00 000020 000 0003 000
000 000 0 0 00 0 0 00 00 0 0 00 000 0000 00 0000 00 0 000 00 0000 00 0 0 2000 00 000 00 0000 0000 0000
00003 0000 00000 0010 0001 0 0 10 00 10000 000 0000 0000 0000 0000 00000 020 0000 0000 00007 0000 500100
0 0 0 0 0000 00 00 0 0 00 0 0 0 0 00 0 0 0 4 0 0 000 00 00 0 0 00 08 00 000000 000 0100 000
000 100 0 0 00 0 0 00 00 0 0 00 000 0000 00 0000 00 4 000 00 7010 00 0 0 0000 09 000 00 0000 0000 0000
00000 0000 00000 0000 0000 0 0 00 00 00000 800 0000 0000 0000 0000 00000 000 0000 0000 00000 0000 000000
0 0 0 0 0000 05 00 0 0 00 0 0 0 0 00 0 0 0 0 0 0 000 00 00 0 0 00 00 00 000000 000 0000 000
000 000 0 0 00 0 0 00 00 0 0 00 000 0000 00 0000 00 0 000 00 0000 00 0 0 1900 02 000 10 0000 0000 0000
00000 0000 00000 0000 0000 0 0 00 00 00000 000 0000 0000 0000 0000 00000 000 0000 0000 00000 0000 000000
0 0 0 0 0000 00 00 0 0 00 0 0 0 0 00 0 0 0 0 0 0 000 02 00 0 0 04 00 00 804000 000 0000 000
000 000 0 0 00 0 0 20 00 0 0 00 000 0000 05 0000 00 0 000 00 0000 00 0 0 0000 04 000 00 0000 0000 0000
10000 0000 00010 0000 0000 0 0 00 00 00000 000 0000 0000 0000 0000 00000 000 0000 0000 00000 0000 000000
0 0 0 0 0100 00 40 0 0 00 0 9 0 0 00 0 0 0 0 0 0 000 00 00 0 0 00 00 00 000000 000 0900 000
000 000 0 0 02 0 0 00 00 0 0 00 000 0000 00 0000 00 0 000 00 0000 00 0 0 0000 00 000 00 0000 0000 0000
00000 0000 00000 0000 0000 0 0 02 00 00030 000 0010 0000 0000 0000 00000 000 0000 0000 00000 0000 000000
0 0 0 0 0000 00 00 0 0 00 0 0 0 0 00 0 0 0 0 0 0 000 00 00 0 0 00 00 00 000000 000 8000 000
000 050 0 0 00 0 0 10 00 0 0 00 000 0000 00 0000 00 0 000 00 0000 00 0 0 0000 00 400 00 0000 0000 0000
0 0 0 0 0000 00 00 0 0 00 0 0 0 0 00 0 0 0 0 0 0 000 00 00 0 0 00 00 00 000000 000 0000 000
000 000 0 0 00 0 0 00 00 0 0 00 900 0007 00 0000 00 0 000 00 0000 00 0 0 0000 00 000 00 0000 0000 0000
00000 0000 00000 0000 0100 0 0 00 00 00000 000 0000 0000 0000 0003 00000 000 0000 0010 00000 0000 000000
0 0 0 0 0000 00 00 0 0 00 0 0 0 0 00 0 0 0 0 0 0 000 00 00 0 0 00 00 00 000000 000 0000 000
00 000 0 0 00 0 0 10 00 0 0 00 000 0200 00 0000 00 0 000 04 0000 00 0 0 0000 00 000 00 0000 0060 0000
00000 0000 00000 0000 0000 0 0 00 00 00000 000 0000 0000 0000 0000 00000 000 0000 0000 00000 0000 000000
0 0 0 0 0000 00 30 0 0 02 0 0 0 0 00 0 0 0 0 0 0 000 00 00 0 0 00 00 00 000000 004 0000 500
000 000 0 0 00 0 0 02 00 0 0 00 000 0000 00 0000 00 0 000 00 0000 00 0 0 0000 00 000 00 0000 0000 0000
00300 0000 00000 0000 5000 0 0 00 50 00000 000 0000 0000 0000 0000 00000 000 0000 0000 00000 0000 000000
0 0 0 0 0000 00 80 5 0 00 0 0 0 0 20 0 0 0 0 0 0 000 00 00 0 0 00 02 00 000200 000 0000 000
000 000 0 0 00 0 0 00 00 0 0 00 000 0010 00 0000 00 0 000 00 0000 00 0 0 0000 00 000 00 0000 0000 0000
00000 0000 00000 0000 0000 0 0 00 00 00001 000 0000 0000 0000 0010 00000 000 0000 5000 00000 0050 000000
0 0 0 0 0000 00 00 0 0 00 4 0 0 0 00 0 0 0 0 0 0 000 00 00 0 0 00 00 00 000000 000 0000 000
000 100 0 0 00 0 0 00 00 0 0 00 000 0080 00 0009 00 0 000 00 0000 00 0 0 0000 00 000 00 0000 0000 0080
00000 0000 00000 0000 0000 0 0 00 00 00000 700 8009 0000 0280 5000 00000 000 0000 0000 00000 0100 000000
0 0 0 0 0000 00 00 0 0 00 0 0 0 0 00 0 0 0 0 0 0 006 00 00 0 0 00 00 03 000000 000 0000 000
000 000 0 0 00 0 0 10 00 0 0 00 000 0000 00 0000 00 0 000 00 0000 00 3 0 0000 00 000 00 0000 0000 0000
00000 0000 00000 0000 5000 0 0 00 00 00006 000 0000 0000 0000 0000 00000 000 0000 0000 00000 0000 000000
0 0 0 0 8000 00 00 0 0 00 0 0 0 0 00 0 0 0 0 0 0 000 00 00 0 0 00 00 00 800000 000 0020 000
000 000 0 0 40 0 0 00 00 0 0 00 007 1000 00 0000 00 0 000 00 0000 00 0 0 0000 00 000 00 0000 0000 0000
03000 0000 00000 0000 0000 0 0 00 00 00000 000 0000 0000 0600 0000 00000 000 0000 0000 00203 0004 000100
0 0 0 0 0000 00 05 0 0 00 0 0 0 6 00 0 0 0 0 0 0 010 00 00 0 0 00 10 00 000003 000 0000 000
000 000 0 0 00 0 0 00 00 0 0 00 000 0008 00 0000 00 0 000 04 0000 00 0 0 0000 00 000 00 0000 0000 0000
00000 0030 00000 0000 0000 0 0 00 00 00000 000 0000 0000 0000 0000 00000 000 0000 0000 00000 0203 000000
0 0 0 0 0000 00 00 0 0 00 0 0 0 0 00 0 0 0 0 0 0 000 00 00 0 0 00 00 00 000000 000 0000 000
000 000 0 0 00 0 0 00 00 0 0 00 900 0000 00 0080 00 0 000 00 0000 00 0 0 0000 00 000 02 0000 0000 0000
00010 0000 00005 0000 0000 0 0 00 00 00000 000 0000 0000 0000 0000 00000 000 0000 0000 00000 0000 000000
0 0 0 0 0000 00 00 0 0 10 0 0 0 0 08 0 0 0 0 0 0 000 00 00 0 0 00 00 05 000000 000 0000 700
000 000 0 0 00 0 0 00 00 0 0 00 000 0000 00 0000 00 0 000 00 0000 00 0 0 0000 00 000 10 0000 0000 0000
00000 0000 00000 0000 0000 0 0 00 00 00000 000 0000 0000 0000 0000 00000 000 0000 0000 00000 0000 000000
0 2 0 0 0007 00 00 0 0 00 0 0 0 0 00 0 0 0 0 0 0 000 00 00 0 0 00 00 00 000000 000 0000 000
000 000 0 0 02 0 2 00 00 0 0 00 000 0000 00 0000 00 0 000 00 0000 00 0 0 0000 00 000 00 0000 0700 0000
00000 0000 00000 0000 0000 0 0 00 00 00000 000 0000 0000 0000 0000 00007 000 0500 0090 00000 0000 000008
0 0 0 0 0000 00 00 0 0 00 0 0 0 0 00 0 0 0 0 0 0 000 10 00 0 3 00 00 00 000000 000 0000 000
000 000 0 0 00 0 0 00 00 0 0 00 700 0000 00 0000 00 0 000 00 0007 00 0 9 0000 00 000 00 0000 0000 0000
30000 0000 00000 0000 0000 0 0 00 00 00000 000 0000 0000 0000 0010 00000 080 0000 0000 03005 0000 000000
0 0 0 0 0000 00 00 1 0 00 0 0 0 0 00 0 0 0 0 0 0 000 00 00 0 0 00 00 00 800000 000 0020 000
00 000 0 0 00 0 0 00 00 0 0 00 000 0000 00 0000 00 0 000 00 4000 00 0 0 0000 00 000 00 0000 0008 0000
09000 0000 00000 0000 0000 0 0 00 00 00000 005 0000 0000 0000 5000 00000 000 0000 0000 00000 0000 000000
0 0 0 0 0000 00 00 0 0 00 0 0 0 0 00 0 0 0 0 0 0 000 00 00 0 0 00 00 03 700000 000 0000 000
000 003 0 9 00 8 0 00 00 0 0 00 000 0000 00 0000 00 0 000 00 0000 00 0 0 0000 00 005 00 0000 0000 0000
00000 0000 00000 0000 0000 0 0 00 04 00000 000 0000 0000 0000 0000 00000 000 0000 0000 00003 0000 000000
0 0 0 0 0000 00 00 0 0 00 0 0 0 0 00 0 0 0 0 0 0 000 00 00 0 0 00 00 00 000000 000 0000 000
000 000 0 0 00 0 2 00 00 0 0 90 000 0000 00 2000 00 0 000 00 0000 00 0 0 0000 00 000 00 0000 0000 0000
00000 0000 00000 0000 0000 0 0 00 00 00000 000 0000 0000 0000 0000 00000 000 0000 0000 00000 0000 000000
0 0 0 0 0000 05 00 0 0 00 0 0 0 0 00 0 0 0 0 0 0 000 00 00 0 0 00 00 00 800000 000 0000 000
000 000 0 0 00 0 0 00 00 9 0 00 000 0000 00 0000 00 0 000 00 0000 00 0 0 0000 00 000 00 0000 0000 0000
20000 0000 00000 0000 0000 0 0 00 00 00000 000 0000 0000 0000 0400 00000 000 0000 0000 00000 0050 000000
0 0 0 0 0000 00 00 0 0 00 0 2 0 0 00 0 0 0 0 0 0 000 00 00 0 0 00 00 00 000020 000 0020 000
000 000 0 0 02 0 0 00 00 0 0 00 080 0000 00 0000 00 0 000 00 0000 00 0 0 0005 00 000 00 0000 0000 0000
00000 0005 00000 0000 0000 0 0 00 00 00000 000 0000 0000 0000 0000 00000 000 0000 0000 00000 0000 000000
0 0 0 0 0000 00 00 0 0 00 0 0 0 0 00 0 0 0 0 5 0 000 00 00 0 0 00 00 00 000000 000 0000 000
000 000 0 0 00 0 0 00 00 0 0 02 000 0000 00 0000 00 0 000 00 0000 00 0 0 0000 00 000 00 0000 0000 0000
00000 0000 00000 0000 5000 0 0 00 90 00000 000 0000 0000 0000 0000 00000 000 0000 0000 00000 0000 000000
0 0 0 0 0000 00 00 0 5 00 0 0 0 0 00 0 0 0 0 6 0 000 00 00 0 0 00 00 00 000000 000 0000 000
000 000 0 0 00 0 0 00 00 0 0 00 000 0000 00 0000 00 0 000 00 0000 00 0 0 0800 00 000 00 4000 0000 0000
00006 8000 00000 0010 0000 0 0 00 00 00000 000 0000 0000 0000 0000 00000 000 0000 0000 00000 0000 000000
0 0 0 0 0000 40 02 0 0 00 0 0 0 0 00 0 0 0 0 0 0 000 08 00 0 0 20 06 00 000000 020 0000 000
000 000 0 0 00 0 0 00 00 0 0 30 000 0010 00 0000 00 0 000 00 0000 00 0 0 0000 00 000 10 0000 0700 0000
00000 0000 00000 0000 0000 0 5 00 00 00000 000 0000 0000 0000 5000 00000 000 0000 0000 00200 0000 000000
0 8 0 0 0000 00 02 0 0 00 0 0 0 0 00 0 0 0 0 0 0 000 00 00 0 0 00 00 00 000000 000 0000 000
000 020 0 0 00 0 0 00 80 0 0 02 000 0000 05 0000 00 0 000 00 0000 00 0 0 0000 00 000 00 0000 0000 0000
00000 0000 03000 0000 0020 0 0 00 09 00000 000 0000 0000 0007 0000 00000 000 0000 0000 00000 0000 000000
0 0 0 0 0000 00 90 0 0 00 0 0 0 0 00 0 0 0 0 0 0 000 00 00 0 0 00 00 00 000000 000 0000 000
000 000 0 0 00 0 0 00 00 0 0 00 000 0000 00 0000 00 0 000 00 0000 00 0 0 0000 00 000 00 0000 0000 0010
00000 0006 00009 0000 0000 0 0 00 00 00000 000 8000 0000 0000 0000 00000 000 0000 0300 00000 0060 000000
0 0 0 0 0000 00 00 0 0 03 0 0 0 0 00 0 0 0 0 0 0 000 00 00 0 0 00 00 00 000000 000 0000 000
020 000 0 0 10 0 0 00 00 0 0 00 000 0000 00 0000 10 0 000 00 0000 00 0 0 0090 00 000 00 0000 0000 0000
00000 0000 00000 0000 0000 0 0 00 00 00000 000 0000 0000 0000 0000 00000 000 0100 0000 00000 0000 000000
0 0 0 0 0000 00 00 0 5 00 0 0 0 8 00 0 0 0 0 0 0 000 00 00 0 0 00 02 00 800000 000 0000 000
00 000 0 0 00 0 0 00 00 0 0 00 000 0000 00 0300 00 0 000 00 0000 00 0 0 0000 00 000 00 0002 0000 0000
00003 0100 00000 0000 0000 0 0 00 00 00000 000 0000 9000 0000 0000 00000 000 0000 0000 00000 1000 000000
0 0 0 0 0000 00 00 0 0 00 0 0 0 0 00 0 0 0 0 0 0 000 02 00 0 0 00 00 00 000000 000 0000 000
000 000 0 0 00 0 0 00 00 0 0 00 000 0000 00 0000 00 0 000 00 0000 00 0 0 0000 60 050 00 0005 0000 0000
00000 0000 00000 0000 0000 0 0 00 00 00000 000 0000 0000 0000 0000 10000 000 0000 0900 00000 0000 020300
0 0 0 0 0020 80 00 0 0 00 0 0 0 0 00 0 0 0 0 0 0 000 00 40 0 8 00 00 00 000000 000 0000 000
000 000 0 0 00 0 0 00 00 0 0 00 080 0000 00 2000 00 0 000 00 0000 00 0 0 0000 00 000 00 0000 0000 0000
00000 0000 00000 0000 0000 0 0 00 90 00000 000 0000 0000 0000 0000 00000 000 0000 0000 06000 0000 000000
0 0 0 0 0000 00 00 0 0 00 0 0 0 0 00 0 0 0 0 0 0 015 00 00 0 0 00 00 00 000000 000 0000 000
000 000 0 0 00 0 0 00 00 0 0 00 000 0000 00 0000 00 0 000 00 0000 00 0 0 0000 00 000 00 0800 0010 0010
00000 0000 00000 0010 0000 0 0 00 00 00000 000 0000 0000 0000 0000 00000 100 0000 0000 00090 1000 000100
0 0 3 0 0000 40 00 0 0 00 0 0 0 0 00 7 0 0 0 0 1 000 00 00 0 0 00 00 00 000000 000 0003 000
005 000 0 0 00 8 2 00 00 0 0 00 000 0000 10 0000 00 0 900 00 0000 00 0 0 0000 00 000 00 0000 0002 9000
00000 0000 00000 0000 0000 0 0 00 00 00000 000 0000 0000 0000 0000 00000 000 0000 0000 00000 0000 000000
0 0 0 0 0000 00 00 0 0 00 0 0 0 0 00 0 0 0 0 0 0 000 00 00 0 0 00 00 00 000000 000 0000 000
000 000 0 0 00 0 0 00 00 0 0 02 000 0000 00 2000 00 0 000 00 0000 00 0 0 0000 30 005 00 0000 0000 0000
00000 0100 00000 0000 0700 0 0 00 00 00000 000 0000 0000 0000 0000 00000 000 0000 0000 00000 0050 000000
0 0 0 0 0000 00 00 0 0 00 0 0 0 0 00 0 0 0 0 0 0 000 00 00 0 0 00 00 00 000000 000 0000 000
000 000 0 0 00 0 0 00 00 0 0 00 000 0000 00 0000 00 0 000 00 0008 00 0 0 0000 00 000 00 0000 0000 0000
00000 0000 00000 0000 0000 0 0 00 00 00000 000 0000 0000 0000 0000 00000 000 0000 0000 00000 0000 000000
0 8 0 0 0000 00 00 1 0 00 0 0 0 0 00 0 0 0 0 0 0 000 00 00 0 0 00 00 00 000000 000 0000 000
000 000 5 0 02 0 0 00 00 0 0 00 000 0200 00 0000 00 0 000 00 0008 80 0 0 0000 00 000 00 0000 0000 0000
00000 0000 00200 0000 0000 3 0 00 00 00000 000 0000 0000 0200 0000 00000 000 0000 0000 00000 0000 000700
0 0 0 0 0000 00 00 0 0 00 0 0 0 0 00 0 0 0 0 0 0 000 00 00 0 0 00 00 00 000000 000 0000 000
000 000 0 0 00 0 0 00 00 0 0 00 000 0000 00 0300 00 0 000 04 7000 00 0 0 0000 00 000 00 0000 0000 0000
00000 0005 00000 0000 0008 0 0 00 00 10000 000 0000 0000 0000 0000 00000 000 5000 0000 00000 0000 000100
0 0 0 0 0000 00 00 0 0 00 0 0 0 0 00 0 0 0 4 0 0 000 00 00 0 0 00 00 00 000000 000 0000 050
020 000 0 0 00 0 0 02 09 0 0 00 000 0000 80 0000 00 0 000 00 0000 00 0 0 0000 00 000 02 0000 0000 0000
00000 0000 00000 0000 0000 0 0 06 00 00000 000 0000 0000 0000 0000 00000 000 0000 0000 00000 0000 000000
0 0 0 0 0000 00 00 0 0 00 0 0 0 0 00 0 0 0 0 5 0 000 00 00 0 0 00 00 00 000000 004 0000 000
000 000 0 0 00 0 0 00 00 0 0 00 000 0000 00 0000 00 0 000 10 0000 00 0 0 0000 04 000 00 0000 0000 0000
00000 0000 00000 0000 0000 0 0 00 00 00000 000 0000 0000 0000 0000 00000 000 0004 0000 00000 0000 000000
0 0 0 0 0000 00 00 0 0 00 0 0 0 0 00 0 0 0 0 0 0 000 00 00 0 0 00 00 00 000000 000 0000 000
00 000 0 0 00 0 0 00 00 0 0 00 000 0000 00 0000 00 0 000 00 0000 00 0 0 0000 00 000 00 0005 0000 0000
00000 0000 00000 0000 0000 0 0 00 00 00000 000 0000 0000 0000 0000 02000 000 0000 0000 00000 0000 000000
0 0 0 0 0000 00 00 0 0 00 0 0 0 0 00 0 0 0 0 0 0 000 00 00 0 0 00 00 00 000000 000 7000 000
000 000 0 0 00 0 0 00 00 0 0 00 000 0000 00 0000 00 0 000 00 0000 00 0 0 0080 00 000 00 0000 0000 0000
00000 0000 00000 0000 0000 0 0 00 00 00000 050 0000 0800 0000 0000 00000 000 0000 0000 00000 0000 000000
0 0 0 0 0000 00 10 0 0 00 0 0 0 0 00 0 0 0 0 0 0 000 00 00 0 0 00 00 00 000000 000 0003 000
000 000 0 0 00 8 0 00 00 3 0 00 000 0000 00 0000 00 0 000 00 0000 00 0 0 0000 00 000 00 0000 0000 0000
00000 0080 00000 0000 0000 0 0 00 00 00000 000 0000 0000 0000 0000 00000 000 0000 0000 05000 0000 000000
0 0 0 0 0000 00 00 0 0 00 0 0 0 0 08 0 0 0 0 0 0 000 00 00 0 0 00 00 00 000000 000 0000 000
000 000 0 9 00 0 0 00 00 0 0 00 000 0000 00 0000 00 0 000 00 0000 00 0 0 0000 00 000 00 0000 0000 0000
00000 0000 00000 0000 0000 0 0 00 00 00000 000 8000 0000 0000 0000 00000 000 0000 0000 00000 0000 000000
0 0 0 0 0000 00 00 0 0 00 0 0 0 0 00 0 0 0 0 0 0 000 00 00 0 0 00 00 00 000000 000 0000 000
000 000 6 0 00 0 2 00 00 0 0 00 000 0000 00 0000 00 0 000 04 0000 00 0 5 0700 00 000 00 0000 0000 0000
00000 0000 00000 0000 0000 0 0 00 00 00 000020 000 0000 000
000 000 0 0 00 0 0 00 00 0 0 00 000 0004 00 0000 00 0 000 10 0000 00 0 0 0000 00 000 00 0000 0000 0010
00000 0000 00000 0000 0000 0 0 00 00 00000 000 0000 0000 0000 0000 00000 000 0100 0000 50000 0000 000000
0 0 0 0 0000 90 00 0 0 00 0 0 0 0 00 0 0 0 0 0 0 000 00 00 0 0 00 02 00 000000 000 0000 000
000 000 0 0 00 0 0 00 00 0 0 00 000 0000 00 0000 00 0 000 00 0000 00 0 0 0080 00 000 00 0000 0000 0000
00000 0000 00800 0000 0000 0 0 00 00 00000 000 0000 0000 0000 0000 00000 000 0000 0000 09000 0000 000000

00000 0000 00000 0000 0000 0 0 00 09 02000 000 0000 0000 0000 0000 00000 000 0000 0000 00000 0000 000000
0 0 0 0 5000 00 00 0 0 00 0 0 0 0 00 0 0 0 0 0 0 000 00 00 0 0 00 00 00 000000 000 0000 000
000 000 0 0 00 0 0 00 00 0 0 00 060 0000 00 0000 00 0 000 04 0010 00 0 0 0000 00 000 00 0000 0000 0000
00000 0000 00000 0000 0000 0 0 00 08 04000 000 0000 0000 0000 0000 00000 100 0030 0000 00000 0000 000100
0 0 3 0 0000 40 00 0 0 00 0 0 0 0 00 9 0 0 0 0 0 000 00 00 0 0 00 00 00 000000 000 0000 500
70 000 5 0 00 0 0 00 00 0 0 00 000 0000 00 0000 00 0 000 00 1000 00 0 0 0000 00 000 00 0000 0000 0000
10000 0000 00000 0000 0000 0 0 00 00 00000 000 0000 0000 0000 0000 00000 000 0000 0000 00800 0000 000000
0 0 9 0 0000 00 00 0 0 00 0 0 0 0 00 0 0 0 0 0 0 000 00 00 0 0 00 00 00 000000 000 0000 000
000 000 0 0 00 0 0 00 00 0 0 06 000 0000 00 0070 00 0 000 00 0000 00 0 0 0000 00 000 00 0000 5000 0000
00000 0000 00000 0000 0000 0 0 00 00 00000 000 0000 0000 0000 0000 00000 000 0070 0000 00000 0000 000000
0 0 0 0 0000 00 05 0 0 00 0 0 0 0 00 0 0 0 0 0 0 000 00 00 0 0 04 00 00 000000 000 0000 007
000 000 0 0 00 0 0 00 00 0 0 00 000 0014 00 0000 00 0 000 00 0000 00 0 0 0000 00 000 00 0000 0000 0000
00080 0000 00000 0000 0000 0 0 00 00 00000 800 0000 0000 0000 0000 00000 000 0000 5000 00000 0000 000000
0 0 0 0 0000 00 00 0 0 00 0 0 0 0 00 0 0 1 0 0 0 000 00 00 0 0 00 00 00 000000 000 0000 000
000 020 0 0 00 0 0 00 00 0 0 50 000 0000 00 0000 00 0 000 00 0000 02 0 0 0000 00 000 00 2005 0000 0000
00000 0000 00005 0000 0005 0 0 00 00 00800 000 0000 0000 0010 0000 00000 000 0000 0000 00000 0000 000000
0 0 0 0 0000 00 00 0 0 00 0 0 0 0 00 0 0 0 0 0 0 000 00 00 0 0 00 00 00 000000 000 0000 000
000 000 0 0 00 0 0 00 00 0 0 00 000 0000 00 0000 00 0 000 00 0200 00 0 0 0200 00 000 00 0100 0000 0900
00000 0000 03000 0000 0000 0 0 00 00 00000 000 0000 0000 0000 0000 00000 000 0000 0000 00000 0000 900000
0 0 0 0 0000 00 00 0 0 00 0 0 7 0 00 0 0 0 0 0 0 000 00 00 0 0 00 00 00 000000 000 0000 000
000 000 0 0 00 0 0 00 00 0 0 00 000 0000 00 0000 00 0 002 00 0000 00 0 0 0000 00 000 00 0000 0000 0000
00000 0000 00900 0000 0000 0 0 00 08 00000 000 0000 0000 0000 0900 00000 000 0000 0000 00000 0000 005000
0 0 0 0 0000 00 00 0 0 00 0 0 0 0 00 0 0 0 0 0 0 000 00 00 0 0 00 00 00 000000 000 0000 900
000 000 0 0 00 0 0 00 00 0 0 00 080 0000 00 0000 00 0 000 04 0000 04 0 0 0000 00 000 00 0000 0000 0000
03000 0000 00000 0000 0000 0 0 00 00 10000 000 0000 0000 1000 0000 00000 100 0000 0300 00000 0000 000000
0 0 0 0 0000 00 00 0 0 00 0 0 0 0 00 0 0 0 0 0 0 000 00 00 0 0 04 00 00 000000 000 0000 000
000 000 0 0 00 0 0 00 00 0 0 00 000 0000 00 0000 00 0 000 00 0000 00 0 0 0000 00 010 00 0000 0000 0600
00000 0000 00000 0000 0700 0 0 00 00 02000 000 0000 0000 0000 0003 00000 000 0060 0000 00000 0600 000000
0 0 0 0 0000 00 00 0 0 00 0 0 0 0 00 0 0 0 0 0 0 000 00 00 0 8 00 00 03 000000 000 0000 000
000 000 0 0 00 0 0 00 00 0 0 00 000 9000 00 0000 00 0 000 00 0000 00 3 0 0000 10 000 00 0000 0000 0000
00000 0000 00000 0000 0000 0 0 00 00 00000 000 0000 0000 0000 0000 00000 000 0000 5000 00000 0000 000300
0 0 0 0 0000 00 00 0 0 08 0 0 0 0 00 0 0 0 0 0 0 000 00 00 0 0 00 40 00 090000 000 0000 000
000 000 0 0 02 0 0 00 00 0 0 00 007 0000 00 0000 00 0 000 00 0000 00 0 0 0000 00 000 00 0000 0010 0000
0 0 3 0 0000 00 00 0 0 00 0 0 0 0 00 0 0 0 0 0 0 000 00 00 0 0 00 00 00 000000 000 0000 000
000 000 0 0 00 0 0 00 09 0 0 00 000 0000 00 0000 00 0 000 00 0000 00 0 0 0000 00 000 00 0100 0000 0000
10000 0000 00000 0000 0000 0 0 00 02 00000 000 0000 0000 0000 0000 00000 000 0000 0000 00000 0000 000000
0 0 0 0 0000 00 00 0 0 00 0 0 0 0 00 0 0 0 0 0 0 000 00 00 0 0 00 00 00 000000 020 0000 000
00 000 0 0 00 0 0 00 00 0 0 00 000 0000 00 0000 00 0 000 00 0000 00 0 0 0200 02 000 00 0000 0000 0000
00000 0000 00000 0070 0000 0 0 00 00 00000 000 0000 9000 0000 0000 00000 000 0000 0000 00000 0000 000000
1 0 0 0 0000 00 00 0 0 02 0 0 0 0 00 0 0 0 0 0 0 000 00 00 0 0 00 00 00 000007 000 0000 000
000 000 0 0 00 0 0 00 00 0 0 00 000 0000 00 0000 00 0 000 00 0000 00 0 0 0000 00 000 00 0000 0000 0000
00000 0000 00000 0000 0000 0 0 00 00 02000 000 0000 0000 0000 0000 00000 000 0000 0000 00000 0000 000000
0 0 0 0 0000 00 00 0 0 00 0 0 0 0 00 0 0 0 0 0 0 900 00 00 0 0 80 00 00 000000 000 0000 700
000 000 0 0 00 0 0 00 00 0 0 80 000 0000 00 0000 00 0 000 00 0000 00 0 0 0000 00 000 00 0000 0000 0000
00000 0000 00000 0000 0000 0 0 00 00 00000 000 0000 0000 0000 0000 00000 000 0000 0000 00000 0000 000000
0 0 0 0 0000 00 00 0 0 00 0 0 0 0 00 0 0 0 0 0 0 900 00 00 0 0 00 00 00 000000 000 0000 000
100 000 0 0 00 0 0 00 00 8 0 00 000 0000 00 0000 00 0 900 00 0008 00 0 0 0000 00 000 00 0070 0000 0800
00000 0000 00000 0000 0000 0 0 70 00 00000 000 0000 0000 0000 0000 00000 000 0000 0000 00000 0000 000000
0 0 0 0 0000 00 00 0 0 00 0 0 0 0 00 0 0 0 0 0 0 000 00 00 0 0 00 00 00 000000 000 0000 000
000 000 0 0 10 0 2 00 00 0 0 00 000 0060 00 0000 00 0 000 00 0000 00 0 0 0000 00 000 00 0100 0000 0000
00000 0000 00000 0000 0000 0 0 00 00 00000 000 0000 0004 0060 0000 00000 000 0000 0000 00000 0000 000000
0 0 0 0 0000 00 00 0 0 00 0 0 0 0 00 0 0 0 0 0 0 000 00 00 0 0 00 00 00 000200 000 0000 000
000 000 0 0 00 0 0 00 00 0 0 00 000 0000 00 0000 00 0 007 00 0000 00 0 5 0000 10 000 00 0000 0000 0000
00000 0000 00000 0000 0000 0 0 00 00 00000 000 0000 0000 0000 0000 40000 000 0000 0000 00000 0000 000000
0 0 0 0 0000 00 00 0 0 00 0 0 0 0 20 0 0 0 0 0 0 900 00 00 0 0 00 00 00 700000 000 0000 000
000 000 0 0 00 4 0 00 07 0 0 09 000 0000 00 0000 00 0 000 00 0005 00 0 5 0000 00 000 00 0000 0000 9000
80000 0000 00000 0000 0000 0 0 00 00 00000 000 0000 0000 0000 0000 00000 000 0004 0000 00000 0000 000000
0 0 0 0 0000 00 00 0 0 00 0 0 9 0 00 0 0 0 0 0 0 000 00 00 0 0 00 00 00 000000 000 0000 000
000 000 0 0 00 0 0 00 00 0 2 00 000 0000 00 0000 00 0 000 00 0000 00 0 0 0009 00 000 00 0000 0000 0000
00000 0000 10000 0000 0000 0 0 00 08 00000 000 0900 0000 0000 0000 00000 000 0000 0000 00000 0000 000000
0 0 0 0 0000 00 00 0 5 00 0 0 0 0 00 0 0 0 0 0 0 000 00 00 9 0 00 00 00 000000 000 0000 000
003 080 0 0 00 0 0 00 80 0 0 00 000 0000 00 0000 00 0 000 00 0000 00 0 0 0000 00 000 10 0000 0000 0000
00000 0000 00000 0000 0000 0 0 00 00 00000 000 0000 0002 0000 0000 00000 000 0100 0000 00000 0000 000000
0 0 0 0 0000 00 00 0 0 00 0 0 0 0 00 0 0 0 0 0 0 000 00 00 0 0 00 00 00 000000 000 0000 000
000 000 0 0 00 0 0 00 00 0 0 02 000 0000 05 0000 00 0 000 00 0000 00 0 0 0000 00 000 00 0000 0000 0000
00010 0000 00000 0000 0000 0 0 00 00 00000 000 0000 0000 0010 0000 00000 000 0000 0000 00003 0000 000000
0 0 0 0 0020 00 00 0 0 02 0 0 0 0 00 0 0 0 0 0 0 000 00 09 0 0 00 00 00 000000 000 0000 000
000 000 0 0 00 0 0 00 00 0 0 00 000 0000 00 0000 00 0 000 00 0000 00 0 0 0000 00 000 00 0000 0000 0090
00000 0000 00000 0000 0001 0 0 00 00 00000 000 0000 0000 0000 0000 00000 000 0000 0000 00000 0000 000000
0 0 0 0 0000 00 00 0 0 00 0 0 0 0 00 0 0 0 0 0 0 000 00 00 0 0 00 00 00 000003 000 0000 000
00 000 0 0 00 0 2 00 00 0 0 00 000 0000 00 0000 00 0 000 00 0000 10 0 0 0000 00 005 00 0000 0000 0000
00000 5000 00000 0000 0000 0 0 00 00 00000 000 0000 0000 0000 0000 00000 000 0000 0000 00000 0000 000000
0 0 0 0 0003 00 00 0 0 00 0 0 0 0 00 0 0 0 0 0 0 000 00 00 0 0 00 00 00 000000 000 0000 000
000 003 0 0 00 0 0 00 00 0 0 00 000 0000 00 0000 02 2 000 00 0000 00 0 0 0000 00 000 00 0000 0000 0000
00000 0000 00200 0000 0000 0 0 00 00 00000 000 0000 0000 0000 0000 00000 000 0104 0000 00000 0000 000100
0 0 0 0 0000 00 00 0 0 00 0 0 0 0 00 0 0 0 0 0 0 000 10 00 0 0 04 00 00 000000 000 0000 700
000 000 0 0 00 0 0 00 00 0 0 00 000 0000 00 0000 00 0 000 00 0000 00 0 0 0000 00 080 00 0000 0000 0000
00010 0000 00200 0000 0000 0 0 00 00 00000 000 0000 0000 0000 0000 00000 000 0000 0000 00500 0000 000000
0 0 0 0 0000 80 00 0 0 04 4 0 0 0 00 0 2 0 0 0 0 000 00 00 0 0 00 00 60 000000 000 0000 000
000 000 0 0 00 0 0 10 00 0 0 00 000 0000 00 0000 00 0 000 00 0000 09 0 0 0000 00 000 00 0000 0000 0000
00000 0000 00000 0009 0000 0 0 00 00 00000 010 0000 0000 0002 0000 00000 000 0000 0090 00000 0000 000000
0 0 0 0 0000 00 00 0 0 00 0 0 0 0 00 0 0 0 0 0 0 900 00 00 0 0 00 00 03 000003 000 0000 000
000 000 0 0 00 6 0 00 00 0 1 00 007 0000 00 0000 00 0 000 00 0000 00 0 0 0000 00 000 00 0000 0000 0000
00000 0000 00000 0000 0000 0 0 00 70 00000 004 0000 0000 0000 0000 00000 000 0000 0000 00200 0000 000000
0 0 0 0 0000 00 00 0 0 00 0 0 0 0 00 0 0 0 0 0 0 000 00 00 0 0 00 00 00 000000 000 0000 000
000 000 0 0 00 0 0 00 00 0 0 00 000 0000 00 0004 00 0 000 00 0010 00 0 0 0000 00 000 00 0000 0000 0000
00000 0000 40000 0000 0000 0 0 00 00 00000 000 0000 0000 0000 0000 00000 000 0000 0000 00000 0000 000000
0 0 0 0 0000 00 00 0 0 00 0 0 0 0 00 0 0 0 0 0 0 000 00 00 0 0 00 00 00 000000 000 0000 000
000 000 0 0 00 8 0 00 00 0 0 00 000 0000 00 0000 00 0 000 00 0000 00 0 0 0000 00 000 50 0000 0000 0000
00000 0000 00000 0000 0000 0 0 00 00 00000 009 0000 0000 0000 0000 00000 000 0000 0000 00000 0000 000000
0 0 0 0 0000 00 00 5 0 00 0 0 0 0 00 0 0 0 0 0 0 000 00 00 0 0 00 00 00 000000 100 0100 000
000 000 0 0 00 0 0 00 00 0 0 00 000 0700 00 0000 00 0 000 00 0000 00 0 0 0000 00 000 00 0000 0000 0000
00000 1000 00090 0000 0000 0 0 00 00 00000 000 0000 0000 0000 0000 00000 000 0000 0000 00000 0000 000000
0 0 0 0 0000 40 00 0 0 00 0 0 0 0 00 0 0 0 0 0 0 010 00 00 0 0 00 00 00 001000 000 0000 000
000 000 0 0 00 0 0 00 00 0 0 00 000 0000 00 0000 00 0 000 00 0000 00 7 0 0000 00 000 00 0000 0000 0000
00000 0000 03000 0000 5009 0 0 00 00 00000 000 0000 0002 0000 0000 00000 000 0000 0000 00000 0000 000000
0 0 0 0 0000 00 00 0 0 00 0 0 0 0 00 0 5 0 0 0 0 000 00 80 0 0 00 00 00 000000 000 0000 000
000 000 0 0 00 0 0 00 00 0 0 00 000 0000 00 0000 00 0 000 00 0000 00 0 0 0000 00 000 00 0000 0000 0000
00000 0000 00000 0000 0009 0 0 00 90 00000 000 0000 0000 0000 0060 00000 000 0004 0000 00000 0000 020008
0 0 0 0 0000 00 00 0 0 00 0 0 0 0 00 0 0 0 0 0 0 000 00 00 0 0 00 00 00 000000 000 0000 000
000 000 0 0 00 0 0 00 00 0 0 00 000 0006 00 0000 00 0 000 00 0000 00 0 0 0000 00 000 00 0000 0000 0000
00000 0800 00000 0000 0000 0 0 00 00 00000 000 0000 0000 0000 0000 00000 000 0000 0000 00000 0000 000000
0 0 0 0 0000 00 00 0 5 00 0 0 0 0 00 0 0 0 0 0 0 000 00 00 0 0 00 00 90 000000 000 0000 000
00 002 0 0 00 0 0 00 00 0 0 00 000 0000 00 0000 00 0 000 00 0700 00 0 0 0200 00 000 00 0000 0000 0000
00000 0000 00000 0000 0000 0 0 00 00 30000 000 0000 0700 0000 0000 00000 000 0020 0002 00000 0000 005000
0 0 0 0 0000 00 00 0 0 00 0 0 0 7 00 0 0 0 0 0 0 000 00 00 0 0 00 00 00 000000 000 8000 000
000 000 0 0 00 0 0 00 00 0 1 00 000 0000 00 0000 00 0 000 00 0000 00 0 5 0000 12 000 00 0000 0000 0000
00000 0000 50000 0000 0000 0 0 00 00 00000 400 0000 0000 0000 0000 00000 000 0000 0000 00000 0000 000000
0 0 0 0 0000 00 00 0 0 00 0 0 0 0 00 8 0 0 0 0 0 000 00 00 0 0 00 00 00 000000 020 0000 000
000 000 0 0 00 0 0 00 00 0 0 00 000 0004 00 0000 00 5 000 00 0000 00 0 0 0000 00 000 00 0000 0000 0000
00000 0000 00000 0010 0000 0 0 00 00 00000 000 0000 0000 0010 0000 00000 000 0030 0000 00000 0000 000000
0 0 0 4 0000 00 00 0 0 00 0 2 0 0 00 0 0 0 0 0 0 000 00 00 0 0 00 00 00 000000 000 0000 000
000 000 0 0 00 0 0 10 00 0 0 00 000 0000 60 0200 00 0 000 00 0000 00 0 0 1000 00 000 00 0000 0000 0000
00000 0000 00000 0000 0000 0 0 00 00 00000 000 0000 0000 0000 0000 00000 000 0000 0000 00000 0000 000000
1 0 0 0 0000 00 00 0 0 00 0 0 0 0 00 0 0 0 0 0 0 700 00 05 0 0 00 00 00 000000 000 0000 000
000 000 0 0 00 0 0 00 00 0 0 08 000 0000 00 0000 00 0 000 00 0000 00 0 0 0000 00 000 00 0000 0000 0000
00000 0000 00000 0000 0000 0 0 02 00 00000 000 0000 0000 0000 0000 00000 000 0000 0000 00000 0100 000000
0 0 0 0 0000 00 00 0 0 60 0 0 0 0 00 0 0 0 0 0 0 000 00 00 0 0 00 00 00 090000 000 0000 800
020 000 0 0 00 0 0 00 00 0 0 00 000 0000 00 0000 00 0 000 00 0000 00 0 0 0000 00 000 00 0000 0000 8000
00000 0020 00000 0000 0000 0 0 00 00 00000 000 0000 0000 0000 0000 00000 000 0000 0000 00000 0000 000000
0 0 0 0 0000 00 00 0 0 00 0 0 0 0 00 0 0 1 0 0 0 000 00 05 0 0 00 00 00 800000 000 0000 000
000 000 0 0 00 0 0 00 80 0 0 00 000 0000 00 0000 00 0 000 00 0000 00 0 0 0000 00 000 00 0000 0000 0000
00000 0000 00000 0000 0000 0 0 00 00 00000 000 0000 0000 0000 0200 00000 000 9000 0000 00000 0000 001000
0 0 0 0 0000 07 02 0 0 00 0 0 0 0 00 4 0 0 0 0 0 000 00 00 0 0 00 00 00 000000 000 0000 000
090 000 0 9 00 6 0 00 00 0 0 00 000 0000 00 0000 00 0 000 00 0000 00 0 0 0000 00 000 00 0000 0000 0000
00000 0900 10000 0000 0000 0 0 00 00 00000 010 8000 0000 0000 0000 00000 000 0000 0000 00000 0000 000000
0 0 0 0 0000 00 00 0 0 00 0 0 0 0 00 0 0 0 4 0 0 000 00 00 0 0 00 00 00 000000 000 0000 000
100 000 0 0 00 0 0 00 00 0 0 00 000 0000 00 0000 00 0 000 00 0200 00 0 0 0000 00 000 00 0000 0000 0000
00000 0400 00000 0000 0000 0 0 00 08 00000 000 0002 0000 0000 0000 00000 000 0000 0000 00000 0000 000000
0 0 0 0 0000 00 00 0 0 00 0 0 0 0 00 0 0 0 0 0 0 000 00 00 0 0 00 00 00 000000 000 0000 000
000 000 0 0 00 0 2 00 00 0 0 04 000 0000 00 0000 00 0 000 00 0000 00 0 0 0200 00 000 00 0000 0000 0000
00000 0000 04000 8000 0000 0 0 00 00 00000 000 0000 0000 0000 0000 00000 000 0000 0000 00000 0000 000000
0 0 0 0 0000 00 00 0 0 00 0 0 0 0 00 0 0 0 0 0 0 000 00 00 0 0 00 00 00 000000 000 0000 000
000 000 0 0 00 0 0 00 00 0 0 00 000 0000 00 0000 00 0 000 00 0200 00 0 0 0000 02 000 00 0007 0000 0000
00000 0000 00000 0000 0000 0 0 00 00 00000 010 0010 0000 0000 0000 00000 000 0000 0000 00000 0000 000000
0 0 0 0 0000 00 00 0 0 00 0 0 0 0 00 0 0 0 0 0 0 000 00 00 0 8 00 00 00 000000 000 8000 000
00 000 0 0 00 0 1 00 00 0 0 00 090 0000 00 0000 00 0 000 00 0900 00 0 0 0000 00 000 00 0000 0000 0000
00000 0000 00000 0000 0000 0 0 00 00 00000 000 0000 0000 0000 0000 00000 000 0000 0300 00000 0000 000000
0 0 0 0 0000 40 00 0 0 00 0 7 0 0 00 0 0 0 0 0 0 000 00 00 0 0 00 00 00 000000 000 0000 000
000 000 0 0 00 0 0 00 00 0 0 00 000 0000 00 0000 10 0 000 01 0000 00 0 0 0000 06 000 00 0000 0000 0000
00007 0000 00000 0000 0000 0 0 00 00 00000 000 0000 0000 6000 0000 00000 000 0000 0000 00000 0000 000008
0 0 0 0 0000 00 00 5 0 00 0 0 0 0 00 9 0 0 0 0 0 000 00 00 0 0 00 00 00 000000 000 0000 000
000 000 0 0 00 0 0 00 00 0 0 00 000 0000 00 0060 00 0 000 00 0000 00 0 0 0000 00 000 00 0000 0000 0000
00000 0005 00000 0000 0000 0 0 00 00 00000 000 0000 0800 0000 0000 00000 006 0000 0000 00000 0000 000000
0 0 0 0 0000 00 00 0 0 00 0 0 0 0 00 0 0 0 0 0 0 000 00 00 0 0 00 00 00 000000 000 0000 000
006 005 0 0 00 0 0 00 00 0 0 00 000 0600 00 0000 00 0 080 00 0000 10 0 0 0000 00 000 05 0000 0000 0000
00000 0000 00000 0000 0000 0 0 00 00 00000 000 0000 0000 0000 0000 00000 000 0000 0000 00000 0000 000000
0 0 0 0 0000 00 00 0 0 00 0 0 0 0 00 0 0 0 0 0 0 900 00 00 0 0 00 00 00 000000 000 0000 000
000 000 0 0 00 0 0 00 00 0 0 00 000 0000 00 0000 00 0 000 00 0000 00 0 0 0000 02 000 00 0000 0000 0000
00070 0000 00000 0000 0000 0 5 00 00 00000 000 0000 0010 0000 0000 00000 000 0000 0000 00003 0000 000000
0 0 0 0 0000 00 00 0 0 00 0 0 0 0 00 0 0 0 0 0 0 000 00 05 0 0 00 00 00 000000 000 0000 000
000 000 0 0 00 0 0 00 00 0 0 00 000 0000 00 0000 00 0 000 00 0000 00 0 0 0000 00 070 00 0000 0000 0000
00003 0500 00000 0000 0000 0 0 00 00 00000 000 0000 0000 0000 0000 00000 000 0090 0010 00000 0000 100000
0 0 0 0 0000 00 00 0 0 00 0 0 0 0 00 0 0 0 0 0 0 000 00 00 0 0 00 00 00 000000 000 0000 000
000 700 0 0 00 0 0 00 00 0 0 00 000 0000 00 2000 00 0 000 00 0000 00 0 0 0000 00 000 00 0000 0000 0000
00000 0000 00000 0000 0000 0 0 00 00 00000 000 0000 0000 0000 0000 00000 000 0000 0000 00000 0000 000000
0 0 0 0 0020 00 00 0 0 00 0 2 0 0 00 0 0 0 0 0 0 000 00 00 0 0 00 00 00 000000 000 0000 008
000 000 0 0 09 0 0 00 80 0 0 00 000 0000 00 0000 00 0 000 00 0000 00 0 0 0000 00 000 00 0000 0000 0000
00000 0000 00000 0000 0000 0 0 00 00 00000 000 0000 0000 0000 0000 00000 000 0000 0000 00000 0000 000000
0 0 0 0 0000 00 00 0 0 00 0 0 0 0 00 0 0 0 0 0 0 000 03 00 0 0 00 00 00 000000 000 0000 000
000 000 0 0 00 0 0 00 00 0 0 00 000 0000 00 0000 00 0 000 00 0000 00 0 0 0000 00 060 00 0000 0800 0000
00000 0000 00000 0000 0030 0 0 00 00 00000 000 0000 0000 0000 0000 00000 000 0000 0000 00000 0000 000000
0 0 0 0 0000 00 00 0 0 00 0 0 0 0 00 0 0 0 0 0 0 000 00 00 6 0 04 00 00 000000 000 0000 000
000 000 0 0 00 0 0 00 00 0 0 00 000 0000 00 0000 00 0 010 00 0000 00 0 0 0060 00 000 00 0000 0000 0000
00000 0000 00000 0000 0000 0 0 00 00 00000 000 8000 0000 0000 0000 00000 000 0000 0000 00000 0000 000000
0 0 0 0 0000 00 00 0 0 00 3 0 0 0 00 0 0 0 0 0 0 000 00 00 0 0 00 00 07 000000 000 0000 000
000 000 0 0 00 0 0 00 00 0 0 00 000 0000 00 0000 00 0 000 00 0000 00 0 0 0000 00 000 00 0040 0000 0000
00000 0000 00000 0000 0000 0 0 00 00 00000 000 0000 0000 0000 0000 00000 000 0000 0000 00000 0000 000090
0 0 0 0 0000 00 00 0 0 00 0 0 0 0 00 0 0 0 0 0 0 080 00 00 0 0 00 00 00 000000 000 0000 000
00 000 0 0 00 0 0 00 00 0 0 00 000 0000 00 0014 00 0 000 00 0000 00 0 0 0000 00 000 00 0000 0000 0000
00000 0000 00000 0000 0000 0 0 00 00 00000 000 0000 0000 0000 0000 00000 000 0000 0000 00000 0000 000100
0 0 0 0 0020 00 00 0 0 00 0 0 0 0 00 0 0 0 0 0 0 000 00 00 0 0 00 00 00 000000 000 0003 000
000 000 0 0 00 0 0 00 80 0 0 00 000 0004 00 0000 00 0 000 00 0000 00 0 0 0000 00 000 00 0000 0000 0002
60000 0000 00000 0000 0000 0 0 00 00 00000 000 0000 0000 0000 0000 00000 000 0000 0000 00000 0000 000000
0 0 0 0 0000 00 00 0 0 00 0 0 0 0 00 0 0 0 0 0 0 000 00 00 0 0 20 00 00 000000 000 0003 000
040 000 0 0 00 0 0 00 00 0 0 00 000 0000 00 0000 00 0 000 00 0000 00 0 0 0000 00 000 00 0000 0002 0000
00010 0009 00000 0000 0000 0 0 00 00 02600 000 0000 0000 0000 0000 00000 000 0000 0000 00000 0000 005000
0 0 0 0 0000 00 00 0 0 00 0 0 0 0 00 0 0 0 0 0 0 000 00 00 0 0 00 00 00 000000 900 0000 000
000 000 0 0 00 0 0 00 00 0 0 00 000 1000 00 0300 00 0 000 00 0200 00 0 0 5000 00 000 00 2000 0000 0000
00000 0000 00000 0000 0100 0 0 00 00 00000 000 0000 0000 0000 0000 00000 000 0000 0000 00000 0000 000000
0 0 0 0 0000 00 00 0 0 00 0 0 0 0 00 0 0 0 0 0 0 008 00 00 0 0 00 00 00 000000 004 0000 006
000 000 0 0 00 0 0 00 80 0 0 00 000 0000 00 0000 00 0 000 00 0000 00 0 0 0000 00 000 00 0000 0000 0000
00000 0000 00000 0000 0000 0 0 00 00 00000 000 0000 0000 0200 0000 00000 000 0000 0000 00000 0100 000000
0 0 0 0 0000 00 00 0 0 00 0 0 0 0 00 0 0 0 0 0 0 000 06 00 0 0 00 00 00 000000 000 0000 000
000 000 0 0 00 0 0 00 00 0 0 00 000 0000 00 0000 00 0 000 10 0000 00 0 0 0000 00 000 00 0000 0000 0000
02000 0000 00000 0000 0000 0 0 00 00 00000 000 0000 7000 0000 0000 00000 000 6000 0000 00007 0000 000000
0 0 0 0 0000 00 10 0 0 00 9 0 0 0 00 0 0 0 0 5 0 000 00 00 0 0 00 00 00 000000 000 0000 000
000 000 0 0 00 0 0 00 00 0 0 00 000 0000 00 0000 00 0 000 00 0000 00 0 0 0000 00 000 00 0000 0000 0000
00000 0000 00000 0001 0000 0 0 00 00 00000 005 0000 0000 0000 0000 00000 000 0000 0000 00000 0000 000000
0 0 0 0 0000 00 00 0 0 00 0 0 0 0 00 0 2 0 0 0 0 000 00 00 0 0 00 00 00 000003 000 0000 000
000 000 0 0 00 0 3 00 00 0 1 00 000 1000 00 0000 00 0 900 00 0000 00 0 0 0000 00 000 00 0000 0000 0000
00000 0000 00000 0000 5000 0 0 00 00 00000 000 0000 0007 0000 0000 00000 000 0500 0000 00003 0000 000100
0 0 0 0 0000 00 00 0 0 00 0 0 0 0 08 0 0 0 0 0 0 000 00 00 0 0 00 00 00 000000 000 0090 000
000 000 0 0 00 0 0 00 00 0 0 80 000 0000 00 0000 00 0 000 00 0000 00 0 0 0000 00 000 00 0000 0000 0000
00000 0000 00000 0000 0000 0 0 00 09 00000 000 0000 0000 0005 0000 00000 000 0000 0000 00000 0000 000000
0 0 0 0 0000 00 00 0 0 00 0 0 0 0 00 0 0 0 0 0 0 000 00 00 0 0 00 00 00 000000 000 0000 000
000 000 0 0 00 0 0 00 00 0 0 00 000 0000 Ö0 0000 10 0 000 00 0000 00 0 0 0000 00 000 10 0000 0000 0000
00000 0100 00000 0000 0000 0 0 00 00 00100 000 0010 0000 0000 0000 00000 000 0000 0000 00000 0000 000100
0 0 0 0 0000 00 00 0 0 00 0 0 0 0 00 0 0 0 0 0 0 000 00 00 0 0 00 10 00 000000 000 0000 000
003 000 0 0 00 0 0 00 00 0 0 00 000 0000 00 0000 00 0 000 00 0000 00 0 0 0000 00 000 00 0000 0000 0900
00000 0000 00000 0000 0000 0 0 00 00 00000 000 0000 6000 0000 0000 00000 000 0000 0000 00000 0000 000000
0 0 0 0 0000 00 00 0 0 00 0 2 0 0 00 0 0 0 0 0 0 000 00 00 0 0 00 00 00 000000 000 0000 000
00 000 0 0 00 0 0 00 00 0 0 00 000 0000 00 0000 00 0 000 00 0000 00 0 0 0000 00 000 00 7000 0000 0000
00000 0000 00000 0000 0000 0 0 00 08 02000 000 0000 0000 0000 0000 00000 000 0000 0000 00000 0000 000000
0 0 0 0 0000 00 00 0 0 00 0 0 0 0 00 0 0 0 0 0 0 000 00 00 0 0 00 00 00 000000 000 0100 000
000 000 8 0 00 0 0 00 00 0 0 00 000 0000 00 0000 00 0 000 00 0000 00 0 0 0000 00 000 00 0000 0900 0000
00000 0000 00000 0000 0000 0 0 00 00 00000 000 0000 0000 0000 0000 00000 000 0000 0000 00000 0000 000000
0 0 0 0 0000 00 00 0 9 00 0 0 0 0 00 0 0 0 4 0 0 000 00 00 0 0 00 00 00 000000 000 2000 000
000 000 0 0 00 0 0 00 00 0 0 00 900 0000 00 0000 00 0 000 00 0000 00 0 0 0000 00 000 00 0000 0000 0000
00000 0000 00000 0000 0000 0 0 00 00 10000 000 0000 0000 0000 0000 00000 000 5000 0000 00000 0000 005000
0 0 0 0 0000 00 00 0 0 00 0 0 0 0 00 0 0 0 0 0 0 000 00 00 0 0 00 00 03 000060 000 0000 000
000 000 0 0 00 0 0 00 00 0 0 00 000 0000 00 0000 00 0 000 04 0000 00 0 0 0700 00 000 00 0000 0000 0000
00000 0000 00000 0002 0000 0 0 00 00 00002 000 0000 0000 0000 0000 00000 000 0000 0000 00000 0000 000000
0 0 0 0 0000 00 00 0 0 00 0 0 0 0 00 0 0 0 0 0 0 000 00 00 0 0 00 00 00 800000 000 0020 000
000 000 0 0 00 0 0 00 00 0 0 00 000 0000 00 2000 00 0 080 00 0008 00 0 0 0003 00 000 00 0000 6000 0000
00000 0000 00000 0000 0000 0 0 00 00 00000 000 0000 0000 0000 0000 00000 000 0000 0000 00000 0000 000000
0 0 0 8 0000 00 00 0 0 00 0 0 0 0 00 0 0 0 0 5 0 000 00 00 0 0 00 00 00 000020 000 0000 000
000 000 0 0 00 0 0 00 00 0 0 00 000 0000 00 0000 00 0 000 00 0000 00 0 0 0000 00 000 00 0000 0000 0000
00000 0000 00000 0000 0000 0 0 00 00 00000 000 0000 0000 0000 0000 00010 020 0000 0002 00000 0100 000000
0 0 0 4 0000 00 00 0 0 00 0 0 0 0 00 0 0 0 0 0 0 000 00 00 0 0 00 00 00 000000 000 0000 000
000 000 0 0 00 0 0 00 00 0 0 00 000 0000 00 0000 00 0 010 00 0000 00 0 0 0700 00 000 00 0700 0000 0000
00000 0030 00000 0000 0000 0 0 00 00 00000 000 0000 0000 0000 0000 00000 000 0000 0000 00000 0000 000000
0 0 0 0 5000 00 00 0 0 00 0 2 0 0 00 0 0 0 0 0 0 000 00 00 0 0 00 00 00 000000 020 0000 000
000 100 0 0 00 0 0 02 00 0 0 00 000 1400 00 0000 00 0 000 00 0000 00 0 0 0000 00 000 00 0000 0000 0000
00000 0000 00000 0000 0000 0 8 00 00 00000 000 0000 0000 0000 0000 00009 000 0000 0000 00000 0000 100000
0 0 0 0 0000 00 00 0 0 00 0 0 0 0 00 0 0 0 0 5 0 010 00 00 0 0 05 00 00 000000 000 0000 000
000 000 0 0 00 0 0 00 00 0 0 00 000 0000 09 0000 00 0 000 00 0000 00 0 5 0000 00 000 00 0005 0000 0000
00000 0000 00000 0000 0000 0 0 00 00 00000 000 0000 0000 0005 0000 00000 000 0000 0000 00000 1000 000000
0 0 0 0 0000 00 00 0 0 00 6 0 0 0 00 0 0 0 0 0 0 000 00 00 0 0 00 00 00 000200 000 0000 000
000 000 0 0 00 0 0 00 00 0 0 00 000 0000 00 0300 00 0 000 00 0005 00 0 0 0000 00 000 00 0000 0000 0010
00000 0000 00000 0000 0000 0 0 00 00 00000 000 0000 0000 0000 0000 00000 000 0000 0000 00010 0000 000000
0 0 0 0 0000 00 00 0 0 00 0 0 0 0 00 0 0 0 0 0 0 000 00 00 0 0 00 00 00 000000 000 0000 000
000 000 0 0 00 0 0 00 00 0 0 00 000 0010 00 0000 00 0 000 00 0000 00 0 0 0000 00 000 00 0000 0000 0000
00000 0000 00000 0000 0000 0 0 00 00 00000 000 0000 0000 0000 0000 00007 020 0000 0000 00000 0000 000000
0 0 0 0 0000 00 00 0 0 00 0 0 0 0 00 0 0 0 0 0 0 000 80 00 0 0 00 00 00 000000 000 0000 000
00 000 0 0 00 0 0 00 00 0 0 00 900 0004 00 0000 00 0 000 00 0000 00 0 0 0000 00 000 00 0000 0000 0000
00000 0000 00000 0000 0000 0 0 00 00 02000 010 0000 0000 0000 0000 10000 000 0000 0000 00000 0000 000000
0 0 0 0 0040 00 00 0 0 00 0 0 0 0 00 0 0 0 0 0 0 000 00 00 0 0 00 00 00 000000 000 0000 000
053 000 0 0 00 0 0 00 00 0 0 00 000 0000 05 0000 00 0 000 00 0005 00 0 0 0000 02 000 00 0000 0000 0900
00000 0000 00000 0000 0000 0 0 00 00 00000 000 0000 0002 0000 0000 00000 000 0000 0000 00000 0000 000000
0 0 0 0 0000 00 00 0 0 00 0 0 0 0 00 4 0 0 0 0 0 050 00 00 0 0 00 00 00 000000 000 0000 000
000 000 0 0 00 0 0 00 00 0 0 00 000 0004 03 0000 00 0 000 00 0000 00 3 0 0000 00 000 05 0000 0000 0000
00000 0000 00000 0000 0000 0 0 00 00 60000 000 0000 0000 0000 0000 00000 000 0007 0000 00000 0000 000000
0 0 0 0 0000 80 00 0 0 00 0 0 0 0 00 0 0 0 0 0 0 000 00 00 0 0 00 00 00 000000 000 0000 007
006 000 0 0 00 0 0 00 00 0 0 80 000 0000 00 0000 00 0 000 00 0000 00 0 0 0000 00 000 00 0000 0000 0000
00000 0000 00000 0000 0000 0 0 80 00 00000 000 0000 0000 0000 0000 00000 000 0100 0000 00000 0000 000000
0 0 0 0 0000 00 00 0 0 00 0 0 0 0 00 0 0 0 0 0 0 000 00 00 0 0 00 02 00 000000 000 0000 000
000 000 0 0 00 0 0 00 00 0 0 00 000 0000 00 0000 00 0 000 00 0005 00 0 0 0000 00 000 00 0000 0000 0000
00000 0000 00000 0000 0000 0 0 00 00 00000 000 0000 0000 0000 0000 00000 000 0000 0000 00000 0003 000000
0 0 0 0 0000 00 00 0 0 00 0 0 0 0 00 9 0 0 0 0 0 000 00 00 0 0 00 00 00 880000 000 0000 000
000 000 0 0 00 0 0 00 00 0 0 00 000 0000 00 0000 00 0 400 00 0000 00 0 0 0200 00 000 00 0000 0000 0000
00000 0000 00000 0000 0000 0 0 00 00 00000 000 0000 0010 0000 0000 00000 000 0000 0000 00000 0000 000000
0 0 0 4 0000 00 00 0 0 00 0 0 0 7 00 0 0 0 0 0 0 000 00 00 0 0 00 00 00 000000 000 0100 000
000 000 0 0 00 0 0 00 00 0 8 00 050 0200 00 0000 00 0 000 00 0000 00 0 0 0200 00 000 00 0000 0000 0000
00000 0000 00000 0000 0000 0 0 00 08 00000 000 0000 0000 0000 0000 00000 000 0000 0000 00000 0000 000000
0 0 0 0 0020 00 00 0 0 00 0 0 0 0 00 0 0 0 4 0 1 000 00 00 0 0 00 00 00 000000 800 0000 000
000 000 0 0 00 0 0 00 00 0 0 00 000 0000 00 0000 00 0 000 00 0000 00 0 0 0000 00 400 00 0000 0000 0000
00080 0000 00000 9000 0000 0 0 00 00 02000 000 0000 0000 0000 0000 00000 000 0000 0000 00000 0000 000000
0 0 0 0 0000 00 00 0 0 00 0 0 0 0 00 0 0 0 0 0 0 000 00 00 0 0 00 00 00 000000 000 0000 000
000 000 0 0 00 0 0 00 00 3 0 00 000 0000 00 0300 00 0 000 00 0000 00 0 0 0000 00 000 00 0000 0000 0000
00000 0000 00000 8000 0000 0 0 00 00 00000 000 0000 0000 0000 0010 00000 000 0000 0000 00000 0000 000000
0 0 0 0 0000 00 00 0 0 80 0 0 0 0 00 0 0 0 0 0 0 000 00 00 0 0 00 00 00 000000 000 0003 000
000 000 0 0 00 0 0 00 00 0 0 00 000 0000 00 0000 00 0 000 00 0000 00 0 0 0000 00 000 00 0000 0000 0000
00000 0000 00000 0000 0000 0 0 00 00 00000 000 0000 0800 0000 0000 00000 000 0000 0000 00003 0000 000000
0 0 0 0 0060 00 00 0 0 12 0 0 0 0 00 0 0 0 0 0 0 000 00 00 0 0 00 00 00 000000 000 0000 000
000 000 0 0 00 0 0 00 00 0 0 00 000 0200 00 0000 00 0 000 00 0000 00 0 0 0000 00 000 00 0000 0000 0000
00000 0000 00000 0000 0000 0 0 00 00 00000 000 0000 0062 0000 0000 00000 000 0000 0000 00000 0000 000009
0 0 0 4 0000 00 00 0 0 00 0 0 0 0 00 0 0 0 0 0 0 000 00 00 0 0 00 00 00 000000 000 0000 500
00 000 0 0 00 0 0 00 00 0 0 00 000 0000 00 0000 00 0 000 00 0000 00 3 0 0000 00 000 00 0000 7000 0000
08000 0000 00000 0000 0000 0 0 00 00 00000 000 0000 0000 0000 0000 00000 000 0000 0000 00000 0000 000000
0 0 0 0 0000 07 00 1 0 00 0 0 0 0 00 0 0 0 0 0 0 000 00 00 0 0 00 00 00 000000 000 0000 000
000 000 0 0 00 0 0 00 00 0 0 00 000 0000 00 0000 00 0 000 00 0000 00 0 0 0000 00 000 00 0000 0000 0010
00000 0000 00000 0000 0009 0 0 00 00 00000 800 0000 0000 0000 0000 00000 000 0000 0000 00000 0000 000200
0 0 0 0 0000 00 00 0 0 00 0 0 0 0 00 0 0 0 0 0 0 000 00 00 0 0 00 00 00 000000 100 0000 000
000 000 0 0 00 0 0 00 00 0 0 00 000 0000 00 0000 00 0 000 10 0000 00 0 0 0000 00 000 00 0005 0700 0000
00000 0000 00000 0000 0000 0 0 00 00 00000 000 0000 0000 0090 0000 00000 000 0000 0000 00000 0000 000000
0 0 0 0 0000 00 00 0 0 00 0 0 0 0 00 0 0 1 0 0 0 000 00 06 0 0 00 00 00 000000 000 0000 000
000 000 0 0 00 0 0 00 00 0 0 00 000 0000 00 0000 00 0 002 00 0000 00 0 0 0000 00 000 00 0000 0000 0000
00000 0000 00000 0000 0000 0 0 00 00 00000 000 0000 0000 0000 0000 00000 000 0004 0000 00000 0000 000090
0 0 0 0 0000 00 12 0 0 00 0 0 0 0 00 0 0 0 0 0 0 000 00 00 0 0 00 00 20 000000 000 8000 000
004 000 0 0 00 0 0 00 00 0 1 00 007 0000 00 0000 00 0 000 00 0000 00 0 0 0000 00 000 00 0000 0000 0002
00000 0000 00000 0000 0000 0 0 00 00 00000 000 0000 0000 0000 0000 10000 000 0000 0000 00000 0050 000000
0 0 0 0 0000 00 00 0 0 10 9 0 0 0 00 0 0 0 0 0 0 000 00 00 0 0 00 00 00 000000 000 0000 550
000 000 0 0 00 0 0 00 00 0 0 00 000 0000 00 0000 00 0 000 00 0005 00 0 0 0000 00 000 00 0000 0000 0000
00000 0000 00000 0000 0000 0 0 00 00 00000 000 0000 0000 0000 0000 00000 000 0000 0000 00000 0000 000000
0 0 0 0 0000 00 02 0 0 00 0 0 0 0 00 0 0 0 0 0 0 000 00 05 0 0 00 00 00 000000 000 0000 000
000 000 0 0 00 0 0 00 00 0 0 02 000 0000 00 0000 00 0 000 00 0000 00 0 0 0070 00 000 00 0000 0700 0000
00000 0000 00000 0000 0020 0 0 00 00 00000 000 0000 0000 0000 0000 00000 000 0800 0002 00000 0000 000000
0 0 0 0 0000 00 00 0 0 00 0 0 0 0 00 0 0 0 0 0 0 000 00 40 0 0 00 00 00 000000 000 0000 000
000 000 0 0 00 0 0 00 00 0 0 00 000 0000 00 0000 00 0 010 00 0000 00 0 0 0000 00 000 00 0000 0000 0000
00003 0000 00000 0000 0000 0 0 00 00 00000 000 0000 0000 0000 0000 00000 000 0000 0000 00000 0100 000000
0 0 0 0 0000 00 00 0 2 00 0 0 0 0 00 0 0 0 0 0 0 900 00 00 0 0 00 00 00 000000 000 0000 000
000 000 0 0 00 0 0 05 00 0 0 00 080 0000 00 0000 00 0 000 00 0000 00 0 0 0000 00 000 00 0000 0000 0000
00000 0000 00000 0000 0000 0 0 00 00 00000 000 0010 0008 0000 0000 00000 000 0000 0000 00000 0000 000000
0 0 0 0 5000 00 00 0 0 00 0 0 0 0 00 0 0 0 0 0 0 000 00 00 0 0 00 00 00 000000 020 0000 000
000 000 0 0 00 0 0 02 00 0 0 00 000 0000 00 0000 00 0 000 10 0000 00 0 0 0000 00 000 00 0000 0000 0000
00000 0000 00000 0000 0000 0 0 00 00 00000 000 0000 0000 0005 0000 00005 000 0000 0000 00000 1000 000000

00000 0000 00000 0000 0000 0 0 00 90 00000 000 0000 0000 0000 5000 00000 000 0000 0000 00000 0000 000000
0 0 0 0 0000 00 00 0 0 00 0 0 0 0 00 0 0 0 0 0 0 000 10 00 0 0 00 00 00 090000 000 0000 600
000 000 0 0 00 0 0 00 00 0 0 00 000 0005 00 0300 00 0 000 00 0000 00 0 0 0000 00 000 00 0000 0010 0000
00000 0000 00000 0000 0000 0 0 00 00 00000 000 0000 0000 0000 0010 00000 000 0000 0000 00000 0000 000000
1 0 0 0 0000 00 00 0 0 00 0 0 0 0 00 0 0 0 0 0 0 000 00 00 0 0 00 00 00 000000 000 0000 050
00 000 0 0 00 0 0 00 00 0 0 00 080 0000 00 0000 00 0 000 04 0000 00 0 0 0000 00 000 00 0000 0000 0000
00000 0000 00000 0000 0000 0 0 00 00 00000 000 0000 0000 0000 0000 00000 000 0000 0000 00000 0000 000008
0 0 0 0 0000 40 00 0 0 00 0 0 0 0 00 0 0 0 0 0 0 010 00 00 0 0 04 00 00 000000 000 0100 000
000 000 0 0 00 0 0 00 00 0 0 00 000 0000 00 0000 00 0 000 00 0000 00 0 0 0000 00 000 00 0000 0000 0000
00000 0000 00203 0000 0000 0 0 00 90 00000 000 0900 0000 0000 0000 00000 000 0000 0000 00000 0000 000000
0 0 3 0 0000 00 00 0 0 00 0 0 0 0 00 0 0 0 0 0 0 000 00 00 0 0 00 00 00 000000 090 0000 000
000 000 0 0 00 0 0 00 00 0 0 00 000 0000 00 0000 00 4 000 00 0006 00 0 0 0000 00 000 00 0000 0000 0005
00000 0000 00000 0009 0000 0 0 00 00 00002 000 0000 0000 0000 0000 00000 004 0000 0000 00000 0000 000000
0 0 0 0 0000 00 00 0 0 00 0 2 0 0 00 0 0 0 0 0 0 000 00 00 0 0 00 00 00 000000 000 0000 000
000 000 0 0 00 8 0 00 00 0 0 00 000 0000 00 0000 00 0 000 00 0200 00 0 0 0000 00 000 00 0000 0000 0000
00003 0800 00000 0000 0000 0 0 00 00 00000 000 0000 0000 0000 0000 00000 000 0030 0000 00000 0000 000000
0 0 0 0 0000 00 00 0 0 00 0 0 0 0 00 0 0 0 0 0 0 000 00 00 0 0 00 00 00 000000 100 0000 000
000 000 0 0 00 0 0 00 00 0 0 00 000 0000 00 0000 00 0 000 00 0000 00 0 0 0000 00 000 00 0000 0000 0000
00000000 000000
0 2 0 0 0000 00 00 0 0 00 0 0 0 0 00 0 0 0 0 0 0 000 32 00 0 0 04 02 00 009000 000 0000 006
020 000 0 0 00 0 0 00 00 0 0 00 000 0000 00 0000 00 0 000 00 0060 00 0 0 0000 00 000 00 0000 0000 0000
00000 0000 00000 0000 0000 0 0 00 00 00000 000 0000 0000 0000 0010 00000 000 0000 0000 00000 0000 000000
0 0 0 0 0000 00 00 0 0 00 0 0 0 0 00 0 0 0 0 0 0 000 00 00 0 0 00 00 00 000000 000 0000 000
000 000 0 0 00 0 0 00 00 0 0 00 000 0000 00 0000 00 0 000 00 0000 00 0 0 0000 00 000 00 0000 0000 0000
00000 0000 00000 0008 0000 0 0 00 00 00900 000 0000 0000 0000 0000 00000 000 0000 0000 00000 0000 000000
0 0 0 4 0000 00 00 0 0 00 0 0 0 0 00 0 0 0 0 0 0 000 00 00 0 0 00 00 00 000000 020 0000 000
000 000 0 0 00 0 0 00 00 0 0 00 000 0000 00 0000 00 0 000 00 0000 00 0 0 0000 00 000 00 0000 0000 0000
00000 0000 00000 0000 0000 0 5 00 00 00000 040 0000 0000 0000 0000 00000 000 0000 0000 00000 0000 200000
0 0 0 0 0000 00 00 0 0 00 0 0 0 0 00 0 0 0 0 0 0 000 00 00 0 6 00 00 00 000000 100 0000 000
50 000 0 0 00 0 0 00 00 0 0 00 000 0000 00 0000 00 0 000 00 0210 00 0 0 0000 00 000 00 0000 0000 0000
00000 0000 00005 0000 0000 0 0 00 00 00000 000 0000 0000 0000 0000 00000 000 0000 0902 00000 0000 000000
0 0 0 0 5000 00 00 0 0 00 0 0 0 0 00 0 0 0 0 0 0 000 00 00 0 0 00 00 00 000000 000 0000 090
000 000 0 0 00 0 0 00 00 5 0 00 000 0000 00 0000 80 0 000 00 0000 00 0 0 0000 00 000 00 0000 0000 0000
00400 0000 00000 0000 0020 0 0 00 00 00000 000 0010 0000 0000 0000 00005 000 0000 0000 00000 0000 000000
0 0 0 0 0000 00 00 0 0 00 0 0 0 0 00 0 0 1 0 0 0 000 00 00 0 0 00 00 00 000000 000 0000 000
000 003 0 0 00 0 0 00 00 0 0 00 000 0000 00 0000 00 0 000 00 4000 00 0 0 0000 00 000 00 0000 0700 0000
00000 0000 00000 0000 0000 0 0 00 00 00000 010 0000 0000 0000 0000 00000 000 0009 0000 00000 0000 000000
0 0 0 0 0000 00 00 0 0 00 0 0 0 0 00 0 0 0 0 0 0 000 00 00 0 0 00 00 00 000000 000 0000 006
000 000 0 0 00 0 0 00 00 0 0 00 000 0000 00 0000 00 0 000 00 0000 00 0 0 0000 00 000 00 0000 0700 0000
00000 0000 00000 8000 0000 0 0 00 00 00000 000 0000 0000 0000 0000 00000 000 0000 0000 03000 0000 000000
0 2 0 0 0000 00 70 3 0 00 0 0 0 0 00 0 0 0 0 0 0 000 00 00 0 0 00 00 00 000000 000 8000 000
000 000 0 0 00 0 0 00 00 0 0 00 000 0000 00 0000 00 0 000 00 0000 00 0 0 0080 00 000 00 0000 0000 0000
00000 0000 00000 0000 0000 0 0 00 00 00000 500 0000 0000 0000 0010 00000 000 0004 0000 00000 0000 000000
0 0 0 0 0000 00 00 0 0 60 0 2 0 0 00 0 0 0 0 0 0 000 10 00 0 0 00 00 00 000000 004 0000 000
000 000 0 0 00 0 0 00 00 0 0 00 000 0000 00 0000 00 0 000 00 0000 00 0 0 0000 00 000 00 0005 0000 0000
00000 1000 00000 0000 0000 0 0 00 00 00000 000 0000 0000 0000 0000 00000 000 0000 0000 00000 0000 000003
0 0 0 0 0000 00 00 0 0 00 0 0 0 0 00 0 0 0 0 0 0 000 00 00 0 0 00 00 00 000000 000 0000 000
000 000 0 0 00 0 0 00 00 0 0 00 000 0000 00 0000 00 0 000 00 0000 00 0 0 0000 00 000 00 9000 0000 0000
00000 0000 00000 0000 0020 0 0 00 00 00000 000 0000 0000 0000 0003 00000 000 0000 0300 00000 0050 000000
0 0 0 0 0000 00 00 5 0 00 0 0 0 0 00 0 0 0 0 0 0 000 00 00 0 0 00 00 00 000000 000 0000 000
000 000 0 0 00 0 0 00 00 0 0 00 000 0000 00 0000 00 0 000 00 0000 00 3 0 0000 00 000 00 0000 0000 0000
00000 0000 00060 0000 0000 0 0 00 00 00000 000 0000 0050 0000 0000 00000 000 0000 0000 00003 0100 000000
0 0 0 0 0000 00 00 0 0 10 0 0 0 0 00 0 0 0 0 0 0 000 00 00 0 0 00 00 00 000000 000 0000 000
000 000 0 0 00 0 0 00 00 0 0 00 000 0000 00 0010 00 0 000 00 0000 00 0 0 0800 02 000 00 0000 0000 0000
00000 0000 00000 9000 0000 0 0 00 00 00000 000 0000 0000 0000 0000 00000 000 0000 0000 00000 0000 000000
0 0 0 0 0000 00 00 0 0 00 0 0 0 0 20 0 0 0 0 0 0 000 00 00 0 0 00 00 00 000000 000 0000 000
000 000 0 0 00 0 0 00 00 8 0 00 000 0000 00 0000 00 0 000 00 0010 00 0 0 0000 00 000 00 0000 0000 0000
00000 0000 00008 0000 0000 0 0 00 00 00000 000 0000 1000 0000 0000 00000 000 0000 0000 00000 0100 000800
0 0 0 0 0000 00 00 0 0 00 0 0 0 0 00 0 0 0 4 0 0 000 00 00 0 0 00 00 00 000000 000 0000 000
000 000 0 0 00 0 0 80 00 0 0 00 005 0000 05 0000 00 0 000 00 0000 00 0 0 0000 00 000 00 0005 0000 0000
00000 0000 00000 0000 0000 0 0 00 00 00000 000 0000 0000 0000 0000 00000 000 0000 0000 00000 0000 000000
0 0 0 0 0000 05 00 0 0 00 0 0 0 0 00 0 0 0 0 0 0 000 00 00 0 0 00 00 00 800000 070 0000 000
00 040 0 0 00 0 0 10 00 0 0 00 000 0000 00 0000 00 0 000 00 0000 00 0 0 0000 00 000 00 0000 0000 0000
00000 0000 00000 0000 0000 0 0 00 00 00000 000 0000 0000 0000 0000 00000 000 0000 0000 00000 0050 000000
0 0 0 0 0000 00 00 0 0 00 0 0 0 0 00 0 0 0 0 0 0 000 00 00 0 0 00 00 00 000000 100 0000 000
000 000 0 0 00 0 0 00 00 0 0 00 000 0000 00 0004 00 0 000 00 0000 00 0 0 0000 00 000 00 0000 0000 0000
00000 0000 00000 0000 0000 0 0 00 00 00000 040 0000 0000 0008 0000 00000 000 0000 0000 00000 0000 050000
0 0 0 0 0000 00 00 0 0 00 0 0 0 0 00 0 0 0 0 0 0 000 00 00 0 8 00 00 00 000000 000 0090 000
000 000 0 0 00 0 0 00 00 0 0 00 000 0000 10 0000 00 0 000 00 0000 00 0 0 0000 00 000 00 0000 0000 0000
00000 0000 00000 0000 0000 0 0 00 00 00000 000 0000 0000 0000 0000 00010 000 0100 0000 00000 0000 000000
0 0 0 0 0000 00 00 0 0 00 0 0 0 0 00 0 0 0 4 0 0 000 00 00 0 0 00 10 00 000000 000 0000 000
000 000 0 0 00 0 0 00 00 0 0 00 000 0076 00 0000 00 0 000 00 0000 00 0 0 0000 00 000 00 0000 0700 0000
00000 0000 00000 8600 0000 0 0 00 00 00000 000 0000 0000 0000 0010 00000 000 0000 0000 00000 0000 000000
0 0 0 0 0000 00 00 0 0 00 0 0 0 0 00 0 0 0 0 0 0 000 00 00 0 0 00 00 00 000009 000 0000 000
000 000 0 0 00 0 0 00 00 0 0 00 000 0000 00 0000 00 0 000 00 0000 00 0 0 0000 00 000 00 0000 0002 0000
00000 0000 00000 0000 0000 0 0 00 00 00000 000 0010 0000 0000 0010 00000 000 0000 0000 00000 0000 000000
0 0 0 0 0000 00 00 0 0 00 0 0 0 0 20 0 0 0 0 0 0 000 00 00 0 0 00 00 00 000200 000 0000 000
000 000 0 0 00 5 0 00 09 0 0 00 000 0050 00 0000 00 0 000 00 0000 00 0 0 0000 00 000 00 0000 0000 0000
00000 0000 00000 0000 0000 0 0 00 00 00000 000 0000 0000 0000 0000 00000 000 0000 0000 80000 0000 000000
0 0 0 4 0000 00 02 0 0 00 0 0 0 0 00 0 0 0 0 0 0 000 00 00 0 0 00 00 00 000000 000 0000 000
000 000 0 0 03 8 0 00 00 0 0 00 800 0000 00 0000 00 0 000 00 0000 00 0 0 0000 00 010 00 0000 0000 0010
00000 1000 00000 0000 0000 0 0 80 00 00100 000 0000 0000 0000 0000 00000 000 0000 0000 00000 0000 000000
0 0 0 0 0000 00 00 0 0 00 0 0 0 0 00 0 0 0 0 0 0 000 60 00 0 0 00 00 00 000000 000 0000 000
000 000 0 0 00 0 0 00 00 0 0 00 000 0000 00 0000 00 0 000 00 0000 00 0 0 0000 00 000 00 9000 0000 0000
00000 0000 00000 0000 0000 3 0 00 00 00000 000 0000 0000 0000 0000 00000 000 0000 0000 00000 0000 000000
0 0 0 0 0020 00 00 0 0 00 0 0 0 0 00 0 0 0 0 0 0 000 00 00 0 0 00 00 00 000000 000 0000 000
000 000 0 0 00 0 0 02 00 0 0 70 000 0000 00 0000 00 0 000 00 0000 00 0 0 0200 00 000 00 0000 0700 0000
07000 0000 00000 0000 0000 0 0 00 00 00000 000 0000 0010 0000 0000 00000 000 0000 0000 00000 0000 000000
0 0 0 0 0000 00 00 3 4 00 0 0 0 0 00 0 0 0 0 0 0 000 00 00 0 0 00 00 00 000000 100 0000 000
000 000 0 0 00 0 0 00 70 0 0 00 000 0000 00 0000 00 0 000 00 0000 00 0 0 1000 00 000 00 0000 0000 0000
00000 0000 00000 0000 0000 3 0 00 00 00000 000 0000 0000 0000 0000 00000 000 0000 0000 00000 0000 000090
0 0 0 0 0000 00 02 0 0 00 0 0 0 0 00 0 0 0 0 0 0 000 00 00 0 0 00 00 00 000000 000 0000 000
100 000 0 0 00 0 0 00 00 0 0 00 000 0000 00 0000 00 0 000 00 0000 00 0 0 0000 00 000 00 0000 0000 0000
00000 0000 00000 0000 0000 0 0 00 00 00002 000 0010 0000 0000 0000 00000 000 0000 0000 00000 0000 000000
0 0 0 0 0003 00 00 0 0 00 0 0 0 0 00 0 0 0 0 0 0 000 06 00 0 0 00 00 00 000000 024 0000 000
00 000 5 0 00 0 0 00 80 0 0 00 000 0000 00 0000 10 0 000 00 0000 00 0 0 0000 00 000 00 0000 0000 0000
00000 0000 00200 0000 0000 0 0 00 00 00020 000 0000 0000 0000 0000 00000 000 0000 0000 00000 0000 000009
0 0 0 0 0000 00 00 0 0 00 0 0 0 1 20 0 0 0 0 0 0 000 00 00 0 0 00 00 00 000000 000 0000 000
000 000 5 0 00 0 0 00 00 0 0 00 000 0000 00 0000 00 0 000 00 0000 00 0 0 0000 00 000 00 0000 0000 0000
00000 0000 00000 0000 0000 0 0 00 00 00000 000 8000 0000 0000 0000 00000 000 0000 0000 00000 0000 000000
0 0 0 0 0000 80 00 0 0 00 0 0 0 0 00 0 0 0 0 0 0 000 00 00 0 0 00 00 00 000000 000 0000 000
000 000 0 0 00 0 0 10 00 0 0 00 000 0000 00 0000 00 0 000 00 0000 00 0 0 0000 00 000 00 0000 0000 0000
00000 0000 00005 8000 0000 0 0 00 00 02000 000 0000 0000 0000 0000 00000 000 0000 0000 00000 0000 000000
0 0 0 0 0000 00 00 0 0 00 0 0 0 0 00 0 0 0 0 0 0 000 00 00 0 0 00 00 00 000000 000 0000 000
060 000 0 0 00 0 0 10 00 0 0 00 000 0200 00 0000 00 0 002 00 0000 00 0 0 0000 00 000 00 0000 0000 0000
00003 0000 00000 0000 0000 0 0 00 00 00000 000 0000 0000 0000 0000 00000 000 0007 0000 00000 0000 000000
0 0 0 0 0000 00 00 0 0 10 0 0 0 0 00 0 0 0 0 0 0 000 00 00 0 0 00 00 00 000000 000 0000 000
000 000 0 0 30 0 0 00 00 0 0 00 000 0000 00 0000 00 0 000 00 0000 00 0 0 0000 00 000 00 0000 0000 0002
00000 0000 00000 0000 0000 0 0 00 00 00000 000 0000 0000 0000 0000 00000 000 0000 0000 00000 0000 000000
0 0 0 0 0000 00 00 0 0 00 0 0 0 0 00 0 0 0 0 0 1 007 00 00 0 0 00 00 00 000000 000 0000 000
000 000 0 0 00 0 0 00 00 0 0 00 000 0000 00 0004 00 0 000 00 0000 00 0 0 0000 00 000 05 0000 0000 0000
00000 0000 00000 0000 0000 0 0 00 00 00000 000 0002 0000 1000 0000 02000 000 0000 0010 00000 0000 000000
0 0 0 0 0000 00 00 0 0 00 0 0 0 0 00 0 0 0 0 0 0 000 00 00 0 0 00 00 00 000000 000 0000 000
000 000 0 0 00 0 0 00 00 0 0 00 000 0000 00 0000 00 0 000 04 0000 00 0 0 0000 00 000 00 0090 0000 0000
00000 0000 00060 0000 0000 0 0 00 00 00000 000 0000 0000 0000 0000 00090 000 0000 0000 00000 0000 070000
0 0 0 0 0003 00 00 0 0 00 0 0 0 0 00 0 0 0 0 0 0 000 00 00 0 0 00 00 00 000000 000 8000 000
000 000 0 0 00 0 0 00 00 0 0 00 000 0000 00 0000 00 0 000 00 0070 00 0 0 3880 00 000 02 0000 0000 0000
00000 0000 00000 0000 0000 0 0 00 00 00000 000 0000 0090 0000 0000 00000 000 0000 0000 00010 0000 000000
0 0 0 0 0000 00 00 0 0 00 9 0 0 0 00 0 0 0 0 0 0 000 00 00 0 0 00 00 00 000000 000 0000 000
000 000 0 0 00 0 0 00 00 0 0 00 000 0000 00 0000 00 0 000 00 0010 00 0 0 0800 00 000 00 0000 0000 0002
00000 0100 00015 0000 0000 0 0 00 00 00000 000 0000 0000 0000 0600 00000 000 0000 0000 00000 0000 000000
0 0 0 0 0000 00 00 0 0 00 0 0 0 0 00 0 0 0 0 0 0 000 00 00 0 0 00 00 00 000000 000 0000 000
000 000 0 0 00 0 0 00 00 0 0 00 000 1000 00 0000 00 0 002 00 0000 02 0 0 0200 00 000 00 0040 0000 0000
00060 0000 00200 0000 0000 0 0 00 00 00000 000 0000 0000 0000 5080 00000 090 0000 0000 00000 0000 000000
0 0 0 0 0000 00 00 0 0 00 0 0 0 0 00 0 0 0 0 0 0 000 19 00 0 0 00 00 00 000000 000 0020 000
000 000 0 0 00 0 0 00 00 0 0 00 000 0000 00 0050 00 0 000 00 0000 00 0 0 0000 00 000 00 0008 0000 0000
00000 0000 00000 0000 0000 0 0 00 00 00000 000 0000 0000 1000 0010 00000 000 0000 0000 00000 0000 000000
0 0 0 0 0000 00 00 0 0 00 0 0 0 0 00 0 0 0 0 0 0 000 00 00 0 0 00 00 00 000000 000 3000 000
00 000 0 0 00 0 0 00 00 0 0 00 000 0000 00 0000 00 0 000 00 0000 00 0 0 0000 00 000 00 0000 0000 0000
00000 0000 00000 0000 0000 0 0 00 00 00000 000 0000 0000 0000 0000 00000 100 0100 0000 00000 0000 000000
0 2 0 0 0000 00 00 0 0 00 0 0 0 0 00 0 0 0 0 0 0 000 00 00 0 0 00 00 00 000000 000 0000 000
000 003 0 0 00 0 0 00 00 0 0 00 000 0000 00 0000 00 0 000 00 0000 00 0 0 0000 00 000 00 0000 0000 8000
00000 0000 00000 0000 0000 0 0 00 00 00000 009 0000 0000 1000 0000 00000 000 0000 0000 00000 0000 000000
0 0 0 0 0000 00 00 0 6 00 0 0 0 0 00 0 0 0 0 0 0 500 00 00 0 0 00 00 00 000000 000 0000 000
090 000 0 0 00 0 0 00 00 0 0 00 000 0000 00 0000 00 0 000 00 0000 00 0 0 0000 00 000 00 0000 0400 0000
00000 0005 00000 0000 0000 0 0 00 00 00000 000 0000 0000 0000 0000 00000 000 0000 0000 00000 0000 000000
0 0 0 0 0000 00 00 0 0 00 0 0 0 0 00 0 0 0 0 0 0 000 00 00 0 0 00 00 00 000000 000 0000 000
000 000 0 0 00 0 0 00 00 0 0 00 000 0000 00 0000 00 0 000 00 0000 00 0 0 0000 00 000 00 0000 0000 0000
00000 0000 00000 0000 0003 0 0 00 00 00000 000 0000 0000 0000 0000 00000 020 0000 0000 00000 0050 500000
0 0 0 0 0000 00 00 0 0 00 0 0 0 0 00 0 0 0 0 0 0 000 00 00 0 0 00 00 00 000000 004 0000 000
000 000 0 0 00 4 0 00 00 0 8 00 000 0000 00 0000 00 0 800 00 0000 00 0 0 0000 00 000 00 0000 0000 0000
00000 1000 00000 0000 0000 0 0 00 00 02000 000 0000 3000 0000 0010 00000 000 0100 0000 00000 0000 000000
0 0 0 0 0000 00 00 0 0 00 0 0 0 0 00 0 0 0 0 0 0 000 00 00 0 0 00 02 00 000000 000 0000 000
000 000 0 0 00 0 0 00 00 0 0 00 000 0000 00 0000 00 0 000 00 0000 00 0 0 0000 00 000 00 0000 0000 0000
00000 0000 00000 0000 0000 0 0 00 50 00000 000 0000 0000 0000 0800 00000 000 0000 0000 00000 0000 000000
0 0 0 0 0000 00 00 0 0 00 0 0 0 0 00 0 0 0 0 0 0 010 00 00 0 0 00 00 00 000000 000 0003 000
020 000 0 0 00 0 0 00 00 0 0 00 000 0007 00 0000 00 0 000 00 0000 00 0 0 0200 00 000 00 0000 0000 0000
00000 0000 00200 0000 0000 0 0 00 00 00000 000 0000 0000 0000 0000 00000 000 0000 0000 00000 0000 000000
7 0 0 0 0000 00 00 0 0 00 0 0 0 0 00 0 0 0 0 0 0 000 00 00 0 0 00 00 00 600000 000 0000 000
000 300 0 0 00 0 0 00 00 0 1 00 000 0000 00 0004 00 0 000 00 0000 00 0 0 0000 00 000 00 2000 0000 0000
00000 0000 00000 0000 0000 0 0 00 00 00002 000 0000 0050 0000 0010 00000 000 0000 0000 00000 0000 000000
0 0 0 0 0000 00 00 0 0 00 0 0 0 0 00 0 0 0 8 0 0 000 00 00 0 0 00 00 00 000000 000 0000 000
020 000 0 0 00 0 0 00 00 0 0 00 000 0000 00 0000 00 0 000 00 0000 00 0 0 0000 00 000 00 0000 0000 0000
00000 0000 00000 0000 0000 0 0 00 00 00002 000 0000 0000 0000 0000 02080 000 0000 0000 00000 0050 000000
0 0 0 0 0000 00 00 0 0 00 0 0 0 0 08 0 0 0 0 0 0 000 00 00 0 0 00 00 00 000000 000 0000 000
000 002 0 0 00 0 2 00 00 0 0 00 003 0000 00 0000 00 0 000 00 0000 00 0 0 0000 00 000 00 0000 0000 0000
00000 0000 00000 0000 0000 0 0 00 00 00060 000 0000 0000 0200 0000 00000 000 0000 0000 00000 0000 000000
0 0 0 0 0000 00 00 0 0 10 0 0 0 0 00 0 0 0 0 5 0 000 00 00 0 0 00 00 00 000000 000 0000 000
000 000 0 0 00 0 0 00 00 0 1 00 000 0000 00 0000 00 0 000 00 0000 00 0 0 0000 00 000 00 0000 0000 0000
00000 0000 00000 0000 0000 0 0 00 00 00000 000 0000 0000 0000 0400 00000 000 0000 0000 00000 7000 000000
0 0 0 0 0000 00 00 0 0 00 0 0 0 0 00 0 0 0 0 0 0 000 00 00 0 0 00 00 00 000700 000 0000 000
00 000 0 0 00 0 0 00 00 0 0 00 000 0000 00 0000 01 0 000 00 6000 00 0 0 0000 00 000 00 0000 0002 0000
00000 9000 00000 0000 0000 0 0 00 00 00000 000 0000 9000 0000 0000 00000 000 0000 0000 09000 0000 000000
0 0 0 0 0000 00 00 0 0 00 0 0 0 0 00 0 0 0 0 0 0 000 00 00 0 0 00 10 00 000000 030 0000 000
000 000 0 0 00 0 0 00 00 0 0 00 000 0000 00 0000 00 6 000 00 0000 00 0 0 0000 00 000 00 0000 0000 0000
00000 0000 00000 0000 0000 0 0 00 90 00000 000 0000 0000 0000 0000 00000 000 0000 0000 00000 0000 000000
0 0 0 0 0000 00 00 0 0 00 0 0 0 0 00 0 0 0 0 0 0 000 00 00 9 0 00 00 00 000000 000 0000 050
000 000 0 0 00 0 0 00 00 0 0 00 000 0000 00 0000 00 0 000 00 0000 00 0 0 0000 00 000 00 0000 0000 0000
00000 0000 00000 0000 0000 0 0 00 00 00000 000 0000 0000 0000 0000 00000 000 0000 0000 00000 0000 000000
0 0 0 0 0000 05 00 0 0 00 0 0 0 0 00 0 0 0 0 0 0 000 00 00 0 0 00 00 00 000000 000 0000 000
040 000 0 0 00 0 0 00 00 0 0 00 000 0000 00 0000 00 0 000 00 0000 00 0 0 0000 00 000 00 0000 0000 0000
02000 0000 10000 0000 0000 0 0 00 00 00000 000 0000 0000 0000 0000 00000 000 0000 0000 00000 0000 000000
0 0 0 0 0000 00 00 0 0 00 0 0 0 0 00 0 0 0 0 0 0 000 04 00 0 0 00 00 00 000000 000 0000 000
000 000 0 0 00 0 0 00 00 2 0 00 000 0000 10 0000 00 0 000 00 0000 00 3 0 0000 00 000 00 0000 0000 0000
00000 0000 00000 0000 0000 0 0 00 00 00000 000 0900 0000 0000 0000 00000 000 0000 0800 00000 0000 000000
0 0 0 0 0000 00 00 0 0 00 0 0 0 0 00 0 0 0 0 0 0 000 00 00 0 0 00 00 00 000000 000 0000 500
000 000 0 0 00 0 0 00 00 0 0 00 000 0000 00 0000 00 0 000 00 0000 00 0 0 0000 00 010 00 0000 0000 0000
00000 0000 00000 0000 0000 0 0 02 00 00000 000 0000 0000 0000 0000 00000 000 0000 0002 00000 0000 000000
0 0 0 0 0000 00 00 0 0 00 0 0 0 0 00 0 0 0 0 0 0 000 00 00 0 0 00 00 00 001200 000 0000 000
020 000 0 0 00 0 0 00 00 0 0 00 000 0000 00 0000 00 0 000 00 0000 00 0 0 0009 00 000 00 0000 0000 0000
00000 0000 00000 0000 0000 0 0 00 00 00000 010 0800 2000 0000 0010 00000 000 0000 0000 00000 0000 000000
0 0 0 0 0000 00 00 0 0 00 0 0 0 0 00 0 0 0 0 0 0 000 00 00 0 0 00 00 00 000000 000 0000 000
000 000 0 0 00 0 0 00 00 0 0 00 000 0000 00 0000 00 0 900 00 0000 00 0 0 0000 00 004 00 0000 0000 0000
10000 0000 00000 0000 0000 0 0 00 08 00000 000 0000 0000 0000 0000 00000 000 0000 0000 00000 0000 000400
0 0 0 0 0100 00 00 0 0 00 0 0 0 0 00 0 0 0 4 0 0 000 00 00 0 0 00 00 00 000000 000 0000 000
000 000 0 0 00 0 0 00 80 0 0 00 000 0000 00 0000 00 0 000 00 0000 00 0 0 0000 00 000 00 0000 0000 0000
00010 0000 00000 0000 0000 0 0 00 00 00000 800 0900 0000 0000 0000 00005 000 0000 0300 04000 0000 000000
0 0 0 0 0000 40 00 0 0 00 0 0 0 0 00 0 0 0 0 0 0 000 00 00 0 0 00 00 00 000000 000 0000 000
000 000 0 0 00 0 0 00 00 0 0 00 000 0000 00 0000 00 0 000 00 0200 02 0 5 0000 00 000 00 0000 0000 0000
00000 0080 00000 0000 0000 0 0 00 00 00000 000 0000 0000 0000 0000 00000 000 0000 0002 00000 0000 000000

07000 0000 00000 0000 0000 0 0 00 00 00000 000 0000 0000 0000 0000 00000 000 0000 0000 03000 0600 000000
0 0 8 0 0000 00 00 0 0 00 0 0 0 0 00 9 0 0 0 0 0 000 00 00 9 0 00 00 00 000000 000 0000 000
000 000 0 0 00 0 0 00 00 0 0 00 000 9000 00 2000 00 0 000 00 0000 00 0 0 0080 00 000 00 0000 0000 0000
00000 0000 00000 0000 0000 8 9 00 00 00000 000 0000 0000 0000 0000 00000 000 0000 5000 00000 0000 000000
0 0 0 0 0000 00 00 0 0 50 0 0 0 0 00 0 0 0 0 0 0 000 00 00 0 5 00 00 00 000000 000 0000 800
00 000 0 0 00 8 0 00 00 0 0 00 000 0000 00 0000 00 0 000 00 0000 00 0 0 1009 00 000 00 0000 0000 0002
00000 0000 00000 0000 0000 0 5 00 00 00000 000 0000 0000 0000 0000 10000 000 0000 0000 00000 0000 000000
0 0 0 0 0000 00 00 0 0 00 0 0 0 0 00 0 0 0 0 0 0 000 00 40 0 0 00 00 00 000000 000 0000 000
000 000 0 0 00 0 0 00 80 0 0 00 000 0000 00 0000 10 0 000 00 0000 00 0 0 0000 00 400 00 0000 0000 0000
00300 0000 00000 0000 0000 0 0 00 00 00000 000 0000 0000 0000 0000 00000 000 0004 0000 00000 0000 000100
0 0 0 0 0000 00 00 0 0 00 0 0 0 0 00 0 0 0 0 0 0 000 00 00 0 0 00 00 00 000000 000 0000 050
000 000 0 0 00 0 0 00 00 0 0 00 000 0000 00 0010 00 0 000 00 0000 00 0 0 0000 10 000 00 0000 0000 0900
00000 0000 00000 0000 0000 0 0 00 00 00000 000 0000 0000 0000 0000 06000 000 0000 0000 00000 0100 000000
0 0 0 0 0000 00 00 0 0 00 9 0 0 0 00 0 0 0 0 0 0 000 00 00 0 0 00 00 00 007000 000 0000 000
000 000 0 0 00 0 0 00 00 0 0 00 000 0000 00 0000 10 0 000 00 0000 00 0 0 0000 00 000 00 0000 0000 0000
00000 0000 00000 0000 0000 0 0 10 00 00000 000 0000 0000 0000 0000 00000 000 0004 0000 03000 0000 100000
0 0 0 0 0020 00 00 0 0 00 0 0 0 0 00 0 0 0 0 0 0 002 00 00 0 8 00 00 00 000003 000 0000 000
000 000 0 0 00 0 0 00 00 0 0 00 000 0000 00 0000 00 0 000 00 0000 00 0 5 0000 00 000 00 0000 0000 0000
00000 0000 00000 0010 0000 0 0 00 00 00000 000 0000 0000 0000 0400 00010 000 0000 0000 00000 0000 100000
0 0 0 0 0000 00 00 0 0 00 0 0 0 0 00 0 0 0 0 0 0 000 00 00 0 8 00 00 00 000000 000 0000 000
002 000 0 0 00 0 0 00 00 0 0 00 000 0000 00 0000 00 0 000 00 0000 00 0 0 0000 00 000 00 0000 0000 0000
00000 0000 00000 0700 0000 0 0 00 00 00000 000 0000 0000 0000 0000 00000 004 0000 0000 00000 0000 000000
0 0 0 0 0000 00 00 0 0 00 0 2 0 0 00 0 0 0 0 0 0 000 00 00 0 0 00 00 00 000000 000 0000 000
000 000 0 0 00 0 0 00 00 0 0 00 000 0000 00 0000 00 0 000 00 0200 00 0 0 0000 00 000 00 0000 0000 0000
00000 0030 00000 0000 0000 0 0 00 00 00000 000 0000 0000 0000 0000 00000 000 0000 0000 00000 0000 000009
0 0 0 0 0100 00 00 0 0 00 0 0 0 1 00 0 0 0 0 0 0 000 00 00 0 0 00 00 00 000000 000 0020 000
000 000 0 0 00 0 0 00 00 0 0 00 000 0000 00 0000 00 0 000 00 0000 00 0 0 0000 00 000 00 0000 1000 0000
00000 0000 00000 0000 0000 0 0 00 09 00000 000 0000 0000 0000 0000 10000 000 0000 0000 50000 0000 005006
0 0 0 0 0000 00 00 0 0 00 0 0 0 0 00 0 0 0 0 0 0 000 00 00 0 0 00 00 00 000000 000 0000 500
000 000 0 0 00 0 0 00 00 0 0 00 000 0000 00 0010 00 0 000 00 1000 00 0 0 0000 00 000 00 0000 6000 0000
30000 0000 00000 8000 0000 0 0 00 00 00000 000 0000 0000 0000 0000 00000 000 0000 0000 00000 0003 000000
1 0 0 0 0000 00 02 0 0 00 0 0 0 0 00 0 0 0 0 0 0 000 00 00 0 0 00 00 00 001000 000 0000 000
000 000 0 0 00 0 0 00 00 0 0 00 000 0000 00 0000 00 0 000 10 0000 02 0 0 0000 00 000 00 0000 0000 0000
1 0 0 0 0000 00 00 0 0 00 0 0 0 0 00 0 0 0 0 0 0 000 00 00 0 0 00 00 00 000020 000 0000 000
000 000 0 0 00 0 0 00 00 0 0 00 000 0000 00 0000 00 0 000 00 0000 00 0 0 0000 00 000 00 0000 0000 0000
00000 0000 00000 0000 0000 0 0 00 00 00000 000 0302 0000 0000 0000 02000 000 0000 0000 00000 0000 000000
0 0 0 0 0000 00 07 0 0 00 0 0 0 0 00 0 0 0 0 0 0 002 00 00 0 0 00 00 00 000000 000 0007 000
00 003 0 0 00 0 0 00 00 0 0 00 000 0000 00 0000 00 0 000 00 0000 00 0 0 0000 00 000 00 0000 0000 0000
00000 0000 00000 0706 0000 0 0 00 00 00000 000 0000 0000 0000 5000 00000 000 0000 0000 00000 0000 020000
0 0 0 0 0000 00 00 0 0 00 0 0 0 0 00 0 0 0 0 5 0 000 00 00 0 0 00 00 00 000000 000 0000 000
000 000 0 0 00 0 0 00 00 0 0 00 000 0000 00 0000 00 0 000 00 0000 00 0 0 0000 00 000 00 0000 0000 0000
00000 0030 00000 0000 0000 0 0 00 00 00000 005 0000 0000 0000 0000 00000 000 0000 0000 00000 0000 000000
1 0 0 0 0000 00 00 0 0 00 0 0 0 0 00 0 0 0 0 0 0 000 00 00 0 0 00 00 00 000000 000 0000 000
000 000 0 0 00 0 2 00 00 0 0 00 000 0000 00 0000 00 0 000 00 0000 00 0 0 0000 00 000 00 0000 0000 0000
00000 0000 00000 0000 0020 0 0 00 00 00000 000 0000 0000 0000 0400 02000 000 0000 0000 00000 0000 000000
7 0 0 0 0000 00 00 0 0 00 0 0 0 6 00 0 0 0 0 0 0 000 00 00 0 0 00 00 00 000000 000 0000 000
000 000 0 0 00 0 0 00 00 0 0 00 000 0000 00 0000 00 0 000 00 0000 00 0 0 5900 00 000 00 0000 0000 0000
00000 0000 00000 0000 0000 0 0 00 00 00000 000 0000 0000 0000 0000 00000 000 0000 0000 00000 0000 000008
0 0 0 0 0000 40 00 0 0 00 0 0 0 0 00 0 0 0 0 0 0 900 00 00 0 0 00 10 00 000000 100 0000 000
000 000 0 3 00 0 0 00 00 0 0 00 000 0000 80 0000 00 0 000 00 0000 00 0 0 0000 00 000 00 0000 0000 0000
00000 0030 00000 0700 0000 0 0 02 00 00000 000 0000 0000 0000 0000 00000 000 0000 0000 00010 0050 000000
0 0 0 0 0000 00 00 0 0 00 0 0 0 0 20 0 0 0 0 0 0 000 00 00 0 0 00 00 00 000000 000 0000 000
000 000 0 0 00 0 0 00 00 0 0 00 000 0000 00 0000 00 0 000 00 0000 00 0 0 0000 00 000 00 0000 0000 0000
00000 0000 00000 0000 0000 0 0 00 00 00000 000 0000 0000 0010 0000 00000 000 0000 0000 00004 0000 000000
0 0 0 0 0000 00 00 0 0 00 0 0 0 0 00 0 0 0 0 0 0 000 00 00 0 0 00 00 00 000000 000 0000 000
000 000 0 0 00 0 0 00 00 0 0 00 000 0000 00 0000 00 0 000 00 0000 00 0 0 0000 00 000 00 0000 0000 0000
00000 0000 00000 0000 0070 0 0 00 00 00060 000 0000 0000 0000 0000 00000 000 0000 0000 00000 1003 000000
0 0 0 0 0003 00 00 0 0 00 0 0 0 0 00 0 0 0 0 0 0 000 00 00 0 0 00 00 00 000000 020 0000 000
000 000 0 0 00 0 0 00 00 0 0 00 000 0000 00 0000 00 0 000 00 0000 00 0 0 0000 00 500 00 0000 0000 0000
00000 0060 00000 0000 0000 0 0 00 00 00100 000 0000 0000 0000 0000 00000 000 0000 5000 00000 0000 000000
1 0 0 0 0000 05 00 0 0 00 0 3 0 0 00 0 0 0 0 0 1 000 00 00 0 0 00 00 00 000000 020 0000 000
000 000 0 0 00 0 5 00 00 0 0 00 000 0000 00 0000 00 0 000 00 0000 70 0 0 0000 00 000 00 0000 0000 0000
00000 0030 00000 0000 0000 0 0 00 00 00000 000 0000 0000 0000 0000 00000 000 0000 0080 00000 0000 000000
0 0 0 0 0000 00 00 0 0 00 0 0 0 0 00 0 0 0 0 0 0 000 00 40 0 0 00 00 00 000050 000 0000 000
000 000 0 0 00 0 0 00 00 0 0 00 000 0000 00 0000 00 0 000 00 0000 00 0 0 0000 00 000 00 0000 0000 0000
00000 0000 00000 0000 0000 0 0 00 00 00000 000 0000 0000 0000 0000 00300 000 0000 0000 00000 1000 100000
0 0 0 0 0000 00 00 0 0 00 0 0 0 0 00 0 0 0 0 0 0 000 08 00 0 0 00 10 00 000000 000 0000 000
000 000 0 0 00 0 0 00 00 0 0 00 000 0000 90 0010 00 0 000 00 0000 00 0 5 0000 00 000 00 0000 0000 0000
00100 0000 00000 0000 0000 0 0 00 09 00000 000 0000 0900 0000 0000 00000 000 0000 0000 00000 0000 090000
0 0 0 0 0000 00 00 0 0 00 0 0 0 0 08 0 0 0 0 0 0 000 00 00 0 0 00 00 00 000000 000 0000 000
00 000 0 0 00 0 0 00 00 0 0 00 900 0000 06 0000 00 0 000 00 0000 00 0 0 1000 00 000 00 0000 8000 0000
00000 0000 00900 0000 0000 0 0 00 00 00000 010 0000 0000 0010 0000 00000 000 0000 0010 00000 0000 000108
0 0 0 0 0000 40 00 0 0 00 0 0 0 0 00 0 0 0 0 0 0 000 02 00 0 0 00 00 00 000000 000 0070 000
000 000 0 0 00 0 0 00 00 9 0 80 000 0000 00 0000 00 8 010 00 0000 00 0 0 0000 00 000 00 0000 0000 0000
00000 0700 00000 0000 0000 0 0 00 00 00000 000 0000 0000 0000 8000 00000 000 0000 0000 00000 0000 000000
0 0 0 0 0040 00 00 0 0 00 0 0 0 0 00 0 0 0 0 0 0 000 00 00 0 0 00 00 03 000000 000 0000 000
000 000 0 0 00 0 0 00 00 0 0 00 000 0000 00 0000 00 0 000 00 0000 00 0 0 0000 00 040 00 0000 0000 0000
00000 0000 00200 0000 0100 0 0 00 00 00080 000 0000 0000 0000 0000 00000 000 0000 0000 00000 0000 000000
0 0 0 0 0000 00 00 0 0 00 0 0 0 0 00 9 0 0 0 0 0 002 00 00 0 0 00 00 00 000000 000 0000 000
000 000 0 0 00 0 0 00 00 0 0 00 000 0000 00 0000 00 0 000 00 0000 00 0 0 0000 00 000 00 0000 0000 0000
00000 0000 00000 0000 0090 0 0 00 00 00002 910 0900 0000 0000 0000 00000 000 0000 0000 00000 4000 000000
0 0 0 0 0000 00 00 0 0 00 0 0 0 0 00 0 2 0 0 0 0 000 00 07 0 0 00 00 00 000000 000 0000 000
000 000 0 0 00 0 0 00 00 0 0 00 000 0000 00 0000 00 0 000 00 0000 00 0 0 0000 00 000 00 0000 0000 0000
00000 0000 00000 0000 0000 0 0 00 00 00000 000 0000 0000 0000 0000 00000 000 0000 0000 00000 0000 000000
0 0 0 0 0000 00 00 0 0 00 0 0 0 0 00 0 0 0 0 0 0 000 00 00 0 0 00 00 00 000000 000 0000 000
000 009 0 0 00 0 0 00 00 0 0 80 000 0000 00 0000 00 0 000 00 0000 00 0 0 0080 00 000 00 0000 0002 0000
00000 0000 00000 0000 0000 0 0 00 00 00000 000 0000 0000 0000 0010 00000 000 0000 0000 00000 0000 000000
0 0 0 0 0000 00 00 0 0 00 0 0 0 0 00 0 0 0 0 2 0 000 00 00 0 0 00 00 01 001000 000 0000 000
000 000 0 0 00 0 0 00 00 0 0 00 000 0000 00 0000 00 0 008 00 0000 02 0 0 0000 00 010 00 0005 0000 0000
00000 0000 00000 0000 0000 0 0 00 00 00000 000 0000 0000 1000 0000 00000 000 0000 0000 00200 0000 000000
0 0 3 0 0000 00 00 0 0 19 0 0 0 0 00 0 0 0 0 0 0 000 00 00 0 0 00 00 20 000000 000 8000 000
000 000 0 0 00 0 0 00 00 0 0 00 000 0000 00 0000 00 0 000 00 0060 00 0 0 0000 00 000 00 0000 0000 0000
00000 0000 00000 0000 0000 0 0 00 00 00000 000 0000 0000 0000 0000 00000 000 0000 0000 00003 0000 000000
0 0 0 0 0000 00 00 0 0 00 0 0 0 0 00 0 2 0 0 0 1 000 00 00 0 0 00 03 00 000000 000 0000 050
000 000 0 0 00 0 0 00 00 0 0 00 000 0000 00 0000 00 0 000 00 0000 00 0 0 0000 00 000 00 0000 0080 0000
00000 0000 00000 0000 0000 0 0 00 08 00000 000 0000 0000 0000 0000 00000 000 0000 0000 00000 0000 000000
0 0 0 0 0000 00 00 0 0 00 0 0 0 0 00 0 0 0 0 0 0 006 00 00 0 0 00 00 00 000000 000 0000 000
000 000 0 0 00 0 0 00 00 0 0 00 000 0000 00 0310 10 0 000 04 0000 00 0 3 0000 00 000 00 0090 0000 0002
00000 0000 00000 0000 0060 0 0 00 00 00000 000 0000 0000 0000 0000 00000 000 0000 0000 00000 0000 004000
0 0 0 0 5000 00 00 0 0 00 0 0 0 0 00 0 0 0 0 0 0 000 00 00 0 0 00 00 00 000000 000 0100 500
000 000 0 0 00 0 0 00 00 0 0 00 000 0000 00 0000 10 0 000 00 0000 00 0 0 0009 00 000 00 0000 0000 0000
00000 0000 00000 0000 0000 0 0 00 00 00000 000 0000 0000 0004 0000 00000 000 0000 0000 00203 0000 000000
0 0 0 0 0000 00 00 0 0 00 0 0 0 0 00 0 0 1 0 0 0 000 00 00 0 0 00 00 00 000000 000 0000 000
50 000 0 0 00 8 0 00 00 0 0 00 000 0000 00 0000 00 0 000 00 0200 10 0 0 0000 09 000 00 0000 0000 0000
00000 0000 00000 0000 5000 0 0 00 00 00000 800 0000 0000 0000 0000 00000 000 0500 0000 00000 0000 000900
0 0 0 0 0120 00 00 0 0 00 0 0 0 0 00 8 0 0 0 0 0 010 00 00 0 0 00 00 00 000200 000 8000 000
003 020 0 0 00 0 0 00 00 0 0 00 000 0040 00 0000 00 0 000 00 0000 00 0 0 0200 00 000 00 0100 0000 0000
00000 0000 00000 0000 0000 0 0 00 00 00000 000 0000 0002 0000 0006 00000 000 0000 0000 00000 0000 000000
0 0 0 0 0000 00 00 0 0 00 0 0 0 0 00 0 0 0 0 0 0 000 00 00 0 0 00 00 00 000000 000 0000 000
000 000 0 0 00 0 0 00 00 0 0 00 000 0000 00 2000 00 0 000 00 0000 00 0 0 0000 00 000 00 0100 0000 0000
00000 0000 03010 0000 0000 0 0 00 04 00000 010 0000 0000 0000 0000 00000 000 0000 0000 00000 0000 000000
0 0 0 0 0000 60 00 0 0 00 0 0 0 0 00 0 0 0 0 0 0 000 00 00 0 0 00 00 00 000000 000 0000 000
000 000 0 0 00 0 0 00 00 0 0 00 800 0000 00 0000 00 0 000 00 0000 00 0 0 0000 00 400 00 0000 0000 0000
00000 0000 00000 0000 0000 0 0 00 00 00000 000 0000 0000 0000 0000 00000 000 0000 0000 00000 0000 000000
0 0 0 0 0000 00 00 0 0 00 0 0 0 0 90 0 0 0 0 7 0 000 00 00 0 0 00 00 00 000000 000 0000 000
000 000 5 0 00 0 0 00 00 0 0 00 000 0000 00 0000 00 0 000 00 0000 00 0 0 0000 00 000 00 0000 0000 0000
00000 0000 00000 0000 0000 0 0 00 00 00000 000 0010 0000 0000 0000 00000 000 0000 0000 00000 0000 000000
0 0 0 0 0000 00 00 0 0 00 0 0 0 0 00 0 0 0 0 5 0 000 02 00 0 0 20 00 00 000080 000 0000 000
000 000 0 0 00 0 9 00 00 0 0 10 000 0000 00 0000 00 0 000 00 0000 00 0 0 0000 00 000 00 0100 0010 0000
00000 0000 00000 0000 0000 0 0 00 00 00000 800 0000 0000 0000 0000 00000 000 0000 0000 00000 0000 000000
0 0 0 0 0000 00 00 0 0 00 0 0 0 0 00 0 0 0 0 0 0 000 00 00 0 0 00 00 00 000000 000 0000 000
000 003 0 0 00 0 0 00 09 0 0 00 000 0000 00 0000 00 0 000 00 0900 00 0 0 0000 00 000 00 0000 0000 0000
00000 0000 00000 0000 0000 0 0 10 00 00000 000 0000 0800 0000 0000 00000 000 0000 0000 00000 0000 000000
0 0 0 0 0000 00 00 0 0 00 0 0 0 0 00 0 0 0 0 0 0 000 00 40 0 0 00 00 00 000000 008 0000 000
000 000 0 0 00 0 0 02 00 0 0 00 000 1000 00 0000 02 0 000 00 0000 00 0 0 0000 00 000 00 0000 0008 0000
00000 0000 00000 0000 0001 0 0 00 00 70000 000 0000 0000 0000 0000 00000 000 0006 0000 00000 0000 000000
0 0 0 0 0000 00 00 0 0 00 0 0 0 0 00 0 0 0 0 5 0 000 00 00 0 0 00 00 00 801000 000 0080 080
000 000 0 0 02 0 0 00 00 0 0 00 000 0000 00 0000 00 0 000 00 0000 00 0 0 0000 00 000 00 0000 0000 0000
00000 0000 00000 0000 0000 0 0 00 00 00000 000 0000 0000 0000 0000 00000 100 5000 0000 00000 0100 000000
0 0 0 4 0000 00 00 0 0 00 0 0 0 0 00 0 0 0 0 0 0 000 00 00 0 0 00 00 00 000000 000 0000 000
000 000 5 0 02 0 0 00 00 0 0 00 000 0000 00 0600 10 0 000 00 0000 00 0 0 1000 00 090 00 0000 0000 0000
00000 0000 00000 0000 0000 0 0 00 00 00000 000 0000 0000 0000 0000 08000 000 0000 0000 00007 0100 000000
0 0 0 0 0000 00 00 0 5 00 0 0 0 0 00 0 0 0 6 0 0 000 00 00 0 0 00 02 00 000000 000 0000 000
000 000 0 0 00 0 0 00 00 0 0 00 000 0000 00 0000 00 0 000 00 0000 00 0 0 0000 00 000 00 0000 0000 0000
10000 0070 00000 0000 0000 0 0 00 00 00000 005 0000 0000 0005 0000 00000 000 0000 0000 00000 0000 000000
0 0 0 0 0000 00 00 0 0 00 0 0 0 0 00 0 0 1 0 0 0 000 00 05 0 0 00 00 00 000000 000 0000 000
00 020 5 0 00 0 0 00 00 0 0 00 000 0000 05 4300 00 0 000 00 0000 00 0 0 0000 00 000 00 0000 0000 0000
00000 0000 00000 0000 0000 0 0 00 00 00000 000 0000 0000 0000 0000 00008 000 0000 0000 00000 0000 000000
0 0 0 0 0000 00 00 0 0 00 0 0 0 0 00 0 0 0 0 0 0 900 00 00 0 0 00 00 00 000000 000 0000 000
000 000 0 0 00 0 0 00 00 0 0 00 000 0000 00 0000 00 0 000 00 0000 00 0 0 0000 00 000 00 0000 0000 8000
00080 0000 00000 0000 0000 0 0 00 00 05100 000 0000 0700 0000 0000 10000 000 0000 0000 00000 0680 050000
0 0 0 4 0000 00 00 0 8 00 0 0 0 0 00 0 0 0 0 0 0 000 00 00 0 0 00 00 00 000000 000 0000 000
000 000 0 0 00 0 0 00 00 0 0 00 000 0000 00 0000 00 0 000 00 0000 00 0 0 0000 00 000 00 0000 0000 0000
00000 0000 00000 0000 0020 0 0 00 00 00000 000 0000 0000 0000 0000 00000 000 0000 0000 00000 0000 000000
0 0 0 0 0000 00 00 0 0 00 0 0 0 0 20 0 0 0 0 0 0 000 00 00 0 0 00 00 00 000000 000 0000 000
000 000 0 0 00 0 0 00 00 0 0 00 000 0000 00 2000 00 0 000 00 0010 00 0 1 0000 00 000 00 0000 0000 0000
00000 0000 00000 0000 4000 0 0 00 00 00000 000 0000 0000 0005 0000 00000 000 0000 0000 00000 0000 000000
0 0 0 0 0000 00 00 0 0 00 0 0 0 0 00 0 0 0 0 0 0 000 00 00 0 0 00 00 00 000000 000 0006 000
000 000 0 0 00 0 0 00 00 0 0 00 080 0000 00 0000 00 0 000 00 0000 00 0 0 0000 00 000 10 0000 0000 0000
00300 0000 00060 0000 0000 0 0 02 00 60000 000 0000 0000 0000 0000 00000 000 0900 0000 00000 0000 000000
0 0 0 0 0000 00 00 0 0 00 0 0 0 0 00 0 0 0 0 0 0 000 60 00 0 0 00 00 00 090000 000 0000 000
000 000 0 0 00 0 0 00 00 0 0 00 000 0000 00 0000 00 0 000 00 0000 00 0 0 0000 00 000 00 0000 0000 0000
03000 0000 00000 0000 0000 3 0 00 00 00000 000 0000 0000 0000 0000 00200 000 0000 0000 00000 0000 000000
0 0 0 0 0000 00 00 0 0 00 0 0 0 0 00 0 0 0 0 0 0 000 00 40 0 0 00 00 00 000000 000 0000 000
000 600 0 0 00 0 0 00 00 0 6 00 000 0000 00 0000 00 0 000 00 0000 00 0 0 0000 00 000 00 0000 0010 0000
00000 0000 00000 0000 0000 0 0 00 00 00000 000 0000 0000 1000 0000 00000 000 0000 0000 00000 0000 100000
0 0 0 0 0000 00 00 0 0 00 0 0 9 0 00 0 0 0 0 0 0 000 00 40 0 0 00 00 00 000000 000 0000 000
000 000 0 0 00 0 0 00 00 0 0 00 000 0000 00 0000 00 0 000 00 0000 00 0 0 0000 00 000 00 0000 0000 0000
00000 0000 00000 0000 2001 0 0 00 00 00000 000 0010 0000 0000 0000 00000 000 0000 0000 00010 0000 000000
0 0 0 0 0000 00 00 0 0 00 0 0 0 0 00 0 0 0 0 0 0 000 00 00 0 0 00 00 00 000000 900 0000 000
000 000 0 0 00 0 0 00 00 0 0 00 000 0000 00 0000 00 0 000 00 0000 00 0 0 0000 00 008 00 0000 0000 0900
00000 0000 00000 0000 0000 0 0 00 00 00000 000 0000 0000 0000 0000 00000 000 0100 0000 00000 0009 000000
0 0 0 0 0000 00 00 0 0 00 0 0 0 0 00 0 2 0 0 0 0 000 70 00 0 0 00 00 00 000000 000 0000 000
000 000 0 0 00 0 0 00 00 0 0 00 060 0000 00 0000 00 0 000 00 0000 00 3 0 0000 00 000 00 0000 0000 0000
00000 0100 00000 0000 0000 0 0 10 00 00000 000 0000 0007 0000 0000 10000 000 0000 0000 00000 0001 000000
0 0 0 0 0000 00 00 0 0 00 0 0 0 0 60 0 0 0 0 0 0 000 00 90 0 0 00 00 00 000000 000 0000 000
000 000 0 0 00 0 0 00 00 0 0 00 000 0200 00 0000 00 0 000 00 0000 00 3 0 0000 00 000 00 0000 0000 0000
00000 0000 00000 0000 0000 0 0 10 00 00000 000 0000 0000 0000 0000 00000 000 0000 0000 00000 0000 000000
0 0 0 0 0000 00 00 0 0 00 0 0 0 0 00 0 0 0 0 0 0 000 00 00 0 0 00 00 00 000000 000 0000 000
00 000 0 0 00 0 0 00 00 0 0 00 000 0000 00 0000 00 0 000 00 0010 00 0 0 0000 00 000 00 0040 0000 0000
00000 0000 03000 0000 0000 0 0 00 00 00000 000 0000 0000 0000 0000 00000 050 0004 0000 00000 0000 000000
0 0 0 0 0000 00 00 0 0 00 9 0 0 0 00 0 0 0 0 0 0 000 00 00 0 0 00 00 80 000000 000 0000 000
000 000 0 0 00 0 0 00 00 0 0 00 000 0000 00 0000 00 0 005 00 0000 00 0 0 0000 00 000 00 0000 0009 0000
00000 0000 00000 0000 0000 0 0 00 00 00000 000 0000 0000 0000 0000 00000 000 0000 0000 80000 0000 020000
0 0 0 0 0000 00 00 0 0 00 0 0 0 0 00 0 0 0 0 0 0 000 00 00 0 0 00 00 00 090000 000 0000 000
000 000 0 0 00 0 0 00 00 0 0 00 000 0000 00 0000 00 0 000 00 0000 00 0 0 0000 00 000 00 0000 0000 0000
00000 0000 00000 0000 0000 0 0 00 00 00000 000 0000 0000 0010 0000 00000 000 0000 0300 00000 0000 000000
0 0 0 0 0000 00 00 0 0 00 0 0 0 0 00 0 0 0 0 0 0 000 00 00 0 0 00 00 00 000000 000 0000 000
700 000 0 0 00 0 0 10 00 0 0 00 000 0000 00 0000 00 0 000 00 0000 00 0 7 0000 00 000 00 0000 0000 0000
00000 0000 00000 0000 0000 0 0 00 00 00000 000 0000 0000 0000 0000 00000 000 0000 0002 00000 0000 009000
0 0 3 0 0000 00 00 0 0 00 0 2 0 0 00 0 0 0 0 0 0 000 00 00 0 0 00 00 00 000000 000 0008 000
000 000 0 0 00 0 0 00 00 0 0 80 000 0000 00 0000 00 0 000 00 0000 00 0 0 0000 00 000 00 0000 0002 0000
00000 0000 00000 0000 0000 0 0 00 00 00000 000 0000 0000 0090 0000 00000 000 0000 0000 09000 0000 000000
0 0 0 0 0000 00 00 0 0 00 0 0 0 0 00 0 0 0 0 0 0 000 00 00 0 0 00 00 00 000000 000 0000 000
000 000 0 0 00 0 0 00 00 0 0 00 000 0000 00 0000 00 0 000 00 0000 00 0 0 0000 00 000 02 0040 0000 0000
00000 0000 00000 0000 0000 0 0 00 00 80000 005 0000 0000 0000 0000 00000 100 0000 0000 00500 0700 000000
0 0 0 0 0020 00 00 0 0 03 0 0 0 0 00 0 0 0 0 0 0 000 00 00 0 0 00 00 03 000000 000 0003 500
000 000 0 0 00 0 0 00 00 0 0 00 000 0000 00 0000 00 0 000 00 0000 00 0 0 0000 00 000 00 0000 0000 0000
10000 0000 00000 0000 0000 0 0 00 00 00100 000 0000 0000 0000 0000 00000 000 0000 0000 07000 0000 000000
0 0 0 0 0000 00 00 0 0 00 0 0 0 0 00 0 0 0 0 0 0 000 00 00 0 0 00 00 00 000000 000 0000 000
000 000 0 0 00 0 0 10 00 0 0 00 600 0000 00 0000 00 0 000 00 0000 00 0 0 0000 00 000 00 0000 0000 0000
00000 0000 00000 0000 0100 0 0 00 00 00000 000 0000 0000 0000 0000 00000 000 0000 0000 00000 0000 000000
0 0 0 0 0000 00 00 0 0 00 0 0 0 0 00 0 0 0 0 5 0 000 10 00 0 0 00 00 00 000000 020 0000 000
000 000 0 0 00 0 0 00 00 0 0 00 000 0000 00 0000 00 0 000 00 0000 00 0 0 0000 00 000 00 0000 0000 0000
00000 0000 00000 0000 0004 0 0 00 00 00000 000 0000 0000 0000 0000 00000 000 0000 0000 50000 0000 000000
0 0 0 0 0000 00 00 0 0 00 0 0 0 0 00 0 0 0 0 0 0 000 00 00 0 0 00 00 00 000020 100 0000 000
000 000 0 0 00 0 0 00 00 7 0 00 000 0000 00 0000 00 0 000 00 0000 02 0 0 0000 00 000 00 0000 0000 0000
00000 0000 00005 0000 0100 0 0 00 00 00000 000 0000 0010 0000 0000 00000 000 0000 0000 00000 0000 000000
0 0 0 0 0000 00 00 0 0 00 0 0 0 0 00 0 0 0 0 0 0 000 00 00 0 0 00 00 00 000000 000 0000 000
000 000 0 0 00 0 0 00 00 0 0 00 000 0000 90 0000 08 0 900 00 0006 00 0 0 0000 00 000 02 0000 0000 0000
10000 0000 00000 0000 0000 0 0 00 00 80000 000 0900 0000 0000 0000 00000 000 0000 0000 00000 0000 000100
0 0 0 0 0000 00 00 0 0 00 0 0 0 0 00 0 0 0 0 0 0 000 00 00 0 0 00 00 00 000000 000 0000 300
00 003 0 0 00 0 0 00 00 0 0 00 000 0000 00 0000 00 0 000 00 0000 00 0 0 0000 00 000 00 0000 0000 0000
00000 0000 00000 0000 0000 0 0 00 00 00000 000 0000 0000 0000 0000 00000 000 0000 0000 00000 0000 000000
0 0 0 0 0000 00 00 0 0 00 0 0 0 0 00 0 0 0 0 0 0 000 00 00 0 0 00 00 00 000000 000 0000 000
500 000 0 0 00 0 0 00 00 0 0 00 000 0000 00 0000 00 0 000 00 0000 00 0 5 0009 00 060 00 0600 0500 0000
00000 0000 00000 0000 0000 0 0 00 00 00000 000 0900 0000 0000 0000 00000 000 0100 0080 00000 0000 000000
0 0 0 0 0000 00 00 0 0 00 0 0 0 0 00 0 0 0 0 0 0 000 00 00 0 0 00 00 00 800000 000 0000 000
000 000 0 0 00 0 0 00 00 0 0 00 000 0000 00 0000 00 0 000 00 0070 00 0 0 0000 00 000 00 0090 0000 0000
00000 0000 03000 0000 0000 0 0 00 00 00000 000 0000 0000 0000 0000 00000 000 0000 0000 80000 0000 005000
0 0 0 0 0000 00 00 0 0 00 0 0 0 0 00 0 0 0 0 0 0 000 00 00 0 0 00 00 00 000000 004 0000 000
000 000 0 0 00 0 0 00 00 0 6 00 000 0200 00 0000 00 0 000 00 0000 00 0 0 0000 00 000 00 0000 0700 0000
00000 0070 00000 0000 0000 0 0 00 00 00000 000 0900 0000 0000 0000 00000 000 0000 0002 00000 0000 000000
0 0 0 4 0000 00 00 0 0 00 0 0 0 0 00 0 0 0 0 0 0 000 00 00 0 0 00 00 00 000000 000 0000 000
000 000 0 0 00 0 0 00 00 0 0 00 000 0000 05 0000 00 0 002 00 0000 00 0 0 0000 00 000 00 0000 0000 0000
08000 0000 00000 0500 0000 0 0 00 00 00000 000 0000 0000 0000 0000 00000 000 0000 0040 00000 0000 000000
0 0 0 0 0000 00 00 0 0 00 0 0 0 0 00 0 0 0 0 0 0 000 00 00 0 0 00 00 00 000000 004 0000 000
000 000 0 0 00 0 0 00 00 0 0 00 000 0000 00 0000 00 0 000 00 0000 00 0 0 0000 10 000 00 0000 0000 0000
00000 0000 00000 0700 0000 0 0 00 00 00000 000 0000 0000 0000 0000 00000 000 0000 0000 00000 0000 000000
0 0 0 0 0000 00 02 0 0 00 0 0 0 0 00 0 0 0 0 0 0 000 00 00 0 0 00 00 00 000000 000 8000 000
000 000 0 0 00 0 0 00 00 0 0 00 000 0000 00 0000 00 0 002 00 0000 00 3 0 0000 00 005 00 0000 0300 0000
00000 0000 00000 0000 0000 0 0 00 08 00000 000 0000 0000 0000 0000 00000 000 0000 0000 00000 1000 000000
0 0 0 0 0000 00 00 0 0 02 0 0 0 0 00 0 0 0 0 0 0 000 00 00 0 0 00 00 00 000000 000 0000 000
000 000 0 0 00 0 0 00 00 0 0 00 000 0000 00 0000 00 0 000 00 0000 00 0 0 0000 00 000 00 0000 0000 0000
00300 0000 00000 0000 0000 0 0 00 00 00000 000 0010 0000 0000 0000 00000 000 0000 0000 00000 0000 005000
0 0 0 7 0000 00 00 0 0 00 0 0 0 0 00 0 9 0 0 0 0 000 00 00 0 0 00 00 00 000000 000 0000 000
000 000 0 0 00 0 0 00 00 0 0 00 000 0000 00 0000 00 0 000 00 0000 00 0 0 0000 00 000 00 0000 0000 0000
00000 0030 00000 0000 0000 0 0 00 90 00000 000 0000 0000 0000 0900 00000 000 0000 0000 00000 0000 000000
0 0 0 0 0000 00 00 0 0 00 0 0 0 0 00 0 0 0 0 0 0 000 00 00 0 0 00 00 00 000000 000 0000 000
000 000 0 0 00 0 0 00 00 0 0 06 000 0000 00 0090 00 0 000 04 0000 00 0 0 0003 00 000 00 0000 0000 0000
00000 0000 00000 0000 0000 0 0 10 00 04000 000 0000 0000 0000 0000 00000 000 0000 0000 00000 0000 000000
0 0 3 0 0000 00 00 0 0 00 0 0 7 0 00 0 0 0 0 0 0 000 00 00 0 0 00 00 00 000000 000 0000 000
000 020 0 0 00 0 0 00 00 0 0 00 000 0000 00 0000 00 0 000 00 0000 00 0 0 0000 00 000 00 0000 0500 0000
00000 0000 00000 0000 0000 0 0 00 00 00000 000 0000 0000 0000 0000 00000 000 5000 0000 00000 0000 000000
0 0 9 0 0020 00 00 0 0 02 0 0 0 0 00 0 0 0 0 0 0 008 00 00 0 0 00 00 00 000000 000 0000 000
00 000 0 0 00 0 0 00 00 8 0 00 000 0000 00 6000 00 0 000 00 0000 00 0 0 0000 00 000 00 0005 0000 0000
00000 0000 00000 0040 0000 0 0 00 00 00000 000 0000 0000 0000 0000 00000 000 0000 0000 00000 0000 000000
0 0 0 0 0000 00 00 0 0 00 0 0 0 0 00 0 0 0 0 0 0 000 00 00 0 0 00 00 00 001000 000 0000 000
000 003 0 0 00 0 0 00 00 0 0 00 000 0000 00 0000 00 4 000 00 0002 00 7 0 0000 00 000 00 0000 0000 0000
00010 0000 00000 0000 0001 0 0 00 00 00009 000 0000 0000 0000 0000 00000 000 0800 0000 00000 0000 000000
0 0 0 0 0000 00 02 0 0 02 0 0 0 0 00 0 0 0 0 0 0 000 00 00 0 0 00 00 00 000000 000 0020 006
000 007 0 0 00 0 0 00 00 0 0 00 000 0000 00 0009 00 0 000 00 0000 00 0 0 0000 00 000 00 0000 0000 0010
00000 0000 00000 0000 7000 0 0 00 00 00000 000 0000 0000 0000 0000 00000 000 0000 0000 00000 0000 000000
0 0 0 0 0000 00 00 0 0 00 0 2 0 0 20 0 0 1 0 0 0 000 00 00 0 0 00 00 00 000000 000 0000 000
000 000 0 0 00 0 0 00 00 2 0 00 000 0000 00 0000 00 0 900 00 0000 00 0 0 0000 00 000 00 0000 0000 0000
00000 0000 00000 0000 0000 0 0 00 00 00000 000 0000 0000 0000 0000 00000 000 0000 0000 00000 0000 000000
0 0 0 0 0000 00 00 0 0 00 0 0 0 0 00 0 0 0 0 0 0 000 00 00 0 0 00 00 00 000000 000 0000 000
100 600 0 0 00 0 0 00 00 0 0 00 000 0000 00 0000 00 0 000 00 0000 00 0 0 0000 10 000 00 0040 0000 0000
00000 0000 00010 0000 0000 0 0 00 00 50500 000 0000 0000 0010 0000 00000 000 0100 0000 00000 0000 000000
0 0 0 0 0000 00 00 0 0 00 0 0 0 0 00 0 0 0 0 0 0 000 00 00 0 0 00 01 00 000200 004 0000 000
000 020 0 0 00 0 0 00 00 0 0 00 300 0000 00 0000 00 0 000 00 0000 00 0 0 0000 00 000 40 0000 0000 0000
00000 0000 00000 0000 0000 0 0 00 00 00090 000 0000 0800 0000 0000 00000 000 0000 0000 00010 0000 000000
0 0 0 0 0000 00 00 0 0 00 0 0 0 0 00 3 0 0 0 0 0 002 00 00 0 0 00 00 00 000000 000 0000 000
000 000 0 0 00 0 0 00 00 0 0 00 000 0000 00 0000 00 0 000 00 0000 00 0 0 0000 00 000 00 0100 0000 0000
00000 0000 00000 0000 0000 0 0 00 00 00000 000 8000 0000 0000 0000 00005 000 0000 0000 00000 0000 000000
0 0 0 0 0000 00 00 0 0 00 0 0 0 1 00 0 0 0 0 0 0 000 00 00 0 0 00 00 00 000000 000 0000 000
000 000 0 0 00 0 0 00 00 0 0 00 000 0000 00 0020 30 0 000 00 0000 00 0 0 0000 00 000 00 0000 0000 0000
00000 0000 00000 0000 0000 0 0 10 00 00000 000 0000 0000 0000 0000 00000 000 0000 0000 00000 0100 000000
0 0 0 0 0000 00 00 0 0 00 0 0 0 0 00 0 0 0 0 0 0 000 00 00 0 0 00 00 00 000000 000 0000 000
000 000 0 0 00 0 0 00 00 0 6 00 000 0000 00 0000 00 0 000 00 0000 00 3 0 0000 00 000 00 0000 0000 0000
00000 0000 00200 0000 0000 0 0 00 00 00000 000 0000 0000 0000 0000 00000 000 0000 0000 00000 0000 000000
0 0 0 0 0000 00 00 0 0 00 0 0 0 1 00 0 2 0 0 0 0 000 00 00 0 0 00 00 00 000000 000 0003 000
000 000 0 0 00 0 0 00 00 0 0 00 080 0000 00 0000 00 0 000 00 0000 00 0 0 0000 00 000 00 1000 0000 0110
00000 7000 00000 0000 0000 3 0 00 00 00000 000 0000 0000 0000 0000 00000 000 0000 0000 00000 0000 000000
0 0 0 0 0000 40 00 0 0 00 0 0 6 0 00 0 0 0 4 0 0 000 00 00 0 0 00 00 00 000200 000 0003 000
000 000 0 0 00 0 2 00 00 0 0 00 000 0000 00 0000 00 0 000 00 0000 00 0 0 0000 00 000 00 0000 0000 0000
00000 0000 00000 0000 0009 0 0 00 00 00000 000 0000 0000 0000 0000 00000 000 0000 0000 00000 0000 000000
0 0 0 0 0000 00 00 0 0 00 0 0 9 0 00 0 0 0 0 0 0 000 00 00 0 0 00 00 00 000000 004 8000 000
00 000 0 0 00 0 0 00 00 0 0 00 000 0000 00 0000 00 0 000 00 7000 00 0 0 0000 00 000 10 0000 0000 0000
00000 0000 00000 0000 0000 0 0 00 00 00000 800 0000 0000 0000 0000 00000 000 0000 0000 00003 0000 000008
0 0 0 0 0000 00 00 0 0 00 0 0 0 0 00 0 0 0 0 0 0 000 00 00 0 0 00 00 00 000000 000 0000 050
000 000 0 0 00 0 0 00 00 0 0 00 000 0000 00 0000 00 0 000 00 0000 00 0 0 0000 00 000 00 0000 0000 0000
00000 0000 00000 0000 0000 0 0 00 00 00000 000 0000 0000 0000 0000 00010 000 0000 0300 00000 0000 000000
0 0 0 0 0000 00 00 0 0 00 0 0 0 0 00 0 0 0 0 5 0 900 00 00 0 0 00 00 00 000000 000 0000 000
000 000 0 0 00 0 0 00 00 0 0 00 000 0000 00 2000 00 0 000 04 0000 00 0 0 0000 00 009 00 0000 0000 0000
00000 0000 00000 4010 0800 0 0 00 00 00000 000 0000 0000 1000 0000 00007 000 0000 0000 00000 0000 000000
0 0 0 0 0000 00 00 0 0 00 0 0 0 0 00 0 2 3 0 0 0 000 00 00 0 0 04 00 00 000000 000 0000 000
000 000 0 0 00 0 0 00 00 0 0 00 007 0000 00 0000 00 5 000 00 0000 00 0 0 0000 00 000 00 0000 0000 0000
00000 0000 00000 0000 0900 0 0 00 00 00000 000 0000 0000 0000 0000 00000 000 0000 0000 00000 0000 600090
0 0 0 0 0000 00 00 0 0 00 0 0 0 0 00 0 0 0 0 0 0 000 00 00 0 0 00 00 00 000000 000 0000 000
000 000 0 0 00 0 0 00 00 0 0 00 000 0000 00 0004 00 0 010 10 1000 00 0 0 0000 00 000 00 0000 0000 0000
00000 0100 00000 0000 0000 0 0 00 00 00000 000 0000 0000 0010 0000 00200 000 0000 0000 00000 0007 000000
0 0 0 0 0000 40 00 0 0 00 0 0 0 0 00 0 2 0 0 0 0 000 00 00 8 0 00 00 00 000000 000 0000 000
000 000 0 0 00 0 0 00 00 0 0 00 000 0000 00 0000 00 0 000 00 0000 00 0 0 0200 00 000 00 0000 0000 0000
00000 0000 00000 0000 0000 0 0 00 00 00000 000 0000 0000 0000 0000 00000 000 0000 0000 00000 0000 000000
0 0 0 0 0000 00 00 0 0 00 0 0 0 0 00 9 0 0 0 0 0 000 00 00 0 0 00 00 00 000000 000 0000 000
000 000 0 0 00 0 0 10 00 0 0 00 000 0000 00 2000 00 0 000 00 0000 00 0 0 0000 00 000 00 0000 0000 0000
00000 0000 60000 0000 0000 0 0 00 00 00000 007 0000 0000 0000 0000 00000 000 0000 0000 00000 0000 000000
0 0 0 0 0000 00 00 0 0 00 0 0 0 0 00 0 0 0 0 0 0 010 00 00 0 0 00 00 00 000000 000 0000 000
000 000 5 0 00 8 0 02 00 0 1 05 000 0000 00 0000 00 0 090 00 6000 00 0 0 0000 00 000 00 0005 0000 0000
00009 0000 10000 0000 0000 0 0 00 00 00000 000 0000 0000 0000 0040 00010 800 0000 9000 00000 0000 900000
0 0 0 0 5000 00 00 0 0 00 0 0 0 0 00 0 0 0 0 0 0 000 00 00 0 0 00 00 00 000000 000 0000 000
000 000 0 0 00 0 0 00 00 0 0 00 000 0000 00 0000 00 0 000 00 0000 00 0 0 0000 00 000 00 0000 0000 0000
00000 0008 00000 0000 0000 0 6 00 00 00000 000 0000 0000 0000 0000 00000 000 0000 0000 00000 0000 100000
0 0 0 0 0000 00 00 0 0 00 0 0 0 0 00 0 0 0 4 0 0 000 00 00 0 0 00 00 00 000000 500 0000 000
070 000 0 0 00 0 0 00 00 0 0 00 000 0000 00 0000 00 0 000 00 0000 00 0 0 0000 00 000 00 0000 0000 5000
00000 0000 00000 0000 0000 0 0 00 90 00000 000 0000 0000 0000 5000 00000 000 0000 0000 00000 0000 000000
00000 0000 00000 0000 0000 0 0 00 00 00000 000 0000 0000 0000 0000 00000 000 0050 0000 00000 0000 000000
