8 2 3 4 5329 45 42 5 5 96 9 6 0 9 23 9 8 1 4 8 1 488 16 33 2 2 28 32 23 781928 129 8803 856 
123 228 5 9 12 8 2 19 36 9 1 82 987 6219 35 7875 82 8 918 55 8215 12 9 5 1899 69 765 82 2195 8456 8375
79313 2036 63215 8742 9498 3 9 55 98 98139 112 8915 7819 7245 9913 98255 174 0144 5352 83213 1877 123178
6 4 9 4 5123 15 12 4 5 92 9 2 7 8 28 9 2 8 8 5 7 112 12 05 9 1 40 42 29 891224 128 8982 556
50 079 5 5 55 2 2 15 89 9 7 42 199 5205 15 0302 15 2 992 19 4939 92 3 5 4988 80 430 18 5145 8562 8912
84393 3138 75215 8716 5851 3 5 16 78 16152 845 8913 8778 1218 2433 99249 124 5177 6312 53217 5953 765240
1 2 0 4 6761 98 12 5 8 12 7 0 7 1 83 9 6 7 9 5 6 916 86 85 9 8 64 12 23 896423 737 8128 565
893 873 5 9 16 6 0 12 74 1 7 32 986 1206 15 2313 17 4 972 50 1915 16 0 5 1048 10 415 07 4145 8612 5419
68219 9905 19715 8758 8149 3 9 49 73 58782 615 1910 8712 8216 5710 62795 195 8224 8987 23228 1696 189198
1 2 5 4 5123 85 17 8 8 91 9 6 7 9 78 9 2 3 4 5 4 962 69 45 0 3 34 78 93 871295 192 8176 586
554 803 9 7 52 8 5 12 88 4 0 48 987 9790 15 8736 62 8 912 69 1295 62 9 7 1989 19 429 32 7173 9722 8922
82817 2591 73712 9712 5151 3 5 17 78 15197 892 8914 9987 1013 6619 22200 963 6070 9919 49083 1403 157790
9 0 3 4 5126 40 52 5 6 12 9 2 6 1 08 0 2 1 8 5 8 942 12 45 9 8 24 12 28 896923 124 9127 558
203 980 7 0 98 8 8 16 24 0 1 68 895 1216 15 5389 90 6 768 84 2655 94 3 5 7589 15 415 15 7380 8254 8013
62324 1155 13585 8737 6147 4 0 72 98 12132 898 0939 5412 1515 9413 50815 184 8192 7914 33273 1153 525090
4 2 0 6 5690 75 12 5 0 69 9 6 7 1 27 5 2 7 8 5 1 412 75 45 9 8 21 82 88 991223 524 5193 566
895 663 5 9 16 6 2 12 64 9 6 02 987 1462 05 4014 67 4 972 28 8415 39 2 2 2083 12 495 55 2145 7549 7712
12723 1430 88295 0710 5821 4 5 13 39 12174 919 3952 8812 1292 5438 42814 324 7934 8112 53247 1154 535193
1 7 2 0 6970 71 12 8 6 68 8 6 5 1 54 4 6 9 4 5 8 917 09 46 9 8 44 18 59 801204 254 8163 536
139 197 1 1 73 0 2 27 89 7 0 56 677 7229 45 9714 12 4 912 24 7815 52 3 6 5489 69 415 62 0195 8722 0915
92269 5955 67166 3714 5961 3 5 32 94 58979 887 8947 9818 6265 5573 18466 127 4770 5210 55916 1243 125698
1 4 8 4 5923 65 62 5 7 72 8 2 0 3 29 9 2 1 8 5 7 939 19 75 9 8 24 52 23 891227 900 7138 356
123 968 5 9 02 4 9 85 90 3 5 68 975 1295 15 2816 07 5 992 15 8055 37 9 5 1938 82 455 12 4162 0762 8912
12717 1165 13295 8392 5301 0 5 18 58 18172 886 8589 9812 1235 8443 64219 634 5736 1373 73262 8150 175798
1 9 3 6 0823 45 83 5 7 84 6 9 4 6 28 9 2 1 8 6 7 915 12 75 0 8 24 56 25 894228 528 6923 539
125 418 6 4 12 8 2 22 99 7 8 82 759 1728 75 2814 52 3 998 14 1215 68 2 0 7079 94 418 92 0195 5716 8906
12713 4079 14818 8712 5189 7 8 75 78 19162 826 7919 9852 9291 8413 94299 120 5969 5358 58504 5993 041598
8 7 3 4 9183 45 46 9 8 92 4 9 9 5 99 0 9 1 4 8 8 810 12 65 9 8 24 16 97 899943 022 6924 559
183 463 7 9 32 8 6 79 89 0 8 72 580 1919 96 9313 66 1 422 69 0205 92 3 7 1279 14 445 52 2735 8922 6472
15379 4192 83395 6715 5120 9 5 62 96 15538 298 8912 9392 1267 6413 12215 028 3138 9317 21225 3276 128199
9 2 9 5 5780 49 12 5 5 82 9 2 7 4 28 9 9 1 4 5 6 912 04 45 9 6 74 02 70 201233 865 8906 596
123 752 8 7 42 8 2 12 72 8 1 07 956 0219 19 2386 12 4 962 16 1219 40 5 5 1289 32 415 11 2146 9748 2492
6 6 8 4 5650 05 80 5 7 78 1 2 0 1 27 9 9 3 4 5 5 812 15 40 9 8 46 01 22 891223 147 8121 576
193 123 2 3 55 8 7 35 97 5 7 01 997 1677 15 6374 15 9 810 84 1245 33 6 5 1989 40 411 95 8145 6718 4982
18998 1635 13815 8713 5181 3 6 42 56 52368 515 5317 9710 7215 5413 90215 149 5524 5311 58050 9750 120158
8 2 3 7 4103 36 29 1 5 59 7 2 9 3 69 9 9 9 4 5 4 310 94 40 9 4 24 92 73 891259 194 1123 556
57 583 1 7 10 8 6 10 93 9 3 85 986 8214 15 3318 82 4 447 14 9225 66 3 5 4289 19 607 62 2147 8768 8717
10558 7672 13200 8713 8129 4 5 82 94 13902 405 8869 0818 1415 8714 52015 824 0554 5082 74254 1153 125184
1 0 3 4 8183 93 30 4 5 92 9 0 5 1 68 9 2 1 4 5 3 712 12 65 7 7 26 68 89 694224 194 9592 557
766 129 5 9 82 8 7 12 33 4 1 82 998 8294 75 2340 14 4 912 64 1246 15 3 8 4954 10 921 65 8944 9610 8610
12353 9334 93515 9712 5127 3 9 13 58 19198 815 4912 5815 8219 5561 52615 364 5162 5332 32611 5163 825459
1 2 3 4 4325 45 82 5 5 12 9 5 7 5 22 9 1 3 4 1 1 555 70 65 8 8 44 12 23 890225 164 6183 451
148 936 5 0 12 8 0 10 82 5 1 01 867 6618 87 0710 19 3 412 84 1976 62 3 6 1287 18 499 63 5173 0989 8957
92315 9567 17415 8711 5127 3 8 18 94 96881 875 9997 5819 9738 2413 88610 174 5134 5338 83282 3456 148699
6 2 3 4 5153 48 72 7 5 12 4 2 2 5 76 7 2 6 4 5 1 913 16 45 7 8 64 12 28 060983 924 8014 555
136 156 8 9 02 9 8 72 96 0 1 85 982 4884 15 2319 12 4 192 15 0485 17 3 5 6399 37 418 12 2148 8716 7980
12913 7030 10919 8716 5407 3 4 14 98 97298 783 8549 9809 1282 5814 18315 129 5134 4382 43210 4153 125198
1 8 3 4 4198 45 24 6 5 12 9 4 6 1 26 3 2 9 0 0 1 446 72 88 5 8 78 28 33 831223 926 8753 558
159 125 5 0 12 5 2 12 63 9 1 69 986 8238 85 2314 92 4 530 84 1815 62 3 7 7286 87 445 62 2207 0253 8913
02319 8759 17279 8739 5828 9 5 72 95 50026 419 8916 9895 1475 5995 12215 124 5784 5534 15223 1153 927998
6 2 9 8 8103 79 77 5 5 12 0 0 2 6 58 8 4 8 4 0 9 999 82 05 9 9 70 12 28 896733 154 8123 556
663 324 5 3 45 8 1 12 99 5 1 48 977 1541 19 2314 22 0 782 96 1245 75 3 9 1208 90 310 18 7143 6712 4992
03971 1635 16210 8418 5527 2 7 12 98 02107 219 0883 9812 7615 5413 78675 184 5158 5509 53213 9154 455198
7 2 0 4 9695 48 15 3 5 05 9 2 7 6 58 7 8 5 9 7 1 012 45 45 4 8 24 18 23 828223 423 8890 536
966 926 6 0 52 8 6 92 84 6 8 80 088 6258 85 3500 11 7 274 84 6963 12 4 5 8889 87 097 12 2149 4096 9951
59774 1835 15216 8811 0993 1 5 54 98 92770 985 8966 8212 1615 4519 91215 129 7138 5312 45616 5283 020598
3 4 3 4 4926 48 12 2 3 05 9 2 7 1 23 9 4 1 4 5 1 992 84 45 9 8 54 72 23 891823 824 8525 676
123 154 7 9 12 9 4 92 89 0 1 92 980 9091 00 9384 80 3 614 14 1275 12 3 5 1844 19 019 32 4199 4812 0895
75913 7138 83225 6912 5169 3 6 35 08 83366 785 8916 7869 5214 9018 46205 125 5134 4380 55417 0790 905676
1 7 3 3 0553 95 52 5 8 12 9 2 7 1 28 9 0 1 4 9 8 932 12 90 9 0 24 12 65 895987 624 8023 777
795 427 7 3 16 8 8 92 29 2 5 82 987 7214 15 9409 14 7 998 14 9785 19 5 8 1549 02 704 12 0008 8718 0912
37916 1661 74267 9952 5926 7 4 87 98 22157 479 9962 7802 1858 5513 02875 074 5839 6388 55213 5255 598964
1 2 9 4 7317 99 16 8 5 92 9 4 6 2 25 9 2 1 6 5 1 916 14 45 9 8 27 17 99 441253 990 8129 567
109 022 6 9 82 8 2 18 99 8 1 77 634 1214 10 7744 60 4 315 64 6814 70 7 9 8269 79 970 77 3165 8782 8739
15313 1139 95215 8712 0329 8 9 85 62 67422 958 8942 8889 1990 5884 16277 524 9574 5991 85093 7653 125198
9 8 0 7 9123 47 66 7 5 12 9 6 8 4 58 9 2 1 4 9 8 912 12 75 6 3 24 12 26 996923 584 4143 057
154 173 8 1 15 9 6 16 88 5 1 03 706 4304 98 2374 11 6 892 49 1887 19 3 9 3584 17 298 07 2047 8794 8465
39313 1065 65217 6612 9121 3 5 25 32 84447 815 8837 9966 1260 5413 19915 684 5171 9742 83295 6153 728197
1 2 5 4 5862 56 12 1 9 16 7 9 0 4 28 9 2 1 9 5 3 779 52 45 3 8 54 16 74 897523 690 8123 856
51 728 8 8 19 8 0 12 47 2 5 52 952 1284 34 2864 12 7 942 48 4575 19 3 5 1979 69 415 10 1849 8718 8969
39713 1138 18815 8718 6963 3 5 55 08 12492 425 6179 9902 5215 5713 22278 084 4939 4312 59495 2883 195193
1 2 3 4 5222 34 12 5 5 10 8 0 9 1 28 9 2 6 8 5 1 912 15 95 3 8 03 93 93 784826 304 8183 559
147 213 7 9 52 8 2 52 89 3 9 87 942 5214 15 2368 19 4 611 14 1288 49 3 0 1285 44 865 48 7444 2709 8708
47313 6693 67258 7112 5527 3 5 12 44 14490 815 8917 0862 3912 7413 06956 769 6134 9222 58273 5053 025996
1 2 4 3 6413 91 02 3 5 09 9 2 8 1 28 7 6 8 4 5 9 326 92 45 2 8 77 66 67 871507 694 8123 556
124 127 5 9 12 3 2 45 82 9 8 92 987 6214 55 2374 10 5 542 64 8945 10 3 5 4539 65 615 12 9175 8018 9212
52319 1136 99409 8752 5761 7 8 18 98 67776 394 8913 9866 1215 4618 19359 869 5178 5792 75263 9153 225565
1 7 3 4 5123 95 14 5 5 52 4 7 6 8 25 9 5 1 7 5 8 582 18 98 2 8 54 52 24 891437 924 0823 855
523 123 5 8 62 3 6 13 79 9 0 82 887 5014 19 2315 84 9 978 10 7914 18 6 8 1289 12 435 13 0139 6517 2912
22393 7762 17405 6716 8681 0 5 12 98 19562 955 8912 7550 1315 6413 96225 128 6432 5052 34853 0153 925630
9 2 3 9 7128 45 27 0 5 98 9 2 9 9 10 9 6 9 4 5 9 912 12 48 8 8 74 65 59 776223 122 8525 659
123 173 5 9 12 4 5 52 79 4 8 82 988 1215 85 2895 57 3 982 64 0497 76 8 6 5355 12 068 18 8009 9772 0812
88743 7735 19215 3512 9901 8 7 12 97 26187 015 5912 9754 6290 9473 12265 124 5634 5317 93113 1963 125106
5 7 1 8 9993 41 79 8 6 18 0 2 4 8 28 9 9 1 5 5 9 992 12 47 9 9 04 89 23 897689 054 6657 598
323 193 5 9 15 6 2 75 66 3 1 82 187 8214 94 8514 62 9 997 17 9015 12 3 8 3464 28 494 19 0103 9659 8882
82318 1399 53295 8719 5882 6 5 12 98 90132 911 9619 9835 5299 5493 12093 124 7135 0032 53213 1153 545828
9 8 5 4 5123 48 98 9 5 02 9 2 0 8 79 9 5 1 6 6 1 942 12 45 3 8 57 16 28 969229 444 7706 586
124 159 5 7 56 8 2 52 85 4 9 12 485 4215 35 2767 19 9 913 94 1277 15 3 5 5845 18 015 42 4946 9614 8612
50726 8185 13705 8416 6121 3 5 96 88 12452 668 8812 2818 9241 4803 12225 927 6134 0318 90287 1153 175498
3 3 7 5 2123 45 02 8 5 12 7 6 9 8 96 9 2 2 8 6 1 372 68 46 5 8 22 16 23 898278 328 8423 557
743 153 5 8 27 5 5 82 89 9 5 36 578 1714 15 5249 06 9 922 14 9299 62 4 5 1989 19 516 12 7148 8797 5052
18397 0904 58965 6712 5159 3 5 12 98 85194 815 8812 9432 1915 5444 15280 629 4410 5518 55225 1859 175174
1 8 9 6 5103 47 12 9 5 18 9 2 8 1 28 6 2 9 4 6 9 217 90 95 8 5 24 88 23 966724 138 8125 556
527 129 5 9 08 6 2 99 87 7 9 92 983 1219 15 9814 99 4 999 94 6295 12 9 5 0289 95 615 52 3342 8193 7112
10987 1138 13115 6712 5129 7 8 76 99 92982 815 6912 6882 1317 8363 92960 624 6131 3312 53293 1143 758897
1 7 8 0 5193 75 92 4 4 12 0 8 7 1 24 9 4 1 6 5 1 119 71 75 9 8 28 58 63 881227 320 8523 657
126 723 8 9 12 2 6 22 48 8 9 99 685 1064 18 9974 12 4 918 14 5210 12 3 6 5689 86 715 14 8965 9812 7812
21033 9186 13749 8072 0126 3 5 12 99 12890 437 8878 8272 1285 9413 92212 021 9199 0314 56317 1164 995106
9 2 3 5 4193 95 82 0 5 13 9 2 5 1 45 7 0 7 6 5 6 312 58 15 9 8 64 87 93 896727 114 8123 553
223 053 5 9 12 8 9 62 89 9 1 32 985 2290 15 2314 14 4 512 13 6215 18 3 9 9899 32 455 86 6139 8788 8984
12397 8935 17294 8965 9921 7 5 16 90 67588 875 1178 8897 1315 5615 18216 124 5172 1619 58413 1608 566193
6 6 3 4 5923 47 12 5 5 84 9 8 7 8 29 9 2 0 4 5 1 992 22 49 9 7 24 22 99 891827 358 8263 846
58 123 5 0 42 8 1 12 79 9 1 85 784 1454 14 2314 82 4 977 04 4618 52 3 5 1994 59 419 98 6142 8612 8913
51313 1162 13215 7762 5428 7 9 19 55 82102 715 8916 9682 7227 8083 92015 129 8174 5375 53003 1153 625838
6 8 3 4 5123 55 64 8 5 12 3 2 8 3 78 7 2 9 4 5 7 909 82 45 4 9 74 12 27 241629 174 0025 556
199 327 5 9 52 8 2 42 85 1 6 73 987 2210 11 0918 57 9 917 84 1629 47 3 9 1288 60 958 80 6145 5619 8998
15369 2775 13214 8912 4121 8 6 52 99 12665 475 8916 6912 5095 5719 18949 188 0139 5912 95213 1525 925349
3 2 0 5 7729 85 12 6 9 17 9 0 6 1 98 9 7 6 4 5 1 990 14 45 4 8 37 16 46 741293 149 0193 756
929 323 5 4 12 8 2 33 81 7 6 82 589 1114 15 2604 12 9 960 04 1817 17 3 5 5209 11 417 69 8145 8732 8312
12993 8036 13013 8769 5571 9 5 12 93 95390 615 5978 4019 7595 9019 92234 124 5135 1342 96797 6385 669898
6 2 3 4 7193 45 17 0 5 35 5 5 8 1 98 8 2 0 4 5 1 615 78 47 9 5 24 00 29 991223 723 6188 506
523 123 5 9 91 3 8 62 87 5 1 89 698 0214 45 2389 82 4 982 71 1738 88 7 8 1279 13 435 14 2895 8812 5712
96356 1649 18895 9713 1101 3 4 11 91 52188 785 7519 1862 3418 3213 95219 123 5135 4352 53293 1753 925108
1 7 3 4 9173 45 02 1 5 14 8 1 5 4 24 7 9 8 4 5 1 069 96 55 9 8 34 19 67 895823 624 4143 597
075 161 5 9 66 8 2 18 86 3 1 85 887 1814 15 7204 64 4 913 50 7655 12 4 2 7589 82 818 17 2146 8792 9912
13318 6144 79715 8817 3021 3 6 82 97 90942 595 7652 9502 8219 5913 29215 128 5134 5388 64484 1926 115124
5 2 6 4 5128 35 17 0 8 10 9 0 7 8 83 9 4 9 6 7 1 917 96 43 9 8 94 72 63 491223 128 4723 556
123 123 5 9 18 8 2 12 89 3 1 52 684 1228 13 2618 19 9 518 24 0224 99 3 8 1759 39 515 72 2145 3508 8934
88717 1135 53715 8712 8791 7 5 10 88 37501 113 8612 9879 6286 2423 92715 123 5154 5313 23216 1152 635397
6 2 2 3 5523 47 66 9 4 18 9 2 9 1 28 9 0 9 4 8 8 882 12 49 9 3 04 18 08 091225 024 8120 026
527 323 5 9 18 9 2 64 89 8 0 57 987 1219 15 7214 17 4 812 34 1258 56 5 3 1289 94 315 52 9885 7712 7854
42313 1137 18286 8782 5568 3 5 99 98 12902 894 7592 0815 1215 5413 10965 164 9134 5372 34259 0153 123188
1 8 3 9 5769 95 72 1 5 67 9 4 9 1 76 9 2 1 8 5 1 914 37 46 9 7 08 12 64 091723 829 9823 556
698 123 5 9 72 8 3 28 79 3 9 69 686 1264 35 2322 82 3 912 18 1678 82 3 5 1299 12 485 15 2945 8732 3192
14313 8435 13219 3742 5144 3 5 10 88 76569 714 8918 7818 5215 3413 18218 183 9734 9394 93216 1176 522791
1 2 8 9 5323 48 17 3 4 10 0 2 5 1 28 7 0 1 0 5 1 612 92 57 9 8 24 38 23 891223 822 7490 250
973 622 5 9 12 8 2 12 89 7 9 33 977 1296 15 2386 83 4 912 14 7204 72 3 6 0280 12 419 13 2940 3720 6869
62313 8155 67276 9719 0458 0 5 94 08 12852 956 8912 9272 1217 5460 62219 084 5757 5312 68283 1163 126190
1 3 4 4 7685 98 82 8 5 02 9 7 4 7 28 9 8 1 4 0 1 012 19 35 9 3 64 12 23 891609 129 8723 556
629 153 9 9 89 7 0 72 89 8 8 82 887 3017 89 7314 29 5 912 13 1590 72 5 9 1285 52 416 62 2143 5982 8922
92398 8036 14215 8769 6920 5 5 16 98 79822 815 0978 8615 1766 5413 70049 124 5159 5919 53819 1398 125198
1 2 3 8 6727 44 18 0 5 17 5 4 8 1 28 9 3 1 9 5 2 862 36 65 9 8 95 14 74 897023 124 8825 356
126 198 3 9 14 9 6 12 59 9 7 92 971 1223 18 9308 74 4 912 16 1295 19 5 5 8960 14 473 19 8993 8496 2911
17117 7835 16915 8718 5181 3 5 19 48 92452 814 8952 9914 1711 5010 16844 174 7934 5814 53707 1147 101938
0 7 9 5 9122 45 72 2 4 10 6 0 5 1 25 8 2 4 8 5 1 072 12 95 9 9 94 99 23 369287 174 3283 557
56 189 5 9 72 8 9 12 99 8 1 83 486 8314 65 2010 02 0 910 95 1715 72 3 8 2284 05 419 12 6145 4777 6922
70313 8230 93285 8712 6791 3 5 71 88 35852 819 3912 9801 1266 5433 72248 178 5134 0384 53310 1993 925088
8 3 3 4 5127 75 32 5 7 39 6 2 6 6 78 2 0 1 7 2 9 612 04 99 6 5 21 62 53 656229 024 7813 576
175 143 5 9 22 8 7 96 83 8 2 32 959 1718 15 0096 12 4 243 12 7215 40 3 5 1289 52 785 13 5143 9788 5035
17110 1133 14659 7110 5079 3 5 10 74 12752 855 6902 5897 6832 4984 22295 128 5039 1816 49819 6843 825499
1 2 7 0 5928 45 10 5 5 52 9 2 2 4 22 9 3 5 4 9 1 384 49 45 9 8 24 12 46 591827 173 8123 556
923 623 5 9 18 8 2 19 89 3 1 82 989 0816 75 7969 36 5 910 14 8914 77 5 6 1289 89 410 82 9948 8192 2802
44653 1885 53875 8719 8725 3 5 33 98 17126 603 6770 7819 9925 5519 72738 624 8989 7312 05104 1995 125248
1 8 3 6 9923 45 16 7 5 18 8 7 0 2 48 9 6 7 4 1 1 812 15 87 3 5 90 10 23 892829 166 8163 256
523 125 7 9 12 8 3 16 79 9 1 71 967 7914 22 2672 86 1 098 34 1217 15 2 5 1984 12 615 09 2942 1712 8812
12800 1138 14260 8792 5988 0 5 92 98 12249 885 8512 3952 6517 8616 12467 126 5134 3313 53813 8758 985199
5 5 3 7 7123 65 12 7 9 52 1 2 0 1 97 5 5 0 7 5 1 018 82 95 7 9 35 22 83 801833 924 4723 736
163 564 6 9 62 8 2 12 83 9 1 89 987 9211 13 1524 02 4 999 14 8733 12 3 5 9787 89 450 16 2805 8615 1919
99311 0135 63215 8742 9121 3 8 28 02 53 851223 154 3123 576
194 529 4 7 19 3 8 82 86 8 6 29 976 9514 27 8394 72 4 914 18 9315 87 5 5 1789 06 415 12 9185 5812 8010
29585 4975 19817 8292 5366 2 8 18 36 12132 815 7062 9980 1295 5044 12515 149 4199 3518 58277 5179 485188
0 5 9 4 6728 99 78 5 7 12 4 2 2 5 22 7 2 9 4 9 5 912 82 85 9 0 25 82 23 181225 824 5537 016
423 189 5 9 15 9 9 10 69 5 1 82 639 9214 15 2314 12 4 918 18 8285 72 1 4 1886 92 010 70 2909 7722 5911
48348 9135 90895 7777 5141 9 2 79 88 92199 815 7919 1812 1697 5490 32214 129 4519 8807 59916 9114 105796

22863 6154 93250 8512 5192 3 6 12 79 12434 833 8908 9462 1235 9573 64129 929 5144 0382 87810 1153 185178
0 2 5 4 5323 85 62 5 6 88 9 5 1 0 98 4 9 6 7 5 1 212 19 48 9 8 84 18 98 499428 125 8923 259
730 907 9 5 36 1 2 12 83 4 0 82 967 8834 18 5354 15 3 917 14 1415 10 3 5 6979 32 410 15 1199 8719 4042
92393 5105 13405 8012 6165 8 5 63 98 94677 470 0212 9672 1705 5016 92210 124 5834 3442 93260 6166 125187
3 2 3 4 5128 40 12 5 5 82 7 1 1 1 56 9 2 1 4 1 1 372 12 40 9 8 24 73 29 597233 129 9147 566
78 164 5 0 24 8 7 60 88 0 6 82 987 2047 05 2010 12 4 705 14 1958 12 8 5 0277 92 635 12 9846 8794 8798
15423 1135 13763 7919 5781 4 5 42 98 70842 416 8919 9382 1315 4419 11388 976 4844 2385 53804 3473 136899
7 4 9 4 0923 25 82 5 5 52 6 6 9 7 28 9 6 1 1 5 6 952 12 15 9 8 20 12 03 891220 228 9129 576
123 952 9 3 68 8 2 16 85 9 2 86 790 9889 85 2374 12 4 917 24 6215 18 2 5 0225 14 412 19 7865 5719 8912
10473 1778 13684 8798 8269 9 5 72 78 18159 818 9874 9812 1218 9713 12235 424 7078 5712 53218 1989 383198
7 5 7 0 9173 45 15 9 5 17 9 2 9 9 25 9 2 1 4 5 1 082 17 70 5 8 04 88 23 699523 124 8625 557
738 223 5 9 14 3 2 16 59 3 1 92 987 1214 95 3304 18 9 218 14 1980 12 9 4 1687 88 445 92 8145 9773 1913
02780 9535 80815 8762 5151 4 5 92 98 12189 816 6917 9812 4615 5719 17297 224 5134 5592 53550 0153 125158
1 9 0 5 9372 45 14 7 5 12 9 2 7 1 28 5 8 1 9 7 2 932 52 05 5 5 08 12 03 394223 124 8123 556
159 523 9 7 15 8 6 12 29 5 9 50 987 7294 85 2994 18 4 993 69 9289 12 3 5 1289 36 419 17 2945 8717 3912
12813 1455 13245 6792 4125 3 5 12 78 12892 810 8918 9652 1410 5917 58795 905 5194 0302 23258 1303 725109
1 7 3 3 5189 05 04 5 5 92 9 5 9 3 03 9 8 1 7 5 1 982 92 95 9 8 28 72 78 791229 497 8707 849
146 173 5 6 36 8 2 90 09 9 0 82 872 1819 65 2814 14 4 918 14 1215 12 3 5 9289 92 595 17 2140 8790 6972
17003 1835 63215 7515 8497 3 9 98 98 12682 890 8993 9816 1691 5019 60815 809 5830 5513 93260 1929 928782
6 2 5 4 4796 48 48 2 5 12 9 3 7 1 26 9 2 8 4 5 8 912 12 77 6 8 67 13 06 891903 018 9123 568
053 193 2 9 49 8 0 48 80 5 2 50 587 1804 45 9404 12 1 912 18 1214 22 3 5 3989 12 419 02 2143 8719 8402
19678 0179 13919 8742 9907 3 3 82 68 18992 815 8910 6319 0285 5913 72764 484 5734 9810 53283 1853 085168
0 4 3 4 3183 35 12 5 7 02 7 6 3 1 25 9 9 3 4 4 1 982 42 47 9 5 26 70 23 196973 768 7926 977
193 983 3 9 42 8 2 05 68 3 1 77 584 4216 15 2899 82 4 972 44 9285 14 3 6 1089 07 515 16 2035 8799 7300
73386 7846 17215 7391 3921 8 5 26 95 19192 915 8292 0826 1293 3459 88995 124 5554 5392 59553 1153 125603
1 8 9 8 7193 85 62 5 5 11 9 5 3 7 28 9 9 1 9 9 1 562 02 76 9 8 24 77 33 998083 829 8223 796
123 113 6 5 19 6 9 12 87 9 1 82 987 2214 15 9384 92 6 986 04 3285 14 3 5 8265 62 416 22 6185 5788 8613
97316 1165 87568 9612 7721 3 5 12 28 32121 055 8512 7617 1666 5443 82215 924 6864 7316 97289 9653 525784
3 2 3 4 6423 45 82 5 0 82 4 8 7 6 76 9 2 6 4 5 1 912 96 29 2 8 29 12 23 891653 954 6124 556
199 627 7 9 82 8 2 01 59 4 6 02 083 9804 19 2314 18 4 942 19 1265 12 3 5 0084 17 018 70 4895 7752 8612
17813 4195 47293 3905 3983 3 3 29 96 67128 317 8912 9516 1015 7283 76408 024 5134 5872 83213 8486 925397
9 2 7 6 6102 45 85 6 5 48 9 2 4 1 38 3 2 1 4 5 1 862 16 80 9 1 94 42 23 891226 129 2864 866
123 727 5 8 12 5 9 16 39 7 0 55 987 4519 17 9818 02 4 990 15 0265 48 8 5 1388 16 815 98 2176 4810 6917
3 2 3 4 8149 09 22 4 5 12 9 8 5 7 78 9 5 1 4 5 3 213 70 73 9 8 25 12 98 899223 278 8928 553
026 103 5 9 72 7 2 12 89 5 3 58 534 1918 14 5394 12 4 711 14 8615 52 2 2 9303 96 419 98 2136 8708 8919
12813 4105 66314 5700 5028 3 8 13 92 12197 858 8512 3009 1512 0413 12299 979 5974 5992 53213 1153 527557
1 6 8 4 5523 48 62 5 0 72 9 2 7 9 88 4 6 7 1 7 1 912 12 85 9 8 77 72 23 899023 124 8689 508
56 923 5 0 73 3 2 16 79 9 1 82 987 1914 85 2384 12 2 782 74 9469 12 9 4 1204 12 495 68 2488 4717 9915
95385 1145 18295 5777 7125 8 6 12 88 63282 017 8912 9822 9935 0863 62916 738 7939 6695 53013 0653 127008
1 2 7 8 5886 25 15 9 4 12 9 8 7 1 25 6 8 8 3 5 9 013 99 96 9 8 04 19 25 899227 325 9279 896
123 824 9 9 52 8 6 16 97 9 1 40 087 1266 84 2314 42 5 992 19 9254 72 7 9 1289 49 719 64 7688 8732 0618
82380 3487 15298 8212 3841 6 8 13 98 12745 775 0827 9119 2255 5489 19210 022 6134 5612 87363 5478 187108
1 9 3 4 5124 49 74 8 4 82 9 4 5 1 28 9 2 3 0 5 1 916 92 46 6 8 89 70 70 894327 103 0123 757
816 779 5 9 12 8 7 52 59 5 1 82 967 1024 88 9370 09 4 969 81 6375 89 3 5 9288 18 885 12 8145 2219 6918
18915 1939 39553 9722 5121 8 5 79 67 82779 875 8969 9886 1465 5493 12292 169 7137 5092 46716 1153 165197
8 2 3 4 9023 67 93 5 5 12 5 0 6 1 89 9 9 8 4 5 9 919 62 35 9 2 28 12 27 791734 824 8127 854
120 183 7 9 02 8 2 12 89 8 2 89 987 0299 76 2312 48 9 918 87 1598 10 5 5 1499 82 415 16 9173 8212 1882
19313 1155 13115 4869 5801 6 5 77 96 42004 959 8922 0846 5015 5413 12218 114 7126 5392 07013 1154 125198
9 1 0 7 5113 79 11 7 9 00 4 9 7 9 68 9 2 1 4 5 4 962 92 46 9 8 24 03 53 891823 894 8198 176
195 923 4 9 12 7 2 17 48 9 1 82 887 8864 14 2499 12 3 410 00 1255 17 3 4 1589 12 375 15 2145 5792 2912
12398 7185 53915 9762 5123 3 6 92 68 72122 498 4960 7814 4666 5419 12903 154 9938 3715 53213 7970 195158
1 0 3 5 7123 52 95 5 5 16 9 4 5 9 28 9 7 0 4 8 1 818 17 65 6 6 24 97 88 897223 127 8523 556
118 185 5 9 18 8 2 12 80 5 9 89 787 3914 74 6884 64 3 977 44 8515 62 3 5 4389 17 015 10 1065 8709 8152
13301 6730 13715 8755 5161 3 1 56 90 77109 215 0886 9882 0816 5803 42206 128 9534 9612 53715 2881 125915
4 9 5 4 2703 47 92 5 7 68 9 2 8 2 29 9 7 7 4 5 1 979 66 48 7 8 84 12 43 797073 134 8325 696
123 720 5 6 19 4 8 84 87 6 5 89 990 1999 17 5618 16 4 997 18 9215 51 8 5 7989 12 466 42 2848 8722 9912
82713 5635 63615 8792 5724 9 0 12 25 42412 986 1982 9618 8295 5773 18847 153 5184 8318 53253 1186 625598
7 8 3 7 5497 75 46 5 1 12 9 5 9 2 29 9 1 1 6 7 8 876 52 95 8 8 24 12 39 591423 324 8753 747
143 663 5 4 15 8 7 18 09 3 2 72 968 3284 74 6694 12 0 762 94 6814 52 0 5 1789 19 415 10 2941 1782 9037
12913 0735 14798 1912 5961 7 5 99 38 82962 794 8912 6812 8965 5739 42425 164 5931 5017 63688 8100 186699
1 8 3 2 9193 40 18 3 5 52 9 2 7 2 66 9 2 6 4 9 1 969 74 75 9 8 64 23 23 996424 147 4970 507
933 186 5 4 19 5 9 09 89 3 1 83 886 1235 15 7978 10 4 589 84 6057 82 8 5 4219 62 457 18 9745 8912 9919
12413 1145 16219 4716 5327 3 5 18 98 10177 919 5312 9812 3710 9318 60765 197 3134 5392 63283 1184 155138
1 9 7 9 2223 09 17 2 8 12 5 2 8 8 18 9 2 7 4 5 9 922 12 46 9 7 24 68 98 851523 484 6628 059
109 023 5 8 02 4 3 16 85 8 8 82 730 1694 15 6218 60 4 712 16 1030 12 8 5 6219 16 415 65 7129 8714 8912
19313 7442 13416 8712 5181 8 7 02 97 12170 817 1285 5862 7719 4808 12262 123 5166 4312 10213 1153 135878
8 2 0 4 0125 05 72 5 4 92 1 6 7 0 45 9 2 1 3 8 8 158 92 49 9 2 28 82 23 496263 060 8003 756
022 123 5 9 10 8 0 94 85 4 1 83 987 9774 85 8515 15 0 919 24 1215 95 9 9 1276 19 489 92 8555 9762 8998
52685 1735 34385 8712 5221 0 5 43 96 50542 905 8416 9676 1685 5427 12496 428 7138 5312 93213 2153 125798
1 2 3 5 5141 45 48 7 5 69 9 5 5 1 38 9 2 1 0 3 7 398 12 75 1 6 48 72 23 897823 123 9129 560
41 553 8 7 12 7 2 82 62 6 8 82 987 8717 95 0507 52 3 882 14 2418 12 8 5 5629 25 085 72 8745 8712 8912
14613 5185 10245 8912 5372 7 5 12 96 84192 375 7584 9632 1415 8413 12218 124 9174 0746 19213 7803 125798
9 5 3 4 5923 40 58 8 6 55 9 2 9 1 84 9 0 1 4 5 1 122 39 35 5 8 04 76 23 991268 504 9933 550
143 183 6 0 14 3 2 92 69 4 1 80 897 9216 85 3987 52 2 920 90 1299 11 3 6 5289 02 436 33 2145 8118 8562
62310 1165 57217 0613 4189 8 6 12 89 85464 815 7512 4889 1219 5948 17285 328 5174 9212 58915 1553 745198
1 6 3 0 7193 05 12 5 5 79 9 8 9 2 28 8 2 1 6 2 9 902 18 75 9 9 54 12 23 990429 128 8123 799
127 128 6 6 12 9 2 69 89 6 1 62 887 1714 75 2514 67 7 936 18 4815 52 0 5 6209 67 485 72 2442 8712 8672
67413 1735 13217 8897 5139 7 5 17 43 12009 975 9919 9912 5818 5693 92215 924 4133 5380 53553 7855 605988
0 0 3 6 5920 86 12 5 9 14 4 2 4 5 25 6 2 3 4 9 1 907 52 49 9 7 44 82 63 891383 822 8175 506
158 162 9 5 17 8 5 12 73 9 5 22 189 1954 11 2064 32 3 982 19 1165 19 3 5 7989 82 018 12 2145 8805 8998
06302 1535 15610 9719 5193 4 3 19 98 92922 117 8982 0814 7212 5099 61215 188 6634 2592 53813 1653 109810
7 2 3 6 7123 46 10 6 5 14 3 2 6 0 24 9 3 1 7 5 4 959 38 40 4 1 24 62 23 899263 195 5123 655
127 767 5 9 14 6 4 92 89 9 1 82 287 1099 76 5314 62 6 217 13 1915 12 3 5 4889 51 416 82 2105 9234 6902
14346 1645 18507 8412 5171 4 7 02 79 17682 814 8919 9878 6317 0407 12945 164 5437 5210 53239 2197 415149
3 7 3 0 5126 45 16 5 5 10 9 6 0 1 28 8 7 0 8 6 8 012 12 05 9 6 69 12 83 948729 167 9793 856
403 183 9 9 72 1 2 14 89 4 7 03 794 6946 85 6384 22 8 812 17 8219 98 3 7 1989 12 468 15 2545 8750 8912
12313 4165 46215 8781 5928 7 7 99 97 12472 095 0012 9819 6649 5483 62205 124 2132 9585 53707 8174 157198
1 5 9 9 5973 44 82 6 9 37 9 8 9 7 28 9 4 5 6 0 3 933 80 59 0 7 57 98 59 690742 124 8188 556
608 197 5 9 86 8 5 19 89 9 6 67 982 1254 15 8914 62 3 916 15 1635 89 7 9 1906 64 425 52 0140 8542 8912
79372 8125 83016 8517 4129 3 0 89 98 87162 829 8466 6816 8787 5883 88418 324 2185 5312 96213 8159 796809
2 9 8 6 5823 48 07 5 5 13 8 9 7 8 28 5 0 4 6 5 5 929 15 86 7 9 64 72 51 197995 176 0123 270
188 123 5 9 27 8 2 00 99 7 7 92 038 0774 69 0394 87 0 782 54 7211 32 3 1 5984 92 917 72 7145 8712 6982
12318 1735 53895 8717 9122 7 0 48 08 82171 117 8878 3142 5965 3343 12235 629 3709 8912 53216 8656 028148
5 2 3 8 5756 48 42 7 5 12 7 1 0 0 99 6 4 9 6 7 1 912 90 25 9 4 28 97 20 891343 162 9123 956
663 123 2 9 12 8 4 12 82 0 1 82 407 3794 16 2814 09 4 917 77 2230 17 7 5 1586 62 415 53 2849 7742 9912
15843 4197 23016 7578 5969 3 0 12 08 22095 815 4412 9812 8553 6014 17615 124 5137 5312 53613 4153 924131
4 2 4 2 5187 48 84 9 3 12 9 4 0 8 78 4 5 7 4 5 7 258 19 84 8 0 44 22 02 891849 928 0353 576
123 827 5 9 92 8 9 09 06 5 9 82 352 5718 15 2310 75 9 702 88 9276 18 4 5 1885 62 140 92 2545 6762 4752
88313 1199 39310 7752 9799 8 5 19 93 58178 675 8312 9812 4235 5961 72818 183 5934 5712 54223 9157 728198
6 2 3 4 4060 88 22 5 1 09 9 2 1 9 63 9 1 2 8 9 1 515 16 45 8 8 31 59 22 597723 126 6163 566
126 671 8 9 57 8 3 18 84 5 7 88 697 9286 17 8334 12 0 972 16 1820 92 3 9 7289 82 475 10 4815 0432 4302
12343 1835 13965 6712 8845 3 8 22 72 02150 815 8919 4814 1975 6603 17216 392 9134 0618 80256 7153 925718
7 7 8 5 5128 46 15 5 5 99 3 5 7 1 34 9 4 9 2 5 1 912 15 75 6 7 38 12 92 895023 174 8228 559
58 722 5 6 89 8 9 72 66 2 1 82 987 1214 49 2335 12 7 842 74 1705 79 7 5 1285 50 475 82 2791 8915 8980
22513 1049 10276 2483 5482 8 5 12 98 38322 515 5880 7714 1545 8407 39575 161 5124 4712 56563 1753 585198
1 2 0 8 5140 57 10 5 5 16 8 2 8 7 57 9 2 9 9 8 1 962 12 45 9 9 52 83 33 696048 427 8263 746
153 507 5 9 23 8 0 01 00 0 1 42 909 6244 18 2317 13 7 912 84 8614 97 3 5 6846 12 497 15 7145 8644 5982
46315 6995 53275 9313 8161 6 5 12 98 70908 497 4714 8818 1419 5713 72218 124 5144 0610 53913 1195 550199
1 2 5 3 5190 48 18 3 5 13 4 2 0 1 28 8 8 4 5 5 1 988 22 48 9 8 20 62 64 595225 927 8369 555
423 593 5 3 12 8 2 84 89 3 1 45 687 4964 14 2334 64 5 911 64 8210 11 3 6 1847 18 549 62 2345 8712 5932
12611 3779 23115 8612 5127 3 5 12 94 12158 480 8912 4912 1118 5493 12898 827 5934 5397 43603 1193 528898
1 2 3 4 3173 42 92 9 8 19 9 2 4 9 28 7 7 8 2 5 9 952 12 48 5 1 84 13 53 791523 024 7523 556
123 523 5 9 03 8 2 12 95 2 4 89 987 1288 68 4204 18 0 502 02 1615 38 8 5 1259 64 286 12 4245 8642 6688
76890 1832 13093 7838 0170 3 9 22 92 12974 815 8912 7826 2215 5413 69116 184 5878 5372 69216 8648 865198
1 0 9 6 5873 80 12 5 8 12 9 2 9 4 58 9 0 4 4 5 1 712 19 45 5 3 74 62 28 814223 809 8023 506
883 177 5 7 99 8 2 82 90 7 1 08 385 7284 17 2974 12 4 216 74 8228 10 9 5 1289 29 839 12 7195 0710 7412
48916 4136 12215 8022 2125 4 5 12 88 92134 903 1982 6817 1398 5763 82216 776 5938 6958 56283 9151 825199
1 5 3 7 5129 45 48 5 4 68 9 7 4 1 68 9 8 9 4 5 6 912 02 44 9 8 54 92 63 395421 924 8499 866
123 123 6 9 80 8 3 98 87 9 9 82 387 8314 68 5314 62 4 972 94 1290 92 7 7 8289 02 414 19 2790 1762 8918
12393 1026 16533 8872 5621 8 5 39 98 10179 835 8817 6412 3846 6415 12279 127 5563 5712 43287 1133 105058
1 2 2 3 4127 10 14 5 0 82 9 8 6 1 25 8 9 1 4 5 1 639 18 45 9 8 26 66 20 897323 174 8823 729
173 158 0 9 15 8 5 52 84 7 1 35 787 1834 45 1310 19 4 192 18 1275 27 4 5 0200 15 375 64 2174 8695 8992
92603 1968 13965 8773 9776 9 4 86 98 09141 805 7582 9254 1945 8276 35217 332 9164 8668 03611 1489 191078
1 7 8 4 9886 67 42 5 5 62 9 8 9 8 29 4 8 1 8 5 1 352 17 42 8 8 25 19 46 777066 828 3523 656
193 029 5 9 10 6 2 33 48 8 1 87 027 1517 10 7913 19 4 612 04 1515 10 7 6 7289 92 477 03 8157 8702 8907
18613 1969 13975 8512 5135 0 5 18 90 12478 812 8914 9066 8535 4693 65298 124 5934 5212 38234 5750 127398
5 9 9 4 8613 49 85 5 5 02 0 8 6 1 49 9 8 1 4 5 1 322 22 15 9 8 08 12 43 891223 247 0822 806
123 121 9 9 39 8 5 68 89 9 9 81 825 1919 55 6924 82 4 916 14 1275 19 3 0 1889 17 915 34 2170 8362 7912
58365 1437 53995 7912 5941 3 8 28 08 02151 855 8612 9727 9805 8463 96755 028 9334 5492 58853 1683 725368
8 8 3 4 5151 85 40 6 5 48 9 6 8 1 28 9 8 1 2 5 1 912 12 42 9 8 24 10 03 497623 124 3124 586
865 181 5 8 12 0 2 02 59 4 1 84 957 1494 15 9328 10 7 910 24 1915 19 6 9 3298 42 537 22 9248 5712 8912
14916 9735 14315 8718 3151 3 9 17 98 14592 056 8932 9672 5866 5993 82205 824 1111 8642 55588 1853 125195
8 8 3 4 8193 05 72 5 5 82 0 9 8 4 29 3 9 9 4 6 8 919 62 45 9 8 64 12 83 931744 124 8123 556
160 723 5 9 19 8 1 82 89 0 2 54 987 6214 66 3418 12 5 914 14 8245 89 3 7 1209 42 412 02 2577 8765 8512
12913 1177 11874 8711 0051 3 7 12 98 92722 515 4712 9199 1292 5416 66715 628 0199 5312 55283 8653 625114
8 6 3 8 6197 75 12 5 5 42 5 2 2 7 29 8 7 1 4 9 9 512 14 97 9 8 62 72 23 498926 525 8923 856
88 165 5 9 16 8 1 12 84 6 8 92 997 1614 25 7367 19 3 642 17 1965 12 8 4 1089 00 015 18 9749 8418 9990
05315 1138 19814 8792 5021 3 5 12 90 15787 880 8919 7812 1959 5413 12276 124 5894 3312 63213 1153 128904
8 7 3 4 5483 45 75 5 5 75 9 7 9 8 27 9 8 3 4 1 1 912 12 65 3 4 29 19 23 667243 794 8628 952
953 123 8 7 74 5 2 12 87 3 1 88 980 1214 85 0327 12 4 332 91 1215 12 8 5 4209 76 499 76 2125 8812 8915
82217 1935 03212 8216 7124 3 4 40 78 12172 855 8958 9666 6195 5613 52219 894 5734 5362 33288 1758 089868
1 2 3 2 0920 95 12 5 5 50 9 2 9 1 95 9 4 8 0 5 2 810 62 07 6 8 24 14 23 741753 120 0133 556
996 873 5 9 42 8 8 12 58 7 1 92 997 1073 85 9966 12 5 612 84 1215 12 3 6 5786 12 855 77 7147 8732 8912
18313 1895 15817 8769 5986 9 5 95 04 02182 711 8911 7869 1895 5513 32255 146 9148 5912 83213 7823 175398
0 2 7 5 7728 45 12 5 9 71 9 4 5 8 98 0 4 2 8 5 1 618 22 68 9 8 94 02 23 763226 624 6126 558
366 875 7 9 12 8 2 12 87 0 1 84 586 3673 15 8457 10 6 483 14 7675 12 3 2 1983 12 407 95 2175 8212 8905
10373 1776 83245 4992 9138 3 4 15 98 62195 805 3906 9842 5235 5413 76269 726 5884 5818 53313 1555 235179
4 2 8 5 8028 79 15 9 5 50 9 2 8 7 26 9 2 9 4 5 1 916 32 77 9 6 36 87 42 896215 162 7124 454
123 803 6 1 10 4 9 15 62 9 1 80 989 1015 49 7359 10 4 682 04 1217 59 0 7 1228 92 415 15 2640 6912 8910
82874 7195 13615 7862 7181 3 5 54 97 19532 915 1693 9813 3215 7590 15220 927 6938 2414 51213 1297 747196
3 7 3 4 8633 55 72 7 8 15 9 2 2 6 27 9 8 5 6 7 8 912 30 35 7 8 59 17 22 791862 824 8123 559
196 220 8 9 02 9 2 12 89 2 1 85 377 1214 39 9314 12 4 916 14 1718 19 8 5 1084 97 975 55 3145 5812 8958
52983 1535 18219 8797 5860 1 1 99 77 12040 365 6822 0718 1725 7016 97275 723 8194 0015 02662 1153 129088
8 2 2 1 5126 45 12 6 8 39 5 0 9 5 26 0 2 0 3 1 3 072 12 48 9 9 54 62 73 605239 184 9148 556
020 758 5 9 92 8 2 12 29 0 9 96 982 1794 18 2314 92 8 911 15 1950 17 3 5 1299 39 710 12 0156 8415 0912
75348 6335 13318 8737 5121 4 3 12 91 12162 813 8977 9800 9217 5404 88928 324 9363 7619 53799 7359 084399
1 2 8 5 9929 45 12 0 0 62 9 2 8 1 08 9 9 5 4 7 0 712 98 45 9 8 24 96 21 901623 424 8193 358
753 983 5 6 19 6 7 12 87 5 1 62 505 3215 35 2545 07 4 082 14 0215 82 3 6 2509 17 415 62 2542 8712 8813
42313 1835 13285 9869 5901 3 5 10 97 14042 915 5912 6067 1217 0353 12215 629 3187 7412 89213 1189 755126
1 2 9 4 5190 66 22 5 4 12 9 2 8 1 25 5 7 6 4 7 0 948 03 59 9 8 94 04 35 591229 144 6627 599
123 123 5 9 12 2 7 57 67 8 9 88 889 9214 58 2314 18 4 908 82 1015 12 9 1 1784 15 465 67 2175 8862 8858
07364 1809 13210 8762 9031 9 4 05 34 10112 462 8832 9815 1295 5243 12205 125 9214 9362 58203 1714 025160
8 6 4 4 5717 45 19 5 5 12 9 2 6 0 08 9 2 8 5 3 1 962 76 09 6 7 44 12 23 791984 194 9128 786
063 196 1 5 12 8 0 99 79 0 0 82 477 1214 80 2714 28 4 911 74 1210 12 2 5 9264 10 415 19 2148 8292 8022
03995 5643 47212 7012 6121 3 5 32 96 22192 619 8972 9445 1319 6119 17915 184 5134 3312 03208 1983 025178
1 2 3 4 3499 93 87 0 6 88 3 7 6 9 28 9 6 1 7 8 2 514 19 97 5 4 24 18 27 897013 124 8923 556
123 897 7 9 19 8 2 52 89 9 1 86 997 7415 19 2367 07 7 976 15 6618 22 7 5 3289 09 389 60 2545 8342 8719
92363 1137 13265 8712 8690 3 8 44 68 72292 369 8914 9682 1215 5182 12615 364 8074 5412 67217 1109 829195
0 7 9 7 5178 45 22 5 5 16 8 0 2 5 29 9 2 4 4 5 8 582 15 45 9 8 24 18 26 891925 197 8121 456
50 113 6 0 10 6 2 58 69 9 1 83 786 5274 06 2814 82 4 995 95 1215 12 3 5 1288 66 418 50 3062 9419 8412
42713 4130 87615 3872 5181 2 8 44 99 02942 691 8744 7227 3283 5427 42465 499 5139 5010 97716 1153 065198
5 2 8 5 7125 27 10 5 9 42 6 3 8 7 08 9 7 1 7 5 3 781 57 94 9 8 89 10 20 991720 540 5123 550
626 653 6 6 67 8 1 52 88 0 9 72 780 1534 54 2364 69 3 912 15 8235 12 8 5 1286 19 423 12 2949 8772 5312
65213 1139 76215 6740 5622 6 5 12 78 52177 615 8712 9862 1295 6413 32551 474 5139 5312 50294 6183 745198
8 2 3 6 5880 45 12 5 5 02 9 0 9 1 77 8 2 0 4 5 8 917 12 85 9 9 26 02 93 997225 655 8923 989
147 893 9 5 32 6 6 12 25 2 2 09 977 4914 15 2719 12 6 959 64 1475 32 6 5 6219 02 415 16 0545 0712 0989
60317 9939 13913 8357 5871 0 6 52 97 62679 710 8912 9013 1708 9483 16812 141 5169 5991 33607 1058 925995
1 9 9 6 1062 05 41 5 6 15 9 4 5 6 76 1 2 1 4 5 1 919 16 65 3 8 56 32 27 539222 996 8123 056
126 167 5 2 52 8 8 70 19 4 9 83 986 1294 85 7377 12 4 912 18 9230 82 5 5 5487 17 405 33 2195 7769 6419
12363 1135 44955 8722 6196 3 7 12 96 12982 676 7577 4810 1418 5413 82859 591 5534 5334 59765 9921 128106
6 2 8 5 7334 75 12 3 5 08 9 2 9 2 18 9 7 1 9 9 1 958 97 05 9 4 72 50 23 801123 944 5880 086
125 423 6 9 16 8 2 14 87 9 5 78 986 6279 19 2313 48 4 918 94 1293 16 4 5 5989 12 425 15 2149 4812 8632
16475 4135 13275 8772 5455 4 9 72 58 42902 255 2912 6315 5213 9416 72218 137 5305 0314 53297 2133 325098
1 7 6 4 5223 45 55 5 6 19 9 2 7 1 76 8 2 1 9 7 3 762 86 96 9 6 94 12 26 884399 127 0996 554
193 193 5 2 67 7 7 92 84 1 1 81 987 1988 46 2995 12 9 912 15 1095 16 6 0 8236 19 118 12 2195 8752 8404
12388 1145 23216 6718 7521 5 1 23 94 58168 313 8892 7512 1015 5413 15410 424 6134 1919 63287 0198 120558
7 5 6 4 0626 95 16 5 5 12 9 2 4 8 68 6 8 1 4 5 1 969 73 48 9 8 94 12 28 361227 949 8123 556
453 153 5 2 62 9 2 92 75 9 1 84 927 1067 06 7314 91 4 940 02 9215 13 8 5 6269 15 595 82 2105 0932 9572
12133 0635 15218 8911 9827 5 7 09 68 10112 415 7917 5092 2267 5413 18415 654 5684 5319 43213 5168 125894
1 8 3 4 5526 46 13 7 8 10 6 2 6 8 78 9 2 1 7 8 1 915 39 48 9 8 24 12 43 891253 128 8123 557
823 023 5 9 70 9 3 58 96 6 1 18 901 1534 15 2344 16 4 986 14 6278 12 9 5 9909 68 815 26 7145 7796 7197
18018 1185 33717 7788 5131 5 4 92 88 12392 877 8791 6817 1215 5413 32915 920 5569 5315 99213 7193 125179
1 5 4 9 5322 45 92 5 5 15 9 0 0 1 28 9 2 1 9 9 7 847 52 47 3 8 94 92 73 871023 136 0096 756
192 283 3 2 42 8 2 12 69 2 8 82 789 6904 16 2307 18 9 906 94 1295 12 3 5 1060 89 419 92 2035 5842 8189
10413 8739 17219 8772 8421 3 6 12 69 59336 775 0912 8862 4965 5414 16932 324 3184 5910 54319 4553 197178
1 7 4 5 9803 45 95 9 5 48 0 2 1 1 27 4 4 1 4 5 1 386 43 45 9 7 44 82 22 547920 795 5753 550
024 195 5 9 14 7 9 62 89 9 9 92 988 1909 19 2884 13 5 512 16 7815 40 9 5 1187 50 515 12 8162 5714 5964
12313 8125 93215 0588 7121 6 5 84 98 12158 615 4512 9812 1505 5407 43667 128 9830 8334 59217 2768 126194
1 8 3 4 5127 23 12 8 5 39 9 4 4 8 24 9 2 7 2 3 6 858 52 45 9 8 85 18 83 599223 894 8123 559
143 423 5 9 09 8 4 62 79 5 1 82 656 8216 89 0334 72 0 436 96 1215 84 0 5 9682 62 995 32 4145 0242 8982
82113 1425 08210 8417 5141 3 9 15 97 62582 805 4970 6877 7214 2407 62295 414 8992 9613 68215 8783 819198
3 2 0 9 8490 43 16 5 2 12 9 2 2 1 22 9 3 7 4 5 5 804 16 25 3 9 24 18 23 370253 462 8189 866
43 929 5 9 14 4 2 87 09 0 1 99 430 1914 11 4414 17 0 812 64 8615 72 3 8 5249 15 814 12 7045 9312 0418
16353 4137 60247 8542 7121 0 6 72 08 72798 815 8464 8812 1015 5459 72710 108 5168 7312 83205 1883 165548
1 2 9 2 9126 96 16 5 5 59 8 2 3 4 28 0 9 9 0 1 1 312 05 25 6 8 20 97 79 591097 194 8123 416
743 427 8 9 32 5 0 64 09 5 0 62 987 6619 16 2368 72 4 997 75 1229 29 3 0 1465 12 915 59 2145 8943 8910
03463 4435 63715 8710 5195 3 5 19 98 51982 014 8913 9612 7915 9483 24290 129 5289 9312 37263 1254 995528
1 6 3 4 5757 97 86 3 9 27 9 6 9 1 28 9 7 1 4 6 6 707 14 85 4 6 23 99 15 991623 120 2197 866
123 972 6 5 12 7 9 18 82 7 8 92 990 8813 15 6714 94 4 999 64 2518 12 6 5 1264 32 494 16 9196 8862 4012
30315 1465 10234 8759 5690 3 5 02 94 19161 815 8912 9398 1245 2414 08967 824 5564 7619 54203 4142 995098
1 6 4 4 0623 85 84 8 6 12 5 4 8 6 99 9 2 4 6 5 0 304 02 40 9 0 30 92 53 098263 190 4135 556
128 128 5 4 12 8 7 94 99 4 9 29 989 7286 15 0858 16 4 972 14 5949 62 3 5 1769 42 411 14 7649 8762 8712
12513 1536 53281 9742 5821 0 9 62 69 12752 814 8919 9863 1275 9803 14915 109 7164 5384 97254 1353 138197
1 2 3 4 5463 45 87 5 5 42 4 2 8 9 93 9 9 1 7 9 1 912 32 41 7 8 22 10 23 881263 624 7123 546
189 113 5 0 12 5 6 74 93 0 1 02 988 1216 60 2364 12 1 782 15 9488 37 7 5 1033 12 619 12 9757 6702 4998
86715 8937 33535 8712 5823 9 5 32 38 16169 815 8912 9812 9215 2493 75214 924 5715 8313 54213 1393 125198
5 2 0 8 5547 93 92 9 3 12 9 0 8 0 26 5 8 1 0 5 7 457 19 47 9 8 74 95 56 891320 027 2123 576
628 118 5 9 82 7 1 12 89 7 6 72 188 8904 25 6344 72 5 996 54 2215 82 6 8 5984 29 795 11 8646 8966 8918
13249 7135 53241 8012 5383 3 6 09 89 12042 815 8912 7615 3628 5417 43216 129 5164 4312 53214 1184 897959
6 7 9 4 6123 95 12 5 7 92 7 0 1 1 29 4 3 1 6 9 6 912 86 98 9 9 84 72 23 804617 184 8193 894
123 163 6 7 12 8 2 32 53 6 0 52 487 9514 15 7314 74 8 913 14 1858 12 3 5 1789 12 415 55 9709 8012 6911
12799 1137 03917 8712 5629 8 8 12 59 12292 844 8312 9872 6795 5483 38585 704 5194 7319 53818 4147 524108
1 8 7 9 5423 45 17 4 6 18 0 2 9 3 22 9 2 1 8 5 1 662 72 45 9 7 96 12 60 994893 722 8423 957
222 173 5 9 82 8 2 12 09 4 3 85 949 1484 19 3319 92 4 912 04 2015 87 7 5 1087 92 477 72 9668 3735 8918
82303 1166 67115 8766 5681 3 8 58 98 19146 715 8712 6872 0526 5712 27249 121 7134 5362 55213 1156 123078
5 5 3 4 6123 46 18 5 5 10 9 9 9 1 26 7 9 4 6 5 1 012 50 49 9 8 05 12 83 252383 454 7243 956
123 528 8 9 22 8 2 62 68 8 5 82 989 9993 19 9386 72 5 872 84 1218 12 4 5 5050 85 484 35 2625 0617 5912
22393 1133 83815 8795 5721 3 8 12 98 16787 818 7919 9890 4885 5513 42715 104 7944 3719 33503 1173 101450
1 4 3 3 2117 65 15 8 5 10 6 8 9 6 25 1 3 1 9 4 1 982 72 87 9 1 22 12 93 807224 121 8793 696
273 123 2 9 15 8 3 70 83 6 4 82 685 6284 85 5304 12 4 999 34 9415 82 3 5 1499 42 496 77 2149 9712 8418
72514 1988 43213 8372 6701 3 5 12 58 12074 948 8732 9997 4218 5483 15274 136 5197 5312 43215 5963 265108
1 5 3 4 5133 11 12 5 5 92 9 2 0 1 58 5 4 1 5 5 9 815 15 67 9 8 83 42 03 891823 128 9172 559
123 835 5 9 78 5 5 18 49 7 2 88 687 1814 15 2614 15 4 408 16 1219 64 3 5 6269 18 845 93 9987 8092 0979
96315 3657 10695 8492 8721 3 5 52 18 79542 815 8490 9494 6217 5513 72217 629 5171 7717 25958 1150 955147
3 9 3 4 7806 49 04 5 5 42 9 2 9 4 23 8 2 1 4 5 7 943 85 37 9 9 49 82 33 891299 164 8873 576
65 723 5 9 12 8 2 61 89 6 5 85 947 6644 18 7314 60 6 517 14 9594 12 3 0 1579 62 415 12 2145 8652 8414
47376 2635 73211 8719 5575 5 9 06 06 12902 415 8902 0812 1215 0413 10218 123 5174 0312 58269 1357 925188
1 0 9 0 5143 45 15 7 0 70 4 2 1 4 28 9 9 1 9 8 1 916 16 05 6 8 27 69 23 891224 176 4923 756
153 823 5 8 98 8 8 49 59 1 8 82 687 9912 15 3363 19 4 512 94 1395 18 0 5 1289 22 479 66 0165 9872 8976
89853 7135 83575 1954 9427 3 8 12 58 75102 685 8012 6872 1265 5417 72215 824 3258 5312 53703 7157 725198
9 4 8 8 5943 40 57 5 5 92 9 1 7 4 28 4 2 1 6 5 1 958 08 75 7 8 44 40 93 771223 174 8179 566
103 126 5 9 58 0 7 67 89 0 1 89 887 0214 13 2824 12 0 296 14 1976 13 3 6 5098 12 445 75 2105 9718 8412
12013 0155 19215 0714 7775 3 5 02 94 62452 875 5927 9816 1215 5416 13275 104 5197 7002 73303 1118 925798
1 6 7 4 5733 85 26 5 5 79 0 9 5 5 54 9 9 1 0 5 8 312 15 85 9 8 94 12 23 821623 126 8079 597
196 123 7 2 57 7 6 92 81 1 0 82 767 1214 16 3317 93 7 615 14 7217 68 8 5 1206 18 495 60 2145 5362 9918
12993 1715 58897 8712 6359 3 7 88 18 85182 910 8112 7892 0215 5825 89219 125 5164 6916 97213 6763 585698
1 2 3 8 0123 45 85 4 1 60 7 2 9 2 77 9 9 9 8 5 1 972 72 22 9 0 24 12 53 997983 154 8989 578
159 428 5 9 19 8 5 12 89 3 8 82 487 1098 15 2379 18 4 972 54 7225 97 5 5 1289 95 591 12 2095 8714 7915
12315 0130 53218 4934 5311 3 8 12 06 72182 518 8789 9992 1802 5493 18575 369 9534 6390 53944 9193 109808
5 8 3 0 5823 43 89 1 9 52 9 2 5 9 18 9 6 1 5 9 6 512 92 46 9 8 24 17 88 880884 854 8023 550
159 123 6 9 75 1 2 12 98 3 9 48 727 0099 65 2219 37 6 459 18 6925 17 3 5 1299 12 315 82 6745 7029 7977
42313 1857 17215 3772 5110 3 5 42 98 78862 965 2597 9817 9558 0413 88413 929 5180 5345 58119 1153 620598
0 7 9 4 7306 55 82 5 7 82 9 2 4 7 63 9 5 1 4 0 2 802 52 44 9 8 25 18 83 898024 194 8117 856
700 729 5 9 32 8 9 12 89 5 8 83 057 9214 16 0314 25 2 988 33 1385 12 8 8 6266 83 455 12 2192 6368 5882
12803 5395 79911 8119 5729 4 6 19 98 75152 875 8940 9207 0276 7879 87775 785 5534 4288 53113 5193 568183
8 2 2 7 5523 65 12 9 5 19 9 4 8 1 58 9 2 1 4 5 1 812 30 61 9 8 37 82 29 991723 823 6420 981
873 123 1 9 82 5 7 19 89 8 1 82 900 1234 65 5514 19 7 810 44 9715 62 8 1 6870 92 415 12 2874 4712 8992
19983 7935 73219 9700 5927 3 9 90 98 12052 215 7780 9212 1895 9465 08215 294 5664 0950 98390 5153 122148
0 2 2 4 5123 75 59 5 5 10 5 2 7 1 88 7 7 1 3 3 5 210 16 49 7 8 24 36 59 839267 028 5720 596
173 143 5 9 82 8 3 69 80 3 1 34 989 9214 14 2376 32 4 812 66 1210 59 4 5 9989 19 505 73 2165 8710 8712
18313 1054 11185 8522 5151 8 5 29 35 18046 815 0642 5502 1205 5413 78216 723 5189 5347 53911 1183 126174
2 9 4 6 9623 69 12 9 7 88 9 9 9 8 08 5 4 1 4 0 1 016 72 38 9 0 64 13 95 397223 398 5763 386
160 018 3 3 51 7 2 90 89 4 7 89 987 1217 55 9315 19 4 932 65 1615 63 9 5 5259 82 217 14 6105 8816 9518
19193 0487 13909 6752 4171 6 1 76 99 82897 310 8811 9892 6209 6493 12219 124 5824 5013 73263 1753 195598
6 9 8 8 8368 85 58 1 5 12 6 2 4 7 28 0 2 9 5 5 7 914 02 20 9 0 21 12 86 858293 166 1128 556
125 089 7 8 92 8 8 95 89 9 1 92 957 1214 10 5314 52 3 268 06 1915 52 6 3 9509 82 415 22 8145 8748 8892
12773 6116 73295 7872 8671 3 8 58 98 12138 869 7992 9662 1568 3463 13150 169 5833 5312 88713 1699 704389
1 6 3 4 6223 25 72 5 4 19 9 0 6 3 29 8 2 1 4 5 7 177 09 89 8 0 24 10 83 871829 679 1676 546
54 187 9 8 12 8 6 13 99 9 1 98 986 6296 18 9616 82 4 960 74 1226 72 3 8 4254 33 418 12 2198 7719 8989
18513 1117 83237 3712 7591 9 9 12 98 42188 915 3982 3720 1815 3418 22483 129 9584 5712 78920 1457 105144
3 4 3 0 5423 77 53 1 9 12 9 2 9 5 58 0 0 6 4 2 1 908 19 40 3 0 24 92 22 896825 822 5823 156
492 453 5 0 12 6 8 89 96 8 5 87 680 8077 05 3310 12 6 919 14 0016 15 3 5 7849 12 585 02 0189 8687 2915
84313 1935 13255 8755 5129 8 4 02 92 72198 819 8937 0812 1215 3644 95279 124 0784 8393 40213 9654 183298
4 2 3 8 6747 55 05 5 3 91 4 2 9 9 28 4 0 5 4 5 8 332 12 75 9 9 25 12 28 892729 127 5096 955
620 523 8 7 92 2 9 12 59 7 1 83 889 3212 15 9315 02 8 777 18 9295 86 3 5 9269 66 415 15 5195 8738 8712
77398 4135 17005 6572 8071 9 5 92 94 52132 876 0992 9982 1293 5413 86884 128 9134 5612 93253 9856 999148
8 8 9 4 8103 45 18 5 5 68 8 2 3 5 78 9 1 1 5 0 9 910 12 46 9 8 61 12 23 499623 927 3193 559
129 163 8 9 12 8 4 92 09 9 3 12 787 1270 98 9314 18 4 912 15 1715 12 3 5 4324 62 415 12 2179 9718 9834
10344 8221 58082 8912 5167 0 5 36 98 80462 878 9912 9672 6917 0603 19245 124 0134 6912 54279 9856 128198
1 7 7 4 5124 76 12 9 5 91 9 2 9 4 24 9 2 5 4 9 0 912 97 85 0 8 28 00 23 894873 128 8192 806
704 594 5 8 32 8 2 83 00 9 1 82 967 0265 16 8310 79 9 972 99 8265 95 3 5 3599 82 414 72 9644 7719 8972
42693 1163 10062 9412 5529 3 3 19 98 12192 988 4302 9527 0215 5018 12805 123 1942 0779 83218 8058 324194
4 2 2 6 5183 90 17 3 5 16 9 2 5 1 98 9 0 1 8 7 4 912 17 99 9 8 24 16 28 895727 604 7489 552
187 123 9 7 85 8 2 17 88 8 1 87 989 8711 15 2187 12 4 975 63 6175 14 9 3 2099 72 530 15 2941 8812 0892
09529 1155 13210 9943 5181 0 6 12 28 10512 465 8712 7812 9308 7419 16813 926 5434 1310 57903 1069 825206
1 2 8 6 9923 65 12 5 7 98 0 2 8 0 90 5 2 5 3 7 2 412 32 45 7 8 20 98 25 671723 125 8123 058
164 504 6 9 17 8 2 87 89 8 5 82 798 1314 17 5359 12 4 912 14 1245 16 4 5 8277 03 115 49 5845 8702 9342
16613 1166 19222 6768 6121 3 9 12 98 92988 838 2412 4812 6645 9271 18218 939 5834 5312 53563 1053 526397
8 2 8 6 6129 85 57 9 9 02 3 2 6 0 24 9 8 5 4 2 1 982 12 41 0 9 04 98 26 897220 124 4021 456
023 157 0 9 32 8 5 32 89 8 7 82 987 1394 26 0914 16 4 918 54 0255 12 9 5 9273 18 413 92 2047 8774 6516
67663 8765 14074 8751 5751 3 5 88 94 12178 713 8916 8694 1259 6076 12890 124 5144 5318 97338 4124 166185
1 2 3 0 6155 85 92 9 2 07 9 8 9 1 78 3 2 1 6 5 2 912 02 78 3 8 29 06 73 891299 123 5923 578
623 920 9 8 18 8 4 15 89 9 8 72 988 5214 85 2077 64 7 912 10 4685 15 2 0 5019 12 977 36 3653 8812 9929
62046 9778 93295 8912 5424 0 5 17 06 12162 674 8212 7818 1615 4789 12842 924 5130 8793 53418 6953 785198
1 2 3 9 5121 45 12 4 5 19 6 6 5 9 74 9 2 1 0 7 0 818 32 40 9 7 66 02 23 621923 928 8223 859
753 823 5 0 10 8 2 12 28 7 1 56 189 5690 16 9334 12 4 908 10 1255 92 3 5 1287 12 415 76 2605 8710 4915
12399 7168 77219 8712 5527 4 5 72 58 94168 015 8718 8845 7865 5517 12295 184 9534 5340 93133 1953 920998

10350 1035 58275 8972 3583 4 5 12 98 15578 874 0916 9616 1515 5463 87358 726 0685 9472 57233 4154 194178
9 6 6 4 2624 88 22 3 1 93 6 0 6 9 28 9 2 1 4 5 7 917 10 90 9 7 98 42 53 891223 107 1023 658
223 720 5 7 52 8 7 41 09 6 1 42 688 1285 09 2314 12 5 998 14 9266 71 7 8 3269 92 498 12 7175 5912 5965
49349 1435 86215 8972 9421 3 3 16 90 62376 617 3913 2867 1619 8614 81215 934 7134 9606 63213 7523 824178
1 0 7 4 5189 60 18 5 5 16 4 9 4 6 05 9 6 2 4 5 6 912 67 95 8 8 24 80 73 331693 324 5623 556
74 120 8 0 12 8 2 12 83 6 1 42 789 1689 85 5374 15 8 017 74 9209 82 3 5 1083 42 419 02 7277 9712 7234
19354 8862 88215 9846 8123 4 5 53 88 10175 916 8012 9669 9895 5409 18910 166 4137 9817 53617 8153 955198
3 8 0 4 5023 45 29 5 8 12 4 5 7 2 78 9 2 1 4 9 4 917 92 45 9 8 34 12 21 891669 629 7120 256
728 169 0 1 17 8 5 12 72 8 1 84 080 1280 05 2964 97 7 992 92 1216 12 3 2 5755 12 414 15 2155 3679 5980
52213 1139 53213 8972 0829 4 2 32 99 62128 865 7912 7612 1165 5768 72809 918 0149 0332 73743 7153 128779
1 0 3 8 5179 65 12 5 8 00 9 9 6 1 18 5 2 5 6 5 1 212 70 65 9 8 67 10 93 071223 194 0953 294
893 923 9 8 82 8 2 12 87 7 8 62 998 1984 55 2011 12 4 818 96 1876 05 8 5 3704 02 615 14 2768 6972 8405
12409 9149 10284 9919 8821 4 4 12 96 62182 215 8714 9032 3217 6713 72216 824 5834 0610 59543 6103 868798
1 5 3 4 4388 95 91 2 5 19 9 2 8 9 26 6 0 7 9 5 4 912 95 40 9 8 44 13 23 268227 809 8024 356
133 623 6 9 93 8 8 98 89 8 5 82 485 3612 19 6316 12 4 612 14 4215 19 5 7 6274 19 535 65 2195 9792 8512
16363 9875 13630 9512 9741 4 5 12 98 95182 485 8493 9910 9052 9419 99215 374 8136 5352 97713 0199 625144
1 2 3 0 5129 64 13 6 5 97 8 2 0 5 58 9 8 1 4 7 1 912 43 43 9 8 30 12 45 885229 124 8123 600
729 199 1 9 62 8 2 87 79 2 1 92 686 8214 20 2214 52 4 913 11 7997 46 9 5 1888 96 415 12 2587 8482 8966
19983291 275198
3 2 8 0 2829 95 48 5 5 95 9 8 9 1 88 9 5 6 4 2 9 914 32 42 9 8 24 72 23 939283 700 5525 546
828 123 5 9 27 9 2 10 82 9 9 82 755 7614 45 2918 51 5 919 19 9265 18 3 5 5288 12 695 19 4145 9312 8712
12387 1178 78210 8784 4334 0 6 12 74 77199 420 8982 9872 1910 7413 12215 144 6734 5315 93235 1059 675157
8 6 3 9 5123 40 85 5 4 18 9 6 8 1 78 9 7 1 6 5 0 882 12 05 5 0 24 19 39 291529 199 5129 556
106 123 7 3 57 3 2 96 86 8 1 92 926 1909 19 2375 19 5 510 44 1810 32 7 7 8280 12 515 97 2052 6882 3942
90349 8185 63295 9718 5161 5 5 72 96 18932 315 8210 9812 1295 5463 38038 324 0134 3317 73213 7160 825758
0 2 0 4 5529 35 18 5 5 02 9 4 3 2 29 5 5 2 8 5 1 622 52 30 8 8 79 12 73 893523 824 8127 786
723 173 4 9 72 8 2 19 89 5 1 88 880 9217 75 8327 12 4 915 85 2257 97 7 7 2987 12 715 72 2145 9082 3982
52019 7135 18615 9416 0311 8 5 80 28 12172 845 8958 9819 8946 0943 12249 147 8134 6012 63253 7189 295398
9 8 9 4 8583 35 12 5 5 02 9 2 5 9 77 9 2 8 9 9 1 712 84 88 7 6 44 19 87 858253 158 6172 856
59 823 6 9 89 8 2 14 87 3 1 89 987 5913 65 7789 17 7 913 89 1215 55 4 5 9080 50 415 18 9993 9318 8912
02368 1135 83245 9799 9121 4 7 94 98 52192 875 8975 9512 4907 5713 99615 124 5138 6992 46810 6056 921168
1 2 9 4 5026 40 39 4 7 17 4 8 7 9 29 8 7 7 8 5 1 812 13 45 9 7 53 62 29 892323 797 7821 595
393 029 7 8 14 8 4 52 79 5 5 87 683 1924 65 7864 82 8 910 14 1215 17 3 6 0289 12 475 17 2147 8717 3919
12493 9434 13410 6785 7126 7 7 12 98 86622 805 8919 9816 1615 5596 16035 159 2084 5308 99633 1103 183107
7 2 8 4 0533 45 12 0 5 69 0 2 9 9 28 8 2 1 3 5 5 810 16 43 5 8 64 32 23 611986 124 0083 586
199 923 5 9 49 8 2 19 39 9 1 80 987 1814 15 1104 15 4 512 94 4475 10 8 4 8292 12 645 92 2645 8712 8892
02914 7148 13410 1910 5101 3 4 86 95 15132 815 7917 9510 7299 5412 69985 979 5139 5346 59636 5163 945198
1 9 3 9 7493 05 12 5 1 10 9 2 9 1 28 6 2 1 8 0 1 182 92 75 6 6 29 12 23 191413 724 8989 956
196 175 7 9 62 0 2 42 56 5 7 62 967 1295 95 2446 72 0 712 94 2955 32 3 5 1180 86 202 12 9145 8792 0978
57427 1133 72805 8617 5181 7 5 12 93 78102 225 8418 9817 1005 8873 12215 124 9168 5317 53519 1153 746198
1 2 3 7 9483 45 74 3 5 62 9 4 3 1 27 9 7 1 4 5 3 092 98 45 9 8 14 62 23 880223 834 8029 456
728 927 5 4 86 0 3 14 84 6 1 88 987 1547 85 8214 35 6 912 14 5255 19 6 4 0289 12 815 52 5908 9722 8618
38811 1780 83299 6790 5621 8 5 82 98 86959 516 8982 9718 0215 5416 12205 423 5834 5782 03639 1063 129478
1 2 7 9 2173 05 06 5 5 62 9 2 9 7 68 9 5 7 0 4 1 912 12 45 6 0 94 08 29 761321 384 8123 456
125 928 5 9 29 8 2 62 89 9 1 89 780 1284 10 0319 95 4 912 14 1247 72 0 6 5285 12 416 12 2655 8798 0912
02812 1935 80219 7712 5146 4 9 12 97 12182 415 7112 9812 4997 8863 17715 139 5764 5319 93289 9154 105993
8 6 7 6 5927 45 12 7 9 00 8 2 3 1 07 9 2 1 4 9 9 615 82 48 0 8 24 63 04 992328 129 8125 506
742 719 6 9 12 8 3 92 09 9 8 81 997 1584 85 5384 82 1 972 43 4318 78 3 9 1289 19 415 45 9150 8717 8410
87413 1139 43910 6744 5121 6 5 72 93 94892 819 0755 9819 9310 5913 10297 173 5184 9304 58173 1152 620398
6 8 7 4 5658 47 18 5 5 22 9 5 9 6 22 7 2 1 4 9 9 512 88 49 7 8 27 12 93 899225 724 1605 358
878 101 2 9 86 4 8 95 89 6 1 95 507 6764 15 2604 92 4 752 14 1289 98 3 5 1286 15 427 15 6945 1792 6612
99313 0132 99265 9798 5511 3 5 89 49 94199 815 8919 9652 1995 8714 92242 680 5734 5313 59213 1163 825145
1 7 5 7 5197 84 19 7 7 12 9 2 7 1 27 9 2 1 2 7 1 905 42 05 8 8 99 18 28 191629 863 7176 540
523 103 5 0 02 8 2 31 46 4 1 83 587 9619 95 7316 59 4 568 14 5717 92 1 5 8879 72 494 82 8145 5812 8912
28211 1884 98215 9788 5901 3 5 12 98 16114 145 9786 9616 1278 0619 12216 124 5154 5387 92589 5793 152150
6 2 3 4 5173 47 08 5 8 18 6 7 8 8 28 1 9 1 4 4 9 118 18 42 2 9 29 68 23 881249 664 9193 576
653 026 5 9 69 8 2 12 87 8 8 88 987 0999 94 2384 12 4 692 10 1413 82 3 5 1289 63 412 97 2175 8286 8922
12860 6139 73808 8913 5941 6 5 79 88 93172 835 9981 1687 6280 2998 38695 826 7190 8589 27298 4153 826857
4 3 4 8 5133 42 32 8 1 12 9 3 9 1 24 9 2 1 4 5 1 919 98 75 9 8 27 19 23 757283 123 8133 566
823 623 5 9 12 8 2 82 84 9 0 52 785 1467 15 2311 16 4 912 94 1516 02 3 0 9270 76 062 77 0105 8019 8912
99694 0185 17274 8719 5161 9 0 54 98 02642 565 8612 9414 9215 9529 90814 124 9834 9318 53269 1193 965093
1 2 3 4 5253 45 18 5 5 12 6 4 3 7 88 3 0 1 4 5 7 962 17 47 3 9 24 02 28 847223 074 8523 550
30 640 5 9 72 8 3 12 49 0 1 82 739 6006 15 7415 88 5 919 14 1289 19 6 4 6988 40 417 12 7145 8842 8212
12314 8185 23874 8062 9111 3 0 36 95 82706 819 8612 9886 9393 3413 57288 179 9214 9324 53288 1153 125095
9 2 5 4 5916 45 10 8 5 12 5 4 8 1 87 7 2 4 4 9 1 712 12 95 9 8 95 17 03 091623 137 8143 009
523 153 0 9 56 8 2 12 79 8 7 62 385 9219 19 2314 82 4 903 13 1615 82 1 5 7989 12 965 62 9245 8074 8912
17373 7739 77294 8421 0328 3 6 11 90 72962 045 8915 7812 5218 7639 22034 734 5164 5912 57289 1151 551898
9 4 4 7 5123 05 80 5 5 35 9 2 9 7 48 7 3 1 4 5 9 818 82 45 9 8 24 68 93 893225 125 8195 950
624 773 5 9 02 4 2 17 59 4 8 89 885 2267 15 8396 02 2 832 84 6925 06 0 5 2289 57 447 82 4095 8812 9912
16313 1135 67265 8702 5979 8 5 85 82 57162 445 4610 9860 6605 7413 12611 048 5137 5805 59684 1753 625398
9 2 5 9 5707 97 84 5 7 12 9 4 9 1 28 3 9 1 4 5 8 982 19 43 5 8 25 18 01 991797 690 8125 512
124 323 9 7 72 8 2 72 05 9 6 48 780 2276 45 5354 12 8 509 10 9286 17 3 5 6786 42 894 83 1145 4713 3619
16013 4061 93215 8616 5121 0 5 25 98 66944 810 2916 9842 1535 5619 52634 526 9862 5240 53387 0953 068188
0 3 3 4 9163 45 16 5 5 62 4 2 8 8 24 2 9 1 6 4 1 912 82 04 9 8 24 18 23 998249 675 8909 576
324 104 5 9 19 8 2 35 79 9 1 85 787 1214 08 6314 12 5 912 19 0247 73 3 5 3209 32 415 19 2847 0812 4999
12733 0188 87289 8381 7566 4 5 70 89 12535 488 9912 9719 1615 5812 12763 824 4134 5912 59210 8153 190678
9 9 9 3 6143 48 17 5 6 92 9 3 0 9 28 9 2 8 6 5 1 914 12 46 7 8 32 12 23 085281 944 6196 556
923 923 5 0 19 5 2 12 89 0 1 82 987 1854 19 2388 12 0 993 94 9665 17 3 0 1009 25 909 95 2850 9812 7976
12717 0166 13815 8714 4124 5 8 76 58 96885 015 8913 9804 6815 5693 18798 730 8033 1397 86404 9556 128698
6 2 7 4 5893 45 12 5 5 56 4 9 7 7 04 5 2 1 1 5 1 986 62 65 6 8 87 42 03 891738 624 8063 754
125 110 2 9 23 8 2 12 88 9 5 69 882 1519 70 2314 14 4 079 64 7272 57 3 7 1279 58 515 19 2168 8712 9012
12010 1357 93115 8762 7954 3 7 88 98 65102 001 8952 0852 1015 5413 53805 192 5664 5310 03214 0146 935498
1 2 7 4 0079 77 82 4 5 19 8 2 2 7 28 1 6 7 4 9 8 315 69 48 8 7 26 63 28 899227 124 6328 556
123 663 5 9 23 6 2 12 40 8 1 02 986 1950 93 2348 92 4 769 13 1715 10 8 4 8269 12 415 12 9195 8752 0914
77388 1637 13095 8612 5581 3 5 84 18 12390 815 8919 0819 1215 4767 52235 997 5536 0315 73213 5183 128098
4 2 0 6 5927 45 82 9 5 12 6 2 7 9 26 9 2 9 4 7 6 912 17 30 9 8 94 13 89 991673 194 9124 559
463 773 6 6 06 6 2 82 84 5 1 75 980 1214 15 2387 16 7 919 14 1205 12 8 5 3214 66 415 82 3152 8716 2902
17753 1335 61214 5752 5159 3 0 17 92 62354 919 3912 9812 1710 9469 16777 073 8894 5810 41519 7253 122092
9 2 7 6 8127 46 32 3 4 12 9 2 1 7 28 9 8 5 9 5 4 928 92 48 8 5 29 50 23 396863 104 8189 596
825 127 3 7 32 8 2 17 79 6 1 87 817 8018 63 7364 18 4 916 14 1215 62 3 5 1783 17 605 19 2995 8759 5048
72716 4787 13212 8517 5521 3 5 58 93 90187 990 7469 9886 8215 5513 42871 197 4194 9022 65277 5883 127598
9 8 9 0 5429 42 12 5 9 62 7 2 8 9 08 9 2 1 4 8 1 018 12 45 8 8 28 14 73 381233 724 8996 556
118 073 5 4 62 8 8 72 54 2 1 82 987 8911 33 9484 16 9 912 14 5256 30 3 9 1889 12 115 97 3645 8415 8712
62312 1835 08215 6732 5161 8 5 72 17 42162 875 8312 9614 6709 6403 14215 103 8984 2102 57013 6304 785398
5 2 3 4 5123 80 12 8 0 12 5 4 7 1 08 9 9 5 4 6 1 873 76 30 9 5 24 12 35 593859 824 9703 456
89 820 5 9 15 8 4 42 89 2 7 44 918 9710 15 3364 16 4 992 54 7395 72 2 5 1288 13 515 32 2405 8774 8682
12398 3535 13206 3750 5022 3 9 12 98 00922 907 8912 9852 5265 8614 12011 120 5172 5312 53213 8151 362999
9 2 2 9 5073 53 89 5 8 17 9 5 8 1 28 9 7 1 4 9 1 791 02 09 6 8 84 73 30 751240 179 9125 058
129 150 5 9 82 8 6 17 99 7 1 67 977 9919 18 6384 02 4 816 64 1290 69 3 6 5589 62 145 10 8482 8986 8482
19317 1335 18963 9795 5181 3 0 12 70 18175 818 8212 5992 4065 8483 16907 724 5835 8312 52557 9191 520608
1 2 3 3 5133 86 10 5 3 82 6 6 9 8 17 9 9 7 4 5 1 370 12 45 5 8 54 15 80 895819 825 8072 727
183 023 7 5 91 3 9 17 39 6 0 80 967 1279 70 2374 12 4 452 58 1255 90 3 7 6269 22 075 92 7166 0719 6842
77319 9076 53835 8080 8121 5 5 92 98 12982 918 8127 2512 1295 5717 12337 154 8030 3395 93206 1683 107757
7 5 3 8 5823 95 12 5 5 19 9 9 9 1 20 8 3 0 4 5 1 469 16 45 9 0 58 62 23 897293 127 9823 550
163 763 3 9 49 8 2 12 80 1 1 09 967 5265 65 2913 10 4 972 27 4275 10 8 5 1989 12 490 92 6155 7912 8972
12303 1730 19285 8369 8521 3 5 89 85 88152 819 6582 8392 1675 7417 99215 528 0687 4313 53210 1183 345198
1 7 7 9 5107 08 32 5 6 12 9 2 7 1 78 5 8 6 5 5 1 933 17 55 9 8 23 52 63 799827 069 7427 066
373 989 5 0 36 9 8 96 80 7 1 82 985 6654 15 8977 64 5 912 92 1748 19 6 0 1247 02 713 12 2195 8999 5612
16316 7145 13257 2212 8551 3 5 75 90 12679 985 8992 9610 2203 5903 14265 924 5804 4182 59710 1789 128146
1 8 5 6 9583 45 12 5 1 97 9 2 7 1 25 9 3 3 8 6 1 517 99 49 9 8 79 12 23 893694 324 7973 506
123 100 5 4 12 0 5 12 09 8 1 02 887 1204 15 5314 20 5 992 32 0245 92 3 9 9289 32 989 15 2730 8716 7714
54016 8155 13964 0877 1161 3 5 07 29 12182 315 7062 9372 1876 5789 12217 188 5545 5318 59913 4759 129090
7 6 7 9 7947 98 67 4 8 92 6 0 7 9 28 3 2 1 4 9 8 992 11 85 9 6 38 82 23 993083 166 8953 586
831 128 5 8 52 8 4 43 88 4 1 82 961 6219 92 5355 38 4 984 14 1215 87 9 4 6984 18 074 92 2595 8019 2912
52710 9937 16269 8991 5108 3 6 80 97 12142 127 8907 7818 8255 5423 62893 174 1139 5754 60243 7240 176638
1 2 7 8 4423 49 12 5 4 12 0 2 6 0 94 5 2 1 7 5 9 792 13 85 7 8 29 13 30 671523 925 8483 456
122 593 6 7 62 8 0 14 89 9 1 82 909 4214 85 6318 12 4 513 51 5275 12 3 9 3881 57 415 12 6165 9238 9998
09713 1687 17515 9712 7391 4 3 50 98 76586 815 8998 8494 7212 9414 78995 944 5134 5716 59617 1453 125148
1 6 2 4 9826 45 12 7 5 72 9 7 7 4 27 8 2 1 4 8 9 713 04 45 9 8 64 72 77 885823 064 8799 156
999 583 4 9 42 8 2 69 39 9 1 95 906 1204 07 4818 82 7 958 17 1219 12 0 0 0859 17 912 11 2143 8982 9702
22313 1135 16215 4712 9771 6 5 94 74 15192 817 8372 7812 3249 2690 12217 124 4149 5319 23483 1753 465193
8 8 9 9 3556 49 19 0 5 52 1 8 3 5 28 8 6 1 7 5 3 953 12 99 9 8 78 00 23 277973 874 8723 506
115 952 5 9 91 8 9 42 88 9 2 99 927 1297 75 3317 62 4 002 94 3297 12 3 7 0288 12 485 32 2949 8218 0314
12969 0175 93219 8752 0128 3 5 32 66 18197 818 3542 9918 3215 5483 69215 797 0134 5062 53944 1303 880198
5 2 3 4 5143 41 16 5 1 10 4 2 6 9 66 9 2 1 4 8 1 817 19 58 9 8 74 12 78 591223 124 2129 552
543 126 5 9 79 9 2 65 82 6 1 82 987 3796 25 2858 18 4 214 14 1220 12 3 5 6991 93 815 12 2198 8648 8312
12610 5155 95815 8702 5271 3 8 72 65 59884 156 8960 6642 1775 0413 12280 128 7185 3739 57093 1153 925192
1 7 3 4 5763 65 52 8 5 12 9 0 7 5 78 7 2 1 4 6 3 515 17 40 9 8 28 82 35 891942 326 3826 279
55 103 3 5 02 8 2 41 88 8 1 18 929 5218 78 2814 17 3 969 80 6915 12 0 5 1287 50 665 12 9145 8790 5912
02073 6035 87096 8322 8920 3 5 72 98 98896 818 8085 7932 1245 4717 59255 125 7139 5792 49393 8653 179198
2 2 3 4 6166 08 90 0 7 72 9 5 8 1 28 9 9 7 4 5 7 012 18 41 4 3 76 13 30 551434 133 8073 906
123 593 9 6 10 8 4 12 86 0 9 92 687 7214 65 2345 72 7 482 14 1014 12 3 5 1219 18 915 60 5648 9710 8712
14323 4139 73215 8712 8826 5 5 63 55 12176 819 8912 4852 1910 8412 64215 548 1634 5215 26713 8150 125998
1 2 9 4 5103 50 77 6 6 92 9 5 3 1 48 6 2 1 4 9 3 592 03 45 7 4 24 12 87 091625 177 8692 956
798 625 5 6 69 8 4 01 69 9 6 59 985 3994 15 2384 10 4 908 34 1985 69 0 5 7927 12 614 12 2265 9416 9917
94183 4175 63265 8912 5945 8 5 14 04 98882 395 9932 9890 9115 5483 12215 227 5864 5357 59913 1853 925998
4 0 7 4 4920 15 42 5 5 34 9 2 8 1 46 5 8 3 8 5 1 112 02 45 9 8 62 92 73 991773 124 6173 796
853 820 8 9 12 6 2 06 59 9 4 89 997 4994 65 2904 12 4 808 99 2519 67 3 7 5384 92 415 15 4412 3312 8939
18393 5585 47319 8545 1523 9 5 98 48 56735 895 8812 6750 9715 8413 44275 123 5534 6612 63219 1453 525196
7 8 6 6 4123 99 88 5 5 92 0 2 2 9 41 9 6 1 7 5 3 919 69 47 5 8 24 16 23 997733 924 9928 557
187 420 5 8 10 4 9 19 39 7 8 82 908 1218 95 2314 19 6 812 66 1295 19 7 1 7225 16 416 18 2549 8887 9818
19173 1145 13445 4392 5021 3 8 14 30 52102 415 8982 3816 4918 5813 19215 124 5194 5312 03218 1053 575108
9 5 6 4 5823 45 12 5 5 19 9 3 8 1 28 5 7 1 7 4 2 012 16 48 7 7 58 52 27 371829 795 2889 669
825 705 5 9 12 0 8 12 89 9 1 84 954 1014 55 9319 92 4 923 54 1265 01 3 6 1789 12 415 12 2548 9712 7999
12713 1589 10285 8753 7021 3 5 12 58 89539 750 3762 9843 1819 5853 18588 524 5134 8331 58218 1945 623136
1 0 4 6 9723 59 62 5 8 86 8 2 9 6 28 7 3 7 5 0 2 912 92 49 5 5 44 74 50 711223 129 8143 957
024 325 8 4 13 9 9 12 80 8 9 52 627 7917 14 9714 82 7 912 12 8910 96 5 7 1217 58 499 63 2749 8717 6852
12358 1192 19235 8717 5392 3 0 42 90 19783 710 6982 2817 1299 5488 12259 924 6132 5842 43913 9758 965168
7 4 8 7 5323 48 75 4 5 11 9 2 4 7 78 9 8 6 9 5 4 358 62 46 9 8 44 42 27 696224 134 8104 556
128 328 5 7 92 5 0 72 89 8 1 58 988 1384 16 0814 16 9 812 19 4915 69 9 5 1274 17 424 11 2845 8102 8814
62913 1169 74515 8714 5124 3 8 12 98 62872 815 5912 9552 8265 9918 52215 968 7535 3962 07603 3953 196008
1 2 3 8 8128 84 82 5 0 92 8 7 4 5 99 0 6 5 8 5 1 960 15 48 9 0 24 18 23 891249 194 3587 658
129 173 5 5 01 9 2 12 85 7 8 82 508 1202 15 0516 14 4 989 60 7217 19 9 5 3289 12 475 18 0245 8912 8519
60596 8685 23700 8352 3108 7 5 02 98 62972 215 8992 5719 8245 1413 12685 137 0036 9310 59213 1853 122167
0 2 0 4 9023 80 12 5 9 77 0 2 8 2 98 9 1 1 7 5 9 924 92 96 8 7 20 44 39 880827 179 8353 498
127 892 1 9 12 6 2 87 89 3 2 82 973 9614 15 9314 12 6 582 15 1034 22 3 0 1099 22 615 67 7608 8816 7915
10684 9135 10319 8688 5021 9 0 78 38 00060 845 8972 7817 1215 7453 18865 924 5834 5332 03013 1155 922119
1 5 7 8 5693 95 62 7 0 12 2 2 8 4 08 8 2 1 6 5 7 712 00 46 9 8 28 12 88 596903 184 8127 556
194 456 4 9 92 9 2 12 77 7 1 84 900 1204 15 2818 92 3 918 84 1245 18 3 4 7289 10 115 19 4600 6719 0988
14315 8535 83205 1732 5181 7 7 12 91 12842 697 5709 2318 1231 5416 97239 728 5934 7332 59213 7336 720198
9 2 3 7 5153 96 82 4 7 59 5 8 6 1 78 6 2 1 6 5 9 912 71 45 9 8 85 19 82 891700 114 8121 855
96 966 5 6 02 4 5 22 89 7 2 22 289 6614 17 4654 91 7 295 05 6615 12 5 5 9783 19 415 12 2989 8712 8319
82874 9155 53275 5872 5625 8 8 19 99 18108 016 4979 9092 1756 5413 87215 338 5139 8662 59216 6870 125193
5 3 3 4 5123 76 10 6 5 68 9 5 8 1 36 9 4 4 4 5 3 918 82 45 8 0 24 12 54 791203 338 3129 526
823 923 5 7 10 7 2 02 89 7 3 92 897 4846 15 2316 62 6 796 14 1185 12 3 6 1276 12 499 60 2146 8789 8112
58859 9577 96212 8766 5909 3 5 17 98 10932 875 6917 0819 8975 8406 14275 185 6134 2312 74393 1413 924197
7 8 3 4 5127 48 12 8 0 12 5 2 9 1 83 8 8 1 2 5 1 932 12 83 9 7 84 60 23 648083 504 8440 556
133 423 0 3 19 8 2 12 99 5 1 87 287 1204 15 9383 12 9 999 54 3535 40 3 2 1229 22 885 11 6107 9612 6912
17313 1136 13725 8719 5685 8 5 82 98 60347 809 5973 4812 4215 5412 52285 124 0154 9870 59213 5580 185198
8 2 2 2 8429 65 19 5 4 22 9 6 8 1 77 7 9 8 0 9 0 912 29 78 0 8 29 19 45 843236 140 8123 556
845 195 0 9 62 4 6 12 39 7 9 82 919 1314 09 2319 19 2 613 97 1815 92 0 5 7289 39 395 16 6020 8756 7909
62618 8165 15838 7712 8401 3 9 12 98 50518 865 8812 7612 9219 5455 56495 524 5135 5412 53813 8867 185198
1 6 7 9 2193 72 12 5 5 14 9 9 4 6 28 6 2 1 9 5 3 052 14 55 9 8 84 18 26 899263 123 8723 959
253 173 5 9 02 8 9 55 82 2 1 82 987 1218 13 8514 02 4 912 18 6715 24 3 5 1999 54 450 12 2198 8715 5918
93934 1430 13262 5692 0125 0 5 68 58 12142 875 8917 9619 8715 0388 17045 324 9134 5813 53269 5123 827798
1 4 3 6 7128 43 96 5 8 13 9 2 5 9 77 6 2 3 7 6 9 675 05 53 7 5 57 10 28 830903 829 8227 553
865 128 5 6 95 3 7 12 86 4 1 83 977 9884 15 1615 98 4 917 60 1258 12 3 5 8989 08 415 72 2105 3712 8979
92393 9165 19215 8618 5168 6 5 12 98 52516 815 8912 5889 2715 9478 42055 486 5189 5952 30215 4157 495898
1 8 3 8 6823 92 92 3 5 82 4 5 8 1 09 6 2 7 4 6 9 691 10 35 9 8 94 62 73 891273 184 8520 076
923 167 0 9 12 9 0 59 32 7 1 80 307 1854 16 6874 42 4 612 71 1868 34 5 0 6489 72 719 18 2945 8712 8986
13316 1130 03848 3452 5128 3 5 18 97 12192 813 8862 2856 1295 2319 99118 324 5168 8816 55216 1650 125198
9 7 3 7 5523 65 10 9 7 62 9 2 5 0 29 0 2 1 6 6 1 619 16 74 7 8 54 12 68 821008 867 8177 586
679 103 9 9 11 8 2 88 04 2 7 65 987 1694 16 2314 62 4 917 14 1275 12 5 7 1589 66 414 92 5945 8982 8717
11393 6139 13285 4732 8685 4 5 18 88 72782 907 2999 9852 1203 4813 12516 824 4845 5312 74018 1173 195498
1 2 3 4 5103 84 65 5 5 32 9 7 8 4 28 9 0 6 4 7 1 847 92 08 4 6 26 72 03 993254 420 5798 874
473 473 5 3 38 8 1 12 89 4 0 32 088 1264 59 2316 56 5 451 94 1075 12 5 5 1249 19 485 12 7145 1702 9912
12313 4139 16818 8015 5119 6 7 62 07 52152 815 8982 4956 1515 6769 19235 724 6394 9396 64211 1353 189158
9 0 9 5 5120 45 15 8 4 12 6 2 8 5 95 9 2 7 4 5 1 592 22 48 9 6 84 18 93 851264 734 5525 896
036 623 5 6 32 8 2 12 80 9 9 62 767 1008 35 2319 12 0 912 65 1218 12 7 5 1278 00 739 17 2195 8510 3652
76393 8187 17005 8512 4131 6 5 74 98 82827 817 8995 6613 7215 5953 82290 070 5144 5312 87273 1453 214996

57395 1288 13215 8574 5624 0 3 12 68 36182 818 7952 9965 0815 7085 51220 724 0104 5715 53213 7653 125956
6 8 8 4 5123 85 32 5 6 86 9 2 3 1 28 9 0 8 4 5 9 957 35 25 9 8 74 63 54 899889 134 6945 525
003 158 7 9 16 8 2 38 89 9 1 42 781 9625 15 2574 15 4 956 14 9216 12 3 7 6287 12 715 56 5135 8912 8916
12611 6135 39831 8712 7181 8 9 48 98 10439 875 9217 9812 4255 4447 73218 925 1177 5777 99933 1153 025195
9 2 3 4 3173 58 82 4 6 52 9 2 6 1 38 0 2 8 4 8 1 910 82 40 9 5 24 90 93 899139 324 4553 876
56 983 5 9 12 8 2 52 85 7 1 42 897 4206 67 0614 46 4 919 14 1212 82 6 3 1289 17 485 55 3945 8756 8912
12313 4575 13703 8059 0191 3 5 12 65 52153 876 8686 7512 1280 7463 12275 197 5994 7912 54807 7159 195008
1 7 9 6 5285 35 12 0 5 09 9 7 0 8 27 8 3 1 7 5 9 248 12 45 5 6 24 90 93 798223 154 7143 529
783 683 0 9 14 7 9 12 86 8 1 88 907 1554 12 5514 12 4 510 19 1245 16 3 9 1249 13 415 12 2195 8710 8965
12353 9818 73278 8612 5525 3 5 18 47 12542 024 9912 9712 7815 7445 18910 194 7734 2397 98866 7458 126178
7 2 0 8 5123 90 12 6 9 82 5 2 3 6 46 9 2 1 4 6 0 982 17 95 7 3 20 32 27 457628 127 8024 556
123 913 5 6 15 8 2 62 89 9 6 84 384 1394 15 2314 70 4 072 94 1815 16 0 5 8282 12 414 10 4145 8782 8972
07964 1137 16214 1714 7126 0 5 62 98 42172 995 3979 9712 9805 5863 96973 124 5134 3306 73219 1179 835098
1 9 0 4 7323 92 77 6 2 12 9 2 4 3 25 9 6 8 9 5 1 618 72 37 0 8 34 11 47 997273 424 8387 876
823 623 9 9 82 8 8 22 09 4 1 76 987 1218 59 7335 12 9 682 14 9270 42 3 5 0353 12 851 82 8277 8945 8915
32313 1936 33215 9052 5421 3 4 12 99 86412 515 3982 9859 6413 8433 62217 026 4634 7068 53214 7903 157628
7 2 6 2 5223 42 18 5 9 16 3 9 8 0 30 8 8 1 4 5 6 862 92 95 6 8 47 12 63 897233 724 7202 556
322 863 5 1 89 6 9 19 87 9 7 89 386 6595 15 7316 16 4 912 14 1215 50 3 5 2086 12 115 12 7845 0778 8612
12313 1333 19716 8512 5171 3 3 62 78 12872 816 8984 9812 3255 2419 37218 144 4148 5099 53211 6190 135199
9 9 3 4 3824 46 02 0 9 93 5 2 8 0 48 7 9 1 4 9 4 612 17 45 9 8 26 18 78 245827 582 8193 128
622 127 5 1 66 3 2 13 59 7 1 82 887 5118 69 2840 14 4 912 99 1395 12 3 5 9277 12 716 26 4147 8719 8104
92409 3400 16719 8778 5721 6 5 19 98 92252 815 8912 7012 9895 5465 89955 774 8052 5272 57210 9093 545879
1 7 3 4 4132 47 12 1 3 15 6 2 5 1 28 9 2 8 8 5 6 322 18 45 8 5 29 42 02 801558 178 8123 556
573 153 0 7 87 4 9 72 89 5 9 84 897 1605 15 6614 12 4 912 68 9285 17 3 5 3081 05 213 12 8148 8981 7717
12698 1036 16205 6582 5428 3 0 18 08 15702 577 8912 9812 5713 5819 14885 124 5166 5315 83393 6153 156139
7 5 0 4 5193 30 16 5 9 84 9 2 7 1 28 9 9 6 4 7 1 012 18 98 6 8 77 18 61 896299 449 1523 559
439 961 5 9 82 8 5 72 89 2 5 82 980 1204 15 8501 12 4 908 14 1217 19 5 4 1985 98 655 82 4048 1712 8951
12097 1232 18449 8812 5080 3 5 02 99 12174 918 5950 9612 4075 0940 16215 964 7848 9912 53213 6173 125866
1 2 6 4 5157 15 15 5 5 12 7 8 7 0 83 3 2 3 4 1 1 914 10 40 9 8 98 12 73 791393 126 8180 556
273 185 5 4 92 8 2 98 99 4 1 80 969 5215 05 2514 82 6 712 14 1595 17 3 5 1285 05 418 82 2385 6865 6412
30397 1139 93255 8702 5135 3 3 15 95 97187 817 8917 5817 3645 8803 00815 028 5834 3618 13657 8903 125081
1 8 6 4 8123 99 82 5 7 52 9 2 7 9 28 0 2 1 4 5 9 962 12 40 8 6 04 67 23 891423 129 7029 876
103 126 0 9 91 6 7 50 69 8 7 82 168 9214 85 2754 15 4 905 11 2285 12 3 8 9299 03 515 12 2529 7773 5592
1 9 3 7 0323 49 42 5 7 18 9 2 6 1 42 7 0 0 7 5 1 512 15 47 9 8 71 07 24 283726 164 8823 556
143 193 7 9 07 8 2 12 89 6 7 62 998 1814 59 2312 12 4 712 94 6793 54 3 3 7782 28 362 04 2845 8912 8909
78485 1035 72819 8792 3783 3 5 52 48 72250 288 7382 9812 1217 3213 92815 163 0804 5773 33363 7176 023730
7 0 9 4 5523 71 17 5 5 10 7 3 5 1 48 2 7 3 4 6 9 952 76 45 4 8 77 18 13 831983 124 8597 556
85 423 3 3 84 8 2 18 69 0 6 52 118 4934 93 2317 80 4 919 77 1246 02 9 5 6283 82 445 81 0279 8712 4482
82910 1937 49245 6776 9567 8 5 14 88 12182 725 4657 9912 1215 5413 92215 254 5252 8318 93404 3583 123108
1 5 3 6 5529 45 15 5 1 12 3 9 9 0 28 1 2 1 4 5 3 869 12 45 9 2 09 12 53 854289 925 7523 917
420 196 5 9 19 6 6 69 80 8 1 21 983 7704 95 2668 12 4 946 94 1217 62 1 5 1759 96 493 10 2969 9849 9772
12390 6134 63041 3763 5128 3 6 12 07 17102 815 8815 8816 8215 5913 12248 229 0735 0292 53717 1164 175108
1 6 3 4 5123 97 71 5 7 12 9 2 8 1 48 8 9 2 7 7 1 912 17 45 7 7 24 65 23 861507 134 0133 455
793 903 8 9 46 8 2 86 68 8 1 52 488 5290 45 3384 12 4 919 74 2817 41 6 5 5489 05 479 12 7045 3702 8911
37375 3135 13294 6982 5521 3 5 12 98 25176 805 8875 9932 1255 7413 52283 113 9136 9311 83453 0187 875093
7 2 3 4 4578 45 92 6 5 92 6 2 7 6 26 9 2 1 2 6 1 932 72 47 9 8 28 18 25 907323 121 5112 655
975 928 6 9 22 8 2 18 99 7 3 77 997 9884 40 2314 11 4 912 88 6277 12 7 8 5978 04 415 86 2746 2708 0682
12643 4135 14969 9960 5547 3 5 58 88 06152 479 9999 9810 5295 5879 02087 669 5133 4712 33818 1183 955898
0 3 6 4 5126 42 12 5 3 68 8 3 8 7 93 9 8 8 5 7 1 912 10 49 7 0 24 16 70 191803 124 7922 538
623 918 5 3 12 7 8 89 60 8 1 82 086 8262 85 6219 95 0 912 58 1219 15 1 7 1489 82 414 67 5173 8192 6712
72313 1133 97110 9796 7129 3 5 12 48 02741 817 8587 9812 7471 5866 12115 944 6184 5360 93213 5158 128198
7 2 8 5 5120 89 52 5 7 18 9 2 9 1 28 9 2 1 4 5 1 717 82 45 7 6 54 62 24 591823 220 8599 596
132 163 5 9 12 8 2 80 88 8 3 18 987 7232 18 8713 19 6 219 04 5414 12 3 5 6266 12 697 71 2995 6934 9892
32663 1078 13315 8716 5769 2 6 10 57 19195 810 8919 8658 5915 8963 66715 324 3514 7314 53274 9673 925148
8 2 4 8 5193 55 12 4 5 18 9 7 9 1 68 0 6 5 0 6 1 759 12 45 9 5 84 10 29 699854 664 8123 556
173 098 5 9 16 9 2 12 89 8 8 87 980 1408 16 8317 02 4 614 74 1213 97 6 5 0979 12 316 62 2374 8756 8912
13313 9635 73216 8512 5171 7 7 19 98 72162 565 8997 3892 3218 8419 02785 124 2190 2265 63037 1653 365149
1 2 3 4 5163 25 19 8 5 87 8 2 9 0 08 7 4 0 4 5 1 984 90 46 8 8 79 72 23 867024 925 8141 556
853 166 4 7 97 8 2 12 89 9 1 98 987 1514 49 2717 11 8 790 54 5812 12 3 7 1084 66 547 19 2349 8802 4918
62378 1167 03215 8917 5121 0 8 10 98 92142 816 8516 3812 8015 6566 42275 969 0534 5313 53318 1553 183108
1 0 0 0 5163 75 72 5 7 12 9 3 3 1 23 9 2 1 7 5 1 802 22 61 9 8 47 03 43 491706 126 8033 403
907 923 7 9 12 8 5 19 69 5 9 97 337 8704 95 4369 62 8 712 13 1274 72 7 5 1229 34 527 16 6746 7118 9785
13809 1335 87335 0712 8857 1 2 62 90 67102 869 8976 9921 1298 5613 12266 996 8104 5580 43713 4653 625549
1 6 3 4 5884 45 36 5 5 05 9 2 4 1 97 0 2 5 8 5 1 912 97 45 0 0 94 74 57 896256 126 8193 786
923 163 4 9 17 8 3 62 80 8 1 69 947 1218 70 2814 06 0 816 39 1673 13 3 5 6290 52 485 12 0345 8212 8917
34316 0135 14312 0702 8126 6 5 48 99 32732 889 8970 9858 1215 7479 22314 824 6954 8371 87943 1153 185199
0 2 3 5 5213 45 56 5 8 92 9 2 4 1 94 9 8 1 4 5 1 992 18 45 9 7 24 18 27 893553 104 8873 455
883 820 5 5 17 9 2 52 89 9 1 82 605 1319 95 8314 92 7 968 16 9018 92 3 5 1983 93 935 12 9145 8699 8189
12117 1145 79916 8719 5198 3 6 12 99 52872 895 6888 9918 4757 6313 13215 216 5934 7312 50213 4043 195984
5 2 9 5 0126 48 62 5 5 18 7 6 5 1 28 9 2 6 4 0 1 985 77 35 5 3 34 98 26 891729 834 8228 146
59 684 5 5 79 6 9 73 79 6 3 98 964 3214 76 2314 12 9 733 14 8019 02 3 5 1244 42 513 82 3105 8710 7812
52313 7055 93992 3762 5681 3 1 92 98 12192 815 7917 9012 1517 5943 82218 428 7979 0317 54210 1153 895168
1 3 4 4 5708 44 18 6 4 57 9 3 4 1 28 3 2 1 7 5 7 997 12 17 8 8 69 72 03 790527 185 8673 556
599 128 5 9 13 8 2 92 89 9 0 82 927 1512 35 2374 90 8 918 94 1214 92 9 7 5839 72 919 10 6135 8086 8900
78389 3791 12915 8978 5931 9 7 81 97 68432 879 8562 9899 7385 8416 95815 024 8134 5929 53217 1151 152198
9 2 9 4 9144 98 83 5 5 12 9 8 8 3 28 6 2 7 6 0 1 582 17 35 0 8 94 92 23 891728 165 9483 823
667 977 0 9 09 8 8 42 59 6 1 38 629 1214 57 1834 10 6 916 96 1276 17 3 6 1289 96 545 62 2125 8346 8517
15394 1735 07215 6537 6191 7 0 95 96 18984 812 2912 0852 9515 9491 44215 124 7734 5689 93213 5350 135107
1 6 3 4 9173 47 12 5 5 97 8 7 6 1 28 9 7 6 4 6 1 442 58 65 9 9 54 72 99 891236 124 8723 259
796 143 8 9 14 8 2 22 50 7 8 35 969 1844 40 2014 39 4 914 19 7713 12 9 6 1689 39 419 12 8145 6812 8568
14053 1136 77618 8519 5796 8 2 52 98 92092 915 6966 5812 1734 1955 12715 484 5124 5388 50743 4355 199195
2 2 3 0 5103 45 17 5 5 73 9 9 7 7 29 8 2 7 9 8 1 012 13 97 9 8 74 52 56 881845 914 6526 850
727 124 6 6 16 8 7 12 29 9 6 42 898 1204 45 2394 82 9 822 19 3975 13 3 5 5284 12 089 15 2947 6812 9810
89918 9165 19217 4787 0061 3 7 97 68 62162 815 2982 5747 0915 7704 17564 134 5133 4316 53813 1553 355188
1 4 8 4 4183 05 72 5 8 82 6 2 8 1 48 9 5 9 4 5 6 949 12 79 9 3 19 92 26 961253 728 8527 506
154 869 5 9 19 8 2 17 84 0 2 82 987 1619 99 8314 14 5 952 16 8210 72 3 7 1086 92 915 16 8145 8712 8992
12313 1133 69263 2912 5021 3 5 62 94 92309 918 8964 9815 1415 5413 62244 593 5954 4562 50278 5763 125438
7 2 6 4 4199 20 18 5 5 67 9 2 7 1 58 6 5 1 4 2 9 782 12 87 8 4 70 17 21 901307 194 8963 558
765 953 5 8 19 7 8 12 89 6 0 42 580 1889 94 2878 16 6 618 99 1715 62 3 1 6589 56 412 14 6145 8712 8972
12549 1679 53219 8717 5120 3 5 12 90 19967 713 8992 8818 1215 5413 00294 120 7154 5062 58213 1053 124968
1 4 3 9 5696 05 92 7 5 19 9 6 4 9 88 7 7 8 4 5 1 962 80 96 6 1 29 12 23 791923 125 8724 096
985 124 2 9 18 8 4 10 89 7 7 84 961 1217 78 2365 12 4 118 16 6863 94 8 5 1589 22 484 19 3947 8710 8468
52793 0439 83325 6718 5121 3 5 32 98 95142 465 8814 9812 1115 6800 12215 121 7638 8378 83713 5853 125118
2 2 5 7 7126 35 22 6 5 68 9 3 8 1 57 3 2 1 4 0 1 839 82 44 8 6 24 23 23 678223 928 0129 856
173 523 5 6 98 8 2 73 79 7 1 82 957 1268 99 2319 22 0 582 67 1287 12 8 5 5288 04 445 89 6157 8782 0912
12319 9955 33218 6712 5941 7 7 47 98 22146 828 9993 0709 9205 5752 17710 115 0135 5068 63513 1973 625143
1 2 8 9 5759 44 12 5 9 17 9 2 4 8 68 5 2 4 7 3 1 966 19 44 0 4 03 82 83 861524 124 7156 576
821 883 5 9 12 8 5 19 89 8 1 96 456 1224 15 9314 12 6 916 94 6279 10 3 3 4988 13 885 70 8199 3716 9992
32513 1293 93045 8712 5161 3 5 70 48 12806 664 7312 3883 9265 6413 17985 284 5174 6375 53123 8552 594628
1 2 0 8 5623 45 16 5 2 52 9 2 8 7 28 9 9 3 8 6 7 022 72 57 9 9 24 32 20 791029 194 8159 555
193 153 0 9 12 8 2 46 89 8 8 92 987 0324 03 8764 12 8 997 89 5260 62 3 5 1389 62 516 95 9942 9212 1407
19289 4873 33815 8062 5557 3 1 12 38 19159 805 8976 9897 2234 6817 64273 495 5634 5379 02273 7499 709198
5 2 3 4 8123 96 12 5 0 12 9 2 7 0 28 6 0 1 4 5 1 972 16 96 8 8 27 19 53 898223 178 4584 466
55 183 5 9 16 8 2 02 86 6 7 80 937 1388 15 2084 32 4 917 35 4215 12 2 5 6287 19 682 15 2145 8718 8916
73853 0775 13715 0712 5171 0 7 19 88 17182 865 8919 8712 1055 5610 12215 127 5538 5317 16053 1853 175947
8 2 5 6 6123 46 12 7 4 32 9 2 0 3 27 8 9 8 4 0 3 912 03 40 9 9 29 12 61 892223 964 8156 536
163 925 7 7 82 8 8 19 70 6 0 85 987 4644 17 6368 16 4 315 57 9295 49 3 9 4289 42 417 62 2198 7712 8715
87313 5175 72275 7749 3107 8 5 12 98 73632 910 9885 9812 1615 0756 75215 127 4946 5995 53915 2969 825898
1 9 6 4 5803 05 82 5 0 12 6 2 9 8 79 0 2 0 4 2 6 912 32 40 9 8 24 12 29 835880 124 0123 550
583 153 6 9 12 8 2 14 83 6 9 88 987 6794 78 2067 18 4 912 17 0035 19 6 5 1967 12 475 12 2160 9816 8872
19317 9976 33519 8659 5151 3 5 18 14 16492 819 0918 9819 1615 7405 12455 124 2294 1816 59583 9853 525198
6 9 3 7 9156 65 92 5 9 12 5 2 7 9 93 9 2 1 4 1 2 812 12 96 9 6 24 82 29 293329 125 6454 766
729 123 7 9 52 8 7 02 86 6 6 92 827 1014 52 3364 28 4 968 88 6886 12 3 6 1289 18 465 69 5185 8616 8989
42013 5745 18158 8792 9999 6 5 99 98 12114 488 8912 9890 1415 5477 52696 184 8634 5378 53616 3057 137096
5 2 6 3 0128 45 52 5 9 60 9 2 6 1 92 4 3 1 2 7 4 902 34 48 6 8 28 06 23 093252 184 8728 554
123 963 5 3 12 1 9 12 69 8 1 82 780 6894 85 9760 19 4 995 89 6295 78 6 5 8787 18 857 92 2145 8162 0912
12312 1188 63232 8913 0708 9 5 12 90 57182 576 4714 0816 1415 6414 02215 564 8914 7356 53896 8795 178578
5 2 3 5 5226 35 19 0 6 19 7 0 9 1 28 9 6 8 3 5 2 358 52 05 5 8 26 12 03 691683 120 8123 556
186 815 3 0 12 8 9 12 87 7 9 17 084 6864 15 7364 18 4 473 38 9215 17 3 5 1284 80 419 12 8145 4017 8912
15319 3484 18218 0779 5821 7 4 82 98 82065 815 8612 4810 6412 5410 12245 149 5331 0396 53163 6453 126178
1 9 0 9 1103 95 62 6 5 49 5 7 4 1 78 0 8 1 4 5 7 492 85 95 5 8 99 12 21 561364 381 8724 466
820 423 5 9 00 8 2 97 89 5 1 82 087 0216 65 2314 17 2 912 10 1979 32 7 4 1669 99 419 12 2115 4819 8469
12316 6236 44416 8719 5162 3 0 12 86 12822 861 1642 6812 1586 3518 12965 145 6946 5338 63669 9118 135197
8 3 3 3 5923 45 49 5 9 58 9 7 8 6 08 6 8 7 4 7 8 953 12 46 9 3 21 19 23 818233 808 8120 603
013 463 5 9 12 8 1 82 58 8 6 89 788 1737 15 2090 92 6 962 97 1634 50 8 4 1285 97 435 50 3665 5788 9311
33352 7035 33808 8712 5121 3 8 22 98 76252 325 4363 1896 6686 5493 26914 604 6796 5364 98263 1133 835299
1 5 9 4 6627 49 52 9 8 52 9 8 4 1 28 7 8 8 4 5 1 912 39 46 9 7 24 18 53 871223 828 7687 589
420 043 5 8 62 7 2 16 87 9 1 22 987 1424 85 2380 19 9 692 65 1215 12 3 8 1089 70 435 98 3149 8792 8075
36843 4886 83461 1792 7321 4 7 19 97 14187 216 4852 8872 4567 7453 12866 124 5932 5969 56213 5103 885498
1 2 3 4 9128 07 12 7 5 98 9 4 2 7 48 5 6 8 4 9 4 616 82 45 8 8 74 92 83 991725 124 8803 756
629 023 5 5 02 5 4 12 89 8 4 82 807 7884 84 2614 15 7 463 84 1281 72 3 7 1259 12 495 62 4745 3312 8014
97313 1138 64616 8718 8904 3 5 32 98 80970 815 8942 8676 1215 5917 18205 029 5494 8112 59217 1154 785067
8 6 3 9 5983 25 16 5 5 73 2 1 9 1 28 9 4 7 6 5 7 786 42 40 9 6 24 12 28 901228 774 8173 556
123 455 8 4 12 8 8 92 79 9 1 92 047 2015 29 1824 97 4 322 04 1983 18 3 5 6285 15 485 12 7345 8728 1982
12303 5172 13545 8739 5158 3 6 12 90 42187 915 8982 9812 1685 5489 12281 820 6745 3078 03716 7116 925198
1 5 8 4 5523 75 12 3 8 69 0 9 8 7 29 7 8 1 4 5 1 902 18 45 1 8 24 26 24 831223 189 8359 856
58 123 5 9 72 8 2 52 09 7 1 82 782 4214 15 4359 08 9 996 44 1297 89 3 0 1579 16 495 19 2545 8752 8512
17317 7145 03211 8719 2101 3 6 12 57 19522 815 9212 9475 4210 5454 72618 145 5130 5312 35273 8859 120198
5 9 6 4 5933 85 92 5 3 97 9 1 6 9 28 9 0 1 2 7 0 939 18 37 1 9 25 62 23 887223 326 8093 157
723 083 9 8 92 9 2 45 89 9 1 40 981 9076 76 2711 98 2 482 12 1636 12 8 5 1969 12 415 14 2975 0812 8012
78783 8835 99515 8917 4126 3 5 16 38 15192 898 8915 4792 1009 4213 19219 165 8554 5314 54213 1686 459178
1 2 5 4 5120 75 92 8 8 12 3 2 5 7 29 9 9 1 7 2 4 842 12 75 5 8 08 96 24 897293 924 4103 872
073 187 5 9 80 8 9 80 32 9 1 56 787 1642 15 2384 78 4 688 38 1995 02 3 5 0790 12 466 12 5945 1912 8914
14615 1633 11598 8772 6128 4 9 10 58 19127 895 5912 7488 9545 0413 52975 228 5480 2314 59211 1153 865198
1 7 4 9 4920 84 96 5 5 82 3 8 9 9 28 8 2 8 4 5 3 914 16 15 7 8 74 82 53 146723 084 8481 846
183 173 5 9 17 0 2 88 83 1 8 86 987 7264 18 2709 12 4 845 74 1615 12 9 1 1484 12 360 01 2175 8772 9012
12393 6435 84684 8082 4100 4 9 17 08 18106 815 8912 9813 0215 8413 31215 153 5135 6312 51610 1363 135090
1 2 3 4 0125 45 97 7 5 12 5 0 9 1 28 9 9 1 0 6 8 324 05 40 5 8 39 62 83 951247 124 8176 556
243 459 9 9 19 8 3 12 87 8 1 89 987 9218 75 9314 32 0 912 13 4216 17 7 5 1799 12 716 17 6184 0715 8912
92313 9577 19265 8705 5821 3 5 12 88 68178 689 6572 9816 1015 2443 85282 520 5954 4862 93213 4153 120028
7 6 3 4 5135 65 12 5 0 72 6 2 8 1 88 9 2 1 7 5 9 918 62 40 9 0 24 18 63 894243 124 0957 557
723 928 0 2 12 5 2 10 83 8 1 82 787 0784 16 2377 12 4 993 14 7266 10 0 2 1225 65 454 12 2166 8722 8611
63868 9735 14915 6773 6146 3 7 49 98 69170 815 8912 9892 1910 5315 10295 124 5534 5816 57209 5950 125460
1 2 3 4 4793 40 86 5 7 27 2 6 5 1 68 9 1 1 5 0 1 899 18 47 6 8 44 19 44 491933 114 8955 596
103 623 3 9 15 8 2 82 89 9 6 44 947 1293 75 3314 12 4 810 94 1298 48 8 6 1249 12 655 62 2249 6912 0962
59713 1109 11215 9712 5121 9 5 12 98 82192 885 8949 9914 1215 5483 12885 615 5839 6872 53618 6158 125198
5 2 9 4 5173 95 48 0 5 12 7 3 9 9 26 9 2 9 4 5 1 912 12 45 9 8 80 12 23 875527 124 8125 656
113 123 4 9 46 8 0 49 09 8 1 62 917 1264 15 3318 42 9 917 94 8296 12 0 5 1489 12 915 14 2745 8017 7312
16313 1138 16917 0512 2171 3 7 10 98 69162 866 0912 9812 7286 5416 92516 984 5233 5112 53213 1459 399948
9 6 9 4 5729 45 16 7 5 64 9 2 9 4 88 9 7 6 3 4 1 958 12 59 9 7 34 17 93 045223 947 8680 856
870 792 1 9 94 0 5 49 89 7 1 82 987 1224 88 3374 62 5 959 44 1915 17 9 5 0369 72 388 29 0345 8712 0914
12356 9578 63815 8917 8128 4 7 97 99 12742 516 8986 6312 6816 5413 99213 864 8194 8357 83103 3169 136555
6 2 3 4 5069 05 74 5 3 24 9 2 6 7 98 6 2 1 8 9 1 992 78 49 7 8 07 38 23 897823 524 8121 956
983 593 5 9 82 8 4 37 87 7 9 07 860 1214 14 2316 12 9 418 14 9919 96 3 5 1270 24 468 12 2145 5818 8982
78313 4189 59285 0768 5129 3 9 14 98 11155 046 4918 8817 0905 5443 10815 638 5134 5582 50847 0961 128184
8 2 3 8 0023 46 89 5 5 17 7 2 7 1 66 9 8 0 0 5 5 663 62 99 9 5 54 12 22 850227 125 3123 986
197 127 3 9 92 8 9 12 89 9 1 82 589 1244 43 7019 92 4 712 14 7115 18 3 5 9289 12 914 42 8135 8749 1638
16430 1747 15208 2012 0771 4 5 12 79 92852 950 8752 7202 0615 4718 82417 994 4184 5832 59213 0480 175793
1 9 3 6 3823 75 62 5 5 10 9 2 5 8 05 2 2 8 4 5 0 912 42 48 9 8 29 19 51 791273 204 4115 566
56 824 4 6 12 0 9 02 88 0 1 82 907 1914 15 8660 22 4 914 18 1417 12 8 4 1249 89 415 16 5846 8917 8498
12313 7395 73265 7717 5121 6 7 62 78 82142 888 8912 7812 8215 5410 32509 556 5734 5312 53299 7143 185698
5 2 5 2 5113 33 12 3 5 12 9 7 3 1 28 9 2 6 4 5 1 612 98 47 9 8 74 10 83 572299 585 8103 557
123 629 8 5 02 8 2 89 75 1 5 92 080 3210 55 2684 93 4 575 84 7575 12 3 5 6298 12 415 12 5775 8959 6652
46613 1431 13216 9742 5193 4 5 02 98 72172 815 8962 9714 0879 0409 40710 164 7197 0912 88413 6197 820175
1 2 3 6 2928 47 96 7 6 22 8 2 7 1 28 9 4 1 4 7 1 052 14 49 0 6 24 72 20 795524 125 5193 566
004 723 4 9 16 8 9 62 95 8 1 89 987 1784 87 2154 12 4 519 49 7715 67 8 5 6645 19 986 48 2198 7012 8412
74373 1965 09919 8510 7126 4 5 98 50 82040 815 8913 9882 6217 5183 76769 142 9168 5312 26203 9103 105188
4 2 3 5 5620 49 92 9 5 12 9 2 4 5 25 9 3 4 4 5 0 977 14 66 7 1 94 98 23 891225 424 7179 586
723 529 6 9 18 8 0 12 88 2 1 82 986 1744 55 1960 72 4 522 17 1218 66 8 7 3279 12 415 12 9415 8744 8219
15010 8015 23217 5373 5199 6 5 32 90 19826 815 9962 9819 7864 5413 07275 113 5434 5382 63113 0643 629898
6 2 3 6 5123 45 12 5 5 52 9 2 3 1 28 3 2 0 6 9 1 929 14 05 6 0 24 12 93 071281 229 9798 057
733 128 8 3 12 7 2 72 98 0 4 82 997 1574 28 2315 10 4 919 18 8914 12 7 2 8688 92 491 62 2548 8712 8102
10457 1135 19793 9742 5111 3 8 02 90 12105 815 8912 5474 1095 4797 16215 988 5944 6318 59993 8456 147505
9 6 7 7 6193 45 12 5 2 56 8 2 5 0 78 9 7 1 4 7 1 912 14 55 5 8 94 19 33 897886 194 8933 653
123 123 7 9 14 8 6 89 89 9 7 88 957 0704 14 4819 51 6 716 64 1615 52 5 3 8429 18 417 92 5748 8912 8992
83114 1235 73215 8006 9121 3 4 13 98 82282 815 8972 0118 1785 0476 82911 128 8574 6369 56583 1744 316187
1 2 3 9 5123 95 72 6 5 13 2 6 9 3 95 5 6 9 0 5 1 912 92 59 4 0 31 13 23 606959 124 2123 592
673 091 9 0 88 8 3 17 89 3 8 12 587 1614 15 8376 12 4 977 30 1215 54 9 4 8659 82 475 18 8942 8712 8439
12013 1495 76718 8712 9135 3 7 77 88 12175 276 8811 9824 1365 9413 02087 534 7151 5319 57269 1159 145908
8 6 5 3 5129 45 79 5 0 82 9 2 2 1 25 9 9 1 4 9 5 972 92 46 7 7 24 19 73 091827 124 8628 556
187 273 5 9 32 9 2 12 89 0 1 87 682 3476 62 6354 82 4 019 19 4819 72 7 5 8289 59 589 96 9845 8737 8918
14813 1137 77315 8792 5121 6 4 58 48 72198 883 9972 9982 1417 5423 95255 164 5284 4370 53913 3129 855198
1 7 6 4 5132 45 10 5 9 12 9 2 3 1 68 9 7 5 4 5 1 910 12 03 4 8 44 82 98 811223 127 8423 559
109 843 5 5 12 2 1 92 39 8 1 96 922 1224 59 9684 40 4 902 84 1295 12 3 5 8066 52 415 14 6747 5726 0913
42683 0135 83215 8717 4134 3 5 82 97 12982 715 8112 0892 1485 5693 19287 948 8136 7066 53445 1853 175991
1 6 7 6 5963 45 67 5 5 57 9 7 0 5 03 9 9 7 4 0 1 615 92 48 2 7 28 82 23 847820 127 8092 556
925 191 5 9 57 8 8 16 79 7 1 80 987 1514 10 3339 17 4 812 24 1325 12 8 4 9598 12 415 12 8135 9714 0097
12861 1135 81275 8512 9127 8 5 12 98 12120 860 8110 6812 2225 5489 50477 124 8421 9312 52019 1934 828248
1 8 3 7 5936 35 17 5 9 32 7 2 3 1 23 9 2 1 6 5 1 819 92 47 7 8 94 96 98 891843 924 8123 521
823 123 7 3 18 8 2 64 89 6 1 87 987 7218 98 7014 18 4 982 14 1516 19 8 8 1243 67 415 12 2549 8957 8742
14313 7335 13618 3712 1464 0 3 12 03 82698 817 8918 4919 5455 8813 88219 168 0992 0372 25943 6227 425188
4 2 3 4 8173 85 92 5 7 42 8 2 4 1 24 9 8 1 4 5 1 912 12 45 9 8 44 12 73 895274 678 8625 357
34 193 8 9 74 3 7 94 88 2 6 08 979 9214 86 9284 82 7 315 48 7275 56 4 9 7457 55 415 12 2595 8796 7953
12815 7195 13916 8162 8076 4 0 12 97 38562 795 8992 9812 1218 6483 92015 448 3649 5372 55515 4139 123790
6 6 7 4 5165 45 99 7 8 17 6 0 9 0 25 9 2 1 5 5 4 912 62 07 8 8 24 12 73 891229 824 8028 557
523 887 9 9 13 6 6 14 89 9 7 62 987 6289 97 2317 17 0 878 74 1995 12 7 5 4279 97 465 12 8695 3517 8447
42113 3035 15615 6791 6191 5 9 15 54 10064 915 8969 7842 1448 9413 92215 384 5144 9982 53210 7857 145176
1 9 7 4 1923 15 79 8 5 72 8 2 5 1 27 9 9 9 3 9 1 478 42 48 7 8 24 12 28 898886 074 8175 586
923 789 5 0 18 8 2 18 82 8 1 68 489 7416 45 0314 12 3 980 14 1278 12 8 5 1389 77 475 12 6595 8016 1612
89113 1745 33265 8619 3125 3 5 72 93 18044 877 9762 9812 7298 5513 18855 124 8534 0612 83213 1653 575898
1 7 1 4 3129 45 80 5 0 10 6 2 8 6 26 9 8 4 4 5 1 772 12 72 9 5 97 18 23 331653 724 6123 246
123 026 5 0 82 8 2 88 49 9 6 82 182 1200 95 0314 12 4 932 44 1215 12 8 5 1289 85 115 48 4019 8747 8926
18253 1170 83215 9717 5176 0 8 92 98 02499 845 8907 9052 1215 2430 12285 828 5134 5782 00817 9136 165198
1 2 3 4 0623 19 80 8 5 12 9 3 8 1 98 6 6 9 7 7 8 777 62 45 9 9 25 18 28 749338 929 8113 579
023 623 7 9 16 9 8 14 59 0 0 46 963 1119 05 2354 12 8 912 99 8619 12 4 5 1289 12 415 62 0165 8318 0912
28915 1184 19245 8549 6521 3 8 92 98 02102 045 8972 4319 7285 5413 92519 124 5104 8349 00215 1196 668190
8 2 8 4 7009 45 62 8 5 18 9 2 8 1 20 9 8 6 4 5 1 716 12 46 9 9 24 19 67 897226 824 8133 456
429 165 8 8 31 7 8 92 77 2 6 24 987 3364 28 2395 14 8 312 78 1615 92 1 5 5669 19 478 86 2837 8782 8617
54312 9955 83215 7789 7123 2 5 92 88 18162 815 8272 9823 1095 4984 94995 529 5180 5382 51218 1134 823197
8 2 5 4 9129 42 12 6 5 02 8 7 9 1 28 3 9 1 6 0 4 988 28 45 9 8 24 16 23 685023 124 8823 953
123 823 5 9 82 8 2 12 89 3 1 19 977 9294 54 2591 10 0 452 64 5230 90 3 0 9982 92 215 12 0245 3312 0917
92313 7935 17015 6782 5020 3 5 19 48 15193 875 6282 9812 1091 5993 05515 174 6764 5399 59053 1093 126196
5 2 8 9 5193 15 12 5 5 12 2 7 6 4 67 9 2 1 4 5 1 932 12 49 9 8 34 12 09 097029 127 5144 797
923 123 9 9 62 8 7 12 19 5 1 52 987 1914 72 8354 17 8 064 27 1287 69 2 5 1929 19 955 71 8148 7952 8917
18384 1195 17245 7712 5827 3 9 42 98 51769 959 8912 9512 1215 5413 17232 194 5132 8306 58513 1180 125878
2 7 7 7 5122 45 42 9 5 12 9 2 0 0 29 9 9 7 7 5 5 032 12 45 7 6 27 12 23 701408 428 2999 656
055 709 0 9 99 9 5 12 59 6 3 82 986 1210 44 2004 47 4 002 19 7915 19 8 9 6250 12 408 12 2745 2389 8980
12303 1638 93315 8936 1151 3 4 62 91 12869 846 8585 9868 1509 8960 12585 824 4137 5832 53771 9962 125999
7 2 0 4 8103 25 80 5 5 12 9 9 2 1 18 3 2 4 8 5 1 902 18 97 9 8 24 57 24 799976 924 9124 207
705 175 5 5 89 0 9 12 89 6 9 96 589 1675 95 8292 79 5 302 14 1217 16 6 7 1243 12 445 62 0984 8710 8912
92013 7730 79653 8892 5128 3 5 12 98 84522 880 8972 9452 5230 6476 12275 185 0180 6912 53293 9198 625105
1 2 3 8 9123 41 05 6 4 15 6 2 7 4 97 9 0 9 8 5 1 902 72 85 0 0 78 13 03 881853 434 8129 009
963 323 9 8 92 8 9 92 89 6 8 02 987 1464 85 6854 16 2 112 18 3865 72 5 5 4282 11 885 12 2643 8519 8912
12513 1165 73611 7025 8921 9 6 18 98 18196 855 7912 0472 1285 8410 85285 924 5934 5325 55219 1565 164988
1 0 9 4 6123 46 19 5 8 12 2 2 9 5 20 9 7 1 9 1 4 718 08 56 7 8 20 12 26 599827 107 8124 856
28 121 9 5 92 8 8 12 45 8 7 82 187 3816 18 6314 12 8 916 14 5915 47 3 9 8372 82 419 62 8135 4802 7952
72329 1475 23219 8742 3161 7 5 27 78 20716 755 8617 9868 1463 5568 12215 168 5866 5939 53293 8103 136188
8 2 5 8 1926 95 12 5 3 15 9 2 8 5 29 9 2 1 1 4 4 482 96 48 9 7 28 52 23 891523 127 8923 351
826 873 9 6 18 0 2 59 89 2 1 92 985 8846 85 0314 07 4 916 93 4152 06 7 5 4289 14 415 83 5962 8712 8914
12816 1135 84295 8462 1521 1 5 78 98 10189 618 8812 9872 7015 5410 17285 128 9834 7842 93513 8063 035268
1 2 4 4 0823 48 92 5 5 52 4 4 7 9 28 9 2 1 4 8 7 797 38 65 4 7 28 82 79 544223 169 8526 736
295 177 8 6 12 8 2 12 89 5 1 40 980 0244 19 9999 72 4 612 18 9835 09 3 4 1499 19 415 67 3549 0913 8910
62033 6780 73717 7702 7178 6 1 92 47 95276 988 6972 9742 1265 5717 16014 125 5154 2814 83217 9156 557392
1 2 8 4 5683 45 97 5 5 10 9 2 6 1 28 9 2 1 4 6 9 962 82 45 7 8 26 82 26 901229 984 8122 516
183 123 6 0 72 8 2 30 87 2 1 88 784 5259 15 2034 12 4 992 16 1208 86 9 5 1669 16 474 62 2845 8719 5910
12399 1139 73615 8712 5121 5 8 19 98 17142 849 8912 9715 8288 0817 11246 154 9144 8302 53948 1658 725308
9 8 3 2 1720 45 15 5 5 10 3 7 6 0 28 0 2 9 6 6 1 987 11 46 9 8 25 02 28 894524 227 0127 556
186 683 5 8 12 2 2 10 41 9 9 82 917 1294 98 2314 60 1 912 78 4245 15 0 5 1289 15 698 92 2145 5486 3815
12368 1335 87715 0712 5401 3 1 12 78 54599 665 0779 8339 1212 5413 12245 926 8137 8082 13511 1393 190176
0 8 5 8 5143 53 39 5 4 12 9 2 7 6 78 9 3 1 6 8 1 632 19 55 7 8 99 11 29 991223 174 4193 516
968 923 5 9 72 5 2 75 99 5 0 02 397 1080 45 0587 10 4 917 74 9950 12 0 5 0788 42 355 40 2195 9872 8913
68393 1635 78545 8708 5546 8 5 62 58 87194 817 8987 9812 6265 5966 41215 128 5134 9312 53611 4558 185190
8 8 0 0 8808 43 19 5 5 32 9 5 9 9 05 3 2 1 4 5 1 952 15 47 9 8 29 10 23 891287 675 8820 558
755 123 0 9 11 8 7 82 28 9 1 52 987 7268 90 2314 17 9 912 74 1919 60 3 5 8799 12 878 16 8145 8779 8978
12813 1193 16515 6832 7181 9 8 59 48 16148 885 8875 9435 1215 5719 17225 128 9084 9167 24213 1693 907708
5 2 6 6 0183 98 12 8 7 17 7 2 8 1 24 6 2 1 4 0 5 912 25 48 9 8 26 99 28 887208 194 8835 552
723 783 3 9 12 8 2 12 82 1 7 92 987 2533 10 2428 35 4 573 19 1209 50 3 2 1888 18 338 19 2945 5678 8412
92013 4739 43935 8737 5628 5 5 10 78 82186 910 8913 9872 1215 6813 67688 198 3434 5382 47713 0173 925188
7 2 3 0 4523 97 79 6 4 05 9 2 4 5 08 9 2 1 4 5 1 967 17 49 9 6 54 82 97 491273 124 8147 559
573 827 5 9 15 8 6 12 67 3 6 82 987 7314 15 2618 19 0 939 18 1896 12 3 8 1286 12 819 42 3186 6502 8755
82303 0530 13294 4712 5421 3 9 72 98 72172 817 8942 9512 7235 5413 89516 624 5444 6052 53809 1899 148158
1 2 5 4 5123 09 92 0 5 13 5 2 7 1 25 0 2 1 5 4 4 956 13 30 6 8 42 12 29 896823 324 6523 592
423 007 6 5 19 0 2 02 88 9 1 72 586 9510 11 0814 12 7 472 14 1715 95 6 8 8647 18 499 13 1148 8713 8110
10813 7735 13289 8892 5260 3 5 62 98 93199 815 6501 9819 0276 2413 86756 126 9785 0372 22211 7033 427698
4 2 9 4 2111 45 32 9 5 11 5 4 6 1 80 8 2 1 4 3 7 612 52 45 9 8 34 17 59 891283 154 5193 956
199 123 4 9 85 6 2 83 99 9 1 82 987 1234 76 6744 52 6 912 37 5712 62 3 9 1484 99 785 82 9745 8712 0819
14392 1177 13282 8457 7139 9 5 19 98 10183 859 8973 9426 1116 5418 12908 624 5974 5316 63399 2148 735899
1 2 6 4 5063 65 02 5 7 82 0 2 9 1 17 6 3 1 6 1 1 005 12 53 9 5 28 12 13 441523 124 8623 657
57 123 3 9 18 8 0 69 79 7 1 82 482 1934 15 8864 98 2 959 12 7095 18 3 0 1039 12 418 18 7145 8782 9910
13315 9935 12069 8710 8177 0 8 75 98 30992 895 2915 9969 2219 9493 92715 184 5137 9362 59213 1943 329258
1 6 3 6 8424 80 19 1 7 72 9 9 2 1 28 5 2 1 7 5 1 955 10 75 9 0 74 50 98 891623 476 8123 056
126 905 5 9 01 3 0 11 09 4 9 92 587 1693 17 2304 72 4 982 17 1910 18 3 5 1993 17 915 12 2989 8671 8787
52483 1636 16715 8752 8740 1 5 16 99 22880 715 8992 6592 4215 5443 35217 104 5514 5319 73619 7159 775448
8 2 3 9 9523 45 13 9 5 62 9 2 8 7 08 7 6 3 4 5 2 919 62 75 4 8 20 12 93 806023 004 8103 508
193 826 5 9 69 8 2 05 34 6 0 72 955 9614 89 2371 83 4 932 54 1205 85 6 0 1860 67 419 66 2545 8772 8562
15933 7038 97840 4113 5821 5 5 17 97 18882 485 9892 9583 1815 5412 99697 584 5934 5802 53227 0180 787973
1 6 3 4 5873 26 15 6 5 11 9 9 8 7 28 9 2 3 5 8 7 870 52 45 0 8 54 12 22 694223 305 8127 156
726 528 0 8 16 8 2 15 46 6 1 84 087 1274 30 0314 79 5 832 85 7255 32 9 6 1245 09 375 10 2775 8712 5192
14375 9435 13815 8582 8921 3 5 16 98 12765 084 5011 3162 1815 2443 02905 924 0134 5328 50623 1126 623198
2 2 7 4 5213 45 89 4 9 22 6 9 8 1 26 7 2 3 6 5 1 082 12 49 6 0 89 02 27 873223 020 8423 565
106 320 5 1 92 8 2 10 57 5 1 62 987 7674 15 0324 70 7 912 14 1809 82 9 5 3289 12 897 62 4445 8799 8519
19313 7194 13209 9063 5121 1 5 22 98 82102 812 4972 9832 1915 5413 74209 123 0134 7317 64113 1557 199108
7 9 5 1 5127 44 12 5 0 26 9 6 3 6 79 9 2 6 8 5 0 714 12 98 8 8 29 10 26 899823 948 8678 756
427 133 4 2 12 8 8 15 79 2 8 86 998 7274 16 2798 02 4 912 74 1419 12 3 2 6289 62 090 32 2975 0712 4412
15873 7135 19210 8713 5180 4 5 01 56 12193 465 0808 9492 1504 5453 98219 119 6133 3312 22013 1153 025192
9 2 4 4 5113 49 92 5 5 45 0 2 6 2 55 9 6 1 5 5 4 519 72 40 5 8 89 14 43 864259 634 6396 516
603 107 9 0 02 6 2 17 83 7 2 88 983 7577 15 2378 12 4 987 34 1218 12 7 4 2839 92 255 12 4145 8812 3918
12535 1135 63895 0892 5801 3 5 12 98 52998 897 8912 9824 7215 5773 07417 724 5694 8100 54653 3353 745192
9 2 3 8 5073 19 42 5 2 74 9 9 0 1 04 9 4 1 4 7 7 912 82 95 5 9 04 16 23 870283 723 2620 566
189 983 5 9 79 8 2 32 86 3 1 25 639 7304 54 9340 43 3 992 66 6539 32 3 5 1089 16 415 32 2175 8274 1997
75319 6162 13627 8742 5128 1 8 12 98 12197 813 4917 9242 1217 0843 82215 824 5434 9315 35213 9146 923197
1 9 4 4 5987 05 10 8 8 42 5 2 4 1 28 9 2 1 7 5 1 762 12 55 9 8 29 10 17 801203 124 9868 646
523 163 8 9 98 7 0 12 69 9 7 89 938 1214 16 2317 15 4 990 88 8275 52 9 5 0649 36 613 92 3343 4769 8615
42993 7138 93815 7714 9029 3 6 10 88 70612 317 5919 9817 8505 5819 10915 898 5613 5912 74813 1353 199679
1 8 3 4 5163 45 15 5 5 82 0 2 9 1 30 6 5 1 4 5 9 798 12 45 5 8 72 15 71 860226 526 8083 382
178 104 5 9 12 7 5 10 85 7 1 08 980 8577 15 6385 02 4 942 53 1235 31 3 5 1205 12 415 17 6745 8778 5502
12093 8137 13215 8716 5126 7 8 38 94 19106 715 8758 5372 9215 5419 12299 899 5614 6312 09319 6072 768650
12513 6735 70216 9712 5324 3 2 10 56 75182 855 8992 9995 1362 5433 17217 529 0153 9352 95213 8853 126298
