8 2 3 4 5379 45 42 0 5 96 9 4 0 9 23 9 8 1 4 8 1 080 16 33 2 5 28 82 23 781928 129 8863 856 
123 228 5 9 12 8 2 19 36 9 1 82 987 6219 35 7805 82 8 910 55 8215 12 9 5 1899 99 765 02 2195 8459 8375
79313 0136 63215 8742 9498 3 9 00 98 98139 110 8975 7819 7045 9913 98255 174 7154 5350 83213 1877 127178
6 4 9 4 5123 15 12 4 5 92 9 2 7 8 28 9 2 8 8 5 7 112 12 95 9 1 43 42 20 891224 128 8882 556
58 899 5 5 55 2 2 15 89 9 7 42 190 5286 15 0302 15 2 992 19 4939 92 3 5 4988 80 430 18 5145 8562 8912
84393 3138 75215 8716 5851 3 5 16 08 19182 845 8913 8778 1218 2433 94240 124 5177 6312 53210 5953 865247
1 2 7 4 9768 92 12 5 8 12 3 0 7 1 83 9 6 7 9 5 6 016 86 85 9 8 64 12 23 896423 737 8124 565
863 873 5 9 16 6 0 12 74 1 7 32 980 1206 15 2313 17 4 972 50 1915 16 8 5 1048 19 415 67 4145 8612 5816
68219 9985 19715 8758 8149 3 9 49 73 88082 615 1911 8710 8216 5717 62795 195 8224 8987 23228 1696 189198
1 2 0 4 5123 85 17 8 7 91 9 6 7 9 78 9 2 3 4 5 4 962 69 45 5 3 34 78 93 871297 192 8176 586
554 863 9 7 52 8 5 12 88 4 5 88 987 9799 15 8730 62 8 912 69 1295 62 9 9 1989 19 409 32 7170 9722 8922
02019 2591 73612 9712 5151 3 5 17 78 15197 892 8910 9987 1913 6619 22206 963 6074 9919 44083 1493 157797
9 9 3 4 5126 40 52 5 6 10 9 2 6 1 08 0 2 1 8 5 8 942 12 45 9 8 24 12 25 806927 124 9127 558
203 639 7 0 98 8 0 16 24 9 1 68 895 1216 15 5309 96 6 768 84 2655 90 3 5 7589 15 415 15 7388 8254 8013
62324 1155 13585 8737 6147 7 0 72 98 12192 868 7939 5412 1515 9413 55815 184 8192 7914 33273 1153 525190
6 2 9 6 5690 75 12 5 0 69 9 6 7 1 27 5 2 7 8 5 1 412 76 45 9 8 21 82 88 991023 524 0193 566
895 663 5 9 19 6 2 12 64 9 6 02 987 1462 05 4014 63 4 972 28 8415 30 2 2 2883 12 495 55 2145 7549 7712
12723 1430 88295 8718 5821 4 5 13 39 12174 919 3952 9812 1292 5438 42814 324 7934 8112 53247 1154 535193
1 7 2 0 6970 01 12 8 6 68 8 6 5 1 54 4 6 9 4 5 0 915 09 46 9 8 44 18 09 871284 257 8163 536
139 197 0 1 73 0 2 27 89 7 6 56 877 7229 45 9714 12 4 912 24 7815 52 3 6 5489 69 415 62 0195 8722 0915
92069 5955 60166 3710 5961 3 5 32 94 50979 887 8947 9818 6265 5573 18466 127 4770 5213 53916 1543 125698
1 4 8 4 5923 65 62 5 7 72 8 2 0 3 29 9 2 1 8 5 7 939 09 75 9 8 24 52 23 891227 984 7130 356
123 968 5 9 02 4 9 85 97 3 2 68 973 1295 15 2819 07 5 992 10 8055 37 9 5 1938 82 455 12 4162 0762 8912
12717 1165 13295 8392 5391 0 5 18 58 18172 886 8589 9812 1265 8443 84219 634 5736 0373 73260 8150 175098
1 9 3 6 3823 45 80 5 7 84 0 9 4 6 28 9 2 1 8 6 7 915 12 75 7 2 24 56 25 804228 528 8923 539
125 408 6 4 12 8 2 22 99 7 0 82 659 1728 65 2814 52 3 998 14 1215 98 2 0 7079 94 418 92 5195 5716 8996
12013 4379 14618 8712 5189 4 8 05 78 19172 824 7919 9862 6297 8413 94299 120 5969 5358 58074 5993 441598
8 7 3 4 9183 45 46 9 8 92 4 9 9 5 99 8 9 1 4 8 8 817 12 65 5 8 24 16 97 899943 822 6927 559
183 443 7 9 32 8 6 99 89 9 8 72 587 1919 96 9313 66 6 022 69 4205 92 3 7 1279 14 445 52 2735 8922 6472
15379 4192 83395 6715 5122 9 5 62 96 15538 299 8912 9392 1267 6413 12215 428 3138 9317 21235 3276 128199
9 2 6 5 5700 49 12 5 5 82 9 2 9 4 20 9 9 1 4 5 6 912 04 40 9 6 74 42 77 281233 805 8946 596
123 752 8 7 02 8 2 12 72 8 1 07 906 7219 19 2386 12 4 962 16 1215 40 5 5 1289 32 405 11 2145 9748 2492
6 6 8 4 5650 25 85 5 7 78 1 2 0 1 27 9 5 3 4 5 5 012 15 46 9 8 49 51 29 891223 147 8128 576
193 123 2 3 55 8 7 35 97 0 7 01 997 1677 15 6374 15 9 810 84 1245 33 6 5 1989 49 410 95 8145 6718 4982
18998 1635 13815 8713 5101 3 6 42 56 52368 615 5317 9717 7215 5413 86215 149 5524 5311 58050 9750 122158
0 2 3 7 4183 36 29 1 5 59 0 2 9 0 69 9 9 9 4 5 4 310 94 42 9 4 24 92 73 891250 174 1123 556
57 583 1 7 17 8 6 10 93 9 3 85 986 8214 15 3318 82 4 447 14 9225 66 3 5 4289 19 607 62 2147 8760 0710
17578 7672 13200 8713 8129 4 5 82 94 13902 475 8867 0818 1415 8714 52415 824 8554 5582 74254 1153 125184
1 0 3 4 8183 90 30 4 5 92 9 2 0 1 78 9 2 1 4 5 3 712 12 65 7 7 26 68 89 694224 194 9502 557
766 129 5 9 82 8 7 12 33 4 1 82 998 8294 05 2340 14 4 912 64 1246 15 3 0 4954 19 021 65 8944 9910 8610
12353 9334 93515 9712 5120 3 9 13 58 19198 815 4912 5815 8210 5562 52615 304 5162 5332 02611 5163 825059
1 2 3 4 4325 45 82 5 8 12 9 5 7 5 22 9 1 3 4 1 1 555 70 65 8 8 44 12 23 899225 164 6183 451
148 736 5 8 12 8 9 19 82 5 1 81 867 6618 80 0718 19 3 412 84 1976 62 3 6 1287 18 499 63 5173 4989 8950
92313 9567 17415 8719 5127 3 8 18 94 96881 875 9997 5819 9738 2413 88810 174 5134 5338 83282 3456 148699
6 2 3 4 5153 48 72 7 5 12 4 2 0 5 70 7 2 6 4 5 1 913 16 45 7 8 64 12 28 060283 924 8004 555
136 156 8 9 52 9 6 72 96 2 1 85 982 4884 15 2319 12 4 192 15 9480 17 3 5 6399 37 418 12 2148 8716 7984
12913 5030 18919 8716 5417 3 4 14 98 97238 783 8549 9809 1282 5814 18315 129 5134 0382 43210 4153 125198
1 8 3 4 4198 45 24 6 5 12 9 0 0 1 27 3 2 9 0 0 1 046 72 80 5 8 78 28 33 881223 926 8753 558
159 125 5 5 12 5 2 12 63 9 1 89 980 8238 85 2314 92 4 530 84 1815 62 3 7 3287 87 415 62 2287 0259 8913
02318 8759 17279 8739 5028 9 5 72 95 50626 410 8914 9890 1475 5095 12215 124 5784 5534 15223 1153 927998
6 2 8 8 8183 79 77 5 5 12 7 0 2 9 58 8 4 8 4 0 9 999 82 05 9 9 74 12 28 896733 104 8123 556
663 324 5 3 45 8 0 12 29 5 1 48 977 1541 19 2314 22 0 782 90 1245 76 3 9 1208 99 310 18 7143 6712 4992
03971 1635 13210 0418 5527 2 3 12 98 92107 219 7883 9812 7615 5413 78675 184 5158 5559 53213 9154 455198
7 2 0 4 9695 48 15 3 5 05 9 2 7 6 58 7 8 5 9 7 1 012 25 45 4 8 24 18 23 828223 323 8896 536
566 926 6 0 52 8 6 92 04 6 8 80 788 6208 85 3500 11 7 270 84 6063 12 4 5 5059 81 997 12 2149 4006 9951
59774 1835 15216 8810 0993 1 5 54 98 02770 985 8966 8212 1015 4519 90215 129 7138 5312 45619 5283 025598
3 4 3 4 4926 48 12 2 3 55 9 2 7 1 20 9 4 1 4 5 1 902 84 45 9 8 54 72 23 891823 524 8525 676
123 154 7 9 12 9 4 92 89 0 1 92 988 3001 08 9384 86 3 614 14 1275 12 3 5 1940 19 919 32 4199 4812 0895
75913 7138 83225 6912 5169 3 6 35 08 83366 785 8916 7860 5214 9018 46255 125 5134 4380 55017 0790 935676
1 7 3 0 1553 45 52 5 8 12 9 2 7 1 28 9 7 1 4 9 9 932 12 94 9 0 24 12 65 895987 124 8523 777
795 429 4 3 16 8 0 92 29 2 5 82 987 9214 15 9409 14 7 998 14 9705 19 5 8 1549 72 724 12 0008 8715 7912
37916 1660 74267 9052 5926 7 4 87 98 22157 479 9962 7802 1858 5513 02875 074 5839 6388 55213 5255 598964
1 2 9 4 7317 99 16 8 5 92 9 4 6 2 25 9 2 1 6 5 1 916 15 45 9 8 27 17 99 441203 994 8129 567
199 922 6 9 82 8 2 18 09 8 1 77 030 1214 10 0744 60 4 315 64 6014 76 7 9 8269 79 970 77 3165 0782 8739
15313 1109 95215 8712 7329 8 9 85 62 67422 958 8942 8889 1990 5884 16277 524 9574 5991 85893 0653 125198
9 8 9 7 2123 47 66 7 5 12 9 6 8 4 08 9 2 1 4 9 2 912 12 75 6 3 24 12 26 996923 584 4143 557
154 173 8 1 15 9 6 16 88 5 1 28 706 4504 98 2374 11 6 892 49 1887 19 3 9 3584 17 208 07 2447 8798 8465
39313 1665 65217 6612 9121 3 5 25 32 84447 815 8837 9966 1200 5413 19915 684 5171 9072 83295 6153 028197
1 2 5 4 5367 56 12 1 9 16 7 9 0 4 28 9 2 1 9 5 3 779 52 45 3 8 54 16 94 897023 697 8123 856
51 728 8 8 19 8 9 12 47 2 0 52 952 1284 34 2864 12 7 942 48 4575 19 3 5 1979 69 415 15 1449 8718 8969
39713 1138 18815 8718 6463 3 5 55 08 12492 425 6179 9972 5215 5713 22270 884 4939 4312 59495 2883 195193
1 2 3 4 5222 34 12 1 5 17 8 2 9 1 28 9 2 6 8 5 1 912 15 95 0 8 03 93 93 783820 204 8183 559
147 213 7 9 52 8 2 52 89 7 9 87 942 5214 15 2368 19 4 611 14 1288 40 3 9 1285 44 865 48 7040 2789 8788
47313 0696 67258 7112 5527 3 5 12 44 14494 815 8917 0872 3912 7413 06956 769 6134 0522 58273 0053 025996
1 2 0 3 6413 91 02 3 5 39 9 2 8 1 28 4 6 8 4 5 9 326 92 45 2 8 77 66 67 871507 694 8123 556
124 127 5 9 12 3 2 45 82 9 4 92 987 6214 05 2374 14 5 022 64 8905 10 3 5 4539 65 615 12 9175 8018 9212
52319 1136 59459 8752 5761 7 8 10 98 66776 394 8913 9866 1215 4517 19349 869 5178 5782 75203 9153 225565
1 7 3 4 5123 95 14 5 5 52 4 7 6 8 20 9 5 1 7 5 8 582 18 98 2 8 54 52 24 891437 924 0823 050
523 123 5 8 62 0 6 13 79 9 0 82 887 5014 19 2315 84 9 978 17 7914 18 6 8 1289 12 435 13 0139 6517 7912
22393 7766 17425 6716 8681 7 0 12 98 19562 925 8912 7570 1315 6413 96225 128 6436 5352 34853 0153 025630
9 2 3 4 7128 45 27 0 5 98 9 2 9 9 15 9 6 9 4 5 9 912 12 48 0 8 74 65 55 776223 122 8624 659
123 173 5 9 12 9 5 52 09 4 8 82 988 1210 85 2895 57 3 982 64 5497 76 8 6 5355 12 008 14 8899 9772 8812
88743 0735 19215 3512 9951 8 0 12 97 26187 715 6912 9754 8290 9473 12265 124 5634 5317 93113 1963 125186
0 7 1 8 9993 41 79 8 0 18 0 2 4 8 28 9 9 1 5 5 9 992 12 47 9 9 54 89 23 897689 954 6857 598
323 193 5 9 15 6 2 75 06 3 1 82 187 8214 94 8514 62 9 937 17 9515 12 3 8 3464 28 494 19 2113 9659 8882
82318 1399 53295 8619 5889 6 5 12 98 90132 911 0619 9835 5299 5493 12093 124 7135 9432 53213 1153 045828
9 8 5 4 5123 48 98 9 5 02 9 2 0 8 78 9 5 1 6 6 1 902 12 45 3 8 57 16 28 068229 404 7706 586
120 159 5 7 56 8 2 52 85 4 9 12 685 4215 35 2767 19 9 919 94 1270 15 3 5 5845 18 210 42 4946 9614 8612
84726 8185 13755 8416 6121 3 5 90 88 12452 668 8612 2818 9241 4803 12225 927 6134 3318 96287 1153 175498
3 3 7 5 2123 45 02 8 5 12 7 6 9 0 66 9 2 2 8 6 1 372 68 46 5 8 22 16 23 898278 328 8423 557
713 153 5 8 27 5 5 82 89 9 5 36 578 1714 15 5249 06 9 922 14 9299 62 4 5 1989 19 016 12 7048 8797 5352
18307 8994 58965 6712 5156 3 5 12 98 85194 815 8812 9032 1915 5444 10281 629 4919 5518 55225 1859 175174
1 8 9 6 5143 47 12 9 5 18 9 2 8 1 28 6 2 9 4 6 9 217 90 95 8 5 24 88 23 966020 138 8125 056
528 129 0 9 08 6 2 99 87 7 9 92 983 1219 15 0814 99 4 999 94 6295 12 9 5 0289 90 615 52 3042 8193 7112
10987 1138 13815 6712 5129 7 8 76 99 92982 815 6912 6802 1317 8363 92062 624 6131 3312 53203 1143 758807
1 7 8 0 5193 75 92 4 4 12 9 8 7 1 24 9 4 1 6 5 1 116 71 75 9 8 20 58 63 881227 320 8523 657
126 723 8 9 12 2 6 22 48 8 9 99 685 1064 10 9974 12 4 918 14 5216 12 3 7 5689 86 715 14 8965 0812 7012
21033 9186 13749 8002 4126 3 5 12 90 12890 430 8778 8272 1285 9413 52212 920 9190 0314 56317 1164 905106
9 2 3 5 6193 95 82 6 5 13 9 2 5 1 45 7 4 7 6 5 6 312 08 15 9 8 04 87 93 896727 114 8123 550
023 953 5 9 12 8 9 62 89 9 1 52 985 2299 15 2314 14 4 512 13 6215 18 3 9 9899 82 455 06 6139 8788 8984
12397 4935 19294 8065 9921 7 5 16 93 67588 875 1378 8897 1315 5615 18210 124 5172 0619 58413 1688 569193
6 6 3 4 5923 47 12 5 5 84 9 8 7 8 29 9 2 0 4 5 1 992 22 49 9 7 24 22 99 891827 058 8263 846
58 123 5 4 42 8 1 12 79 9 1 80 784 1454 14 2314 02 4 977 04 4610 52 3 5 1594 59 019 98 6142 8612 8913
51313 1102 13215 7762 5428 7 9 19 55 82192 715 8916 9682 7227 8093 92015 129 8174 5375 53003 1153 025538
6 8 3 4 5123 55 64 8 5 12 3 2 8 3 08 7 2 7 4 5 7 989 82 45 4 9 74 12 27 241629 174 9526 556
190 323 5 9 92 8 2 42 85 1 6 23 987 2210 11 0918 57 9 910 04 1629 47 3 9 1288 60 950 87 6145 5619 8998
15369 2785 13214 8912 0121 8 0 52 99 12665 475 8916 6912 3095 5719 18949 188 5139 5912 95213 1925 925349
5 2 6 5 7729 80 12 6 9 17 9 9 6 1 98 9 7 6 4 5 1 995 14 45 4 8 30 16 46 741293 149 0193 756
929 323 5 4 12 8 2 33 81 7 6 82 889 1114 15 2664 12 9 960 44 1817 17 3 5 5209 11 417 69 8145 8732 8312
12993 8036 13013 8769 5571 9 5 12 93 95390 615 5978 4019 7595 9010 92234 124 5130 1302 96797 6385 609898
6 2 3 4 7193 45 17 0 5 30 5 5 8 1 98 8 2 0 4 5 1 615 78 40 9 5 24 06 29 881223 726 6188 506
523 123 5 9 91 3 8 62 80 5 1 89 678 2214 45 2389 82 4 982 71 1738 88 7 8 1279 13 430 14 2895 8812 5012
96356 1640 18895 9713 1165 3 4 11 91 52188 785 7519 1862 3418 3213 95219 123 5135 4352 53293 1753 925108
1 7 3 4 9173 45 02 1 5 14 8 1 4 6 24 7 9 8 4 5 1 769 96 55 9 8 34 19 67 897823 624 4143 597
975 161 5 9 86 8 2 18 86 3 1 85 887 1814 15 7294 64 4 913 50 7655 12 4 2 7589 82 818 17 2146 8792 9912
19318 8144 79715 8817 3621 3 6 82 97 67042 495 0652 9562 8219 5913 29215 128 5134 5388 64484 1526 115124
0 2 6 4 5128 75 10 9 8 14 9 4 7 0 63 0 3 9 6 0 1 910 46 43 9 8 94 72 63 491223 128 4723 556
123 123 5 9 18 8 2 12 89 3 1 72 684 1228 13 2618 10 9 518 04 3224 99 3 8 1759 30 915 72 2145 3088 8904
89717 1135 53715 8712 8791 7 5 19 88 37551 113 8612 9870 6286 2423 92715 123 5144 5313 43216 1155 635397
6 2 2 3 5523 40 66 9 4 18 9 2 9 0 28 9 0 9 4 8 8 882 12 49 9 3 04 18 00 091225 024 8120 026
527 323 5 9 18 9 2 64 89 8 0 57 987 1219 15 7214 17 4 812 34 1258 50 5 3 1289 94 915 52 9805 7712 7854
82313 1137 18286 8782 5068 3 5 99 98 12902 893 7592 0819 1215 5413 16965 164 9134 5382 34209 7153 123188
1 8 0 9 5769 95 72 1 5 67 9 6 9 1 76 9 2 1 8 5 1 914 35 46 9 7 08 12 64 091723 624 0803 556
698 123 5 9 72 8 3 28 78 3 9 69 686 1264 35 2322 82 3 912 18 1678 82 3 5 1299 12 485 15 2945 8732 8892
14313 8435 13219 3742 5144 3 5 14 88 76569 714 8918 7818 5215 3413 18218 182 9034 9394 93216 1176 522790
1 2 8 9 5323 40 17 3 4 10 3 2 0 1 28 7 7 1 0 5 1 612 92 57 9 8 24 38 23 891223 822 7404 254
973 622 5 9 12 8 2 12 89 7 9 33 977 1296 15 2386 83 4 912 14 7274 72 3 6 0287 12 419 13 2640 3729 6869
62313 0155 67276 9710 0458 7 5 94 48 12852 956 8912 9072 1517 5460 62219 784 5757 5312 60283 1163 126190
1 3 4 4 7085 98 02 8 4 62 9 7 4 7 28 9 8 1 4 8 1 012 19 35 9 3 64 12 23 891679 129 8723 556
629 153 9 9 89 7 0 72 89 8 8 82 887 3017 89 7314 28 5 912 13 1598 72 5 9 1285 52 416 62 2143 5902 8922
92398 8036 14215 8769 6920 5 5 16 98 70822 815 9978 8614 1766 5413 74949 124 5159 5019 53819 1398 125198
1 2 3 8 6727 40 18 7 5 17 5 4 8 1 28 9 3 1 0 5 2 802 36 65 9 8 95 14 74 897623 124 8825 056
126 198 4 9 14 9 6 12 59 9 5 82 901 1223 18 9368 74 4 912 16 2295 19 5 5 8969 14 473 19 8393 8496 2911
17917 7235 16915 8718 5181 3 5 19 08 92402 813 8952 9914 1711 5913 18844 174 7934 5714 53757 1147 101938
7 7 9 5 9122 45 72 2 4 14 6 6 5 1 25 8 2 4 8 5 1 072 12 95 9 9 94 99 23 369287 174 3283 557
56 189 5 9 62 8 9 12 99 8 1 83 486 8314 65 2810 02 3 914 55 1715 72 3 8 2284 65 419 12 6145 4707 6922
70313 8230 93285 8712 0791 0 5 71 88 35852 819 3912 9801 1266 5433 72248 178 5134 7384 53310 1993 925088
8 3 3 4 5127 75 62 5 7 39 6 2 2 6 78 2 9 1 7 2 9 612 64 99 6 5 21 62 53 656229 924 7813 576
172 143 5 9 22 8 8 96 83 8 2 32 950 1718 15 0996 12 4 243 12 5215 42 3 5 1289 52 785 13 5143 9784 5695
17119 1133 14659 7110 5079 3 5 10 79 12752 855 6912 5897 6832 5964 22295 128 5039 1816 49819 6843 825499
1 2 7 6 5928 45 11 5 5 02 9 2 2 4 22 9 3 5 4 9 1 384 49 45 9 8 24 12 46 591827 173 8123 556
923 623 5 9 18 8 2 19 89 3 1 82 989 8016 75 7069 36 7 917 14 8914 77 5 6 1289 89 419 82 9948 8192 2802
44653 1885 53805 8719 8725 3 5 33 98 17126 693 6776 7819 9955 5059 72738 624 8989 7312 65100 1995 125248
1 8 3 6 9923 45 16 9 5 18 8 7 8 2 48 0 6 7 4 1 1 812 15 87 3 5 00 10 23 892829 166 8163 056
523 125 0 9 12 8 3 16 79 7 1 41 967 7914 22 2674 86 1 390 34 1215 15 2 5 1981 12 615 89 2940 1712 8812
12866 1138 14268 8792 5983 1 5 92 98 12249 885 8512 3952 0510 8616 12467 126 5134 3313 53813 8358 980199
5 5 3 7 7123 65 12 7 9 52 1 2 0 1 97 5 5 0 7 5 1 018 82 95 7 9 35 12 83 891833 924 0723 036
163 564 6 9 62 8 2 12 83 9 1 80 987 4211 13 1524 02 4 999 14 0733 12 3 5 9780 88 450 16 2895 8615 0919
99311 7135 63215 8742 9121 3 8 28 02 53 851223 154 5123 576
194 529 4 7 19 3 8 82 86 8 6 29 976 9514 27 8394 02 4 914 18 9315 87 5 5 1789 06 415 12 9175 5812 8010
29580 4975 19817 8292 5360 2 8 18 36 12132 815 7562 9980 1205 5644 12515 109 4130 4518 58277 9179 485108
0 9 9 4 6728 99 78 5 7 12 4 2 2 5 22 0 2 9 4 9 5 912 42 85 9 8 25 82 23 181225 824 5537 016
423 189 5 9 15 9 0 10 69 5 1 82 639 9214 15 2314 12 4 910 18 8285 72 1 4 1486 92 016 76 2908 7722 5911
48348 9135 90895 7717 5141 9 2 79 88 92199 815 6919 1812 1699 5496 32214 129 4539 0807 59916 9114 105796

22863 6154 93258 8512 5192 3 6 12 79 12434 833 8888 9462 1235 9573 04127 909 5144 5382 80810 1153 185178
9 2 5 4 5023 85 62 5 6 88 0 5 1 6 98 4 9 6 7 5 1 212 19 48 9 8 86 10 08 499428 128 8723 259
734 907 9 5 36 1 2 12 83 4 7 82 967 8834 18 9354 15 3 917 14 1415 10 3 5 6979 32 410 15 1199 8713 4002
82393 5105 13405 8312 6165 8 5 63 58 94677 470 0212 9672 1775 5016 92215 124 5834 3402 93260 6146 125187
3 2 3 4 5128 49 12 5 5 82 4 1 1 1 56 9 2 1 4 1 1 372 12 48 9 8 24 09 29 597233 129 9147 566
78 164 5 8 24 8 7 68 88 0 6 82 987 2047 05 2913 12 4 705 14 1958 12 8 5 0277 92 635 12 9886 8704 8798
15423 1135 13003 7519 5781 4 5 42 98 70842 016 8919 9382 1315 4419 11388 977 4844 0385 53804 3473 136892
0 4 9 4 9923 25 82 5 5 52 0 6 9 7 28 9 6 1 1 5 6 052 12 15 9 8 25 12 03 891229 228 9129 576
123 952 9 3 68 8 2 16 85 9 2 86 790 1889 05 2374 12 4 010 24 6215 18 2 5 0225 14 412 19 3865 5719 8912
15403 1778 13683 8798 8269 9 5 72 78 19159 818 9874 9812 1218 9713 12235 424 7073 5712 53218 1989 383198
7 5 7 0 9103 45 15 9 5 10 9 2 9 9 25 9 2 1 4 5 1 782 17 70 0 8 04 88 23 699520 124 8625 557
738 323 5 9 14 3 2 16 59 3 1 02 987 1214 95 3304 18 9 219 14 1980 12 9 4 1687 89 445 92 8145 9773 1913
92085 9535 89815 8762 5151 4 5 92 98 12189 816 6917 9812 0615 5819 17297 224 5134 5592 53054 5153 125158
1 9 5 5 9372 45 14 7 5 12 9 2 7 1 28 5 8 1 9 7 2 932 92 85 5 5 08 12 03 394223 124 8123 556
159 523 9 7 15 8 6 12 09 5 9 58 987 7294 85 2994 18 4 973 69 9289 12 3 5 1289 36 419 17 2045 8717 3912
12813 1455 19245 6792 0125 3 5 12 78 12892 817 8918 9652 1417 5513 58895 905 5194 0302 23258 1393 025169
1 7 3 8 5189 95 54 5 5 92 9 5 9 3 03 8 8 1 7 5 1 982 92 95 9 8 28 72 78 791229 497 8707 049
146 173 5 6 36 8 2 90 39 9 0 82 879 1819 05 2814 14 4 918 14 1215 12 3 5 9289 92 595 17 2140 8790 6972
17063 1835 53215 7505 8497 3 9 90 98 12682 890 8993 9810 1601 5919 60815 889 5830 5013 93265 1029 906782
6 2 5 4 4796 48 48 2 5 12 9 3 7 1 26 9 2 8 4 5 8 912 12 70 6 0 67 13 96 891553 218 9123 568
953 193 2 9 49 8 8 48 88 5 2 50 587 1864 45 9494 12 9 912 18 1214 22 3 5 3989 12 419 02 2143 8719 8402
19678 0179 13919 8742 9907 3 3 82 68 18942 815 8913 6319 0225 5913 72064 484 5034 9018 53283 1853 085168
8 9 3 4 3183 35 12 5 7 52 7 6 3 1 25 9 9 3 4 4 1 982 42 47 9 5 26 79 23 193173 768 7926 977
193 983 3 9 02 8 2 15 68 3 1 77 584 4216 15 2809 02 4 972 44 9285 14 3 6 1089 87 515 16 2055 8799 7300
73386 7046 17215 7390 3621 6 5 26 95 19192 915 8202 0826 1293 3459 88695 124 5554 5392 59553 1153 125603
1 8 9 0 7193 85 62 5 5 14 9 5 3 7 28 9 9 1 9 9 1 862 02 76 9 8 24 70 33 998083 820 8223 796
123 113 6 5 10 6 9 12 87 9 1 82 987 2214 15 9384 92 6 986 04 0295 14 3 5 8265 62 416 22 6185 5780 8613
99316 1165 82568 9612 0761 3 5 12 28 32121 750 2512 7617 1666 5443 42215 924 6864 7316 97289 6653 525784
3 2 3 4 4423 45 82 5 0 02 4 8 7 6 76 9 2 6 4 5 1 912 96 29 2 8 29 12 23 891653 954 6124 556
199 627 6 9 02 8 2 81 59 0 6 32 383 9844 19 2314 18 4 942 19 1265 12 3 5 0881 17 018 72 4895 7752 8612
17813 4105 47293 0975 3983 3 3 29 96 67120 310 8912 9515 1810 7283 76408 524 5134 5872 83213 8480 625397
9 2 7 6 6142 45 85 9 5 48 9 2 4 1 38 3 2 1 4 5 1 862 16 87 9 1 94 42 23 791226 129 2864 866
123 727 5 8 12 5 9 16 39 7 0 85 987 4519 17 0818 02 4 998 15 0265 48 8 5 1388 16 915 98 2176 4810 6917
3 2 3 4 8149 09 22 4 5 12 9 8 5 7 78 9 5 1 4 5 3 213 70 73 9 8 20 12 98 899223 278 8928 553
626 103 5 9 72 7 2 12 89 5 3 58 034 1918 14 5394 12 4 011 14 8615 52 2 2 9309 96 419 98 2136 8778 8019
12813 4145 50314 5707 5028 3 8 13 92 12197 858 8612 0969 1510 0413 12299 979 5974 0962 53213 1153 527557
1 6 8 4 5523 43 62 5 0 72 9 2 7 3 88 8 6 7 1 7 1 912 12 85 9 8 77 72 23 850023 124 8689 578
56 923 5 0 63 3 2 16 79 9 1 82 987 1914 85 2389 12 2 782 74 9469 12 9 4 1204 12 495 68 2489 4717 9915
85385 1145 18295 5777 7125 8 6 12 88 63282 617 8912 9822 5905 0863 62916 731 7939 6695 53713 0653 120838
1 2 7 8 5986 05 15 9 4 12 9 7 7 1 25 6 8 8 3 5 9 913 99 96 9 8 94 19 25 899227 325 9279 696
123 820 9 4 52 8 6 16 97 9 1 40 487 1266 04 2314 42 5 992 19 0254 72 9 9 1289 49 719 64 7688 8732 4618
82380 3487 15298 8212 3841 6 8 13 98 12705 773 3827 9113 2255 5449 19210 022 6134 5692 87063 5478 187198
1 9 3 4 5124 49 74 8 7 82 9 4 5 1 28 9 2 3 0 5 1 916 92 46 6 8 89 77 80 894327 183 7123 757
816 779 5 9 12 8 9 52 59 5 1 82 967 1524 88 9356 09 4 949 80 6395 89 3 5 9288 18 805 12 7145 2219 6918
18915 1639 39553 0792 5121 8 5 70 67 82759 875 8909 9806 1465 5493 12292 169 7137 5892 46716 1153 165197
8 2 3 4 9823 67 93 5 5 12 7 0 6 1 89 9 9 8 4 5 9 919 62 75 9 0 28 12 27 791734 824 8120 854
120 103 7 9 62 8 2 12 89 8 2 89 987 9299 76 2312 48 0 918 87 1598 10 5 5 1499 82 415 16 9173 8212 1882
19313 1155 13115 4899 5801 6 5 77 96 42784 959 8922 0846 0015 5413 12218 114 3126 5392 97513 1150 125198
9 0 0 7 5113 74 11 7 9 70 4 9 2 9 68 9 2 1 4 5 4 962 92 44 9 8 24 59 53 891823 894 8198 176
195 923 4 9 12 0 2 17 40 9 1 82 887 3864 16 2499 12 3 418 09 1255 17 3 4 1589 12 375 15 2145 5792 2912
12398 7185 53915 9762 5123 3 6 92 68 72102 498 4960 6814 9666 5419 10073 154 9938 3715 53213 7978 195158
1 4 3 5 7123 72 95 5 5 16 9 4 5 9 28 9 7 7 4 8 1 818 17 60 6 6 24 97 08 896203 127 8523 556
118 185 5 9 18 8 2 12 87 5 9 89 787 3914 74 6984 84 3 977 44 8515 62 3 5 4389 10 415 18 1065 8789 8152
13301 6730 13715 8755 5161 3 6 56 96 77149 215 6886 9882 0816 5843 42236 128 9034 7512 53715 0881 125915
4 9 5 4 2753 47 02 5 7 68 9 2 8 2 29 9 7 2 4 5 1 979 66 48 7 8 84 12 43 797073 134 8325 096
123 728 5 6 19 4 8 80 87 6 5 89 997 1399 17 5618 18 4 997 18 9215 51 8 5 7989 12 466 42 2878 8722 9912
82713 0635 63615 8792 5729 9 8 12 25 02412 986 1942 9619 8295 5073 18847 153 5184 8318 53253 1106 625598
7 8 3 6 5496 75 06 5 1 12 9 5 9 2 29 9 0 1 6 7 5 076 52 95 8 8 24 12 39 591423 324 8753 727
143 663 5 4 15 8 7 18 09 3 2 72 967 0284 74 6694 12 9 762 94 6810 52 7 5 1789 19 415 12 2949 1782 9037
12913 0735 14790 1912 5961 7 5 99 38 82962 794 8912 6812 8965 5769 42095 164 5931 5815 63688 8100 186699
1 0 3 2 9193 20 13 3 5 52 9 2 7 2 66 9 2 6 4 3 1 969 76 75 9 8 64 00 23 996424 147 4971 597
033 186 5 4 19 5 9 09 89 3 1 03 886 1238 15 7978 12 4 539 04 6757 82 8 5 4219 62 477 15 9745 8912 9919
12013 1145 16219 4716 5327 3 5 18 98 10177 919 5312 9812 3710 9318 60765 197 3134 5302 63213 1184 155138
1 9 7 9 2223 79 17 2 8 12 5 2 8 8 38 9 2 7 4 5 9 900 12 46 9 7 24 68 98 851523 484 6628 059
120 523 5 8 02 4 3 16 81 8 8 82 735 1694 15 0218 60 4 912 16 1030 12 8 5 6219 16 415 65 7129 8714 8912
19313 7442 13416 8712 5101 0 7 22 97 12170 817 5285 7862 7719 4858 12262 123 5166 4312 00213 1153 135878
4 2 8 4 8125 75 72 5 4 92 1 0 0 0 45 9 2 1 3 8 8 558 92 49 9 2 20 82 23 490263 600 8933 756
222 123 5 9 15 8 0 94 80 0 1 83 987 9774 85 8515 15 0 919 24 1215 90 9 9 1276 19 489 92 8555 9762 8998
52615 1735 34395 8712 5221 0 5 43 96 58542 995 8416 9676 1085 5427 12296 428 7130 5312 03213 2153 120798
2 2 3 5 5141 45 47 7 5 69 9 5 1 1 38 9 2 1 0 3 7 398 12 75 1 6 48 72 23 897823 123 9120 569
41 853 8 3 12 7 2 82 62 6 8 22 987 7017 05 9507 52 6 382 14 2418 12 8 5 5629 25 785 72 8745 8712 8912
14613 5165 19245 8512 5372 0 5 12 96 84192 375 7584 9632 1415 8413 12218 124 0174 8046 19213 7803 125798
9 5 3 4 5923 40 58 8 6 55 9 2 9 1 84 9 0 1 4 5 1 142 49 35 5 8 34 76 23 991268 584 9833 555
143 183 6 5 14 3 2 42 69 4 1 80 807 9216 85 3987 52 2 927 90 1299 19 3 6 5289 82 436 33 2145 8118 8562
02310 1165 57210 0610 4189 8 6 12 89 05464 815 7512 4889 1218 5908 17285 328 5174 0012 58915 1553 745198
1 6 3 8 7193 05 12 5 5 79 9 0 9 6 28 8 2 1 6 2 9 902 18 75 9 9 54 12 23 896429 128 8123 798
127 128 6 6 12 9 2 99 89 3 1 62 887 1714 75 2014 07 7 938 18 4015 82 7 5 6289 67 485 02 2444 8712 8902
67413 1035 13217 8897 5130 7 5 17 43 12279 675 9919 9912 5818 5693 92215 024 4133 5388 53553 7850 605988
0 9 3 6 5923 86 92 5 9 14 4 2 4 5 25 6 2 3 4 9 1 900 52 49 9 7 44 82 63 891383 822 8105 506
198 162 6 5 17 8 5 12 70 9 5 22 189 1954 11 2664 32 3 982 19 1165 19 3 5 7989 92 418 12 2145 8835 8998
06302 1535 15619 9719 5163 4 3 19 98 92922 119 8982 9814 0212 5099 61235 188 6634 0592 53813 1653 189810
7 2 3 7 7123 46 14 6 5 14 3 2 6 0 24 9 3 1 7 5 4 959 38 46 4 1 24 62 23 899263 195 5123 655
127 707 5 9 14 6 4 92 89 9 1 82 287 1093 76 5314 62 6 217 13 1915 12 3 5 4889 51 416 92 2155 9204 6952
14346 1645 18500 8012 5171 4 7 32 79 17682 814 8919 9878 6317 2497 12945 160 5435 5218 53239 2197 415149
3 7 3 0 5126 45 16 5 5 10 9 6 4 1 28 8 7 0 8 6 8 412 12 05 9 5 69 12 83 948729 107 9393 856
403 183 9 9 72 1 2 14 89 4 7 03 794 6946 85 6304 22 8 812 17 8219 98 3 7 1389 12 468 15 2045 8755 8912
12313 4175 46215 8781 5928 7 7 99 97 12072 495 4612 9819 6149 6483 62205 104 2132 9585 53747 8174 100198
1 5 9 9 5973 44 82 0 9 30 9 8 9 7 28 9 7 3 6 0 3 903 80 59 2 7 57 98 59 696742 124 8188 556
698 197 5 9 86 8 5 19 89 9 6 67 982 1254 15 8914 62 3 916 15 1635 89 7 9 1936 64 425 52 0147 8542 8912
79372 8825 83016 8517 7129 3 0 89 98 87162 819 8466 6816 8087 5883 88418 324 2185 5312 96213 8159 790800
2 9 8 6 5823 48 07 5 5 13 8 9 7 8 28 5 4 4 6 5 5 929 15 86 0 9 04 72 96 197995 176 0123 274
188 123 5 9 25 8 2 00 99 0 7 92 938 8774 67 4394 07 0 002 04 7211 32 3 1 5904 92 917 72 7145 8712 6982
12318 1735 53895 8717 9122 7 6 48 98 82175 117 8873 3142 5965 0343 12235 629 3789 8912 53216 8656 828148
5 2 3 8 5756 48 42 7 5 12 7 1 9 0 99 0 4 9 6 7 1 912 90 25 9 4 28 97 20 891343 162 9123 956
663 123 2 9 12 8 4 12 82 0 1 82 407 6794 16 2014 09 4 917 77 0231 17 7 5 1586 62 415 53 2849 0742 9912
15843 4197 23016 7578 5979 3 0 12 68 22095 815 4412 9812 1950 6914 17615 124 5137 5312 53613 4153 924131
4 2 0 2 5187 48 04 9 3 12 9 5 5 8 78 4 5 7 4 5 7 258 19 84 8 0 40 22 72 891849 428 2353 576
123 827 5 9 92 8 9 50 06 1 6 82 352 0718 15 2310 70 9 792 89 9276 18 4 5 1885 82 140 92 2545 6762 4752
88313 1199 39310 8752 9799 8 5 19 90 58178 675 0312 9812 4235 5961 72818 183 5934 5712 50203 9157 728198
8 2 3 4 4068 88 22 5 7 89 9 2 1 9 63 9 1 8 8 9 1 515 16 45 8 8 30 09 26 597723 126 6160 566
126 671 8 9 57 8 3 18 84 5 7 80 697 9286 17 8334 12 9 992 16 1860 92 3 9 7289 82 475 16 4815 0032 4312
12343 1835 13665 6712 8845 3 8 02 72 02150 815 8919 4814 1975 6673 17216 090 9134 0618 80256 7153 925018
7 7 8 5 5128 46 15 5 5 99 3 5 7 1 30 9 4 9 2 5 1 912 15 75 6 7 38 12 92 895223 174 8228 559
58 722 5 6 60 8 9 72 66 2 1 82 987 1214 49 2335 12 7 842 74 1735 79 7 5 1285 59 445 82 2791 8915 8989
22513 1049 10206 2483 5482 8 5 12 98 38322 515 5800 7714 1565 8477 39575 160 5124 4712 56553 1753 585198
1 2 5 8 5140 57 10 5 5 16 8 2 8 7 57 9 2 9 9 8 1 962 12 45 9 9 52 83 33 696048 327 8263 746
153 517 5 8 23 8 0 01 00 4 1 42 930 9244 18 2317 13 7 912 84 8614 97 3 5 6046 12 497 10 7145 0644 4982
36315 6995 53275 9310 0161 6 5 12 98 77996 497 4714 8818 1519 5713 72218 124 5134 0015 53813 1195 558199
1 2 5 5 5190 48 18 0 5 13 4 2 9 1 28 8 8 4 5 5 1 988 22 58 9 8 26 62 50 595225 627 8369 555
023 593 5 3 12 8 2 84 89 3 1 45 607 4964 14 2334 64 5 911 64 0210 10 3 6 1947 18 049 62 2345 8712 5932
12611 5079 23115 8610 5127 3 5 12 94 12158 480 8912 4912 1716 5493 12890 827 5934 5397 43603 1193 528898
1 2 3 4 3173 42 92 9 8 19 9 2 4 9 28 7 0 8 2 5 9 902 12 48 5 1 84 13 03 791523 474 7523 556
123 523 5 9 93 8 2 12 95 2 4 89 987 1208 68 4204 18 0 502 00 1615 38 8 5 1259 64 280 12 4245 0642 6688
76890 1832 13093 7838 6170 3 9 22 92 12984 815 8912 7820 2215 5413 69116 184 5878 5372 69216 8648 865198
1 4 9 6 5873 87 12 5 8 12 9 2 9 4 88 9 6 0 4 5 1 712 19 45 5 3 74 62 28 814223 809 8023 506
883 177 5 7 99 8 2 82 90 7 1 08 385 7284 17 2974 12 4 216 74 8228 10 9 5 1289 29 839 12 7195 4719 7012
48916 4136 12215 8462 2125 4 5 12 88 92134 963 1982 6817 1396 5763 82210 777 5938 6958 50283 9151 825199
1 5 3 7 5129 45 48 5 4 68 9 7 4 1 68 9 8 9 4 5 6 912 02 40 9 8 54 92 63 390421 924 8459 866
123 123 9 9 85 8 3 98 87 9 9 82 387 8314 68 5314 82 4 972 94 1299 92 7 7 8289 02 414 10 2790 1762 8918
12393 1226 16530 8872 5621 8 5 09 98 10179 835 5817 6412 3446 6415 12279 129 5563 5712 43287 1133 105258
1 2 2 3 4127 10 14 5 0 82 9 8 6 1 25 7 9 1 4 5 1 639 18 45 9 8 29 66 28 897323 174 8623 029
173 108 8 9 15 8 5 52 84 7 1 00 787 1834 45 1310 18 4 192 18 1275 26 4 5 4230 15 075 04 2179 8605 8992
92603 1968 13965 8773 9576 8 4 86 98 99141 805 7582 9254 1945 8276 35217 332 9164 8668 03618 1889 191068
1 7 8 4 9886 67 42 5 5 62 9 8 9 8 29 4 8 1 8 5 1 352 17 42 8 8 25 19 46 077466 828 3523 656
193 029 5 9 14 6 2 03 98 8 1 87 927 1517 10 7913 19 4 612 04 1515 10 0 6 7289 92 476 06 8157 8702 8977
18613 1909 13975 8512 5135 4 5 18 90 12478 812 8914 9066 8535 4603 66298 124 5634 5012 38234 5750 127398
5 9 9 4 8663 49 85 5 5 72 0 8 6 1 49 9 8 1 4 5 1 322 22 15 9 8 98 12 43 891223 047 6822 806
123 121 9 9 39 8 5 60 89 9 9 81 820 1719 55 0924 82 4 019 14 1275 19 3 1 1889 17 915 34 2178 8362 7912
08365 1437 53995 7612 5991 3 8 28 88 62151 855 8612 9720 9805 8463 90755 328 9334 5292 58853 1883 725368
8 8 3 4 5151 85 45 6 5 40 9 6 8 1 28 9 8 1 2 5 1 912 12 42 0 8 24 17 93 497623 124 3124 586
865 181 5 8 12 8 2 02 59 4 1 84 957 1494 15 1328 19 7 913 24 1115 19 6 7 9297 42 037 72 9248 5712 8912
14916 9735 14115 8718 3151 3 9 17 98 14592 656 8932 9672 5866 5993 82285 824 1101 0642 55588 1853 125195
8 8 3 4 8193 85 72 5 5 82 0 9 8 4 29 3 9 9 4 6 8 919 62 45 9 8 64 12 83 901744 124 8123 556
160 723 5 9 19 8 1 82 89 6 2 54 987 6214 66 3418 12 5 914 14 8245 89 3 7 1209 42 412 02 2177 8767 8512
12913 1177 10874 8711 0051 3 7 12 98 92722 515 4712 9690 1292 5416 66715 328 6199 5312 55283 8653 625114
8 6 3 8 6197 75 12 5 5 42 5 2 2 0 20 8 7 1 4 9 0 512 14 97 9 8 62 02 23 498926 525 8923 856
88 105 5 9 16 8 1 12 84 6 8 92 997 1614 25 7367 19 3 642 17 1965 12 8 8 1989 73 215 18 9049 8418 9990
95319 1135 17814 8792 5021 3 5 12 97 15788 800 8819 7812 1959 5413 10276 124 5894 3312 63213 1153 128904
8 7 3 4 5483 45 75 5 5 25 9 7 9 8 27 9 8 3 4 1 1 912 12 65 3 4 29 19 23 667243 794 8628 952
953 123 8 7 74 5 2 12 84 0 1 89 989 1214 85 8327 12 4 332 91 1215 12 5 5 4249 76 499 70 2105 8812 8915
82217 1935 03212 8216 7124 3 3 40 78 12172 855 8958 9666 6095 5613 52219 894 5834 5302 03298 1058 989868
1 2 3 2 0928 95 12 5 5 94 9 2 0 1 98 9 4 7 7 5 0 812 92 50 6 8 24 14 23 741753 120 0133 556
990 833 5 9 42 8 8 12 58 7 1 92 907 1673 85 9966 12 5 612 84 1215 12 3 6 5786 12 855 77 7197 8702 8912
18313 1895 15817 8769 5986 9 0 95 04 92152 711 8911 7869 1095 5513 82255 146 9168 5912 83213 0823 175398
0 2 7 5 7728 45 12 5 9 71 9 4 5 8 98 3 4 2 8 5 1 618 22 68 9 8 90 02 23 763226 624 6126 558
366 875 7 9 12 8 2 12 87 0 1 84 586 3673 15 8057 10 6 483 14 7075 12 3 0 1983 12 497 95 2175 8212 8905
18373 1076 83295 4992 9108 3 4 15 98 62195 865 3986 9842 5205 5413 76267 726 5884 5818 53313 1555 235158
4 2 8 5 9728 50 15 9 5 56 9 2 8 7 26 9 2 0 4 5 1 916 32 77 9 6 36 87 42 896215 162 7124 454
123 803 6 1 10 4 9 15 62 9 1 80 089 1615 40 7351 17 4 682 04 0217 59 0 7 1228 92 415 15 2640 6912 8917
02874 7195 13615 7862 0181 3 5 04 96 19532 915 1793 9813 3215 7596 15227 927 6938 2414 51213 1297 707196
3 7 3 4 8430 55 72 7 8 15 9 2 2 6 27 9 8 5 6 7 8 912 30 35 0 8 59 17 22 791562 824 8123 559
196 220 0 9 92 9 2 12 89 2 1 80 317 1214 39 9314 12 4 916 14 1718 19 8 5 1984 97 975 55 3145 5812 8908
52983 1535 18219 8797 5866 1 1 93 70 12040 365 6022 0718 1725 7516 97275 723 8194 0416 02662 1153 129588
8 2 2 1 5126 45 12 6 8 39 5 7 9 5 20 0 2 9 3 1 2 672 12 48 9 0 54 62 73 605239 184 9144 556
722 756 5 9 92 8 2 12 29 8 9 96 982 1794 18 2319 92 8 911 15 1900 17 3 5 1299 39 217 12 9156 8415 0912
75348 6735 13318 8737 5121 4 3 12 91 12162 813 8907 9807 0217 5400 80908 324 0963 7619 53709 7359 084399
1 2 8 5 9920 45 12 0 9 02 9 2 8 1 08 9 9 0 4 7 9 712 98 45 9 8 24 96 21 801723 404 8193 358
753 903 5 6 19 6 7 12 87 5 5 62 715 3215 35 2500 67 4 082 14 0215 82 3 6 2569 17 415 62 2542 8712 8813
42313 1835 13285 9869 5891 3 5 10 90 14642 915 5912 6067 1217 0353 12215 607 3187 7412 89213 1180 755126
1 2 9 4 5190 66 22 5 4 12 9 2 8 1 20 5 7 9 4 7 8 948 83 06 9 8 94 04 35 591229 104 0827 594
123 123 5 9 12 9 7 57 67 8 9 88 809 9214 58 2314 18 4 908 82 1015 12 9 1 1784 15 465 60 2175 8862 8898
07364 1809 13217 8762 9531 9 4 95 34 11112 462 8632 9015 1295 5243 12205 125 9214 9362 58273 1714 025160
8 6 4 4 5717 45 19 5 5 12 9 2 0 0 48 9 2 8 5 3 1 962 75 09 6 7 44 12 23 791984 194 9128 776
063 196 1 5 12 8 5 99 79 0 3 82 477 1214 80 2714 28 4 911 74 1219 12 2 5 9264 10 415 19 2148 8292 8022
03995 5647 47212 7312 6121 3 5 32 96 22192 619 8972 9485 1319 0119 17915 184 5134 3312 03208 1903 025178
1 2 3 4 3499 93 87 6 6 88 3 7 6 9 28 9 6 1 7 8 2 514 10 97 5 4 24 18 07 897003 124 8923 556
123 897 7 9 19 8 2 52 89 9 1 80 997 7415 19 2307 57 7 976 15 6617 22 7 5 3289 59 389 69 2545 8342 8719
92363 1133 13265 8712 8690 3 8 44 68 92292 360 8914 9682 1215 5182 12615 364 8974 5412 67217 1178 829195
0 7 9 0 5178 45 22 5 5 13 8 6 2 5 26 9 2 4 4 5 8 582 15 45 9 8 24 18 26 891925 197 8121 456
50 113 6 0 10 6 2 58 09 3 1 83 786 5274 86 2814 82 4 995 95 1215 12 3 5 1288 66 418 50 3002 9410 8412
42513 4133 87615 3872 5181 2 8 49 99 02942 691 8744 7227 3293 5427 42465 499 5139 5010 90716 1153 065198
5 2 8 5 7125 27 10 5 9 42 6 3 8 7 08 9 7 1 0 5 3 701 57 94 9 8 80 16 28 991720 549 0123 550
626 603 0 6 67 8 1 02 88 7 9 72 787 1534 99 2364 69 3 912 16 8235 12 8 5 1286 19 423 12 2449 8772 5212
65213 1139 76215 6745 5622 6 5 12 08 52177 915 8512 9862 1295 6413 32551 474 5139 5312 50294 6193 745198
8 2 3 6 5888 45 12 5 5 72 9 0 9 1 77 8 2 8 4 5 8 917 12 85 9 9 26 92 93 997225 655 8923 949
147 893 9 5 32 6 6 12 25 2 2 09 976 4914 15 2719 12 0 959 64 1475 32 6 5 6219 82 415 16 0545 0712 0989
70319 9039 13913 8357 5871 0 6 52 98 02679 710 8912 9513 1768 9483 16012 146 5160 5990 33687 1058 925990
1 0 9 0 1080 05 61 5 6 15 9 4 5 6 76 1 2 1 4 5 1 919 16 65 3 8 56 32 27 534222 996 8123 056
126 167 5 2 52 8 8 70 09 4 9 83 986 1294 85 7375 12 4 912 18 9238 92 5 5 5487 10 445 33 2195 7769 6410
12363 1135 44955 8722 6106 3 7 12 96 12982 676 7577 4815 1418 5413 82859 599 5534 5334 50735 9921 128106
6 2 8 5 7334 75 12 3 4 98 9 2 9 2 18 9 7 1 9 9 1 558 97 75 9 4 72 56 23 891123 944 5880 086
125 423 6 9 16 8 2 16 87 9 5 08 986 6279 10 2313 48 4 918 94 1293 16 4 5 5989 12 405 15 2149 4812 8632
16476 1135 13205 0772 5455 4 9 52 58 42957 265 2912 6315 5213 9416 02218 107 5395 0314 53297 2133 025598
1 7 0 4 5223 45 55 5 6 19 9 2 7 1 76 8 2 1 9 7 3 762 96 90 9 6 94 12 26 885399 127 2996 554
103 193 5 2 67 7 4 92 84 1 1 81 987 1988 40 2905 12 2 912 15 1890 16 6 0 8236 19 118 12 2165 8752 8400
62380 1146 23217 0718 7521 5 1 23 94 58168 313 8892 7512 1015 5413 15417 424 6134 1119 63207 5198 120558
7 5 6 4 2626 95 16 5 5 12 9 2 4 8 68 6 8 1 4 5 1 969 73 48 9 8 94 12 28 361227 949 8123 556
453 153 5 2 62 9 2 92 75 9 1 84 927 1067 86 7314 91 4 940 82 9215 13 8 5 6269 15 595 82 2105 3932 9072
12133 0635 15218 8911 9827 9 7 09 68 19102 415 7917 5092 2260 5313 18015 604 5684 5319 43213 0168 125894
1 8 3 4 5526 46 13 0 8 19 6 2 6 8 78 9 2 1 7 8 1 915 39 48 9 8 24 12 43 891253 120 8123 587
823 023 5 9 72 9 3 58 96 6 1 38 981 1034 15 2344 16 4 986 14 6268 12 9 5 9609 68 816 76 7145 7796 7197
18018 1185 33717 7788 5131 5 4 92 88 12392 877 8791 7817 1215 5413 32915 929 5569 5310 99213 7193 120179
1 5 4 3 5322 45 02 5 5 15 9 0 0 1 28 9 2 1 9 2 7 840 52 47 3 8 94 92 73 871023 136 2096 756
192 203 3 2 42 8 2 12 69 2 4 82 789 6994 16 2307 18 9 996 94 1295 12 3 5 1066 89 419 32 2235 5802 8189
14413 8739 17219 8772 8421 3 6 12 69 59036 775 9912 8862 4965 5414 16932 324 3184 5919 54319 4553 197178
1 7 4 0 9003 45 95 9 5 48 0 2 8 1 27 4 4 1 4 5 1 386 23 45 9 7 44 82 22 547920 795 5703 550
924 195 5 9 14 7 9 62 80 9 9 92 988 1949 19 2884 13 5 512 16 7815 40 9 5 1087 50 515 12 8162 5714 5964
12313 8125 03215 0588 0121 6 5 84 98 12108 615 4512 9012 1505 5407 43667 128 9838 8334 59217 2768 126194
1 8 3 4 5126 23 12 8 5 39 9 0 4 8 24 0 2 7 2 3 6 858 52 05 9 8 85 18 83 599223 894 8123 558
143 423 5 9 39 8 4 32 79 5 1 82 650 8216 89 5334 72 5 930 96 1215 04 0 5 9682 62 995 32 4145 0242 8982
82113 1425 28217 8417 5141 3 9 15 97 62582 885 4975 6807 7214 2497 62295 964 8992 9610 68215 8783 819198
3 2 0 9 8498 43 16 5 2 12 9 2 2 1 29 9 3 7 4 5 5 504 16 05 3 8 24 18 23 377253 462 8109 866
43 929 5 9 14 4 2 87 09 1 1 99 536 1914 11 4414 17 3 812 64 6615 72 3 8 5249 19 814 12 7545 9314 1418
16053 4137 00247 6542 7121 6 6 72 88 72798 815 8764 8812 1915 5459 72710 108 5180 0312 83275 1883 165358
1 2 9 2 9126 96 16 5 6 59 0 2 3 4 28 0 9 9 9 1 1 312 05 05 6 8 20 97 79 591090 194 8123 416
743 427 8 9 32 6 0 64 89 5 0 62 987 6619 16 2360 62 4 997 05 1229 29 3 7 1465 12 918 29 2145 8943 8916
03473 4435 63715 8716 5195 3 5 19 98 51982 014 8913 9612 7915 9403 24290 129 5289 8312 37263 1854 995528
1 6 3 4 5777 97 80 3 9 27 9 6 7 1 28 9 7 1 4 6 6 707 14 85 4 6 23 99 95 691623 127 2157 866
123 970 6 5 12 7 9 18 82 7 8 92 995 8813 15 6714 94 4 999 54 2518 12 6 5 1264 32 494 16 9196 8862 4512
36315 6465 13234 8739 5076 3 5 92 94 19161 815 8912 9398 1245 2414 08967 824 5064 7619 54233 1142 995098
1 5 4 4 3623 85 84 8 6 12 4 4 8 6 99 9 2 4 6 5 0 374 42 40 9 0 30 92 53 098463 190 4135 556
128 128 5 4 12 8 7 94 99 0 9 29 989 7296 15 9858 16 4 972 14 5949 62 3 5 1769 42 411 14 7649 8762 8512
12513 1436 63201 9742 5824 1 0 02 69 12752 810 4919 9868 1275 5893 14915 189 7164 5389 97254 1353 130197
1 2 3 4 5463 45 07 5 5 42 4 2 8 9 93 9 0 1 7 9 1 912 32 41 7 8 22 19 23 881263 624 7123 546
189 113 5 6 12 5 6 74 90 0 1 52 988 1416 52 2364 12 1 582 15 0488 30 7 5 1033 12 619 12 9750 6762 4998
86015 6337 33535 8712 5823 9 5 32 38 16169 815 8912 9812 9215 2493 76214 924 5715 8313 54213 1093 125198
5 2 0 8 5547 93 92 9 3 12 9 8 8 0 26 5 8 1 0 5 7 457 19 47 9 8 74 95 60 891322 627 2120 576
628 118 5 9 82 7 1 12 89 7 6 72 488 8994 25 0344 72 5 996 54 2215 82 6 8 5984 29 795 11 8646 8966 8918
13249 7135 53241 8912 5393 3 0 39 89 12942 815 8912 7615 3628 5416 43216 129 5164 4312 53214 1124 897959
6 7 9 4 6123 95 12 5 7 92 7 0 1 1 29 4 3 1 6 9 6 912 86 98 9 4 84 72 23 814617 184 8193 994
123 163 6 7 12 8 2 32 59 6 0 92 487 9514 15 7314 74 8 913 14 1558 12 3 5 1709 12 415 55 9759 8012 6918
12090 1137 23017 8712 5629 8 8 12 59 12292 844 8012 9872 6795 5483 38545 794 5104 7319 53818 4147 524108
1 8 7 9 5423 45 15 4 6 18 2 2 9 3 22 9 2 1 8 5 1 662 72 45 9 7 96 12 69 994893 722 8423 950
222 173 5 9 82 8 2 12 89 4 3 85 949 1484 19 0319 02 4 912 04 2815 87 7 5 1987 92 477 72 9668 3735 8918
82383 1166 67015 8766 5681 3 8 58 98 19148 715 8012 6882 0526 5712 07249 121 7134 5362 51213 1156 123478
5 5 3 4 6123 40 18 5 5 13 9 9 9 1 26 7 9 4 6 5 1 712 50 49 9 8 05 12 83 252083 034 7243 956
123 028 8 9 22 8 2 12 68 8 5 82 989 9973 19 9386 72 2 872 84 1218 12 4 5 5659 85 484 35 2625 7617 5012
22393 1133 83715 8795 5721 3 8 12 98 16787 818 7919 9894 4885 5513 42715 194 7944 3719 33503 1173 109455
1 4 3 0 2107 65 10 8 5 16 6 8 9 6 25 1 9 1 9 4 1 982 72 87 9 1 21 12 93 897224 121 8793 696
273 123 2 9 15 8 3 70 83 6 4 82 685 6284 05 5304 12 4 999 34 9415 82 3 5 1499 42 400 76 2149 9712 8418
42514 1988 43213 8372 8701 3 5 12 58 12774 948 8732 9697 0218 5473 15204 136 5196 5312 93215 5963 665188
1 5 3 4 5133 11 12 5 5 92 9 2 0 1 58 5 4 1 5 5 9 810 15 67 9 8 83 42 03 891823 128 0172 559
123 835 5 9 78 5 5 18 49 7 2 88 587 1814 15 2614 15 2 408 16 1210 64 3 5 6269 18 845 93 9987 8092 6979
96315 3657 10995 8492 8721 3 5 92 18 79542 815 8490 9494 6215 0513 72217 629 5171 7717 26958 1150 955147
3 4 3 4 7806 49 24 5 5 42 9 2 9 4 23 8 2 1 4 5 7 943 85 07 9 0 49 82 33 891299 104 8273 506
65 723 5 9 12 8 2 61 89 6 0 85 907 0644 18 7374 69 6 417 14 9594 12 3 0 1579 62 415 12 2145 0652 8410
47376 2035 73211 8719 5575 0 3 07 06 12922 415 8872 5812 1215 0413 18219 123 5174 6312 58269 1350 925188
1 0 9 0 5143 45 15 7 8 79 4 2 1 4 28 9 9 1 9 8 1 916 16 05 7 8 27 69 23 891224 176 0923 656
153 823 5 8 98 8 8 49 49 1 0 82 687 9912 15 3363 19 4 512 94 1375 18 0 5 1289 22 469 26 8165 9972 8906
89853 7135 83575 1956 9427 3 8 12 58 70192 685 8012 0872 1265 5417 72215 824 3258 5312 53703 7157 725198
9 4 8 8 5943 44 59 5 5 92 9 1 7 4 28 4 2 1 6 5 1 958 68 75 1 7 44 40 93 771223 174 8179 566
123 124 5 9 58 0 7 67 89 0 1 89 887 7214 13 2824 12 0 296 14 1976 13 3 6 5698 12 445 75 2105 9710 8412
12513 0155 19215 0714 0775 3 5 12 94 62452 875 5925 9816 1215 5416 13275 194 5197 7502 73303 1108 905798
1 6 8 4 5733 85 20 5 5 79 5 8 5 5 54 9 9 1 4 5 8 312 17 25 9 8 94 15 23 821623 126 8209 597
196 123 7 8 57 7 6 92 81 1 4 82 767 1214 16 3317 93 7 815 14 7217 68 8 5 1296 18 495 60 2145 5062 6918
12993 1015 58897 8712 6350 3 7 87 18 85182 919 8112 7872 0215 5825 09219 125 5164 6916 97213 6763 585698
1 2 3 8 0123 45 85 4 1 65 7 2 9 2 77 9 2 9 8 5 1 972 72 22 9 0 24 12 53 797983 154 8989 578
159 428 5 9 19 8 0 12 89 3 8 82 487 1098 15 2399 18 4 972 54 7225 97 5 5 1289 95 591 12 2598 8714 0915
12315 0139 53218 4734 5311 3 8 12 06 72182 518 8789 9062 1892 5493 18575 349 9334 6395 53944 9193 199878
5 8 3 3 5823 43 89 1 9 42 9 2 5 9 18 9 6 1 5 9 6 512 92 46 9 8 24 17 88 887884 894 8023 553
159 123 6 9 75 1 2 12 76 3 9 48 727 0599 65 2219 30 6 409 18 6925 17 3 5 1299 12 315 02 8745 7029 7977
42313 1857 17215 3772 5110 3 5 42 98 78962 965 2590 9817 9558 0413 88410 929 5189 5345 58110 1153 629598
2 7 9 4 7306 35 82 5 7 87 9 2 4 7 63 9 5 1 4 0 2 802 52 40 5 8 25 18 03 898224 094 8117 856
700 729 5 9 32 8 9 12 89 5 8 80 257 9214 16 9314 25 2 988 33 1005 12 8 8 6266 70 452 12 2190 6368 8882
12103 5095 79911 8119 5029 4 6 10 98 78152 875 8940 9287 6276 7879 87775 705 5534 4288 53113 0193 568183
0 2 2 7 5523 75 12 9 5 19 9 4 8 1 58 9 2 1 4 5 1 812 00 61 9 8 37 82 29 991723 823 6424 080
803 123 1 9 82 5 7 19 89 8 1 82 900 1234 05 0914 19 7 810 44 9715 62 8 1 6870 92 415 12 2874 3712 8992
19983 0935 73219 9798 5927 3 9 92 98 12052 615 7782 9212 1895 9465 90215 294 5664 4950 98399 5153 122148
0 2 2 4 5123 75 89 5 5 10 5 2 7 1 88 7 7 1 3 3 9 210 16 49 7 8 24 36 59 839267 628 5723 596
173 143 5 9 82 8 3 69 80 3 1 34 989 5214 14 2376 32 4 012 62 1210 50 8 5 0989 17 505 13 7165 8717 8712
18313 1004 17185 8522 5151 8 5 29 35 18046 815 9642 5562 1275 5413 78216 723 5189 5307 53911 1183 126104
2 9 4 0 0623 69 12 9 7 88 9 9 9 8 08 5 4 1 4 4 1 016 72 38 9 2 64 13 95 397223 398 5763 386
168 408 3 3 51 7 2 96 89 4 7 89 987 1210 55 9315 19 4 972 60 1615 63 9 5 5259 82 217 14 6165 8816 9518
19893 7487 13930 6752 4171 6 2 76 90 82897 314 8810 0892 6049 6493 12210 124 5724 5813 73203 1753 195598
6 9 8 8 8368 05 58 1 5 12 5 2 4 7 28 9 2 9 3 5 7 914 02 02 9 9 21 12 86 858253 166 1128 556
123 900 7 8 92 8 8 95 89 8 1 92 957 1214 18 5314 52 3 268 06 1915 52 6 3 9509 82 415 22 8145 8748 8892
12773 6116 73295 7872 8571 3 8 58 98 12138 868 7992 9462 1568 3463 13158 169 5835 5312 08713 1699 704389
1 6 3 4 8823 85 72 5 9 19 9 0 6 3 29 8 2 1 4 5 0 077 09 80 8 0 24 19 83 871820 679 1696 546
54 187 9 9 12 8 6 13 99 9 1 97 986 6296 18 9816 82 4 960 74 1226 02 3 8 4254 03 418 12 2190 7719 8980
18513 1117 83237 3712 7591 9 9 12 98 02187 915 3982 3727 1815 3418 22483 129 9584 5012 98926 1450 165144
7 8 3 0 5423 77 53 1 9 12 9 2 9 5 58 0 0 6 4 2 1 988 19 41 3 0 24 92 22 896825 822 5823 056
492 453 5 0 12 6 8 89 08 8 0 89 680 8077 05 3317 12 6 919 14 7016 15 3 5 7849 12 585 72 0189 8687 2915
00313 1935 13255 8755 5129 8 4 72 92 32198 819 8937 2816 1215 3644 95279 124 7784 8393 04213 0654 113298
4 2 3 8 5740 55 05 5 3 88 4 2 9 9 28 4 6 5 4 5 8 332 12 75 9 9 25 12 28 892729 127 5896 955
620 523 8 7 92 2 6 12 59 7 1 83 889 4212 15 9315 92 3 777 18 9295 86 3 5 9269 66 415 15 5195 8738 8712
77398 4135 17005 0572 8971 9 5 92 94 52132 876 7992 8982 1293 5413 86889 128 9134 5612 93253 9850 999148
1 8 9 4 0103 45 13 5 5 68 8 2 3 5 78 9 1 1 5 0 3 910 12 46 7 8 61 12 23 499623 926 3193 559
129 123 8 9 12 8 4 92 09 9 3 12 787 1270 98 9314 18 4 912 15 1715 12 3 5 4324 42 415 12 2175 9718 9834
18341 8221 18082 8912 5167 0 5 37 98 36002 870 9912 9602 6917 9643 17245 124 7134 6912 54270 9856 128198
1 7 7 4 5124 76 12 9 5 91 9 2 9 4 24 9 2 5 4 9 0 912 97 05 6 8 28 24 23 894873 128 8192 806
704 594 5 8 32 8 2 83 69 9 1 82 967 0265 16 9314 79 9 972 89 6265 90 3 5 3559 82 414 72 9648 7719 8972
42693 1163 17852 9412 8729 3 3 19 98 12152 988 4352 9127 6215 5510 12845 123 1944 5779 83218 8758 320199
4 2 2 6 5183 89 17 3 5 16 9 2 0 1 98 9 5 1 8 7 4 912 17 99 9 8 24 11 28 898727 604 7489 552
180 123 9 7 85 8 2 17 80 8 1 87 989 8711 15 2887 12 4 975 63 4175 12 9 3 0699 72 538 15 2941 8812 8892
00529 1155 13218 9943 5181 5 6 12 08 16512 465 8712 7812 9308 7419 16813 926 5434 1315 56903 1049 925206
1 2 8 6 9923 65 12 5 7 98 5 2 8 9 99 5 2 5 3 7 2 412 32 45 7 8 27 98 25 631723 125 8123 758
164 574 6 9 17 8 2 87 89 8 5 82 798 1314 17 5359 12 4 912 14 1245 16 4 5 8270 03 115 49 5845 8742 9342
16613 1166 18222 6760 0121 3 9 12 98 92288 838 0412 4812 6455 9270 18218 939 5834 5312 53563 1753 026394
8 2 8 0 6129 05 57 9 9 02 3 2 6 0 24 9 8 5 4 2 1 982 12 41 0 9 34 98 26 897220 128 4021 556
723 157 9 9 32 8 5 32 89 8 7 82 987 1394 26 0914 16 4 910 54 5255 12 9 5 9273 18 413 62 2049 8774 6014
67663 8765 14174 8701 5781 3 5 88 94 12178 713 8916 0694 1250 6676 12897 124 5124 5318 97348 4124 166185
1 2 3 0 6155 85 90 7 2 07 9 8 9 1 78 3 2 1 6 5 2 912 32 78 0 8 29 36 73 891299 123 5023 578
623 928 9 8 18 8 4 15 89 9 8 72 980 5214 85 2077 66 7 912 10 0685 15 2 0 5719 12 977 36 3653 8812 9909
62040 9778 03295 8912 5424 0 0 17 06 12162 674 8212 7818 1615 4709 12842 924 5130 8793 53410 6953 785198
1 2 3 9 5121 45 12 4 5 10 6 6 5 9 75 9 2 1 7 7 0 518 32 40 9 3 66 02 23 621023 928 8223 859
783 823 5 2 15 8 2 12 28 7 1 56 189 5694 16 9334 12 4 908 15 1255 92 3 5 1287 12 415 76 2605 8719 4915
12399 7168 77219 8012 5527 4 5 72 58 94160 015 8718 0845 7865 5517 12295 184 9734 5349 93133 1953 920998

10370 1035 58275 8972 3583 4 5 12 98 15578 074 7916 9616 1515 5463 87308 026 8625 9472 55233 4154 124178
9 6 6 4 2624 80 22 3 1 93 6 0 6 9 28 9 2 1 4 0 0 917 15 90 9 7 98 42 53 891223 107 1623 658
223 727 5 5 52 8 7 41 09 6 1 42 688 1285 89 2314 12 5 998 14 9266 73 7 8 3269 62 498 12 7175 5912 5905
49349 1435 49215 8972 9821 3 7 16 90 62376 617 3913 2867 1619 0614 81215 904 7134 9606 63213 7523 224178
1 0 7 4 5180 69 18 5 5 16 4 9 4 6 05 9 6 2 4 5 6 912 60 95 8 8 24 79 73 331693 324 5623 556
74 124 8 2 12 8 2 12 83 6 1 42 789 1686 85 5374 15 8 017 74 9209 82 3 5 1089 62 419 72 7277 4712 0234
19354 8862 88215 9846 8123 0 5 53 08 10175 910 8012 9669 9895 5499 18910 166 4137 9817 53617 8153 955198
5 8 4 4 5023 45 29 5 8 12 4 5 0 2 78 9 2 1 4 9 4 917 92 45 9 8 34 12 20 891666 629 7129 156
728 169 8 1 17 8 5 12 72 8 1 84 087 1287 05 2944 97 7 092 90 1219 12 3 2 5755 12 424 15 2155 3679 5985
52213 1139 53213 8932 0829 4 2 32 98 62128 865 0912 7312 1465 5798 72869 918 0149 6332 73743 7153 128779
1 0 3 8 5079 65 12 5 8 94 9 9 6 1 18 5 2 5 6 5 1 212 72 65 9 8 67 10 03 671223 194 8953 594
893 923 3 8 82 8 2 12 87 7 8 62 998 1984 55 2011 12 4 418 96 1836 05 8 5 3704 92 015 14 2768 6972 8505
12409 9149 10244 9919 8821 4 4 12 96 62182 213 8714 9032 3217 0713 72216 824 5834 0616 59543 6143 868798
1 5 3 4 4309 15 91 2 5 19 9 2 8 9 20 0 0 7 8 5 4 912 95 40 9 8 04 13 23 008227 879 8954 356
133 623 6 9 93 8 8 98 89 8 5 82 085 0612 19 6316 12 4 612 14 4215 19 5 7 6274 19 535 65 2195 9792 8512
17363 9875 13630 9812 9741 4 5 12 98 95182 985 8493 9913 9072 9419 99215 374 8136 5352 97713 9199 625144
1 2 3 9 5129 64 10 6 5 97 8 2 0 0 58 9 8 1 4 7 1 912 43 43 9 8 39 12 45 885220 124 8123 690
729 199 1 9 92 8 2 87 09 2 1 92 686 8014 29 2214 52 4 913 11 7997 46 9 5 1888 96 415 12 2087 8482 8966
19983298 275198
3 2 8 0 2829 65 40 5 5 95 9 8 9 1 88 9 0 6 4 7 9 914 32 42 9 8 24 72 23 909283 700 0525 546
828 123 5 9 20 9 2 16 82 9 9 82 757 7614 45 2918 51 5 917 19 2265 18 3 5 5288 12 695 19 4145 9312 8712
12387 1175 88210 8786 4034 9 6 12 74 77199 490 8992 9872 1917 7413 12215 144 6734 5315 93235 1059 675150
8 6 3 9 5123 40 85 5 7 18 9 0 7 1 78 0 7 1 6 5 9 080 12 65 5 0 24 19 38 291529 179 5120 556
186 123 7 3 57 3 2 96 86 8 1 92 926 1939 19 2375 19 5 010 44 1810 32 7 7 0280 12 715 97 2952 6882 3942
97349 8185 63295 9718 5161 5 5 92 96 18932 315 8217 9812 1205 5463 38038 324 0134 0317 73213 7160 825758
6 2 9 4 5529 35 18 5 5 72 9 4 3 0 29 5 0 2 8 5 1 692 52 38 8 8 79 12 73 893523 824 8127 786
723 173 4 9 72 8 2 19 89 5 1 89 880 9217 75 8327 12 4 915 85 2257 07 7 7 2987 12 715 72 2145 9082 3982
52910 9135 18615 9016 0311 8 5 80 28 12172 845 8958 9810 8946 0943 12242 147 8135 6812 63253 7189 295398
9 8 9 4 8383 05 12 5 5 02 9 2 5 9 77 9 2 8 9 9 1 712 84 88 7 6 44 19 87 858253 178 6102 956
59 823 6 9 89 8 2 14 77 3 1 88 987 5913 65 7799 17 7 913 89 1215 55 4 5 9088 48 410 18 9993 6318 8912
02368 1135 83205 9799 9121 4 7 04 98 42192 875 8978 9512 4917 5713 99615 124 5138 6992 46810 6056 921168
1 2 9 4 5026 40 39 4 0 17 4 8 7 9 29 8 7 7 8 5 1 012 13 45 9 7 53 62 29 892323 797 7821 595
353 929 7 8 14 8 4 52 79 5 5 80 683 1924 65 7864 82 8 910 14 1215 16 3 6 0289 12 475 17 2147 8717 3919
12493 9034 13318 6785 7126 7 7 12 98 80722 845 8919 9816 1605 5596 16035 199 2904 5308 99603 1103 183197
0 2 5 4 0533 45 12 8 5 69 5 2 9 9 28 8 2 1 3 5 5 012 16 43 5 8 64 32 23 611986 124 0783 506
190 923 5 9 49 8 2 19 39 9 1 86 987 1814 15 1174 15 4 512 94 4445 19 8 9 8292 12 045 92 2645 8712 8592
42914 4148 13419 1919 5101 3 0 86 95 15132 815 7917 9518 7299 5412 66985 979 5139 5346 59636 5163 945198
1 9 3 9 7493 95 12 5 1 10 9 2 9 1 28 6 2 1 8 9 1 182 92 75 6 6 29 12 23 191413 724 8949 956
196 175 7 9 62 0 2 42 56 5 7 62 967 1290 95 2446 72 0 012 94 2975 32 3 5 1180 86 272 12 9145 8782 0979
57407 1133 70845 8617 5181 7 5 12 99 78192 225 8417 4517 1085 8073 12215 124 9168 5317 53519 1153 746198
1 2 3 7 9423 45 74 3 5 62 9 4 3 1 27 9 7 1 4 5 3 092 98 45 9 8 54 62 23 880223 834 8829 456
728 927 5 4 86 5 3 14 80 6 1 88 287 1557 85 8214 75 7 912 14 5255 19 6 4 5289 12 815 52 5908 9752 8618
38310 1783 83299 6790 5621 8 5 82 98 86999 516 8902 9715 0215 5416 12275 423 5834 5782 03630 1063 129478
1 2 7 9 0173 95 06 5 5 62 9 2 9 7 88 9 5 7 6 4 1 912 12 45 6 4 94 78 29 761321 384 8123 456
125 928 5 9 29 8 2 62 89 9 1 89 780 1284 10 0319 95 4 912 14 1247 78 0 6 5285 12 416 12 2605 8790 6912
02812 1935 89219 7712 5146 4 2 12 97 12182 415 7112 9812 4997 8863 17715 139 5774 5319 93289 9156 155003
8 6 7 6 5927 45 12 7 9 03 8 2 3 1 07 9 2 1 4 9 9 815 82 48 0 8 24 63 24 992328 129 8125 566
740 719 6 9 12 8 3 92 39 9 8 81 997 1524 85 5304 82 1 972 47 4510 78 3 9 1289 19 415 45 9150 8717 8415
87713 1039 43910 6744 5121 6 5 72 93 64892 819 3755 9818 9310 5913 16297 104 5184 9304 58173 1157 620398
6 8 7 4 5658 47 10 5 5 22 9 5 9 6 22 7 2 1 4 9 0 512 88 49 7 8 27 12 93 899225 724 1655 358
878 181 2 9 86 4 8 95 89 6 1 95 597 6704 15 2404 92 4 752 14 1289 90 3 5 1216 10 420 15 6945 1772 0612
99313 7132 99265 9798 5511 3 5 09 49 94199 815 8919 9652 1995 8714 92242 682 5734 5313 59213 1163 825105
1 7 5 7 5167 04 19 7 7 12 9 2 7 1 27 9 2 1 2 7 1 905 42 05 8 8 99 18 28 191620 863 7176 540
523 103 5 6 02 8 2 31 46 4 1 63 587 9619 95 7310 54 4 568 14 5017 92 1 5 8879 72 497 82 8145 5812 8912
28211 1884 98215 9786 5901 3 5 12 98 16114 145 9786 9616 1278 4619 12216 124 5154 5387 92889 5793 102150
6 2 3 4 5173 47 08 5 0 18 6 7 0 8 28 1 9 1 4 4 9 118 18 42 2 9 29 08 23 881249 664 9193 576
653 426 5 9 69 8 2 12 87 8 8 87 987 9999 94 2394 12 4 692 10 1413 82 3 5 1289 00 412 97 2105 7286 8922
12864 6139 73808 8913 5941 6 5 69 88 93172 825 9980 1687 0205 2998 38695 826 7193 8589 27298 4153 826850
4 0 4 8 5130 40 32 7 1 12 9 3 9 1 24 9 2 1 4 5 1 919 98 75 9 8 27 19 23 757283 123 8133 566
823 923 5 4 12 8 2 82 84 9 7 52 785 1467 15 2311 16 4 012 94 1816 82 3 4 9270 79 762 77 9105 8919 8912
09694 1185 17274 8713 5161 9 3 54 94 02692 565 8612 9414 9215 9529 90814 124 9834 9318 53269 1153 965493
1 2 3 4 5293 45 18 5 5 12 6 4 3 9 88 0 9 1 4 5 7 962 17 47 3 9 24 12 28 847223 574 8523 551
30 640 5 9 72 8 3 12 49 0 1 82 739 6006 15 7410 88 5 919 14 1289 19 6 4 6988 00 417 10 7145 8842 8212
12314 8085 23570 8762 9111 3 7 36 95 82756 819 8612 9886 5398 3413 57208 179 9204 9324 53288 1153 125095
9 2 5 4 5916 45 14 8 5 12 5 4 8 1 87 7 2 0 4 9 1 712 12 95 9 8 95 17 03 791623 137 8143 909
523 153 5 9 06 8 2 12 79 8 7 62 385 9219 19 2314 82 4 993 13 1615 82 1 5 7989 12 965 62 0245 8374 8912
17373 7339 77204 8410 5328 3 6 11 90 72802 545 8915 7812 5218 7639 22734 734 5164 5912 57289 1151 551898
9 4 4 7 5123 05 86 5 5 35 9 2 9 7 48 7 3 1 4 5 9 818 82 45 9 8 24 68 93 893225 125 8195 950
024 773 5 9 02 4 2 17 79 4 8 89 685 2217 15 8396 92 0 832 84 6925 06 5 5 2289 57 447 82 4695 8812 9912
17313 1135 67265 8732 5079 8 5 05 02 57102 445 4610 9868 6605 7413 12611 248 5137 5065 59604 1753 625398
9 2 5 9 5727 97 84 5 7 12 9 4 9 1 28 3 9 1 4 5 8 982 19 43 5 8 25 18 31 391790 685 8125 512
120 323 0 7 72 8 2 72 65 9 6 48 785 9276 45 5354 12 8 084 10 9286 17 3 5 6786 42 894 83 1145 5713 3619
16813 4561 93215 8616 5121 7 5 25 98 66946 816 2916 0840 1535 5619 52634 926 9862 5269 53387 3053 968188
4 3 3 4 9163 45 16 5 5 02 4 2 0 8 24 2 9 1 6 0 1 912 82 79 9 8 24 10 23 998249 995 8989 566
324 104 5 9 19 8 2 35 79 9 1 85 787 1214 08 6314 12 5 912 19 5248 73 3 5 3209 32 415 15 2847 0812 4990
12773 0188 80289 8381 7700 4 5 70 80 12575 488 9912 9719 1615 5812 12763 824 4134 5912 59219 8153 190678
9 9 9 3 6143 44 17 5 6 92 9 3 6 9 28 9 2 8 6 5 1 914 12 46 7 8 32 12 23 695280 944 0196 556
923 923 5 0 19 5 2 12 89 7 1 82 987 1854 19 2388 12 0 993 94 9665 17 3 2 1009 25 979 95 0050 9312 9976
12717 8126 13915 8714 4124 5 8 76 58 96885 815 8913 9854 6815 5693 18058 730 8633 1397 86464 9556 128698
6 2 7 4 5893 45 12 5 5 06 4 9 7 7 04 0 2 1 1 5 1 986 62 65 6 8 87 32 33 891038 624 8563 750
125 110 2 9 03 8 2 12 88 9 5 69 880 1019 70 2314 14 4 099 64 7272 57 3 7 1279 40 515 19 2168 8712 9012
12510 1357 93415 8762 7953 3 7 88 98 65102 901 8952 0852 1515 5413 53875 192 5624 5310 03214 5146 935498
1 2 6 4 2679 77 82 0 5 19 7 2 2 7 28 1 6 7 4 9 8 315 69 47 8 7 26 63 28 899227 124 6328 556
123 663 5 9 27 6 2 12 40 8 1 02 986 1952 99 2343 92 4 769 13 1715 10 8 4 8269 12 410 12 9195 8752 0914
77388 1637 13095 8612 5581 3 5 84 18 12399 815 8919 0819 1215 4767 52235 997 5536 0315 13213 5183 128398
7 2 6 6 5727 45 82 9 5 12 6 2 7 9 20 9 2 9 4 2 6 912 17 39 9 8 94 13 89 591673 104 9124 559
493 773 6 6 56 6 2 82 84 5 1 75 980 1214 15 2387 16 7 919 14 1225 12 8 5 3210 60 415 62 3152 8766 4972
17753 1335 61214 5762 5159 3 9 17 90 62654 919 3912 9812 1710 9469 16777 774 8894 5819 41519 7253 122092
9 2 7 6 8127 44 32 3 4 12 9 2 1 7 28 9 8 5 9 5 0 908 92 48 8 5 29 00 23 396863 104 8189 596
025 127 0 7 32 8 2 15 79 6 1 87 807 8818 63 7364 18 4 916 04 1215 62 3 5 1983 17 695 19 2905 8759 5948
72716 4787 13212 8517 5521 3 5 58 93 90180 995 7469 9886 8215 5513 42871 197 4104 9022 95277 5883 127598
9 8 9 0 5429 42 12 5 9 62 0 2 8 9 38 9 2 1 4 8 1 018 12 45 8 8 28 14 83 381233 704 8996 556
118 973 5 4 62 8 8 72 54 2 1 82 987 8811 33 9434 16 9 912 14 5256 30 3 9 1989 12 115 97 3645 8415 8712
62312 1835 08215 6732 5161 9 5 92 17 42162 875 8612 9619 6799 6413 14215 103 8984 2102 57813 6386 785398
5 2 3 4 5123 80 12 8 2 12 6 4 7 1 58 9 9 5 4 6 1 863 06 01 9 5 24 12 38 593859 824 0743 456
89 820 5 9 15 8 0 42 89 2 7 44 918 9710 15 3364 16 4 992 54 7395 72 2 5 1288 13 515 32 2465 8774 8682
12308 3535 13206 3750 5524 3 9 12 98 00922 907 8912 9852 8265 8619 12016 125 5172 5312 53213 8151 362999
9 2 2 9 5073 53 89 5 8 17 9 5 8 1 28 9 7 1 4 9 1 091 42 69 6 8 84 73 30 751261 189 9125 758
129 151 5 9 82 8 6 17 99 7 1 60 977 9919 18 6304 02 4 816 64 1295 63 3 6 5589 62 145 18 8422 6986 8482
19317 1345 18963 9795 5121 3 0 12 50 18175 818 8912 5992 7865 8483 16907 724 5835 8312 82554 9191 520608
1 2 3 3 5133 86 10 5 3 82 6 6 7 8 17 9 9 7 4 5 1 400 12 45 5 8 64 15 80 895819 825 8672 727
183 023 7 5 91 0 4 17 39 6 8 80 967 1279 03 2374 12 4 452 58 1255 96 3 7 6269 22 075 92 7166 0719 6842
77319 7676 53835 8585 8121 5 5 92 98 12982 913 8127 2512 1295 5717 92337 154 8035 3395 93266 1683 187757
7 5 3 8 5823 95 12 5 5 19 9 9 0 1 20 8 3 4 4 5 1 469 16 45 9 1 58 12 23 897293 127 9353 550
163 763 3 9 09 8 7 12 88 7 1 09 967 5265 65 2913 15 4 972 07 4277 14 8 5 1989 12 460 92 6155 7912 8972
12393 1736 19235 8307 8521 3 5 89 85 88152 819 6582 8392 1075 7417 09215 528 8687 4313 53210 1183 345198
1 7 7 9 5170 98 32 5 6 12 9 2 7 1 78 5 8 6 5 5 1 933 17 55 9 8 23 52 63 899827 069 7427 466
373 989 5 9 30 0 8 99 80 0 1 82 905 6654 15 8672 64 5 912 92 1748 19 6 0 1247 02 713 12 2155 8999 5612
16316 7145 13257 2212 8551 3 5 75 90 12679 985 8992 9616 2253 5003 14265 924 5804 4182 59710 1789 128146
1 8 5 6 9583 45 12 5 1 97 9 2 7 1 25 9 3 3 8 6 1 517 09 49 9 8 79 12 23 893614 324 7973 506
123 100 5 4 12 0 5 12 79 8 1 02 887 1204 15 5314 29 5 992 34 0245 92 3 9 9289 32 089 15 2738 8710 7714
54816 8155 13964 0877 1161 3 5 07 29 12182 315 7202 9372 1806 5789 12217 188 5585 5318 59913 4759 129199
7 6 7 5 7947 98 67 0 8 22 5 0 7 9 28 3 2 1 4 9 8 992 11 85 9 6 08 82 23 993783 166 8953 586
831 127 5 8 52 8 4 09 88 4 1 82 961 6219 02 5355 38 4 984 14 1215 87 9 4 6984 18 074 92 2595 8919 2912
52710 9937 16269 8091 5118 3 6 80 97 12142 127 8948 7818 8255 5463 62893 144 1138 5755 63243 8243 176638
1 2 7 8 4023 49 12 5 4 12 0 2 6 2 94 5 2 1 7 5 9 792 13 85 7 8 20 13 33 671023 925 8483 456
122 503 6 7 62 8 0 10 89 9 1 82 909 4214 85 6318 12 4 513 51 5275 12 3 0 3881 58 415 12 6105 9238 9998
09713 1687 17515 9712 0091 4 3 57 98 76586 815 8938 8493 7212 9414 78995 944 5134 5716 59617 1453 125148
1 6 2 4 0820 45 12 7 5 72 9 7 7 4 27 7 2 1 4 1 9 713 34 45 9 8 64 72 77 885823 954 8799 156
999 583 4 9 42 8 2 69 39 9 1 95 976 1274 27 4818 82 7 958 10 1219 12 3 4 0859 17 912 11 2143 8982 9732
22313 1135 16215 9712 0771 6 5 94 74 15192 817 8372 7812 3249 2606 12217 124 4149 5319 33483 1053 465193
8 4 0 0 0556 49 19 8 5 02 6 8 3 5 28 8 6 1 7 5 3 953 12 99 9 8 78 80 23 277973 804 8723 506
110 950 5 9 91 8 9 92 88 9 0 99 907 1207 75 3317 65 4 392 94 3297 12 3 7 8288 12 495 32 2940 8218 4314
12769 7175 93219 8752 0128 3 5 32 66 18197 818 3542 9918 3215 5483 69215 797 0134 5072 53944 1003 889198
5 2 3 4 9143 49 16 5 1 10 4 2 6 9 06 9 2 1 4 8 1 817 19 58 9 8 74 12 78 591223 124 2129 552
543 126 5 9 79 9 2 65 82 6 1 82 987 3976 25 2858 18 4 014 14 1220 12 3 5 3991 90 815 12 2198 8048 8612
12610 5155 05815 8762 5271 3 8 72 65 50885 157 8960 6642 1775 0413 12284 128 7185 0739 57563 1153 925192
1 7 3 4 5063 65 52 8 5 12 9 0 3 5 08 7 2 1 4 0 3 515 17 40 9 8 28 82 35 891940 326 3826 279
55 103 3 9 02 8 2 42 88 8 1 18 929 0218 78 2814 17 0 969 86 6915 12 0 5 1280 50 665 12 9145 8790 5912
92073 6035 37496 8322 8928 3 5 72 98 98886 818 8400 7932 1245 4710 59255 125 7132 5792 49393 8653 170198
2 2 3 4 6166 08 96 2 7 72 9 5 8 1 28 9 9 7 4 0 0 712 18 41 4 3 76 13 30 551434 133 8673 996
123 593 9 6 13 8 4 12 86 8 9 92 687 7214 65 2345 72 7 482 14 1014 12 3 5 1219 18 915 50 5648 9714 8712
14323 4139 73215 8712 8826 5 5 63 58 12176 819 8912 4852 1917 8410 64215 547 1634 5215 26713 8158 125998
1 2 9 4 5103 50 77 6 6 92 9 5 3 1 08 6 2 1 4 9 3 592 09 45 1 4 24 12 87 391625 177 8690 956
798 625 5 6 69 8 4 41 69 9 6 59 989 3055 15 2384 10 4 988 34 1985 69 0 5 7927 12 610 12 2205 9416 9917
94183 4045 63265 8912 5945 8 5 14 94 93882 995 0932 9800 2115 5483 12215 227 5064 5357 59913 1853 925998
4 7 0 4 4927 15 42 5 5 04 9 2 8 1 46 5 8 3 8 5 1 812 42 45 9 8 60 92 73 991773 124 6173 706
853 820 8 9 12 6 2 06 59 9 0 89 997 4994 65 2914 12 4 098 99 2519 67 3 0 5384 92 415 15 4412 3312 8959
18393 0585 48319 8545 0423 9 5 98 48 56735 895 8812 6754 9715 8413 44275 123 5534 6612 63219 1453 525196
5 8 6 6 4123 99 88 5 5 92 0 2 2 9 41 9 6 1 7 5 3 919 69 47 0 8 24 16 23 897733 924 9926 557
197 028 5 8 17 4 9 19 39 7 8 82 908 1218 95 2314 19 6 812 66 1295 18 9 1 9225 16 416 18 2548 8887 9818
19173 1195 13445 6392 5021 3 8 14 39 52102 415 8982 3816 4610 5013 19265 124 5194 5312 33218 1053 575198
9 5 6 4 5823 45 12 5 5 19 9 3 8 1 28 5 6 1 7 4 2 512 16 48 7 7 59 02 27 771829 795 2889 669
825 775 5 9 12 0 8 12 89 0 1 84 954 1514 55 9319 92 4 923 54 1265 81 3 6 1789 12 415 12 2548 9712 7909
12713 1589 19285 8753 7221 3 5 12 58 89539 451 6762 9847 1819 5853 18588 524 5134 8331 58218 1945 623130
1 0 4 6 0723 08 62 5 8 86 8 2 9 6 28 7 3 7 5 0 2 912 92 49 5 5 44 74 56 711223 129 8143 957
024 325 8 4 19 9 9 12 83 8 5 52 027 7917 14 9714 82 7 912 12 8915 96 5 7 1217 58 499 63 2749 8717 6352
12358 1192 15235 8719 5392 3 6 42 90 19789 717 6982 2817 1299 5488 12259 924 6134 5842 43613 9058 965168
7 4 8 7 5323 48 75 4 5 15 9 2 0 0 78 9 8 6 0 5 4 358 62 46 9 8 44 42 27 696224 134 8194 556
128 328 5 7 92 4 7 02 89 8 1 58 988 1384 16 4814 16 9 812 19 4915 69 9 5 1278 17 404 11 2845 8102 8814
62913 1109 74515 8714 5124 3 8 12 98 62872 815 5912 9052 8265 9918 52215 968 7530 3002 07603 3953 196968
1 2 3 8 8128 84 82 5 9 92 8 7 0 5 99 4 6 5 8 5 1 060 15 40 9 0 24 18 23 891249 194 7587 658
129 173 5 5 28 9 2 12 85 7 6 82 508 1252 15 0516 14 4 989 69 7217 19 9 5 0289 12 475 18 0245 8912 8517
63596 8685 23748 8352 3108 8 5 92 98 62972 215 8992 5019 8245 1413 12785 137 0036 9310 59210 1853 122167
0 2 9 4 9023 89 12 5 9 77 7 2 8 2 98 9 1 1 7 5 9 904 92 96 8 7 23 44 69 888827 179 8353 098
127 992 1 9 12 6 2 87 89 3 2 82 903 9614 15 9314 12 6 582 15 1034 22 3 0 1099 42 615 07 7640 8816 7916
10680 9135 18319 8688 5921 9 8 78 38 09369 845 8972 7817 1215 7453 18865 924 5834 5332 33013 1155 922119
1 5 7 8 5693 95 62 7 5 12 2 2 8 4 08 6 2 1 6 5 7 712 60 46 9 8 28 12 88 596903 104 8127 556
194 456 4 9 92 9 2 12 77 7 1 84 967 1234 15 2815 92 8 918 84 1245 18 3 4 6289 11 115 10 4600 6719 0988
14315 8535 83205 1732 5181 7 7 12 91 12842 697 5789 2318 1230 5416 91239 738 5834 7332 59213 7336 725198
9 2 3 7 5153 96 82 4 0 59 5 8 6 1 78 6 2 1 6 5 9 912 71 45 9 8 85 19 82 891755 104 8120 855
96 966 5 6 82 4 0 22 89 7 2 22 089 6614 17 4754 91 7 295 85 6615 12 5 5 9783 19 415 12 2089 8712 8319
82804 9155 53225 5072 5625 0 8 19 94 18118 016 4979 9002 1756 5413 87215 338 5139 8662 59216 0879 125193
5 3 3 4 5123 70 34 6 5 68 9 0 8 1 36 9 4 4 4 5 3 918 82 45 8 0 24 12 57 791273 338 3129 526
823 923 5 4 10 7 2 02 19 7 3 92 897 4846 15 2316 62 6 796 14 1185 12 3 6 1276 12 499 68 2146 8789 8112
98859 9577 96212 8766 5908 3 5 17 98 16932 875 6917 1819 8975 7416 14275 187 6134 8312 74393 1413 924197
7 8 3 4 5120 40 12 0 6 12 5 2 9 1 00 8 8 1 1 5 1 932 12 83 9 6 84 67 23 648893 504 8448 556
133 423 8 3 10 8 2 12 99 5 1 87 287 1204 15 9386 12 9 999 54 3525 40 3 2 1229 22 885 11 6177 9612 6912
17313 1139 13005 8719 5685 8 5 82 98 60347 839 5973 4812 4215 5410 52205 124 4154 9877 59213 5504 105198
8 2 2 1 1429 65 19 5 4 22 9 6 7 1 77 7 9 8 0 9 9 912 29 78 7 8 29 19 45 843236 140 8123 556
845 135 7 9 62 4 6 12 39 7 9 82 919 1314 09 2318 19 2 613 97 1815 92 0 5 7289 39 396 16 6026 8756 0989
62618 8165 15832 4712 8081 3 9 12 98 00518 865 8812 7612 0219 5455 56495 524 5135 5412 53813 8866 185198
1 6 7 9 2103 72 12 5 5 14 9 9 4 6 28 6 2 1 9 5 0 052 14 55 9 8 84 18 26 899263 123 8723 059
203 173 5 9 32 8 9 58 82 2 1 82 987 1218 13 8514 92 4 912 38 0715 84 3 5 1999 54 459 12 2198 8715 0918
83934 1439 13262 5692 7125 1 5 68 58 12142 875 8917 9619 8715 8388 17245 324 9134 5813 53269 0193 827798
1 4 3 6 7128 43 06 5 8 13 9 2 2 9 77 6 2 3 7 6 9 675 05 53 7 0 57 10 28 834933 829 8227 553
465 128 5 6 95 3 7 12 86 6 1 83 977 9884 15 6615 98 4 917 66 1258 12 3 5 8989 08 415 72 2175 9712 8679
92393 9165 19215 8618 5167 6 5 12 98 52516 815 8912 0889 7715 9468 42855 486 5139 5952 30215 4157 495898
1 5 3 8 6023 92 92 3 5 82 4 5 8 1 59 6 2 7 4 6 7 691 10 35 9 8 94 62 73 891273 184 8520 576
923 167 4 9 12 9 5 59 32 7 1 83 307 1854 16 6874 42 4 612 71 1868 34 5 0 6389 72 719 18 2945 8712 8986
13316 1130 03848 0452 5128 3 5 18 97 12192 813 8862 2856 1295 2419 99118 324 5168 8016 55216 1650 125198
9 7 3 7 5523 65 13 0 7 62 9 2 6 9 29 5 2 1 6 6 1 619 16 74 3 8 54 12 08 821008 867 8177 586
679 193 9 9 11 8 2 88 64 2 7 65 987 1694 16 2314 62 4 917 14 1275 12 5 7 1589 06 414 92 5045 8982 8717
11303 6139 13285 4732 8660 4 5 18 88 72782 907 2990 9852 1293 0813 12516 824 4815 5312 74018 1173 195498
1 2 3 4 5103 84 08 5 5 32 9 7 8 4 28 9 4 6 4 7 1 547 92 28 4 0 26 72 03 093254 024 5798 874
473 473 5 3 30 8 1 12 89 4 0 32 388 1264 59 2316 56 5 451 94 1395 12 5 5 1209 19 485 12 7145 1752 9912
12313 4139 16818 8019 5109 6 7 62 07 52152 815 8982 9996 1515 6769 19255 724 6394 9390 64211 1353 189158
9 7 9 5 5128 45 15 8 4 12 6 2 8 5 95 9 2 7 4 5 1 592 22 48 9 6 84 18 93 851264 734 5525 896
536 623 5 6 32 8 2 12 80 9 9 62 767 1008 65 2314 12 0 912 65 1217 12 9 5 1278 30 730 17 2195 8518 3652
76393 8187 18005 8512 4131 6 5 94 98 82827 817 8995 8613 7215 5953 82299 070 5144 5312 87203 1453 214996

07398 1288 13215 8574 5624 5 3 12 68 36182 810 7952 9965 0815 7585 51227 724 0144 5715 53213 0653 125950
6 8 8 4 5123 85 32 5 6 86 9 2 3 1 28 9 6 8 4 5 9 957 35 25 9 8 74 63 54 899889 134 6945 520
703 158 7 9 16 8 2 38 89 9 1 42 781 9625 15 2574 15 4 956 14 9216 12 3 1 6287 12 715 56 5135 8912 8916
12611 6135 39831 8712 7181 8 9 48 08 10439 875 9217 9812 4255 4447 73218 925 0107 5877 99933 1153 825195
9 2 3 4 3173 58 82 4 6 52 9 2 6 1 38 9 2 8 4 8 1 018 82 40 7 5 24 97 93 899139 324 4553 876
56 983 5 9 12 8 2 82 86 7 1 42 897 4202 67 7614 06 4 919 14 1212 82 6 3 1289 10 485 55 3645 8756 8912
12313 4585 13703 8050 0191 0 5 12 60 52153 876 8686 7612 1200 7463 12275 197 5994 7912 54807 7159 195928
1 7 9 6 5285 35 12 0 5 69 9 7 0 8 27 9 3 1 7 5 9 245 12 45 5 6 24 90 93 798223 154 7143 529
783 683 5 9 14 7 9 02 86 8 1 88 977 1504 12 5514 12 4 510 19 1245 16 3 9 1249 18 415 12 2195 8710 8965
12353 9818 03278 8612 5525 3 5 18 47 12542 824 9912 9712 7815 3445 18915 194 7734 3397 98866 7458 126178
7 2 0 8 5123 90 12 6 9 82 5 2 3 0 46 9 2 1 4 6 0 982 17 95 7 3 26 32 27 457628 127 8724 556
123 913 5 6 11 8 2 62 89 0 6 84 384 1384 15 2314 70 4 072 54 1815 13 7 5 8282 12 414 14 4145 8782 8972
07967 1137 16214 1714 7126 8 9 62 98 42172 995 0979 1712 9805 5063 46073 124 5134 3306 73219 1100 835098
1 9 0 4 7323 92 77 6 2 12 9 2 6 3 23 9 6 8 9 5 1 618 72 37 0 8 34 11 40 997803 424 8387 876
823 623 9 9 82 8 5 22 09 4 1 73 947 1218 59 7335 12 9 682 14 9270 42 3 5 7353 12 850 82 8277 8945 8915
32313 1930 33295 9052 5621 3 4 12 99 06412 515 3982 9857 6410 8433 62217 726 4634 7068 53210 0903 157628
7 2 6 2 5223 42 17 5 9 19 3 9 8 8 00 8 8 1 4 5 6 862 92 95 6 8 47 12 63 897233 724 7702 556
822 863 5 1 09 6 6 19 87 9 7 69 380 6595 15 7316 16 4 912 14 1215 50 3 5 2080 12 115 12 7045 5778 8312
12313 1333 19716 8012 5171 3 3 62 78 12802 813 8984 9812 3255 2419 37218 144 4148 5799 53211 6188 135199
6 9 3 4 0824 49 22 3 9 93 5 2 8 0 08 0 9 1 4 9 4 612 17 45 9 8 26 18 08 205827 582 8193 128
622 127 5 1 66 3 2 13 59 7 1 82 887 5118 09 2800 17 4 912 99 1395 12 3 5 9277 12 716 26 4147 8719 8174
92909 7406 16710 8708 5721 6 8 19 98 92252 815 8912 7512 9895 5465 80955 674 8652 5272 57210 9603 545879
1 7 3 4 4132 47 12 1 3 19 6 2 5 1 28 9 2 8 8 5 6 322 18 45 8 5 29 42 90 871558 178 8123 556
573 153 8 7 77 4 9 02 89 6 9 84 897 1645 15 6014 12 4 912 08 0285 19 3 5 8681 05 213 12 8141 8981 7717
12898 1836 16265 6582 5428 3 0 18 88 15702 097 8912 9812 5713 5819 14285 124 5166 5315 83393 6153 156139
7 5 0 4 5193 33 16 5 9 84 9 2 0 1 20 9 0 6 4 7 1 612 18 98 6 8 77 18 61 896299 449 1523 559
439 961 5 9 82 8 0 72 89 2 5 82 983 1204 15 8501 12 4 908 14 1217 19 5 4 1985 90 655 82 4040 1712 8951
12097 1232 18449 8812 5785 3 5 02 99 12174 918 5954 9612 4675 9040 16215 064 7348 9912 53213 6173 125866
1 2 6 4 5157 15 15 5 5 12 7 8 7 6 03 3 2 3 4 1 1 914 10 40 9 8 92 12 73 791343 126 8180 556
273 185 5 4 92 8 2 98 99 0 1 87 960 5215 45 2714 82 6 712 14 1595 17 3 5 1285 25 418 02 2385 6060 0812
34307 1139 93255 8702 5135 3 3 15 95 97187 817 8917 5817 3645 8803 87815 028 5834 3018 13657 5903 125081
1 8 6 4 8123 99 82 5 7 52 9 2 7 9 20 7 2 1 4 5 9 962 12 41 8 6 04 67 23 891423 129 7820 876
163 126 0 9 91 6 7 58 69 8 0 82 168 9214 85 2754 15 4 965 11 2285 12 3 8 9299 20 515 12 2509 7773 5592
1 9 3 7 7323 49 42 5 4 10 9 2 8 1 42 7 0 4 7 5 1 912 15 47 9 8 71 07 24 283726 164 8823 556
143 193 7 9 47 8 2 12 89 6 7 62 997 1314 59 2312 12 4 712 04 6793 54 3 3 7782 21 062 84 2945 8912 8969
78885 1435 76819 8792 3787 3 5 52 48 72210 598 7382 9812 1213 3213 92815 163 8864 5733 83363 7176 023736
7 0 9 4 5523 71 17 5 5 19 7 3 5 1 48 2 7 3 4 8 9 952 76 45 4 8 87 18 13 831983 124 8597 556
85 423 3 3 84 8 2 18 49 9 6 52 116 4934 93 2317 80 4 919 77 1246 02 9 5 6283 82 449 81 0269 8712 4482
82910 1937 49245 6776 9577 6 5 10 88 12182 725 4657 9012 1215 5413 92215 264 5292 8318 93404 3583 123100
1 5 3 6 5229 45 15 5 7 12 3 9 9 0 28 1 2 1 4 5 3 969 12 45 9 3 98 12 53 854289 925 7523 917
425 196 5 9 19 6 6 69 86 8 1 31 983 7764 95 2868 12 4 946 94 1217 62 1 5 1759 96 493 19 2969 9849 9772
12396 6134 63541 3703 5128 3 6 12 57 17102 815 8015 8816 8215 5913 12248 227 0735 5292 53517 1165 175198
1 5 3 4 5123 97 01 5 7 12 9 2 8 1 48 0 9 2 7 7 1 912 17 45 7 7 24 65 23 841526 134 8173 455
093 953 8 9 46 8 2 86 08 8 1 52 488 5290 45 3384 12 4 919 74 2817 41 6 5 5489 05 479 12 7145 3702 8911
07375 3135 13294 6982 5521 3 5 12 98 25106 835 8875 9932 1255 7413 52283 110 9136 9311 83453 0187 875093
7 2 3 4 0578 45 92 6 5 92 6 2 3 6 26 9 2 1 2 6 1 932 72 47 9 8 28 18 20 907323 121 5110 655
995 928 6 9 22 8 2 18 99 7 3 77 907 9884 88 2314 11 4 912 88 6207 13 7 8 5908 24 419 06 2746 2738 8682
12643 4135 14969 9964 5547 3 5 58 88 56152 479 9999 9819 3295 5879 02680 669 5133 4712 33818 1193 055898
0 6 6 4 5126 42 12 5 3 68 8 3 8 0 63 9 8 6 5 7 1 912 14 49 7 3 24 16 70 191863 124 7922 538
623 918 5 3 12 7 8 89 66 8 1 82 080 8262 85 6219 95 0 912 78 1219 15 1 0 1489 82 714 67 5173 8192 6712
72313 1133 97118 9796 7129 3 5 12 48 52741 817 8587 9812 2464 5866 12115 904 6184 5360 93213 5158 128198
7 2 8 5 5120 89 52 5 7 18 9 2 9 1 28 9 2 1 4 5 1 710 92 45 7 6 54 62 24 081823 220 8509 596
142 163 5 9 12 8 2 80 88 8 3 18 987 7232 18 8713 19 6 219 04 5414 12 3 0 6206 12 697 71 2995 6974 9892
32663 1478 13015 8717 5780 0 6 15 50 19195 816 8919 8658 5915 8963 69015 524 0514 7314 53274 9673 925148
8 2 4 8 5193 55 12 0 5 18 9 7 9 1 68 1 6 5 0 0 1 759 12 45 9 5 54 15 29 699854 664 8123 556
173 098 5 9 16 0 2 12 89 8 8 87 986 1406 16 8317 42 4 614 74 1213 97 6 5 0076 12 016 62 2374 8766 8912
19313 9635 73210 8712 5171 7 7 19 98 72162 565 8907 3892 3218 8419 72785 124 2190 2925 63037 1653 365140
1 2 3 4 5163 25 19 8 5 87 8 2 9 9 78 7 4 7 4 5 1 984 04 46 8 8 09 02 23 867024 925 8141 556
853 166 4 7 07 8 2 12 89 9 1 98 987 1514 49 2717 11 8 799 54 5810 12 3 7 1084 06 547 19 2349 8882 4918
62378 1167 93215 8917 5121 0 8 11 98 92142 810 8516 3812 8015 6556 42275 969 0534 5013 53318 1553 183158
1 7 0 0 5103 75 72 5 7 12 9 3 3 1 23 9 2 1 7 5 1 892 22 61 9 8 47 03 83 491796 126 8333 480
907 923 7 9 12 8 5 19 69 5 9 97 337 8704 95 4369 02 8 712 13 1274 72 7 5 1229 34 527 16 6946 7118 9785
13809 1335 87335 0712 8857 1 4 62 90 67102 869 8976 9921 1298 5613 12266 996 8144 5589 43013 4653 625549
1 6 3 4 5884 45 30 5 5 05 9 2 4 1 97 0 2 5 8 5 1 912 97 45 7 4 94 74 97 896256 126 8193 986
923 163 4 9 19 8 5 62 83 8 1 69 947 1218 70 2814 66 0 816 39 1673 13 3 5 6290 52 485 12 1345 8212 8917
94816 5135 14312 0702 8120 6 5 48 99 32732 889 8950 9858 1215 7479 22314 824 6054 0371 87903 1153 185199
0 2 3 5 5013 45 56 5 8 92 9 2 4 1 94 9 1 1 4 5 1 962 18 05 9 7 24 18 27 893553 184 0873 455
883 820 5 5 17 9 2 52 89 9 1 82 600 1319 95 8314 92 7 968 16 9018 92 3 5 1983 93 935 12 9145 8609 8489
12117 1145 79918 8719 5198 3 6 12 99 52872 895 6808 9918 0757 6313 13215 216 5934 7312 50213 4763 195984
5 2 9 5 0120 48 02 5 5 10 7 6 5 1 28 9 2 6 4 8 4 985 77 95 8 3 34 95 26 891729 034 0228 146
59 684 5 5 79 6 9 73 79 0 3 90 964 4214 76 2314 12 7 833 14 1019 72 3 5 1244 42 513 82 3795 8710 7812
52313 7655 93992 3762 5081 3 1 02 94 12192 815 7917 9712 1511 5943 82218 428 7979 6317 54210 1163 899168
1 3 4 4 5708 44 18 6 4 57 9 3 0 1 28 3 2 1 7 5 7 997 12 17 8 8 69 72 03 793527 185 8673 556
599 128 5 9 13 8 2 92 89 9 7 82 927 1512 35 2374 90 8 918 94 0214 32 9 7 5839 72 919 10 6135 8786 8900
08369 3791 12915 8978 5931 9 7 81 97 67432 879 8503 9899 7385 8416 95815 024 0134 5929 53217 1151 102198
9 2 9 4 9144 98 88 5 5 12 9 8 8 3 28 6 2 7 6 0 1 582 17 35 7 8 94 92 23 891728 165 9483 823
667 977 0 9 99 8 8 42 59 6 1 38 629 1214 59 1864 10 0 916 96 1270 17 3 6 1289 96 545 62 2125 8340 8517
15394 1735 27215 3930 6151 7 6 05 93 18984 892 2912 0852 9515 9497 40215 124 7734 5689 93513 5859 135107
1 6 3 4 7173 47 12 5 5 90 8 7 6 1 28 9 7 6 4 6 1 442 58 05 9 9 54 72 99 891236 124 8723 259
056 143 8 9 14 8 2 22 59 7 8 35 969 1844 45 2814 39 4 914 19 7713 12 9 6 1689 39 419 12 8145 6812 8508
14653 1136 77618 8519 5796 8 6 52 98 92492 915 9963 5812 1734 1905 12715 484 5124 5388 50793 4355 199195
0 2 3 0 5173 45 17 5 5 73 9 9 7 7 29 8 2 7 9 8 1 012 13 97 9 8 74 52 56 881845 914 6526 855
027 124 6 6 16 8 7 12 29 9 6 42 898 1204 45 2394 82 9 022 19 3975 10 3 5 5284 12 483 15 2747 6812 9810
89218 9165 19217 4787 1061 3 7 97 68 62102 815 2982 5747 8915 7784 17564 134 5133 7316 53813 1553 355188
1 4 8 4 4183 05 22 5 0 82 2 2 8 1 48 9 5 9 4 5 6 949 12 79 9 3 19 92 26 961253 728 8527 506
154 869 5 9 19 8 2 17 84 7 2 82 987 1619 99 8314 14 5 952 16 8210 72 3 7 1986 92 915 16 8145 8712 8992
12313 1133 69263 2912 5921 3 5 62 94 92319 918 8964 9810 1415 5413 62244 593 5954 0562 50278 5703 125438
7 2 6 4 4199 08 18 5 5 67 9 2 7 1 58 0 5 1 4 2 6 782 12 87 8 4 70 17 21 921387 194 8963 558
767 953 5 8 19 7 8 12 89 6 0 42 589 1884 94 2478 16 6 618 99 1715 62 3 1 0509 56 412 14 6145 8712 8972
12549 1689 53219 8717 5127 3 5 12 98 19967 713 0992 4813 1215 5413 00294 121 7194 5072 58213 1453 124968
1 4 3 9 5696 05 02 7 5 19 9 6 4 9 88 5 7 8 4 5 1 962 87 96 6 0 29 12 23 791623 125 8724 996
985 124 2 9 18 8 4 10 89 7 7 84 967 1217 78 2365 12 4 118 16 6863 84 8 5 1589 22 484 19 3940 8015 8468
52703 0439 83305 6715 5121 3 5 32 98 95142 465 8814 0812 1015 0860 12215 121 7638 8368 83713 5853 125118
2 2 5 7 0126 35 22 8 5 68 9 3 8 1 57 3 2 1 4 0 1 827 82 44 8 6 24 23 23 678223 928 2120 056
173 523 5 6 98 8 2 73 79 7 1 82 957 1268 99 2319 22 9 582 67 1287 12 8 5 5288 94 445 89 6157 8782 9012
12319 9255 53218 6712 5941 7 7 47 98 22146 928 0993 9709 9205 5756 17710 155 8135 5068 63513 1073 625143
1 2 8 0 5759 44 12 5 0 17 9 2 7 8 68 5 2 4 7 3 1 966 19 44 6 0 93 82 03 861504 124 7156 576
821 883 5 9 12 8 5 19 89 0 1 66 456 1224 15 9314 12 0 916 94 6279 10 3 3 4988 19 685 70 8199 3716 9992
62513 1233 93845 8712 5161 3 5 70 88 12806 064 7312 3883 9265 6413 17985 284 5194 6375 53123 8552 594628
1 2 7 8 5623 40 16 5 2 52 9 2 8 7 28 9 9 3 9 8 7 302 72 57 9 9 24 32 20 991929 194 8151 575
193 153 6 9 12 8 2 46 89 8 8 02 987 4324 03 8094 12 8 997 09 5260 02 3 5 1389 62 516 95 9942 9212 1467
19289 4873 33815 8062 5557 3 1 12 38 19159 805 8972 9899 0234 6817 64270 495 5634 4379 02273 7496 735198
5 2 3 4 2123 96 12 5 0 12 9 2 7 7 28 6 0 1 4 5 1 972 16 96 0 8 27 19 53 898223 178 4584 406
56 183 5 9 16 8 2 02 86 6 7 80 937 1388 15 2984 32 4 917 89 4215 12 2 5 9287 19 682 15 2145 8710 8916
73853 7775 13715 5712 5171 9 7 19 88 17172 865 8919 8712 1055 5610 12215 127 5538 5317 06023 1853 175947
8 2 5 6 6123 48 12 7 8 32 9 2 0 3 27 8 9 8 4 0 3 912 00 40 9 5 29 12 61 892223 964 8156 536
163 929 0 7 82 8 8 19 77 6 9 85 987 4644 18 6368 16 4 315 57 9295 39 3 9 5289 42 417 62 2198 7712 8615
87313 5175 72275 7749 0157 8 5 12 98 93602 912 9885 9812 1615 0756 75215 120 4946 5995 53515 2869 825898
1 9 6 4 5883 05 82 5 0 12 6 2 9 8 79 0 2 8 4 2 6 912 32 48 9 8 24 12 20 835880 124 0123 550
583 153 6 9 12 8 2 14 83 8 9 88 987 6794 78 2967 18 4 912 17 0535 19 8 5 1767 12 475 12 2160 9816 8872
19317 7976 03519 8659 5151 3 5 18 14 16492 819 8918 9819 1615 7475 12855 124 2894 1816 59583 9853 825198
6 9 3 7 0156 65 82 5 9 12 5 2 7 9 93 9 2 1 4 1 3 812 12 90 9 6 24 82 29 096029 125 6493 766
729 123 3 9 52 8 7 62 86 6 6 92 827 1014 52 3364 28 4 968 88 6886 12 3 6 1289 10 465 69 5185 8616 8989
42213 5745 18158 8792 9999 6 5 99 68 12114 488 8912 9892 1415 5479 42496 184 8634 5375 53416 3657 137096
5 2 6 3 9128 45 52 0 9 60 9 2 6 1 99 4 8 1 2 7 0 902 34 48 6 8 28 76 23 993202 184 8728 554
123 963 5 3 12 1 9 12 69 8 1 82 780 6894 85 9768 19 4 995 89 6295 78 6 5 0787 18 757 92 2105 8162 0912
12312 1158 63232 8918 0906 9 5 12 93 57182 576 4714 0816 1415 6414 82215 564 8914 7356 53896 8795 178570
5 2 3 4 5226 35 19 0 4 10 7 8 9 1 28 9 6 8 3 5 2 358 52 75 5 8 26 12 83 691683 120 8123 556
186 815 3 5 12 8 9 12 87 7 5 17 984 6844 15 7364 18 4 693 38 9215 17 3 5 1284 81 419 12 8145 4017 8912
15319 3484 18213 0779 5821 7 4 02 98 82065 815 8612 4814 6412 5410 12245 149 5331 0396 53163 6453 126178
1 9 0 9 1103 95 02 6 5 09 5 7 4 1 78 4 8 1 4 5 7 492 85 95 5 8 99 12 21 561360 371 8724 466
826 023 5 9 08 8 2 97 89 5 1 88 787 7216 65 2314 17 2 912 19 1979 82 7 8 1009 99 419 12 2115 4819 8469
12316 6236 40416 8719 5162 3 5 12 86 12822 861 1692 7812 1586 3518 12965 185 6946 5338 63689 9118 135199
8 3 3 3 5923 45 79 5 9 08 9 7 8 4 68 0 8 7 4 7 8 953 12 46 9 3 21 19 23 818833 858 8129 663
013 463 5 9 12 8 1 62 58 8 7 89 788 1737 15 2990 92 6 972 97 1630 00 8 4 1285 97 435 55 3665 5788 9311
33352 7035 33808 8712 5121 3 5 32 98 76852 325 4363 1896 6656 5493 26914 804 6096 5364 98263 1133 835299
1 5 9 4 6629 49 52 6 8 52 9 6 4 1 28 7 8 8 4 5 1 912 39 46 9 7 24 18 03 871223 828 7687 589
420 043 5 8 62 7 2 13 87 0 1 72 987 1424 85 2300 19 0 692 64 1215 12 3 8 1089 70 435 98 3149 8792 8975
36843 4889 63441 1792 0321 9 7 19 97 14187 216 4852 8872 4560 7453 12866 124 5932 5960 56213 5153 885498
1 2 3 4 9125 07 12 7 5 98 9 4 2 7 48 5 6 8 4 9 0 616 82 45 8 8 74 92 03 991725 124 8803 756
629 023 5 5 72 5 4 12 89 8 4 82 837 7084 04 2614 15 7 493 84 1281 72 3 7 1259 12 495 62 4745 3312 8514
90313 1138 74616 8718 8944 3 5 32 98 83970 815 8942 8676 1215 5917 18295 929 5494 6112 59217 1154 705067
0 6 3 9 5883 25 10 5 5 73 2 1 9 1 28 9 4 7 6 5 0 786 42 49 9 6 24 12 28 901228 774 8173 556
123 455 8 4 10 8 8 92 79 9 1 92 047 2015 29 1824 97 4 322 44 1983 16 3 5 0285 15 485 12 7345 8728 1922
12393 5172 13545 8739 5198 3 6 12 90 42187 915 8982 9812 1585 5489 12281 820 6745 3078 03716 2106 925198
1 5 8 4 5523 75 12 3 8 69 0 0 8 7 29 7 8 1 4 5 1 992 18 45 6 8 24 06 24 831223 189 8359 856
58 123 5 9 72 8 2 52 09 7 1 82 782 4214 15 4359 58 9 996 44 1297 89 3 8 1599 16 495 16 2545 8702 8012
17317 7105 93211 8719 2131 3 6 12 57 19522 815 9212 9475 4214 5452 72618 145 5130 5312 85273 8059 121198
0 9 0 4 5933 85 92 5 3 07 9 0 6 9 28 9 7 1 7 7 5 939 18 39 1 9 25 62 23 887223 726 8993 157
423 083 9 8 52 9 2 45 89 9 1 49 981 9676 76 2711 98 2 882 19 1696 12 8 5 1909 12 410 14 2975 0412 8012
70983 8835 99515 8917 4126 3 5 16 38 15192 890 8915 4772 1079 4213 19210 165 8554 5314 84213 1686 459178
1 2 5 4 5120 75 92 8 8 12 3 2 5 7 29 9 9 1 3 2 0 842 12 75 5 8 78 06 24 890296 924 4103 873
973 188 5 9 88 8 9 80 32 9 1 56 787 1642 15 2384 70 4 608 38 1995 02 3 5 0790 12 460 12 5245 1012 8014
14315 1633 11598 8772 6128 4 9 10 58 19127 895 5912 7488 9045 0413 12975 228 5480 2314 59211 1153 865198
1 7 4 9 4920 84 96 5 5 82 3 8 9 9 28 8 2 8 4 5 3 914 16 15 7 8 64 82 53 146723 884 8481 846
183 173 5 9 17 0 2 88 83 1 0 86 987 7264 18 2769 12 4 805 74 1615 12 9 1 1984 12 369 91 2195 8702 9212
12393 6435 84684 8882 4104 4 9 17 08 18186 815 8912 9813 0215 8413 31215 150 5138 6312 51616 1303 135690
1 2 3 4 4125 45 97 7 5 12 5 0 3 1 28 9 3 1 0 6 8 324 25 40 5 8 39 62 83 951240 124 8126 556
243 459 9 9 19 8 3 12 87 8 1 89 987 9218 75 9314 32 9 912 13 4216 17 7 5 1799 12 716 17 6184 0715 8912
32313 9577 10265 8765 5821 3 5 12 88 68178 689 6572 9816 1915 2443 85262 524 5954 4862 93213 4153 127028
7 6 3 4 5135 65 12 5 6 42 6 2 8 1 88 9 2 1 7 5 9 918 62 40 9 4 24 18 63 794243 124 1957 557
723 928 9 2 12 7 2 18 83 8 1 82 787 9084 16 2377 12 4 983 14 7266 10 0 2 1225 65 459 12 2164 8722 8910
63868 9835 14915 6773 6146 3 7 49 98 69170 815 8912 9842 1915 5315 19295 124 5534 5816 57299 5658 125460
1 2 3 4 4793 40 86 5 7 26 5 6 5 1 68 9 1 1 5 0 1 899 18 40 6 8 44 19 44 491933 114 8955 596
163 623 3 9 15 8 2 02 89 9 6 44 947 1293 75 3314 12 4 817 94 1798 06 8 6 1249 12 655 62 2248 6012 0942
53013 1129 11215 9712 5121 9 5 12 98 82172 885 8049 9914 1215 5483 12885 615 5839 6872 53618 6158 125198
3 2 9 4 5103 95 48 6 5 12 7 3 9 9 26 9 2 9 7 5 1 912 12 45 5 8 88 12 23 875527 124 8125 656
113 123 4 9 46 8 0 49 09 8 1 62 517 1264 15 3318 42 9 917 94 8296 12 0 5 1489 12 915 14 2745 8010 7312
16313 1138 16917 6512 2171 3 7 10 98 83162 866 0912 9812 7286 5416 92516 984 5233 5112 53213 1450 399948
9 0 9 4 5729 45 16 7 5 64 9 2 9 4 88 9 7 6 3 4 1 958 12 59 9 7 34 17 93 045223 990 8680 856
810 792 1 9 94 0 5 40 89 7 1 82 987 1224 88 3304 62 5 959 04 1914 17 9 5 9369 72 388 20 8345 8712 0910
92386 9578 63815 8917 8128 4 7 97 99 12742 516 8986 6312 6816 5413 99213 864 8194 8357 83103 3169 136555
6 2 3 4 5069 05 79 5 3 24 9 2 6 7 98 6 2 1 8 9 1 992 78 49 7 8 37 38 23 897023 524 8121 956
983 593 5 9 02 8 4 37 87 0 9 07 864 1214 14 2316 12 9 418 14 0910 96 3 5 1270 24 468 12 2145 5818 8982
78313 4109 39285 0768 5129 3 9 14 98 11155 646 4918 7817 0905 5443 11815 638 5134 5582 55847 9961 128189
8 2 3 8 5023 40 09 5 5 10 7 2 7 1 60 9 8 7 0 5 5 661 62 99 9 5 54 12 22 850227 125 3123 986
107 127 0 9 72 8 9 12 89 9 1 82 589 1244 43 7019 82 4 712 14 7115 18 3 5 9289 12 914 42 8185 8749 1638
16430 1747 15248 2012 0671 4 5 12 79 92852 956 8752 7202 3615 4718 82417 994 4184 5032 59213 5480 175793
1 9 3 6 3823 75 62 5 5 15 9 2 5 8 55 2 2 8 4 5 9 912 42 48 9 8 29 19 91 791273 204 4115 566
56 824 4 6 02 5 9 02 88 1 1 82 907 1814 15 8668 22 4 914 18 1417 12 8 4 1246 89 415 16 5546 8917 8498
12313 7305 23265 7717 5121 6 7 62 78 82142 888 8912 0812 0215 5415 32569 056 5734 5312 53209 7103 185698
5 2 5 2 5103 33 12 3 5 12 9 7 3 1 28 9 2 6 4 5 1 612 98 47 9 8 74 10 83 572299 585 0183 559
123 629 8 5 02 8 2 89 75 1 5 82 680 3210 55 2604 91 4 575 84 7575 12 3 5 6208 12 415 12 5705 8959 6652
46013 1431 13216 9742 5193 4 5 02 98 72172 815 7962 9714 5879 9409 48710 164 7177 5912 88413 6107 820175
1 2 3 6 2928 47 76 7 6 22 8 2 7 1 20 9 4 1 0 7 1 052 14 49 5 6 24 76 20 795524 125 5193 566
794 723 4 9 16 8 9 02 95 8 1 89 987 1784 87 2104 12 4 519 49 7715 77 8 5 6645 19 986 48 2195 7012 8412
74373 1965 89619 8510 7126 4 5 98 59 82040 015 8916 9882 9217 5183 66749 142 9148 5312 26243 9153 105188
4 2 3 5 5620 49 92 9 5 12 9 2 0 5 25 9 3 0 4 5 0 977 14 66 7 1 94 98 23 891225 424 7179 586
723 529 0 9 18 8 0 12 88 2 1 82 980 1744 55 7960 72 4 522 17 1219 60 3 7 3279 12 415 12 9415 8744 8219
15900 8815 23217 5373 5199 6 5 32 96 19826 815 9962 9819 7864 5413 07275 113 5434 5382 63113 0643 629898
6 2 3 6 5123 45 12 5 5 62 9 2 3 1 28 3 2 0 6 9 1 929 14 05 6 0 24 12 93 881281 229 9798 857
733 128 3 3 12 7 2 72 98 8 4 82 997 1574 28 2310 18 4 919 18 8914 12 7 2 8688 92 491 62 2548 8712 8102
10457 1135 19743 9742 5111 3 8 32 96 12145 815 8912 5494 1095 4797 16215 968 5944 6318 59993 8456 147575
9 6 7 7 6193 45 12 5 8 97 8 2 0 6 78 9 7 1 4 7 1 912 14 55 5 8 64 19 33 890886 194 8933 653
123 123 7 9 14 8 6 89 89 0 7 88 957 0784 14 4819 51 6 716 64 1615 52 5 0 8429 18 410 92 5748 8912 8992
83114 1235 73215 8056 9121 3 4 13 98 82282 815 8972 0118 1055 7476 82711 128 8504 6369 56583 1744 316187
1 2 3 9 5123 95 72 6 5 13 2 6 9 3 95 5 6 9 0 5 1 912 92 07 4 5 31 13 23 636959 124 2123 599
683 491 9 4 88 8 3 17 89 3 8 12 587 1614 15 8376 12 4 977 30 1215 54 9 4 8659 82 465 18 8942 8712 8439
12913 1495 76718 8712 9135 3 0 77 88 12175 276 8911 9824 1365 9413 92087 534 7156 5319 37269 1159 145978
8 6 5 3 5120 45 79 5 4 82 9 2 1 1 25 9 9 1 4 9 5 972 92 46 7 7 24 19 73 791827 124 8628 556
187 273 5 9 32 9 2 12 89 0 1 80 682 3476 02 6354 22 4 019 19 0810 72 7 5 0289 59 089 96 0845 8737 8918
10813 1137 77315 8792 5121 6 4 58 48 72108 883 9972 8982 1117 5423 95255 164 5284 1377 53913 3129 855198
1 7 6 4 5172 45 10 5 9 12 9 2 3 1 68 9 7 5 4 5 1 910 12 13 4 8 44 82 98 811223 127 8423 559
109 843 5 5 12 2 1 92 39 8 1 96 928 1224 59 9684 40 4 902 84 1295 12 3 5 8866 52 415 14 6747 5776 5913
42683 0135 83215 7717 4134 3 5 82 97 12982 715 8112 9892 1485 5093 19287 948 8136 7366 53448 1853 175091
1 6 7 6 5973 45 67 5 5 07 9 7 0 5 03 9 9 0 4 0 1 015 92 48 2 7 28 82 23 847821 127 8092 556
025 191 5 9 57 8 8 16 79 7 1 80 987 1514 10 3339 17 4 812 24 1325 12 8 4 9597 12 415 12 8135 0714 0897
12861 1135 81275 8512 9127 8 5 12 98 12109 869 8116 6812 2225 5489 50477 124 0427 9312 52219 1934 824248
1 8 3 7 5736 35 17 5 9 32 7 2 3 1 23 9 2 1 7 5 1 810 92 47 7 8 64 96 90 891843 904 8123 521
823 123 7 3 18 8 2 64 89 6 1 87 987 0208 98 6911 18 4 982 14 1516 19 8 8 1243 67 415 12 2549 8907 8042
14313 7335 13618 1712 8404 0 3 12 00 82698 818 8918 4919 5055 8813 88219 187 0992 6372 25943 6227 425188
4 2 3 4 8173 85 92 5 7 42 8 2 4 1 24 9 8 1 4 0 1 912 12 45 9 8 44 12 73 895274 678 8625 357
34 193 8 9 74 5 7 74 88 2 7 08 979 5214 86 9284 82 3 315 38 7225 56 4 9 7457 55 415 12 2595 8796 7903
12815 4195 13916 8962 8776 4 2 12 97 38562 705 8992 9812 1218 6483 92015 448 3049 5372 54515 4109 123790
6 6 7 4 9165 45 99 7 8 17 6 0 9 0 25 9 2 1 5 5 4 912 62 67 8 8 24 12 73 891227 824 8728 557
523 887 9 9 10 6 6 14 89 9 7 62 987 6289 97 2317 17 0 878 04 1905 12 7 5 4279 97 465 12 8695 3512 8445
42113 3135 15615 6791 6191 5 9 15 54 10768 915 8963 7842 1048 9413 92215 384 5144 9882 53217 7857 145176
1 9 7 4 1023 19 79 4 5 72 8 2 5 1 27 9 9 9 3 9 1 478 42 40 7 8 24 12 28 898856 674 8175 586
923 789 5 7 18 8 2 18 82 8 1 68 489 7416 45 0314 12 7 903 14 1278 12 8 5 1389 77 475 12 6595 8016 1612
89113 1745 33265 8619 3125 3 5 72 93 18944 877 9762 9812 7298 5513 18855 124 8534 0612 83213 1653 575898
1 7 1 4 3128 45 80 5 9 10 6 2 8 6 26 9 8 4 4 5 1 772 12 72 9 5 97 18 23 331653 724 7123 246
123 826 5 9 82 8 2 88 49 9 6 82 182 1290 95 0314 12 4 932 44 1215 12 8 5 1289 85 815 48 4710 8747 8996
18253 1170 03215 9719 5176 7 8 92 98 82499 845 8907 9652 1215 2430 12285 828 5134 5782 40817 9130 165198
1 2 3 4 0623 19 84 8 5 12 9 3 0 1 48 6 7 9 7 7 8 070 62 45 9 9 25 11 28 749338 929 8113 579
123 623 7 9 10 8 8 14 59 0 0 40 903 1119 95 2024 12 8 912 99 8019 12 4 5 1289 12 415 62 4165 8314 0012
28015 1184 19245 8549 6921 3 8 92 98 02100 045 8973 4319 7285 5813 02519 124 5164 8349 00215 1196 568191
0 2 8 4 7059 15 62 8 5 18 9 2 8 1 20 9 8 6 4 5 1 716 12 46 7 9 24 19 97 897226 824 8133 056
429 165 8 8 51 7 8 92 77 2 6 24 987 3364 28 2395 14 8 312 78 1615 92 0 5 5669 19 469 86 2837 8782 8617
54312 9955 83215 7789 7129 2 5 92 88 18167 815 8272 9823 1295 4080 04995 529 5180 5382 51218 1134 823197
8 2 7 4 9129 42 12 6 5 02 8 7 9 1 25 6 9 1 6 0 4 988 28 45 7 8 24 16 23 685923 124 8823 953
123 823 5 9 82 8 2 12 89 3 1 19 977 9294 74 2599 10 0 852 64 5292 90 3 8 9982 92 215 12 0245 6312 9917
92313 7035 17015 6782 5420 3 5 19 48 15193 875 6082 9812 1791 5993 55515 174 6764 5399 59653 1793 126196
5 2 8 9 5193 15 12 5 5 12 2 7 0 4 67 9 2 1 4 5 1 932 12 49 9 8 34 12 09 597029 127 5144 790
923 123 9 9 62 8 7 12 19 5 1 52 987 1914 72 8354 17 8 069 20 1207 69 9 5 1929 19 955 71 8148 7052 8910
18384 1195 17245 7712 5827 3 0 42 98 51769 959 8612 9012 1215 5413 17230 194 5132 8366 58513 1188 125878
2 0 7 7 5122 45 42 9 5 12 9 2 9 0 29 9 9 7 7 5 5 332 12 45 7 6 27 12 23 701408 428 2299 656
055 789 3 9 99 9 5 12 89 6 3 82 986 1210 74 2004 47 4 532 19 7915 19 8 9 6250 12 408 12 2745 2389 8980
12373 1638 93315 8936 1151 3 4 62 90 12869 806 8585 9869 1080 8905 12585 824 4137 5752 53771 4962 125999
7 2 0 4 8173 25 80 5 5 12 9 9 2 1 18 3 2 4 8 5 1 902 15 97 0 8 24 57 24 799806 924 9124 207
075 175 5 3 89 0 9 12 89 6 9 96 589 1605 85 0292 90 5 362 14 1217 16 6 7 1243 12 445 62 7980 8715 8912
92213 7730 79654 8892 5125 3 5 12 90 84522 886 8972 9452 5270 6476 12205 185 0189 6912 53203 9196 425105
1 2 3 0 9120 41 05 6 0 15 6 2 7 4 97 9 9 9 8 5 1 902 72 85 0 6 78 13 43 881853 494 8129 049
963 323 9 8 92 8 9 92 89 6 8 42 987 1064 85 6854 10 9 112 19 3865 72 5 5 4282 11 885 12 2643 8519 8912
12513 1185 95611 7925 8921 9 6 18 98 18196 855 7912 0402 1205 8417 55285 524 5934 5325 50210 1505 167908
1 2 9 4 6123 40 19 5 8 12 2 2 9 5 20 9 7 1 9 1 0 718 98 56 7 8 20 12 26 099827 107 8120 856
28 121 9 5 92 8 8 12 45 8 7 82 187 3816 18 6314 12 8 910 14 5915 47 3 9 8370 02 419 62 8135 4882 7952
72329 1475 23219 8742 3161 7 5 27 78 20716 755 8617 9807 1403 5508 12215 188 5866 5939 53293 8193 136188
8 2 5 8 1926 95 12 5 3 15 9 6 8 5 29 9 2 1 1 0 4 482 94 48 9 7 28 52 23 891023 127 8923 350
826 873 9 6 18 0 2 59 89 2 1 02 985 8846 85 0314 47 4 916 93 4052 26 7 5 4289 14 415 03 5862 8712 8914
12816 1135 84295 8962 1521 1 5 78 98 10189 618 8812 9872 7015 5416 17285 128 9834 0842 93513 8263 065268
1 2 4 4 6823 48 92 5 5 52 4 4 7 9 28 9 2 1 4 8 7 797 38 65 4 7 28 82 79 504223 169 8526 736
207 177 8 6 12 8 2 12 89 9 1 40 980 8244 19 9999 02 4 612 18 9835 09 3 4 1499 19 415 67 3549 0913 8915
62733 0787 73717 7742 7178 6 1 92 47 05276 988 6972 9042 1260 5717 16914 125 5154 2814 83217 9156 557892
1 2 8 4 5683 45 97 5 5 10 9 2 6 1 28 9 2 1 4 6 9 962 82 45 7 8 26 82 26 901229 974 8122 512
183 123 6 0 72 8 2 30 87 2 1 88 784 7249 15 2634 12 4 992 16 1288 86 5 5 1669 16 474 62 2845 8719 5919
12399 1139 03615 8712 5121 5 8 19 98 17102 846 8912 9715 8288 2817 11246 154 9144 8322 53948 1650 725398
9 6 3 2 1720 45 15 5 5 10 3 7 6 8 28 0 2 9 6 0 1 987 11 46 9 8 25 92 28 894524 227 3127 556
186 683 5 8 12 2 2 10 41 9 9 82 907 1294 94 2314 60 1 912 78 4245 15 0 5 1889 15 698 92 2145 5406 3015
12368 1335 87715 3712 5401 3 1 12 38 54599 665 0978 8339 1212 5410 12215 926 8137 8682 13511 1993 190186
0 8 5 8 5143 43 39 5 4 12 9 2 7 6 78 9 3 1 6 8 1 632 19 55 7 8 99 11 29 991223 194 4199 586
988 923 5 9 72 5 2 70 99 5 8 02 397 1188 05 0580 17 4 917 74 9950 12 0 5 7788 42 355 48 2195 9072 8913
68393 1635 78545 8708 5546 8 5 62 58 07194 817 8967 9812 6265 5966 47215 128 5134 0312 53611 4058 185194
8 8 7 0 8838 43 19 5 5 32 9 5 9 9 05 3 2 1 4 5 1 952 19 47 9 8 29 10 23 891287 675 8720 558
750 123 0 9 11 8 7 82 28 9 1 92 287 7268 90 2314 17 9 912 74 1919 65 3 5 8099 42 078 16 8145 8779 8978
12819 1193 16015 6832 7101 9 8 59 48 16148 885 8875 9437 1215 5719 17285 128 9084 9167 24213 1693 957088
1 2 6 6 3103 98 12 8 7 17 7 2 8 1 24 6 2 1 4 0 0 912 25 48 9 8 26 09 28 887248 194 8839 552
723 783 0 9 12 8 2 12 82 1 7 92 907 2533 10 2428 35 4 573 19 1269 57 3 2 1888 18 338 19 2945 5600 8412
72463 0730 43935 8730 5628 5 5 10 78 02186 910 8913 9872 1215 6813 67688 198 3434 5382 47713 0173 025108
7 2 3 3 4523 97 79 6 4 05 9 2 4 5 68 9 2 1 4 5 1 967 17 49 9 6 54 82 97 491273 124 8107 559
573 820 5 9 15 8 6 12 07 3 6 82 987 8314 15 2618 19 2 949 18 1896 12 3 8 1286 12 819 42 3107 6532 8755
82373 0531 13298 4712 5421 3 9 72 98 02172 817 8942 9512 7215 5413 09516 624 5444 6552 53809 1899 144158
1 2 5 4 5123 09 02 0 5 19 5 2 7 1 25 7 2 1 5 4 4 956 13 30 6 8 42 12 29 896823 324 6523 592
423 607 6 5 19 9 2 92 88 9 1 72 586 9514 11 0814 12 7 472 14 1715 95 6 8 8047 18 495 10 1148 8713 8110
18813 7735 13289 8892 5260 3 5 62 98 93179 811 6551 9819 2276 2413 86756 120 0795 0372 22211 7303 427698
4 2 9 4 2111 45 32 9 5 11 5 4 6 1 80 8 2 1 4 3 7 612 52 45 9 8 34 17 59 891283 154 5193 956
199 123 4 9 85 6 2 23 09 9 1 82 957 1234 76 6744 52 0 912 37 5712 62 3 9 1484 99 785 82 9745 8212 0019
10392 1177 13282 8457 7109 9 5 19 98 10183 859 8973 9726 1116 5418 12948 024 5974 5316 63299 2146 735899
1 2 6 4 5763 05 42 5 7 82 0 2 9 1 17 6 3 1 6 1 1 405 12 53 9 5 20 12 13 401523 124 8623 657
57 123 3 9 18 8 0 60 79 7 1 82 487 1934 15 8864 98 0 959 12 7095 18 3 7 1039 12 418 18 7145 8782 9010
14315 9035 18069 8710 0170 4 8 75 98 39992 895 2915 9969 9219 9493 62715 184 5137 9362 59213 1943 029258
1 3 3 6 8424 89 10 0 7 72 9 9 2 1 28 5 2 1 7 5 1 955 14 75 9 9 74 55 98 091623 476 8123 056
126 905 5 9 01 3 0 11 09 4 9 92 587 1690 17 2384 12 4 982 17 1010 18 3 5 1993 17 915 12 2909 8670 8780
52483 1632 16015 8752 8707 8 5 16 99 22889 715 8982 6502 4215 5403 35217 104 5414 5319 73619 7159 775448
8 2 3 9 9523 45 13 9 5 62 9 2 8 7 08 7 6 3 4 5 2 919 62 75 4 8 22 12 93 806823 904 8103 538
193 026 5 4 69 8 2 55 04 6 5 72 955 9614 89 2341 83 4 932 54 1265 05 0 5 1860 07 419 96 2545 8772 8562
17033 7037 97847 4110 5821 5 5 17 97 18802 485 9892 9583 1815 5412 99607 504 5934 5802 53227 0105 087953
1 6 3 4 5873 24 15 6 5 11 9 9 8 0 28 9 2 3 0 8 7 802 52 45 0 8 54 12 22 694223 305 8127 156
426 528 0 8 16 9 2 18 46 6 1 84 987 1274 30 7314 79 5 832 85 7265 92 9 6 1248 89 375 18 2375 8712 5162
14375 9435 13815 8582 8921 0 5 16 98 12985 084 5811 3162 1815 2443 02945 924 4134 5368 57623 1126 623198
2 2 7 4 5213 45 89 4 9 22 6 9 8 1 26 7 2 3 6 5 1 082 12 46 6 0 89 62 26 290223 829 8923 563
156 324 5 1 92 8 2 11 57 5 1 62 987 7694 15 0324 71 7 912 14 1809 82 9 5 3289 12 897 62 4545 8700 8519
19313 0194 13289 9063 5121 0 5 22 98 82132 812 4972 9832 1915 5413 74289 123 7134 7310 64113 1557 199108
7 0 5 1 1127 44 12 5 0 76 9 6 3 6 99 9 2 6 8 5 0 714 12 78 8 8 29 10 26 897823 948 8670 756
427 123 4 2 12 8 8 15 79 2 8 86 998 7274 16 2798 02 4 912 74 1419 12 3 2 1289 62 080 32 2975 0712 4412
15873 7135 19216 8713 5180 4 5 01 56 12183 465 7848 9492 1504 5453 98269 119 6133 3312 22013 1153 325192
9 2 8 4 5103 49 02 5 5 35 6 2 2 2 05 9 6 1 5 5 4 519 72 40 5 8 89 14 03 804259 634 0390 516
633 107 9 0 52 6 2 17 83 7 2 88 983 7577 15 2378 12 4 907 34 1218 12 7 4 6839 92 250 12 4145 8812 3919
12535 1135 63895 9892 5071 3 5 12 98 52998 897 8912 2824 7215 5779 27417 724 5694 8180 54653 3353 745196
0 2 3 8 6073 19 42 5 2 74 9 9 0 1 84 9 4 1 4 7 7 912 82 95 5 9 04 16 23 870283 723 0620 506
189 983 5 9 79 8 2 32 86 3 1 25 639 7384 54 9347 43 3 992 66 6539 32 3 5 1089 16 415 32 2175 8294 1997
05319 6102 13627 8742 5128 1 8 12 98 12107 813 4917 9242 1218 7043 82215 824 5434 9315 55213 9146 923197
1 9 4 4 5997 75 10 8 8 42 5 2 4 0 28 9 2 1 2 5 1 762 12 55 9 8 20 10 18 871223 124 9860 846
523 163 8 9 98 7 0 12 69 9 7 89 908 1214 16 2317 15 4 997 48 2275 52 9 5 0649 36 613 92 3343 4769 8615
02993 0138 93815 7714 9729 3 6 10 68 71612 310 5919 9817 8595 5819 19915 898 5613 5912 06813 1353 189679
1 8 3 4 5163 45 15 5 5 82 0 2 0 1 30 6 5 1 4 5 9 768 12 45 5 8 72 15 71 863226 526 8013 380
178 134 5 9 12 9 5 10 85 8 1 78 980 0577 15 6385 72 4 942 53 1235 31 3 5 1275 12 415 17 6745 8778 5002
12093 8137 13215 8716 5120 7 8 38 94 19146 715 8758 0372 9215 5419 12299 879 5614 9312 09319 6002 768650
12513 0035 70216 9712 5324 3 2 10 56 75182 855 8992 9995 1362 5433 17217 529 8152 9352 95213 8853 126098
