8 2 3 4 5309 45 42 0 5 96 9 0 3 9 23 9 8 1 4 8 1 880 16 33 2 6 28 72 23 781928 129 8803 856 
123 228 5 9 12 8 2 19 36 9 1 82 987 6219 35 7805 82 8 910 55 8215 12 9 5 1899 09 705 02 2195 8459 8375
79313 8036 63215 8742 9498 3 9 09 98 98139 110 8905 7819 6745 9913 93255 174 0104 5350 83213 1877 125178
6 4 9 4 5123 15 12 4 5 92 9 2 7 8 28 9 2 8 8 5 7 112 12 05 9 1 40 42 20 891224 128 8082 556
59 649 5 5 55 2 2 15 89 9 7 42 199 5200 15 0362 15 2 992 19 4939 92 3 5 4988 81 434 18 5145 8562 8912
84393 3138 75215 8716 5851 3 5 16 08 18172 845 8913 8778 1218 2433 96248 124 5177 6312 53213 5953 065240
1 2 2 4 0769 96 12 5 8 12 2 6 7 1 83 9 6 7 9 5 6 416 86 85 9 8 64 12 23 896423 737 8127 565
803 893 5 9 16 6 7 12 70 1 7 32 987 1206 15 2313 17 4 972 59 1915 16 5 5 1048 14 415 27 4145 8612 5610
68219 9905 19715 8758 8149 3 9 49 73 08982 615 1915 8717 8216 5717 62795 195 8224 8987 23228 1696 189198
1 2 0 4 5123 85 17 8 6 91 9 6 7 9 78 9 2 3 4 5 4 962 69 45 0 3 34 78 93 871297 192 8176 586
554 813 9 7 52 8 5 12 88 4 5 78 987 9790 15 8730 62 8 912 69 1295 62 9 0 1989 19 489 32 7174 9722 8922
52010 2591 73012 9712 5151 3 5 17 78 15107 892 8916 9987 1013 6619 22209 963 6079 9919 40083 1403 157790
9 6 3 4 5126 49 52 5 6 17 9 2 6 1 78 9 2 1 8 5 8 942 12 45 9 8 24 12 25 876923 124 9127 558
273 085 7 8 98 8 2 16 24 9 1 68 895 1216 15 5399 90 6 768 84 2655 90 3 5 7589 15 415 15 7385 8254 8713
62324 1155 13585 8737 6147 4 0 72 98 12102 848 7939 5412 1515 9413 00815 184 8192 7914 33273 1153 525490
7 2 6 6 5690 75 12 5 0 69 9 6 7 1 27 5 2 5 8 5 1 412 70 45 9 8 21 82 88 991023 524 0193 966
895 663 5 9 10 6 2 12 64 9 6 42 987 1462 05 4014 67 4 972 28 8415 35 2 2 2583 12 495 55 2145 7549 7712
12723 1435 88295 0719 5821 4 5 13 39 12174 919 3952 5812 1292 5438 42814 324 7934 8112 53247 1154 535193
1 7 2 6 6977 01 12 8 6 68 8 6 5 1 54 4 6 9 4 5 1 910 99 46 9 8 44 18 99 801204 250 8163 536
139 197 0 1 73 0 2 26 89 7 0 56 077 7229 45 9714 12 4 912 24 7815 52 3 6 5489 69 415 62 0195 8722 0915
92069 5955 60166 3710 5961 3 5 32 94 57979 887 8947 9818 6265 5573 18466 127 4776 5210 50916 1843 125698
1 4 8 4 5923 65 62 5 7 72 8 2 6 3 29 9 2 1 8 5 7 939 99 75 9 8 24 52 23 891227 980 7135 356
123 968 5 9 02 4 9 85 93 3 8 68 970 1295 15 2810 07 5 992 17 8755 37 9 5 1938 82 455 12 4162 0762 8912
12717 1165 13295 8392 5391 0 5 18 58 18172 886 8589 9812 1265 8443 04219 634 5736 0373 73269 8156 175498
1 9 3 6 5823 45 80 5 7 84 6 9 4 6 28 9 2 1 8 6 7 915 12 75 0 0 24 56 25 804228 528 0923 539
125 428 6 4 12 8 2 22 99 7 6 82 959 1728 05 2814 52 3 998 14 1215 08 2 0 7079 94 418 92 1195 5716 8976
12013 4079 14018 8712 5189 0 8 05 78 19152 821 7919 9822 4296 8413 94299 120 5969 5358 58094 5993 441598
8 7 3 4 9183 45 46 9 8 92 4 9 9 5 99 0 9 1 4 8 8 818 12 65 9 8 24 16 97 899943 622 6920 559
183 493 7 9 32 8 6 09 89 8 8 72 586 1919 96 9313 66 6 522 69 8245 92 3 7 1279 14 445 52 2735 8922 6472
15379 4192 83395 6715 5120 9 5 62 96 15538 290 8912 9392 1267 6413 12215 828 3138 9317 21205 3276 128199
9 2 0 5 5796 49 12 5 5 82 9 2 0 4 24 9 9 1 4 5 6 912 34 40 9 6 74 02 70 291233 805 8806 596
123 752 8 7 62 8 2 12 72 8 1 07 996 3219 19 2386 12 4 962 16 1210 40 5 5 1289 32 405 11 2148 9748 2092
6 6 8 4 5650 05 84 5 7 78 1 2 0 1 27 9 8 3 4 5 5 012 15 48 9 8 42 31 28 891223 147 8125 576
193 123 2 3 55 8 7 35 97 0 7 91 997 1677 15 6374 15 9 810 84 1245 33 6 5 1989 40 410 95 8145 6718 4982
18998 1635 13815 8713 5101 3 6 42 56 52368 015 5317 9710 7215 5413 80215 149 5524 5311 58950 9758 126158
0 2 3 7 4103 36 29 1 5 59 0 2 9 0 69 9 9 9 4 5 4 318 94 40 9 4 24 92 73 891250 134 1123 556
57 583 1 7 10 8 6 10 93 9 3 85 986 8214 15 3318 02 4 447 14 9225 66 3 5 4289 19 607 62 2147 8760 7717
10508 7672 13208 8713 8129 4 5 87 94 13942 405 8861 0818 1415 8714 52815 824 3554 5082 74254 1153 125184
1 5 3 4 8183 95 36 4 5 92 9 4 0 1 08 9 2 1 4 5 3 712 12 65 7 7 26 68 89 694224 194 9502 557
766 129 5 9 82 8 7 12 33 4 1 82 998 8294 05 2344 14 4 912 64 1246 15 3 0 4954 13 021 65 8944 9818 8613
12353 9334 93515 9712 5128 3 9 13 58 19198 815 4912 5815 8213 5560 52615 364 5162 5332 02611 6163 825059
1 2 3 4 4325 45 82 5 0 12 9 5 7 5 22 9 1 3 4 1 1 555 70 65 8 8 44 12 23 890225 164 6183 451
148 736 5 2 12 8 4 15 82 5 1 51 867 6618 86 0718 19 3 412 84 1076 62 3 6 1287 18 499 63 5173 0989 8956
92310 9567 17415 8710 5127 3 8 18 94 96881 875 9997 5819 9738 2413 88613 174 5134 5338 83282 3456 148699
6 2 3 4 5153 48 72 7 5 12 4 2 9 5 77 7 2 6 4 5 1 913 16 45 7 8 64 12 28 666883 924 8074 555
136 156 8 9 02 9 0 72 96 0 1 85 982 4884 15 2319 12 4 192 15 5483 17 3 5 6399 37 418 12 2148 8716 7988
12913 0830 10919 8716 5407 3 4 14 98 97298 783 8549 9809 1282 5814 18315 129 5134 0382 43210 4153 125198
1 8 3 4 4198 45 24 6 5 12 9 0 0 1 20 3 2 9 4 0 1 646 72 80 5 8 78 28 33 891223 926 8753 558
159 125 5 5 12 5 2 12 63 9 1 89 983 8238 85 2314 92 4 533 84 1815 62 3 7 6280 87 405 62 2267 4253 8913
12316 8759 17279 8739 5028 9 5 72 95 50026 410 8910 9895 1475 5195 12215 124 5784 5534 15223 1153 927998
6 2 9 8 8163 79 77 5 5 12 0 0 2 4 58 8 4 8 4 0 9 999 82 35 9 9 70 12 28 896733 164 8123 556
663 324 5 3 45 8 4 12 09 5 1 48 977 1541 19 2314 22 8 782 95 1245 79 3 9 1278 90 318 18 7143 6712 4992
03971 1635 10219 9418 5527 2 9 12 98 52147 219 0883 9812 7615 5413 78675 184 5158 5589 53213 9154 455198
7 2 0 4 9695 48 15 3 5 05 9 2 7 6 58 7 8 5 9 7 1 312 85 45 4 8 24 18 23 828223 023 8899 536
666 926 6 1 52 8 6 92 84 6 8 89 088 6228 85 3506 11 7 277 84 6563 12 4 5 0009 82 397 12 2149 4206 9951
59774 1835 15216 8810 8993 1 5 54 98 52770 985 8966 8212 1815 4519 90215 129 7138 5312 45610 5283 426598
3 4 3 4 4926 48 12 2 3 05 9 2 7 1 20 9 4 1 4 5 1 902 84 45 9 8 54 72 23 891823 924 8525 676
123 154 7 9 12 9 4 92 89 0 1 92 985 0881 90 9384 06 3 614 14 1275 12 3 5 1946 19 019 32 4199 4812 0895
75913 7138 83225 6912 5169 3 6 35 08 83366 785 8916 7860 5214 9818 46205 125 5134 4385 55917 0795 955676
1 7 3 0 0553 45 52 5 8 12 9 2 7 1 28 9 2 1 4 9 0 932 12 90 9 0 24 12 65 895987 924 8023 777
795 420 5 3 16 8 0 92 29 2 5 82 987 0214 15 9409 14 7 998 14 9785 19 5 8 1549 32 704 12 0098 8718 9912
37916 1660 74267 9052 5926 7 4 87 98 22157 479 9962 7802 1858 5513 02875 074 5839 6388 55213 5255 598964
1 2 9 4 7317 99 16 8 5 92 9 4 6 2 25 9 2 1 6 5 1 916 10 45 9 8 27 17 99 441203 995 8129 567
109 022 6 9 82 8 2 18 79 8 1 77 030 1214 15 0744 60 4 315 64 6014 79 7 9 8269 79 979 77 3165 6782 8739
15313 1109 95215 8712 7329 8 9 85 62 67422 958 8942 7889 1990 5884 16277 524 9574 5991 85393 7653 125198
9 8 0 7 0123 47 66 7 5 12 9 6 8 4 08 9 2 1 4 9 7 912 12 75 6 3 24 12 26 996523 584 4143 957
150 133 8 1 15 9 6 16 88 5 1 00 706 4904 98 2374 11 6 892 49 1887 19 3 9 3584 17 208 77 2047 8797 8465
39313 1965 65217 6612 9121 3 5 25 32 84447 815 8837 9966 1200 5413 19915 684 5171 9042 83295 6153 028197
1 2 5 4 5266 56 12 1 9 16 7 9 8 4 28 9 2 1 9 5 3 779 52 45 3 8 54 16 74 897023 690 8123 856
51 728 8 8 19 8 3 12 47 2 7 52 952 1284 34 2864 12 7 942 48 4575 19 3 5 1979 69 415 16 1049 8718 8969
39713 1138 18815 8718 6063 3 5 55 68 12492 425 6179 9902 5215 5713 22276 184 4939 4312 59495 2883 195193
1 2 3 4 5222 34 12 8 5 10 8 0 9 1 28 9 2 6 8 5 1 912 15 95 0 8 03 93 93 780820 004 8183 559
147 213 7 9 52 8 2 52 89 0 6 87 942 5214 15 2368 19 4 611 14 1280 46 3 4 1285 44 865 48 7046 2719 8708
47313 0690 67258 7112 5527 3 5 12 44 14490 815 8917 6802 3912 7413 56956 769 6134 6922 58273 0053 625996
1 2 0 3 6413 91 02 3 5 79 9 2 8 1 28 2 6 8 4 5 9 326 92 45 2 8 77 66 67 871597 694 8123 556
124 127 5 9 12 3 2 45 82 9 0 92 987 6214 05 2374 10 5 202 64 8915 16 3 5 4539 65 615 12 9175 8018 9212
52319 1136 09459 8752 5761 7 8 10 98 60776 394 8913 9866 1215 4712 19349 869 5178 5792 75293 7153 225565
1 7 3 4 5123 95 14 5 5 52 4 7 6 8 20 9 5 1 7 5 8 582 18 98 2 8 54 52 24 891437 924 0823 950
523 123 5 8 62 6 6 13 79 9 5 82 887 5414 19 2315 84 9 978 14 7914 18 6 8 1289 12 435 13 7139 6517 8912
22393 7764 17485 6716 8681 0 7 12 98 19562 995 8912 7596 1315 6413 96225 128 6436 5052 34853 0153 025630
9 2 3 9 7128 45 27 0 5 98 9 2 9 9 18 9 6 9 4 5 9 912 12 48 6 8 74 65 56 776223 122 8426 659
123 173 5 9 12 7 5 52 89 4 8 82 988 1210 85 2895 57 3 982 64 2497 76 8 6 5355 12 308 10 8709 9772 0812
88743 6735 19215 3512 9901 8 0 12 97 26187 915 0912 9754 0290 9473 12265 124 5634 5317 93113 1963 125196
3 7 1 8 9993 41 79 8 7 18 0 2 4 8 28 9 9 1 5 5 9 992 12 47 9 9 64 89 23 897689 754 6857 598
323 193 5 9 15 6 2 75 46 3 1 82 187 8214 94 8914 62 9 907 17 9715 12 3 8 3464 28 494 19 9163 9659 8882
82318 1399 53295 8419 5880 6 5 12 98 93132 911 0619 9835 5299 5493 12093 124 7135 6532 53213 1153 045828
9 8 5 4 5123 48 98 9 5 92 9 2 4 8 78 9 5 1 6 6 1 962 12 45 3 8 57 16 28 560229 424 7706 586
124 159 5 7 56 8 2 52 85 4 9 12 885 4215 35 2767 19 9 910 94 1276 15 3 5 5845 18 010 42 4946 9614 8612
80726 8185 13775 8416 6121 3 5 90 88 12452 668 8012 2818 9241 4803 12225 927 6134 3318 95287 1153 175498
3 3 7 5 2123 45 02 8 5 12 7 6 9 0 56 9 2 2 8 6 1 372 68 46 5 8 22 16 23 890278 328 0423 557
743 153 5 8 27 5 5 82 89 9 5 36 578 1714 15 5249 96 9 922 14 9299 62 4 5 1989 19 016 12 7748 8797 5752
18377 3904 58965 6712 5150 3 5 12 98 85194 815 8812 9032 1015 5444 10280 629 4410 5518 55225 1859 175174
1 8 9 6 5163 47 12 9 5 18 9 2 8 1 28 6 2 9 4 6 9 217 90 95 8 5 24 88 23 966026 138 8125 656
528 129 7 9 08 6 2 99 87 7 9 92 983 1219 15 0814 99 4 999 94 6295 12 9 5 0289 94 615 52 3542 8193 7112
19987 1138 13015 6712 5129 7 8 76 99 92082 815 6912 6842 1317 8363 92067 624 6131 3312 53243 1143 758897
1 7 8 9 5193 75 92 4 4 12 0 8 7 1 24 9 4 1 6 5 1 110 71 75 9 8 20 58 63 881227 320 8523 657
126 723 8 9 12 2 6 22 48 8 9 99 685 1764 17 9974 12 4 918 14 5210 12 3 0 5689 86 715 14 8965 0812 7512
21833 9186 13749 8802 1126 3 5 12 98 12890 430 8078 8272 1285 9413 32212 829 9196 7314 56317 1164 905106
9 2 3 5 5193 95 32 7 5 13 9 2 5 1 45 7 8 7 6 5 6 312 08 15 9 8 14 87 93 896727 114 8123 553
723 553 5 9 12 8 9 62 89 9 1 62 985 2290 15 2314 14 4 512 13 6215 18 3 9 9899 22 455 96 6139 8788 8984
12397 0935 10294 8765 9921 7 5 16 96 67588 875 1678 8897 1315 5615 18218 124 5172 0619 58413 1608 560193
6 6 3 4 5923 47 12 5 5 81 9 8 7 8 29 9 2 0 4 5 1 992 22 49 9 7 24 22 99 891827 358 8263 846
58 123 5 0 92 8 1 12 79 9 1 80 784 1454 14 2314 52 4 977 04 4610 52 3 5 1094 59 019 98 6142 8612 8913
51313 1152 13215 7762 5428 7 9 19 55 82132 715 8916 9682 7227 8093 92615 129 8174 5375 53693 1153 525838
6 8 3 4 5123 55 64 8 5 12 3 2 8 3 08 7 2 5 4 5 7 959 82 45 4 9 74 12 27 241629 174 0429 556
190 329 5 9 72 8 2 42 85 1 6 03 987 2215 11 9918 57 9 915 34 1629 47 3 9 1288 62 955 83 6145 5619 8998
15369 2735 13214 8912 7121 0 0 52 99 12665 475 8916 6912 0595 5719 18949 188 0139 5912 95213 1025 925349
1 2 9 5 7729 85 12 6 9 17 9 0 6 1 98 9 7 6 4 5 1 997 14 45 4 8 30 16 46 741293 149 5193 756
929 323 5 4 12 8 2 33 81 7 6 82 689 1114 15 2674 12 9 968 94 1817 17 3 5 5279 11 417 69 8145 8732 8312
12993 8836 13513 8769 5571 9 5 12 93 95397 615 5978 4019 7595 9010 92234 124 5130 1382 96797 6385 699898
6 2 3 4 7193 45 17 6 5 36 5 5 8 1 98 8 2 7 4 5 1 615 78 48 9 5 24 01 29 061223 720 6188 506
523 123 5 9 91 3 8 62 84 5 1 80 638 2214 45 2389 82 4 982 71 1738 88 7 8 1279 13 434 14 2895 8812 5212
96356 1641 18895 9713 1105 3 4 11 91 52188 785 7519 1862 3418 3213 95219 123 5135 4352 53293 1753 925108
1 7 3 4 9173 45 02 1 5 14 8 1 9 9 24 7 9 8 4 5 1 369 96 55 9 8 34 19 67 893823 624 4143 597
075 161 5 9 86 8 2 18 86 3 1 85 887 1814 15 7274 64 4 913 52 7655 12 4 2 7589 82 818 17 2146 8792 9912
10318 0144 79715 8917 3921 3 6 82 97 70042 595 0652 9532 8219 5913 29215 128 5134 5388 64484 1726 115124
8 2 6 4 5128 65 18 9 8 17 9 0 7 2 03 0 0 9 6 6 1 913 66 43 9 8 94 72 63 491223 128 4723 556
123 123 5 9 18 8 2 12 89 3 1 72 984 1228 13 2618 18 9 518 04 8224 99 3 8 1759 30 915 72 2145 3308 8904
80717 1135 53715 8712 8791 7 5 16 88 37521 113 8612 9870 6286 2423 92715 123 5134 5313 33216 1150 635397
6 2 2 3 5523 40 66 9 4 18 9 2 9 7 28 9 5 9 4 8 8 882 12 49 9 3 04 18 57 191225 824 8129 926
527 323 5 9 18 9 2 64 89 8 0 57 987 1219 15 7214 17 4 812 34 1258 57 5 3 1289 94 215 52 9805 7712 7854
62313 1137 18286 8782 5068 3 5 99 98 12962 898 7592 0810 1215 5413 18965 164 9134 5342 34209 8153 123188
1 8 7 9 5769 95 72 1 5 67 9 9 0 1 76 9 2 1 8 5 1 914 30 46 9 7 08 12 64 091723 520 7803 556
698 123 5 9 72 8 3 28 70 3 9 69 686 1264 35 2322 82 3 912 18 1678 82 3 5 1299 12 485 15 2945 8732 0092
14313 8435 13219 3742 5144 3 5 10 88 76569 714 8918 7818 5215 3413 18218 182 9134 9394 93216 1176 522790
1 2 8 9 5323 40 17 3 4 19 0 2 6 1 28 7 8 1 8 5 1 612 92 57 9 8 24 38 23 891223 622 7403 250
973 622 5 9 12 8 2 12 89 7 9 33 977 1296 15 2386 83 4 912 14 7204 72 3 6 0285 12 419 13 2940 3729 6869
62313 3155 67276 9712 0458 0 5 94 28 12852 956 8912 9072 1917 5460 62219 084 5757 5312 69283 1163 126198
1 3 4 4 7785 98 82 8 4 62 9 7 9 7 28 9 8 1 4 5 1 012 19 35 9 3 64 12 23 891609 129 8723 556
629 153 9 9 89 7 8 72 89 8 8 82 887 3017 89 7314 28 5 912 13 1590 72 5 9 1285 52 416 62 2143 5962 8922
92398 8036 14215 8769 6927 5 5 16 98 70822 815 0978 8610 1766 5413 70449 124 5159 5019 53819 1398 125198
1 2 3 8 6727 46 18 8 5 17 5 4 8 1 28 9 3 1 0 5 2 802 36 65 9 8 95 14 74 897023 124 8825 956
126 198 0 9 14 9 6 12 59 9 0 02 901 1223 18 9308 74 4 912 16 0295 19 5 5 8965 14 473 19 8093 8496 2911
17717 7035 16915 8718 5181 3 5 19 18 92482 810 8952 9914 1711 5018 10844 174 7934 5014 53797 1147 141938
0 7 9 5 9122 45 72 2 4 10 6 0 5 1 25 8 2 4 8 5 1 972 12 95 9 9 94 99 23 369287 174 3283 557
56 189 5 9 02 8 9 12 99 8 1 83 486 8314 65 2010 02 3 910 15 1715 72 3 8 2284 45 419 12 6145 4707 6922
70313 8230 93285 8712 9791 5 5 71 88 35852 819 3912 9801 1296 5433 72248 178 5134 0384 53319 1993 925488
8 3 3 4 5127 75 02 5 7 39 6 2 5 6 78 2 8 1 7 2 9 612 34 99 6 5 21 62 53 656229 024 7813 576
172 143 5 9 22 8 8 96 83 8 2 32 955 1718 15 0096 12 4 243 12 7215 40 3 5 1289 52 785 13 5143 9780 5445
17116 1133 14659 7117 5079 3 5 10 70 12752 855 6902 5897 6832 0954 22295 128 5939 1816 49819 6843 825499
1 2 7 0 5928 45 10 5 5 62 9 2 2 4 22 9 3 5 4 9 1 384 09 45 9 8 24 12 46 591827 173 8123 556
923 623 5 9 18 8 2 19 89 3 1 82 989 2016 75 7269 36 0 914 14 8914 77 5 6 1289 89 416 82 9948 8192 2802
44653 1085 53805 8719 8725 3 5 33 98 17126 603 6770 7819 9975 5979 72738 624 8989 7312 85166 1995 125298
1 8 3 6 9923 45 16 5 5 18 8 7 9 2 48 0 6 7 4 1 1 812 15 87 3 5 80 10 23 892829 166 8163 056
523 125 0 9 12 8 3 16 79 0 1 61 967 7914 22 2670 86 1 090 34 1210 15 2 5 1983 12 615 79 2940 1712 8812
12908 1138 14264 8792 5980 0 5 92 98 12249 885 8512 3952 6516 8616 12467 126 5134 3313 53813 8058 988199
5 5 3 7 7123 65 12 7 9 52 1 2 0 1 97 5 5 4 7 5 1 018 82 95 7 9 35 02 83 891833 924 8723 536
163 564 6 9 62 8 2 12 83 9 1 80 987 0211 13 1524 02 4 999 14 0733 12 3 5 9789 80 450 16 2875 8615 0919
99311 0135 63215 8742 9121 3 8 28 02 53 851223 154 0123 576
194 529 4 7 19 3 8 82 86 8 6 29 976 9514 27 8394 02 4 914 18 9315 87 5 5 1789 36 415 12 9105 5812 8614
29588 4975 19817 8292 5369 2 8 18 36 12132 815 7162 9980 1285 5644 12515 109 4140 8518 58277 0179 485108
5 5 9 4 6728 99 78 5 7 12 4 2 2 5 22 0 2 9 4 9 5 912 02 85 9 0 25 82 23 181225 824 5537 016
423 189 5 9 15 9 5 10 69 5 1 82 639 9214 15 2314 12 4 917 18 8285 72 1 4 1086 92 019 70 2900 7722 5911
48348 9135 95895 7707 5141 9 2 79 88 92199 815 0919 1812 1690 5490 32214 129 4509 2807 59916 9114 185796

22863 6154 93259 8512 5192 3 6 12 79 12434 833 8898 9462 1235 9573 74127 959 5144 3382 80810 1153 185178
0 2 5 4 5923 85 62 5 6 88 0 5 1 9 98 4 9 6 7 5 1 212 19 48 9 8 80 10 78 499428 120 8923 259
730 997 9 5 36 1 2 12 83 4 0 82 967 8834 18 0354 15 3 917 14 1415 18 3 5 6979 32 414 15 1199 8710 4052
72393 5105 13405 8712 6165 8 5 63 08 94677 477 0212 9672 1735 5016 92210 124 5834 3482 93269 6156 125187
3 2 3 4 5128 45 12 5 5 82 3 1 1 1 56 9 2 1 4 1 1 372 12 49 9 8 24 70 29 597233 129 9147 506
78 164 5 0 24 8 7 60 88 6 2 82 987 2847 25 2214 12 4 705 14 1958 12 8 5 5277 92 635 12 9066 8704 8798
15423 1135 13703 7019 5781 4 5 42 98 70842 016 8919 9382 1315 0419 11388 979 4844 0385 53804 3473 136890
9 4 9 4 9923 25 82 5 5 52 8 6 9 7 28 9 6 1 1 5 6 452 12 15 9 8 20 12 03 891229 228 9129 576
123 952 9 3 68 8 2 16 85 9 2 86 799 0889 05 2374 12 4 810 24 6215 18 2 5 0225 14 412 19 0865 5719 8912
11443 1778 13684 8798 7269 9 5 72 78 10159 818 9874 9812 1218 9713 12235 424 7779 6712 53218 1989 383198
7 5 7 8 9163 45 15 9 5 10 9 2 9 9 25 9 2 1 4 5 1 782 17 70 8 8 64 88 23 699520 124 8625 557
738 023 5 9 14 3 2 16 59 3 1 02 987 1214 95 3304 18 0 210 14 1981 12 9 4 1687 80 445 92 8145 9773 1913
02484 9535 88815 8762 5151 4 5 92 98 12189 816 6917 9812 9615 5019 17297 224 5134 5592 53652 9153 125158
1 9 0 5 9372 45 14 7 5 12 9 2 7 1 28 5 8 1 9 7 2 932 02 95 5 5 38 12 73 394223 124 8123 556
159 523 9 7 15 8 6 12 39 5 9 50 987 7294 85 2994 18 4 903 69 9279 12 3 5 1289 36 419 17 2045 8717 3912
12813 1455 10245 6792 8125 3 5 12 78 12892 810 8918 9652 1418 5811 58095 905 5194 5302 23258 1373 425109
1 7 3 0 5189 55 04 5 5 92 9 5 9 3 03 3 8 1 7 5 1 982 92 95 9 8 28 72 78 791229 497 8767 749
146 173 5 6 36 8 2 90 79 9 7 82 870 1819 05 2814 14 4 918 14 1215 12 3 5 9289 92 595 17 2149 8790 6972
17033 1835 13215 7585 8497 3 9 90 98 12682 892 8993 9818 1661 5019 60815 809 5830 5913 93260 1029 966782
6 2 5 4 4796 48 48 2 5 12 9 3 7 1 26 9 2 8 4 5 8 912 12 78 6 0 67 13 06 891033 018 9123 568
853 193 2 9 49 8 8 48 80 5 2 50 587 1874 45 9404 12 0 912 18 1214 22 3 5 3989 12 419 02 2143 8719 8402
19678 0179 13919 8742 9957 3 3 82 68 18972 815 8914 6319 0205 5913 72964 484 5034 9010 53283 1853 185168
0 0 3 4 3183 35 12 5 7 82 7 6 3 1 25 9 9 3 4 4 1 982 42 47 9 5 26 70 23 190373 768 7926 977
193 983 3 9 02 8 2 85 68 3 1 77 584 4216 15 2879 02 4 972 44 9285 14 3 6 1289 97 515 16 2605 8799 7330
73386 7046 17215 7390 3021 9 5 26 95 19192 915 8202 0826 1293 3459 88495 124 5534 5392 59553 1153 125603
1 8 9 0 7193 85 62 5 5 12 9 5 3 7 28 9 9 1 9 9 1 962 52 76 9 8 24 70 33 698983 824 8223 796
123 113 6 5 19 6 9 12 87 9 1 82 987 2214 15 9384 92 6 986 04 0255 14 3 5 8265 62 416 22 6185 5780 8613
96316 1165 80568 9612 0791 3 5 12 28 32121 853 6512 7617 1666 5443 42215 924 6864 7316 97289 0653 525784
3 2 3 4 0423 45 82 5 7 02 4 8 7 6 76 9 2 6 4 5 1 912 96 29 2 8 29 12 23 891653 954 6124 556
199 627 3 9 02 8 2 41 59 8 6 32 983 9884 19 2314 18 4 942 19 1265 12 3 5 0080 17 018 74 4895 7752 8612
17813 4105 47293 0905 3083 3 3 29 96 67128 314 8912 9510 1710 7283 76408 924 5134 5872 83213 8485 025397
9 2 7 6 6102 45 85 7 5 48 9 2 4 1 38 3 2 1 4 5 1 862 16 80 9 1 94 42 23 891226 129 2864 866
123 727 5 8 12 5 9 16 39 7 9 05 987 4519 17 0818 82 4 992 15 9265 48 8 5 1388 16 915 98 2176 4810 6917
3 2 3 4 8149 59 22 4 5 12 9 8 5 7 78 9 5 1 4 5 3 213 73 73 9 8 20 12 98 899223 278 8928 553
026 143 5 9 72 7 2 12 89 5 3 58 034 1918 14 5394 12 4 411 14 8615 52 2 2 9305 96 419 98 2136 8708 8919
12813 4105 00314 5750 5328 3 8 13 92 12197 858 8412 0059 1519 0413 12299 979 5974 7092 53213 1153 527557
1 6 8 4 5523 46 62 5 1 72 9 2 7 0 88 0 6 7 1 7 1 912 12 85 9 8 77 72 23 800023 124 8689 508
56 923 5 7 93 3 2 16 79 9 1 82 987 1914 85 2388 12 2 782 74 9469 12 9 4 1274 12 495 68 2484 4717 9915
05385 1145 18295 5777 7125 8 6 12 88 63282 317 8912 9822 0905 3863 62916 738 7939 6695 53013 8653 120008
1 2 7 8 5786 05 15 9 4 12 9 6 7 1 25 6 8 8 3 5 9 213 79 96 9 8 84 19 25 899227 325 9279 096
123 821 9 7 52 8 6 16 97 9 1 40 087 1266 24 2314 42 5 992 19 0254 72 7 9 1289 49 719 64 7688 8732 7618
82384 3487 15298 8212 3841 6 8 13 98 12735 772 0827 9110 2255 5499 19219 122 6134 5662 87763 5478 187188
1 9 3 4 5124 49 74 8 2 82 9 4 5 1 28 9 2 3 4 5 1 916 92 46 6 8 89 77 99 894327 103 0123 757
816 779 5 9 12 8 0 52 59 5 1 82 967 1324 88 9380 09 4 909 80 6305 89 3 5 9288 18 835 12 0145 2219 6918
18915 1839 39553 0702 5121 8 5 75 67 82769 875 8939 9806 1465 5493 12292 169 7137 5392 46716 1153 165197
8 2 3 4 9023 67 93 5 5 12 3 9 6 1 89 9 9 8 4 5 9 919 62 05 9 8 28 12 27 791734 824 8120 854
120 103 7 9 02 8 2 12 89 8 2 89 987 4299 76 2312 48 7 918 87 1598 10 5 5 1499 82 415 16 9173 8212 1882
19313 1155 13115 4859 5801 6 5 77 96 42004 959 8922 0846 0515 5413 12218 114 6126 5392 07813 1158 125198
9 6 8 7 5113 78 11 7 9 03 4 9 5 9 68 9 2 1 4 5 4 962 92 43 9 8 24 96 53 861823 894 8198 176
195 923 4 9 12 9 2 17 49 9 1 82 887 6864 16 2499 12 3 414 68 1255 17 3 4 1589 12 375 15 2145 5792 2912
12398 7185 53915 9762 5123 3 6 92 68 72102 498 4960 0814 0666 5419 10553 154 9938 3715 53213 7979 195158
1 9 3 5 7123 22 90 5 5 16 9 4 5 9 28 9 7 0 4 8 1 818 17 60 6 6 24 97 88 890273 127 8523 556
118 185 5 9 18 8 2 12 86 5 9 89 787 3914 74 6684 00 3 977 44 8515 62 3 5 4389 18 015 10 1565 8709 8152
13301 6730 13715 8755 5161 3 0 56 95 77179 215 0886 9882 3816 5803 42256 128 9034 0012 53715 0881 125915
4 9 5 4 2793 47 92 5 7 68 9 2 8 2 29 9 7 9 4 5 1 979 66 48 7 8 04 12 43 797873 134 8325 696
123 725 5 6 19 4 8 80 87 6 5 89 990 1999 17 5618 17 4 997 18 9215 51 8 5 7989 12 466 42 2808 8722 9912
82713 6635 63615 8792 5728 9 3 12 25 02412 986 1932 9610 8295 5573 18847 153 5184 8318 53253 1166 625598
7 8 3 8 5490 75 56 5 1 12 9 5 9 2 29 9 0 1 6 7 0 076 52 95 8 8 24 12 39 591423 324 8753 747
143 663 5 4 15 8 7 18 99 3 2 72 967 4284 74 6694 12 0 762 94 6810 52 0 5 1789 19 415 10 2940 1782 9837
12913 0735 14790 1912 5961 7 5 99 38 82962 794 8912 6812 8965 5769 42985 164 5931 5610 63688 8166 186699
1 0 3 2 9193 80 19 3 5 52 9 2 7 2 66 9 2 6 4 9 1 969 78 75 9 8 64 30 23 996424 147 4970 597
033 186 5 4 19 5 9 09 89 3 1 03 886 1230 15 7978 18 4 559 44 4057 82 8 5 4219 62 407 10 9745 8912 9919
12013 1145 16219 4716 5327 3 5 18 98 10177 919 5312 9812 3714 9318 60765 197 3134 5302 63203 1184 155138
1 9 7 9 2223 39 17 2 8 12 5 2 3 8 38 9 2 7 4 5 9 908 12 46 9 7 24 68 98 841523 484 6628 859
103 023 5 8 92 4 3 16 80 8 8 82 730 1694 15 0218 67 4 712 16 1733 12 8 5 6219 16 415 65 7129 8714 8912
19313 7442 13416 8712 5101 0 7 02 97 12178 817 0285 0862 7719 4898 12262 123 5166 4312 66213 1153 135878
5 2 0 4 0125 25 72 5 4 92 1 0 3 0 45 9 2 1 3 8 8 058 92 49 9 2 20 82 23 498263 583 8203 756
022 123 5 9 10 8 0 94 80 0 1 83 987 9774 85 8515 15 8 919 24 1215 90 9 9 1276 19 489 92 8555 9762 8998
52605 1735 34305 8712 5221 0 5 43 96 50542 905 8416 9676 1985 5427 12896 428 7137 5312 53213 2153 129798
7 2 3 5 5141 45 40 7 5 69 9 5 2 1 38 9 2 1 4 3 7 398 12 75 1 6 48 72 23 897823 123 9126 562
41 053 8 8 12 7 2 82 62 6 8 82 887 0017 05 8587 52 9 282 14 2418 12 8 5 5629 25 785 72 8745 8712 8912
14613 5135 14245 8812 5372 2 5 12 96 84192 375 7584 9632 1415 8413 12218 124 3174 9946 19213 7803 125798
9 5 3 4 5923 48 58 8 6 55 9 2 9 1 84 9 5 1 4 5 1 172 09 35 5 8 34 76 23 991268 504 9533 550
143 183 6 0 14 3 2 02 69 4 1 86 887 9216 85 3987 52 2 920 96 1299 18 3 6 5289 02 436 33 2145 8118 8562
02310 1165 57215 0618 4189 8 6 12 89 65464 815 7512 4889 1210 5948 17285 328 5174 7812 58915 1553 745198
1 6 3 0 7193 65 12 5 5 79 9 6 9 4 28 8 2 1 6 2 9 902 18 75 9 9 54 12 23 398429 128 8123 796
127 128 6 6 12 9 2 89 89 0 1 62 887 1714 75 2014 07 7 939 18 4015 42 0 5 6299 67 485 02 2440 8712 8282
67413 1035 13217 8897 5130 7 5 17 43 12419 875 9919 9912 5818 5693 92215 224 4133 5382 53553 0850 665988
0 0 3 6 5920 86 92 5 9 14 4 2 4 5 25 6 2 3 4 9 1 900 52 49 9 7 44 82 63 891383 822 8185 506
168 162 0 5 17 8 5 12 79 9 5 22 189 1954 11 2764 32 3 982 19 1165 19 3 5 7989 92 718 12 2145 8865 8998
56302 1535 15610 9719 5113 4 3 19 98 92922 119 8982 0814 4212 5899 61275 188 6634 1592 53813 1653 109817
7 2 3 0 7123 46 10 6 5 14 3 2 6 8 24 9 3 1 7 5 4 959 38 48 4 1 24 62 23 899263 195 5123 655
127 707 5 9 14 6 4 92 89 9 1 82 287 1894 76 5314 62 6 217 13 1915 12 3 5 4889 51 416 82 2165 9294 6902
14346 1645 18584 8012 5171 4 7 42 79 17682 814 8919 9878 6317 0407 12945 166 5430 5210 53239 2197 415149
3 7 3 0 5126 45 16 5 5 13 9 6 8 1 28 8 7 6 8 6 8 012 12 65 9 6 69 12 83 948721 107 9993 856
493 183 9 9 72 1 2 14 89 4 7 83 794 6946 85 6304 22 8 812 17 8219 98 3 7 1089 12 468 15 2245 8757 8912
12313 4195 46215 8781 5928 7 7 99 97 12072 695 5312 9819 6249 0483 62235 104 2132 9505 53767 8174 166198
1 5 9 9 5973 44 92 0 9 38 9 8 9 7 28 9 0 0 6 5 3 913 80 59 0 7 57 90 59 699742 124 8188 556
628 117 5 9 86 8 5 19 89 9 6 67 282 1254 15 8914 62 3 916 15 1635 89 7 9 1906 64 425 52 0140 8542 8912
79372 8025 83316 8517 7129 3 0 89 98 07162 869 8466 6816 8987 5883 88418 324 2185 5312 96213 8159 793870
2 9 7 6 5823 48 07 5 5 13 8 9 7 8 28 5 0 4 6 5 5 929 15 86 0 9 84 72 61 197995 176 0123 270
188 123 5 9 20 8 2 00 99 0 7 92 038 0774 67 0394 37 4 002 04 7211 32 3 1 5994 92 617 72 7145 8712 6982
12318 1735 53895 8717 9122 7 0 48 88 82173 117 8877 3142 5965 0343 12235 629 3709 8912 53216 8656 928140
5 2 3 8 5756 48 42 7 5 12 7 1 1 0 99 5 4 9 6 7 1 912 90 25 9 4 28 97 20 891343 162 9123 956
663 123 2 9 12 8 4 12 82 0 1 82 407 0794 16 2014 09 4 917 77 6239 17 7 5 1586 62 415 53 2849 4742 9912
15843 4197 23016 7578 5909 3 0 12 08 22095 815 4412 9812 9350 6014 17615 124 5137 5312 53613 4153 924131
4 2 3 2 5187 48 64 9 3 12 9 0 3 8 78 4 5 7 4 5 7 258 19 84 8 9 40 22 62 891849 928 5353 576
123 827 5 9 92 8 9 70 76 4 0 82 352 6718 15 2314 70 9 782 82 9276 18 4 5 1885 02 140 92 2545 6762 9752
88313 1199 39310 0752 9799 8 5 19 94 58178 675 7312 9812 4235 5961 72818 183 5934 5712 50263 9157 728198
8 2 3 4 4060 88 22 5 0 09 9 2 1 9 63 9 1 6 8 9 1 515 16 45 8 8 37 99 29 597723 126 6168 566
126 671 0 9 57 8 3 18 84 5 7 80 697 9286 17 8334 12 6 902 16 1886 92 3 9 7289 82 475 11 4815 0032 4352
12343 1835 13065 6712 8845 3 8 02 72 02150 815 8919 4814 1975 6693 17216 095 9134 6618 80256 7153 925318
7 7 8 5 5128 46 15 5 5 99 3 5 7 1 38 9 4 9 2 5 1 912 15 75 6 7 38 12 92 895923 174 8228 559
58 722 5 6 29 8 9 72 66 2 1 82 987 1214 49 2335 12 7 842 74 1785 79 7 5 1285 57 485 82 2791 8910 8980
22513 1049 18206 2483 5482 8 5 12 98 38322 515 5809 3714 1525 8437 39575 160 5124 4712 56533 1753 585198
1 2 0 8 5146 57 10 5 5 16 8 2 8 7 57 9 2 9 9 8 1 962 12 45 9 9 52 83 33 696048 027 8263 746
153 507 5 0 23 8 7 01 50 3 1 42 900 0244 18 2317 13 7 912 84 8614 97 3 5 6746 12 497 10 7145 0644 0982
06315 6995 53275 9316 7161 6 5 12 98 70900 497 4714 8818 1319 5713 72218 124 5184 0810 53513 1195 557199
1 2 5 0 5193 48 18 4 5 13 4 2 8 1 28 8 8 4 5 5 1 988 22 98 9 8 23 02 55 595225 627 8369 555
823 593 5 3 12 8 2 84 89 3 1 45 607 4964 14 2334 64 5 911 64 6215 14 3 6 1647 18 349 62 2345 8712 5932
12611 0079 23115 8610 5127 3 5 12 94 12158 480 8912 4912 1715 5493 12890 827 5934 5397 43603 1193 528898
1 2 3 4 3173 42 92 9 8 19 9 2 4 9 28 7 8 8 2 5 9 962 12 48 0 1 84 13 03 791523 004 7523 556
123 523 5 9 43 8 2 12 95 2 4 89 987 1248 68 4234 18 0 552 56 1615 38 8 5 1259 64 286 12 4245 5642 6688
76895 1832 13493 7838 8178 3 9 22 92 12904 815 8912 7825 2215 5413 69116 184 5878 5372 69216 8648 865198
1 0 9 6 5873 80 12 5 8 12 9 2 9 4 08 9 7 0 4 5 1 712 19 45 5 3 74 62 28 814223 829 8823 506
883 177 5 7 99 8 2 82 96 7 1 68 385 7284 17 2974 12 4 216 74 8228 16 9 5 1289 29 839 12 7195 7718 7012
48916 4136 12215 8072 2125 4 5 12 88 92134 903 1982 6817 1390 5763 82214 778 5938 6958 55283 9151 825199
1 5 3 7 5129 45 48 5 4 68 9 7 4 1 68 9 8 9 4 5 6 912 02 40 9 8 54 92 63 391420 924 8449 866
123 123 0 9 89 8 3 98 87 9 9 82 387 8314 68 5314 02 4 972 94 1292 92 7 7 8289 62 414 17 2790 1762 8918
12393 1026 16533 8872 5621 8 5 79 98 10179 835 0817 6412 3046 6415 12279 129 5563 5712 43287 1133 105858
1 2 2 3 4127 19 14 5 0 82 9 8 6 1 25 9 9 1 4 5 1 639 18 45 9 8 20 66 20 897323 174 8023 929
173 108 8 9 15 8 5 52 84 7 1 58 787 1834 45 1310 14 4 192 18 1275 20 4 5 8200 15 675 04 2170 8675 8992
92603 1968 13965 8773 9076 3 4 86 98 79141 805 7582 9254 1945 0276 35217 332 9164 8668 43610 1789 191028
1 7 8 4 9886 67 42 5 5 62 9 8 9 8 29 4 8 1 8 5 1 352 17 42 8 8 25 19 46 077566 828 3523 656
193 829 5 9 10 6 2 03 98 8 1 87 627 1517 15 7913 19 4 612 54 1515 10 0 6 7289 92 470 28 8157 8732 8907
18613 1949 13975 8512 5135 3 5 18 98 12478 812 8914 9066 8535 4673 68298 124 5834 5612 38234 5750 127398
5 9 9 4 8673 49 85 5 5 52 0 8 6 1 49 9 8 1 4 5 1 322 22 15 9 8 68 12 43 891223 047 0822 806
123 121 9 9 39 8 5 69 89 9 9 81 820 1019 55 3924 82 4 015 14 1275 19 3 5 1889 17 915 34 2175 8362 7912
08365 1437 53995 7812 5971 3 8 28 88 42151 855 8612 9726 9805 8463 90755 428 9334 5992 58853 1083 725368
8 8 3 4 5151 85 40 6 5 40 9 6 8 1 28 9 8 1 2 5 1 912 12 42 4 8 24 10 53 497623 124 3124 586
865 181 5 8 12 7 2 02 59 4 1 84 957 1494 15 5328 19 7 910 24 1015 19 6 4 0297 42 037 92 9248 5712 8912
14916 9735 14715 8718 3151 3 9 17 98 14592 050 8932 9672 5866 5993 82205 824 1171 0642 55588 1853 125195
8 8 3 4 8193 05 72 5 5 82 0 9 8 4 29 3 9 9 4 6 8 919 62 45 9 8 64 12 83 991744 124 8123 556
165 723 5 9 19 8 1 82 89 1 2 54 987 6214 66 3418 12 5 914 14 8245 89 3 7 1209 42 412 02 2377 8760 8512
12913 1177 15874 8711 0051 3 7 12 98 92722 515 4912 9090 1292 5416 66715 728 0199 5312 55283 8653 625114
8 6 3 8 6197 75 12 5 5 42 5 2 2 0 27 6 7 1 4 9 8 512 14 97 9 8 62 72 23 498926 525 8923 856
88 155 5 9 16 8 1 12 84 6 8 92 997 1614 25 7367 19 3 642 17 1965 12 8 0 1089 06 915 18 9749 8418 9994
25310 1130 13814 8792 5421 3 5 12 90 15780 862 8919 7812 1959 5413 11276 124 5894 3312 63213 1153 120984
8 7 3 4 5483 45 77 5 5 05 9 7 9 8 27 9 8 3 4 1 1 912 12 65 3 4 29 19 23 667243 794 8628 952
953 123 8 7 74 5 2 12 80 6 1 82 980 1214 85 0327 12 4 332 91 1215 12 9 5 4209 76 499 78 2165 8812 8910
82217 1935 03212 8216 7124 3 9 40 78 12172 855 8958 9666 6895 5613 52219 894 5634 5302 03248 1958 889868
1 2 3 2 0920 95 12 5 5 59 9 2 0 1 00 9 4 1 0 5 0 819 62 60 6 8 24 14 23 741753 120 2133 556
990 873 5 9 42 8 8 12 58 7 1 92 907 1573 85 9966 12 5 612 84 1215 12 3 6 5786 12 855 77 7107 8702 8912
18313 1895 15817 8769 5986 9 0 95 64 02112 711 8911 7869 1095 5513 82255 146 9108 5912 83213 8823 175398
0 2 7 5 7728 45 12 5 9 71 9 4 5 8 98 0 4 2 8 5 1 618 22 68 9 8 98 72 23 763226 624 6126 558
366 875 7 9 12 8 2 12 87 9 1 84 586 3673 15 8557 10 6 483 14 7875 12 3 0 1983 12 427 95 2175 8212 8905
10373 1076 83265 4992 9108 3 4 15 98 62195 885 3996 9842 5205 5413 76265 726 5884 5818 53313 1555 235100
4 2 8 5 0728 81 15 9 5 52 9 2 8 7 26 9 2 0 4 5 1 916 32 77 9 6 36 87 42 896215 162 7124 454
123 803 6 1 10 4 9 15 62 9 1 85 089 1015 40 7356 10 4 682 64 9217 59 8 7 1228 92 415 15 2640 6912 8916
02874 7195 13615 7862 3181 3 5 74 92 19532 915 1093 9813 3215 7590 15220 927 6938 2414 51213 1297 707196
3 7 3 4 8639 55 72 7 8 15 9 2 2 6 27 9 8 5 6 7 8 912 30 35 2 8 59 17 22 791362 824 8123 559
196 220 8 9 02 9 2 12 89 2 1 88 307 1214 39 9314 12 4 916 14 1718 19 8 5 1084 97 975 55 3145 5812 8988
52983 1535 18219 8797 5865 1 1 90 78 12740 365 6822 9718 1725 7216 94275 723 8194 8012 02662 1153 129988
8 2 2 1 5126 45 12 6 8 39 5 0 9 5 29 0 2 9 3 1 0 772 12 49 9 0 54 62 73 695239 184 9140 556
929 750 5 9 92 8 2 12 29 4 9 96 982 1794 18 2319 92 8 911 15 1902 17 3 5 1299 39 310 12 0156 8415 3912
75348 6835 13318 8730 5121 4 3 12 91 12162 813 8907 9860 8217 5407 80008 324 0063 7619 53709 7359 884399
1 2 8 5 9927 45 12 0 7 52 9 2 8 1 08 9 9 0 4 7 0 712 98 45 9 8 24 96 21 401923 474 8193 358
753 903 5 6 19 6 7 12 87 5 0 62 075 3215 35 2500 07 4 782 14 4215 82 3 6 2509 17 415 62 2542 8712 8813
42313 1835 13285 9869 5641 3 5 10 90 14842 915 5912 6067 1217 0353 12215 650 3187 7412 89213 1180 755126
1 2 9 4 5192 96 22 5 4 12 9 2 8 1 20 5 7 8 4 7 0 948 03 00 9 8 94 74 35 591229 104 0427 596
123 123 5 9 12 0 7 57 67 8 9 88 869 9214 58 2314 18 4 908 82 1315 12 9 1 1784 15 465 66 2175 8862 8808
07364 1859 13210 8762 9531 9 4 05 34 10112 462 8032 9015 1295 5243 12295 125 9214 9362 58203 1714 025163
8 6 4 4 5717 45 19 5 5 12 9 2 7 6 08 9 2 8 5 3 1 962 70 09 6 7 44 12 23 791984 194 9128 706
063 196 1 5 12 8 0 99 79 5 9 82 477 1214 89 2714 28 4 911 74 1210 12 2 5 9264 10 415 19 2148 8292 8122
73995 5640 47212 7012 6121 3 5 32 96 22192 619 8972 9408 1319 5119 17915 184 5134 3312 03208 1983 025178
1 2 3 4 3499 93 87 3 6 88 3 7 6 9 28 9 6 1 7 8 2 514 13 97 5 4 24 18 97 897003 124 8923 556
123 897 7 9 19 8 2 52 89 9 1 87 997 7415 19 2307 77 7 976 15 6612 22 7 5 3289 59 389 64 2545 8342 8719
92363 1130 13265 8712 8699 3 8 44 68 72292 367 8914 9682 1215 5182 12615 324 8074 5412 67217 1170 029195
0 7 9 0 5178 45 22 5 5 10 8 8 2 5 28 9 2 4 4 5 8 582 15 45 9 8 24 18 26 891925 197 8121 456
56 113 6 0 10 6 2 58 89 0 1 83 786 5274 06 2814 82 4 995 95 1215 12 3 5 1288 66 418 59 3002 9410 8412
42013 4136 87615 3872 5181 2 8 49 99 02942 691 8744 7227 3203 5427 42465 490 5139 5018 90716 1153 065198
5 2 8 5 7125 27 15 5 9 42 6 3 8 7 08 9 7 1 0 5 3 701 57 94 9 8 86 16 20 991720 540 6123 555
626 603 0 6 67 8 1 02 88 5 9 72 782 1534 07 2364 69 3 912 10 8235 12 8 5 1286 19 423 12 2049 8772 5012
65213 1139 76215 6749 5622 6 5 12 08 52177 015 8012 9862 1295 6413 32551 474 5139 5312 50294 6193 745198
8 2 3 6 5885 45 12 5 5 62 9 0 9 1 77 8 2 7 4 5 8 917 12 85 9 9 26 02 93 997225 655 8923 979
147 893 9 5 42 6 6 12 25 2 2 69 979 4914 15 2719 12 8 959 64 1475 32 6 5 6219 42 415 16 0545 5712 0989
08310 9139 13913 8357 5871 7 6 52 95 72679 713 8912 9513 1768 9483 16812 146 5160 5990 33657 1058 925990
1 0 9 6 1035 65 81 5 6 15 9 4 5 6 76 1 2 1 4 5 1 919 16 65 3 8 56 32 27 530222 996 8123 756
126 167 5 2 52 8 8 75 89 4 9 83 986 1294 85 7374 12 4 912 18 9239 22 5 5 5487 10 455 33 2195 7769 6416
12363 1135 44955 8722 6196 3 7 12 96 12982 676 7577 4818 1418 5413 82859 590 5534 5334 57765 9921 128146
6 2 8 5 7334 75 12 3 2 08 9 2 9 2 18 9 7 1 9 9 1 658 97 05 9 4 72 56 23 871123 944 5884 086
125 423 6 9 16 8 2 14 87 9 5 08 986 6279 13 2313 48 4 918 94 1293 16 4 5 5989 12 405 15 2149 4812 8632
16470 9135 13265 6772 5455 4 9 62 58 42996 205 2912 6315 5213 9416 02218 107 5375 9314 53297 2133 425098
1 7 4 4 5223 45 55 5 6 19 9 2 7 1 76 8 2 1 9 7 3 862 06 90 9 6 94 12 26 880399 127 9996 554
173 193 5 2 66 7 0 92 84 1 1 81 987 1988 40 2905 12 6 912 15 1099 16 6 9 8236 19 118 12 2145 8752 8445
22387 1148 23218 9718 7521 5 1 23 94 58168 313 8802 7512 1515 5413 15410 424 6134 1019 63267 0198 120558
7 5 6 4 8626 95 16 5 5 12 9 2 4 8 68 6 8 1 4 5 1 969 73 48 9 8 94 12 28 361227 949 8123 556
453 153 5 2 62 9 2 92 75 9 1 84 927 1667 06 7314 91 4 949 62 0215 13 8 5 6269 15 595 82 2175 0902 9972
12133 8635 15218 8911 9827 7 7 79 68 17122 415 7917 5692 2267 5013 18715 604 5684 5319 43213 4168 125894
1 8 3 4 5526 46 13 0 8 14 6 2 6 8 78 9 2 1 7 8 1 915 39 48 9 8 24 12 43 891253 129 8123 567
823 023 5 9 70 9 3 58 96 6 1 08 901 1034 15 2344 16 4 986 14 6208 12 9 5 9009 68 815 26 7145 7796 7197
18818 1185 33717 7788 5131 5 4 92 88 12392 877 8791 0817 1215 5413 32915 929 5569 5310 99213 7193 129179
1 5 4 8 5322 45 52 5 5 15 9 0 9 1 28 9 2 1 9 0 7 848 52 47 3 8 94 92 73 871023 136 0796 756
192 213 3 2 42 8 2 12 69 2 9 82 789 6994 16 2317 18 9 976 94 1295 12 3 5 1066 89 419 02 2035 5882 8189
14413 8739 17219 8772 8421 3 6 12 69 56936 775 4912 8862 4965 5414 16932 324 3184 5919 54319 4553 197178
1 7 4 0 9003 45 95 9 5 48 0 2 7 1 27 4 4 1 4 5 1 386 03 45 9 7 44 82 22 547920 795 5703 550
824 195 5 9 14 7 9 62 86 9 9 92 988 1909 19 2884 13 5 512 16 7815 47 9 5 1587 50 515 12 8162 5714 5964
12313 8125 53215 8588 6121 6 5 84 98 12168 615 4512 9512 1505 5457 43667 128 9830 8334 59217 2768 126194
1 8 3 4 5120 23 12 8 5 39 9 0 4 8 24 0 2 7 2 0 6 858 52 05 9 8 85 18 83 599223 894 8123 550
143 423 5 9 99 8 4 62 79 5 1 82 655 8216 89 6334 72 5 330 96 1215 04 0 5 9682 62 995 32 4145 0242 8982
82113 1425 68210 8417 5141 3 9 15 97 62582 855 4970 6807 7214 2497 62295 524 8992 9610 68215 8783 819198
3 2 5 9 8492 43 16 5 2 12 9 2 2 1 20 9 3 7 4 5 5 804 16 05 3 0 24 18 23 374253 462 8109 866
43 929 5 9 14 4 2 80 99 0 1 99 130 1914 11 4414 17 0 812 64 3615 72 3 8 5249 10 814 12 7045 9312 5418
16053 4137 00247 4542 7121 0 6 72 08 72798 815 8364 8812 1915 5459 72710 108 5109 1312 83285 1883 165408
1 2 9 2 9126 96 16 5 0 59 6 2 3 4 28 5 9 9 6 1 1 312 85 75 6 8 28 97 79 591993 194 8123 416
743 427 8 9 32 0 6 60 39 5 0 62 987 6619 16 2360 02 4 997 45 1229 29 3 3 1465 12 914 89 2145 8943 8918
03443 4435 63715 8710 5195 3 5 19 98 51982 614 8913 9612 7915 9433 24298 129 5289 1312 37263 1754 995028
1 6 3 4 5707 97 80 3 9 27 9 6 9 1 28 9 7 1 4 6 6 737 14 85 4 6 23 99 85 791623 129 2107 066
123 970 6 5 12 7 9 10 82 7 8 92 990 8813 15 6714 94 4 999 54 2518 12 6 5 1264 32 494 16 9196 8862 4212
30315 7465 10234 8799 5588 3 5 92 94 19161 815 8912 9398 1245 2414 08967 824 5564 7619 54223 9142 995998
1 6 4 4 1623 85 84 8 6 12 0 4 8 6 99 9 2 4 6 5 6 394 92 40 9 7 30 92 53 098563 198 4135 556
128 128 5 4 12 8 7 94 99 5 9 29 989 7206 15 7858 16 4 972 14 5949 62 3 5 1769 42 411 14 7649 8762 8612
12513 1036 53241 9742 5820 0 6 02 69 12752 810 0919 9860 1275 0893 14915 179 7164 5380 97254 1353 137197
1 2 3 4 5463 45 07 5 5 42 4 2 8 9 93 9 0 1 7 9 1 912 32 41 7 8 22 10 23 881263 624 0123 546
189 113 5 4 12 5 6 74 90 2 1 72 988 1016 50 2364 12 1 782 15 0488 39 7 5 1033 12 619 12 9750 6702 4998
86015 6637 33535 8712 5823 9 5 32 38 16169 815 8912 9812 9215 2493 70214 924 5715 8313 54213 1493 125198
5 2 1 8 5547 93 92 9 3 12 9 8 8 8 26 5 8 1 0 5 7 457 19 47 9 8 74 95 40 891327 327 2129 576
628 118 5 9 82 7 1 12 89 7 6 72 888 8944 25 5344 72 5 996 54 2215 82 6 8 5984 29 795 11 8646 8966 8918
13249 7135 53241 8412 5303 3 6 99 89 12042 815 8912 7615 3628 5410 43216 129 5164 4312 53214 1104 897959
6 7 9 4 6123 95 12 5 7 92 7 1 1 1 29 4 3 1 6 9 6 912 86 98 9 3 84 72 23 804617 184 8193 094
123 163 6 7 12 8 2 32 53 6 0 02 487 9514 15 7314 74 8 913 14 1958 12 3 5 1709 12 415 55 9799 8012 6913
12490 1137 13517 8712 5629 8 8 12 59 12292 844 8312 9872 6795 5483 38505 704 5104 7319 53818 4147 524108
1 8 0 9 5423 45 10 4 6 18 0 2 9 3 22 9 2 1 8 5 1 662 72 45 9 7 96 12 69 994893 722 8423 950
222 173 5 9 82 8 2 12 89 4 3 85 949 1484 19 7319 72 4 212 04 2015 87 7 5 1987 92 477 72 9668 3735 8918
82303 1166 67015 8766 5681 3 8 58 98 19140 715 8012 6802 0526 5718 87249 121 7134 5362 50213 1156 123878
5 5 3 4 6123 40 18 5 5 10 9 9 9 1 26 7 9 4 6 5 1 912 50 49 9 8 55 12 83 252083 644 7243 956
123 028 8 9 22 8 2 72 68 8 5 82 989 9903 19 9386 72 0 872 84 1218 12 4 5 5354 85 484 35 2625 0617 5512
22393 1133 83015 8795 5721 3 8 12 98 16787 818 7919 9890 4885 5513 42715 124 7944 3719 33503 1173 156452
1 4 3 0 2197 65 10 8 5 13 6 8 9 6 25 1 6 1 9 4 1 982 72 87 9 1 25 12 93 877224 121 8793 696
273 123 2 9 15 8 3 72 83 6 4 82 685 6284 05 5364 12 4 999 34 9415 82 3 5 1499 42 466 76 2149 9712 8418
72514 1988 43213 8372 6761 3 5 12 58 12074 948 8732 9097 0218 5473 15204 136 5190 5312 03215 5963 065108
1 5 3 4 5133 11 12 5 5 92 9 2 0 1 58 5 4 1 5 5 9 810 15 67 9 8 83 42 73 891823 128 0172 559
123 835 5 9 78 5 5 18 49 7 2 88 087 1814 15 2614 15 0 408 16 1217 64 3 5 6269 18 845 93 9987 8492 0979
96315 3657 17995 8492 8721 3 5 12 18 79542 815 8490 9494 6210 0513 72217 629 5171 7717 20958 1150 995147
3 2 3 4 7846 49 04 5 5 42 9 2 9 4 23 8 2 1 4 5 7 943 87 47 9 0 49 82 33 891299 154 0473 586
65 723 5 9 12 8 2 61 89 6 0 85 907 0644 18 7364 67 6 217 14 9594 12 3 0 1579 62 415 12 2145 4652 8417
47376 2435 73211 8719 5575 0 0 98 76 12902 415 8042 3812 1215 0413 19210 123 5174 3312 58269 1353 925188
1 0 9 6 5143 45 15 7 8 70 4 2 1 4 28 9 9 1 9 8 1 916 16 15 6 8 27 69 23 891224 176 9723 656
153 823 5 8 98 8 8 49 09 1 0 82 687 9912 15 3363 19 4 512 94 1305 18 0 5 1289 22 409 96 0165 9872 8906
89853 7135 83575 1959 9427 3 8 12 58 77102 685 8012 6872 1265 5417 72215 824 3258 5312 53743 7157 725198
9 4 8 8 5943 46 54 5 5 92 9 1 7 4 28 4 2 1 6 5 1 958 08 75 8 5 44 48 93 771223 174 8179 566
163 120 5 9 58 0 7 67 89 5 1 89 887 9214 13 2824 12 0 296 14 1976 13 3 6 5798 12 445 75 2105 9710 8412
12813 3155 19215 6714 0775 3 5 02 94 62452 875 5920 9816 1215 5416 13275 164 5197 7072 73383 1108 905798
1 6 0 4 5733 85 25 5 5 79 0 2 5 5 54 9 9 1 8 5 8 312 17 35 9 8 94 13 23 821623 126 8009 587
196 123 7 7 57 7 6 92 81 1 0 82 767 1214 16 3317 93 7 215 14 7217 68 8 5 1206 18 495 60 2145 5062 0918
12993 1015 58897 8712 6352 3 7 80 18 85182 917 8112 7822 7215 5825 89219 125 5164 6916 97213 6763 585698
1 2 3 8 0123 45 85 4 1 68 7 2 9 2 77 9 6 9 8 5 1 972 72 22 9 0 24 12 53 597983 154 8989 578
159 428 5 9 19 8 8 12 89 3 8 82 487 1098 15 2349 18 4 972 54 7225 97 5 5 1289 95 591 12 2899 8714 8915
12315 0137 53218 4734 5311 3 8 12 06 72182 518 8789 9452 1822 5493 18575 399 9034 6395 53944 9193 109888
5 8 3 0 5823 43 89 1 9 42 9 2 5 9 18 9 6 1 5 9 6 512 92 46 9 8 24 17 88 888884 874 8023 550
159 123 6 9 75 1 2 12 00 3 9 48 727 7099 65 2219 36 6 499 18 6925 17 3 5 1299 12 315 02 0745 7329 7977
42313 1857 17215 3772 5110 3 5 42 98 78862 965 2590 9817 9558 0413 88410 929 5180 5345 58110 1153 622598
0 7 9 4 7346 95 82 5 7 86 9 2 4 7 63 9 5 1 4 0 2 862 52 40 4 8 25 18 73 898124 094 8117 856
700 729 5 9 32 8 9 12 89 5 8 87 057 9214 16 0314 25 2 988 33 1035 12 8 8 6266 50 459 12 2197 6368 0882
12583 5095 79911 8119 5429 4 6 15 98 74152 875 8940 9207 8276 3879 87775 705 5534 4288 53113 3193 568183
0 2 2 7 5523 05 12 9 5 19 9 4 8 1 58 9 2 1 4 5 1 812 77 61 9 8 37 82 29 091723 823 6420 089
803 123 1 9 82 5 7 19 89 8 1 82 900 1234 45 0714 19 7 817 44 9715 62 8 1 6875 92 415 12 2874 8712 8992
16983 0935 73219 9792 5927 3 9 98 98 12052 615 7784 9212 1895 9465 00215 294 5664 5959 98390 5153 122148
0 2 2 4 5123 75 99 5 5 18 5 2 7 1 88 7 7 1 3 3 0 213 16 49 7 8 24 36 59 839267 028 5720 596
173 143 5 9 82 8 3 69 85 3 1 34 989 4214 14 2376 32 4 312 60 1210 50 0 5 0989 10 545 43 0165 8715 8712
18313 1704 10185 8522 5151 8 5 29 35 18046 815 0642 5592 1285 5413 78216 723 5189 5347 53911 1103 126154
2 9 4 0 0623 69 12 9 7 88 9 9 9 8 08 5 4 1 4 0 1 016 72 38 9 9 64 13 95 397223 399 5763 386
160 408 3 3 51 7 2 90 89 4 7 89 987 1215 55 9315 19 4 982 63 1615 63 9 5 5259 82 217 14 6105 8816 9518
19293 8487 13989 6752 4171 6 5 76 97 82897 310 8810 0892 6889 6493 12210 124 5224 5713 73243 1753 195598
6 9 8 8 8368 05 58 1 5 12 7 2 4 7 28 0 2 9 5 5 7 914 62 50 9 0 21 12 86 858243 166 1128 556
125 068 7 8 92 8 8 95 89 8 1 92 957 1214 16 5314 52 3 268 26 1915 52 6 3 9509 82 415 22 8145 8748 8892
12773 6116 73295 7872 8671 3 8 58 98 12138 867 7992 9662 1568 3463 13155 169 5830 5312 18713 1699 704389
1 6 3 4 0923 05 72 5 0 19 9 0 6 3 29 8 2 1 4 5 0 277 69 80 8 6 24 17 83 871829 679 1606 546
54 187 9 0 12 8 6 13 99 9 1 90 986 6296 18 9016 82 4 960 74 1226 02 3 8 4254 03 418 12 2199 7719 8980
18513 1117 83237 3712 7591 9 9 12 98 02183 915 3982 3720 1815 3418 22483 129 9584 5012 08923 1458 105144
0 0 3 0 5423 77 53 1 9 12 9 2 9 5 58 4 0 6 4 2 1 908 19 49 3 0 24 92 22 896825 822 5823 956
492 453 5 2 12 6 8 89 00 8 0 87 689 8577 25 3310 12 6 919 14 0716 15 3 5 7849 12 585 62 5189 8687 2915
89313 1935 13255 8755 5129 8 4 02 92 42198 819 8937 0810 1215 3644 95279 124 5784 8393 79213 8654 103298
4 2 3 8 0746 55 55 5 3 00 4 2 9 9 28 4 9 5 4 5 8 332 12 75 9 9 25 12 28 892729 127 5096 955
620 523 8 7 92 2 5 12 59 7 1 83 889 5212 15 9315 02 7 777 18 9295 86 3 5 9269 66 415 15 5195 8738 8712
77398 4135 17005 0572 8871 9 5 92 94 52132 876 0992 0982 1293 5413 86888 128 9134 5612 93253 9858 999148
7 8 9 4 9103 45 10 5 5 68 8 2 3 5 78 9 1 1 5 0 7 910 12 46 6 8 61 12 23 499623 920 3193 559
129 103 8 9 12 8 4 92 89 9 3 12 787 1270 98 9314 18 4 912 15 1715 12 3 5 4324 02 415 12 2170 9718 9834
17340 8221 08782 8912 5167 0 5 30 98 93092 878 9912 9602 6917 6633 15245 124 0134 6912 54278 9856 128198
1 0 7 4 5124 76 12 9 5 90 9 2 9 4 24 9 2 5 4 9 0 912 97 35 4 8 28 08 23 894873 128 8192 806
704 594 5 8 32 8 2 83 47 8 1 82 967 4265 16 8319 79 9 972 89 0265 93 3 5 3509 62 414 72 9643 7719 8972
42693 1163 10542 9412 0029 3 3 19 98 12102 988 4302 9527 6215 5019 12805 123 1947 8779 83218 8058 320190
4 2 2 6 5183 00 17 3 5 16 9 2 0 1 98 9 5 1 8 7 4 912 17 99 9 8 24 10 28 891727 604 7489 552
186 123 9 7 85 8 2 17 88 8 1 87 989 8711 15 2687 12 4 975 63 5175 10 9 3 8499 72 536 15 2941 8812 0892
06529 1155 13217 9943 5181 5 6 12 08 15512 465 8712 7812 9388 7419 16813 926 5434 1318 50983 1009 825206
1 2 8 6 7923 65 12 5 0 98 8 2 8 9 90 5 2 5 3 7 2 412 32 45 7 8 29 98 25 601723 125 8123 858
164 504 6 9 17 8 2 87 89 8 5 82 798 1314 17 5359 12 4 912 14 1245 16 4 5 8270 33 115 49 5045 8702 9342
16613 1166 16222 6767 0121 3 9 12 98 92088 838 0412 4812 6095 9270 18218 939 5834 5312 53563 1753 926390
8 2 8 6 6129 95 57 9 9 52 3 2 6 8 24 9 8 5 4 2 1 982 12 41 0 9 54 98 26 897220 125 4721 856
023 157 0 9 32 8 5 32 89 8 7 82 987 1394 26 0914 16 4 919 54 8255 12 9 5 9273 18 413 02 2647 8774 6715
67663 8765 14074 8701 5701 3 5 88 94 12178 713 8916 5694 1254 6076 12893 124 5104 5318 97348 4124 166185
1 2 3 7 6155 85 94 8 2 07 9 8 9 1 78 3 2 1 6 5 2 912 42 78 4 8 29 06 73 891299 123 5723 578
623 920 9 8 18 8 4 15 89 9 8 72 985 5214 85 2077 60 7 912 18 0685 15 2 0 5019 12 977 36 3653 8812 9989
62046 9778 73295 8912 5424 9 7 17 06 12162 674 8212 7818 1615 4729 12842 924 5130 8793 53416 6953 785198
1 2 3 8 5121 45 12 4 5 10 6 6 5 9 75 9 2 1 9 7 0 018 32 49 9 9 66 02 23 621323 928 8223 859
713 823 5 0 14 8 2 12 28 7 1 56 189 5690 16 9334 12 4 938 18 1255 92 3 5 1287 12 415 76 2615 8710 4915
12399 7168 77219 8512 5527 4 5 72 58 94160 715 8718 0845 7865 5517 12295 184 9834 5349 93133 1953 927998

10300 1035 58275 8972 3583 4 5 12 98 15578 974 9916 9616 1515 5463 87308 026 7695 9472 50233 4154 144178
9 6 6 4 2624 89 22 3 1 93 6 0 6 9 28 9 2 1 4 7 0 917 10 93 9 7 98 42 53 891223 107 1023 658
223 720 5 5 52 8 7 41 09 6 1 42 688 1285 09 2314 12 5 998 14 9266 70 7 8 3269 02 498 12 7175 5912 5975
49349 1435 00215 8972 9021 3 0 16 94 62376 617 3913 2867 1619 0614 81215 954 7134 9606 63213 7523 824178
1 8 7 4 5180 60 18 5 5 16 4 9 4 6 85 9 6 2 4 5 6 912 68 95 8 8 24 70 73 331693 324 5623 556
74 126 8 0 12 8 2 12 83 6 1 42 789 1680 85 5374 15 8 617 74 9289 82 3 5 1580 02 419 72 7277 0712 9234
19354 8862 88215 9846 8123 9 5 53 18 13175 917 8012 9669 9895 5499 18910 166 4137 9817 53617 8153 955198
0 8 0 4 5023 45 29 5 8 12 4 5 0 2 78 9 2 1 4 9 4 917 92 45 9 8 34 12 27 891666 629 7120 356
728 169 0 1 17 8 5 12 72 8 1 84 580 1285 45 2904 97 7 092 98 1210 12 3 2 5755 12 404 15 2155 3679 5987
52213 1139 53213 8972 9829 4 2 32 90 62128 865 0912 7912 1065 5708 72809 918 2149 9332 73743 7153 128779
1 7 3 8 5079 65 12 5 8 06 9 9 6 1 18 5 2 5 6 5 1 212 79 65 9 8 67 10 93 271223 194 9953 694
893 923 0 8 82 8 2 12 87 7 8 62 998 1984 55 2611 12 4 418 96 1806 65 8 5 3704 02 015 14 2768 6972 8075
12439 9149 18244 9919 8821 4 4 12 96 62182 215 8714 9532 3217 0713 72216 824 5834 0610 59543 6103 868798
1 5 3 4 4330 65 91 2 5 19 9 2 8 9 20 0 0 7 6 5 4 912 95 49 9 8 74 13 23 708227 809 8004 356
133 623 6 9 93 8 8 98 89 8 5 82 585 9612 19 6316 12 4 612 14 4215 19 5 7 6274 19 535 65 2195 9792 8512
15363 9875 13635 9512 9741 4 5 12 98 95182 085 8493 9910 9402 9419 99215 374 8136 5352 97713 0199 625144
1 2 3 0 5129 64 10 6 5 97 8 2 2 0 58 9 8 1 4 7 1 912 43 43 9 8 38 12 45 885229 124 8123 695
729 199 1 9 32 8 2 87 89 2 1 92 686 8214 26 2214 52 4 913 11 7997 46 9 5 1880 96 415 12 2687 8482 8966
19983299 275198
3 2 8 4 2829 05 47 5 5 95 9 8 9 1 88 9 0 6 4 7 9 914 32 42 9 8 24 72 23 909283 767 9525 546
828 123 5 9 20 9 2 10 82 9 9 82 751 7614 45 2918 51 5 910 19 0265 18 3 5 5288 12 695 19 4145 9312 8712
12387 1178 68216 8780 4434 0 6 12 74 77199 460 8902 9872 1910 7413 12215 144 6734 5315 93235 1059 675158
8 6 3 9 5123 40 85 5 9 18 9 4 6 1 78 8 7 1 6 5 8 684 12 65 5 6 24 19 30 291529 189 5120 556
196 123 7 3 57 3 2 96 86 8 1 92 926 1909 19 2375 19 5 118 44 1819 32 7 7 5287 12 015 97 2052 6882 3942
90349 8185 63295 9718 5161 5 5 02 96 18932 315 8210 9812 1205 5463 38938 324 8134 8317 73213 7164 825758
0 2 0 4 5529 35 18 5 5 92 9 4 3 6 29 5 7 2 8 5 1 602 52 39 8 8 79 12 73 893523 824 8127 786
723 173 4 9 72 8 2 19 89 5 1 80 884 9217 75 8327 12 4 915 85 2257 57 7 7 2987 12 715 72 2145 9082 3982
52816 0135 18615 9016 0311 8 5 80 28 12172 845 8958 9810 8946 1943 12242 147 8135 6912 63253 7189 295398
9 8 9 4 8083 55 12 5 5 12 9 6 5 9 77 9 2 8 9 9 1 712 84 88 7 6 44 19 87 858253 178 6102 056
59 823 6 9 89 8 2 14 07 3 1 88 987 5913 65 7709 17 7 913 89 1215 55 4 5 9080 66 410 18 9993 9318 8912
72368 1135 83205 9799 9121 4 7 54 98 02192 875 8972 9512 4907 5713 99615 124 5138 6992 46819 6756 921168
1 2 9 4 5026 40 39 4 0 17 4 8 7 9 29 8 7 7 8 5 1 512 13 45 9 7 53 62 29 892323 797 7821 595
333 029 7 8 14 8 4 52 79 5 5 80 683 1924 65 7864 82 8 910 14 1215 10 3 6 8289 12 475 17 2147 8717 3919
12493 9734 13013 6785 7126 7 7 12 98 85722 805 8919 9816 1605 5506 16835 109 2094 5308 99643 1183 183107
8 2 5 4 4533 45 12 9 5 69 9 2 9 9 28 8 2 1 3 5 5 015 16 43 5 8 64 32 23 611986 124 4883 576
190 923 5 9 49 8 2 19 39 9 1 80 987 1814 15 1104 15 4 512 94 4405 10 8 2 8292 12 845 92 2645 8712 8892
02914 7148 13410 1919 5101 3 5 86 95 15132 815 7916 9519 7299 5412 66985 979 5139 5346 59636 5163 945198
1 9 3 9 7493 55 12 5 1 10 9 2 9 1 28 6 2 1 8 8 1 182 92 75 6 6 26 12 23 191413 724 8979 956
196 175 7 9 62 0 2 42 56 5 7 62 967 1298 95 2446 72 7 412 94 2905 32 3 5 1184 86 222 12 9145 8772 8970
57417 1133 76805 8617 5181 7 5 12 90 78182 225 8414 0017 1005 8073 12215 124 9168 5317 53519 1153 746198
1 2 3 7 9403 45 74 3 5 62 9 4 3 1 27 9 7 1 4 5 3 392 98 45 9 8 64 62 23 888223 834 8829 456
728 927 5 4 86 0 3 14 80 6 1 88 487 1567 85 8214 75 0 912 14 5255 19 6 4 0289 12 815 52 5938 9782 8618
38410 1780 83299 6792 5621 8 5 82 98 86969 516 8922 9719 7215 5416 12205 423 5834 5782 73638 1063 129478
1 2 7 9 2173 85 06 5 5 62 9 2 9 7 08 9 5 7 9 4 1 912 12 45 6 7 94 48 29 761321 384 8123 456
125 928 5 9 29 8 2 62 89 9 1 89 783 1284 10 0319 95 4 912 14 1247 70 0 6 5285 12 416 12 2665 8790 7912
02812 1935 89219 7712 5146 4 9 12 97 12182 415 7112 9812 4997 8863 17715 139 5794 5319 93289 2156 125003
8 6 7 6 5927 45 12 7 9 76 8 2 3 1 56 9 2 1 4 9 9 015 82 48 6 8 24 63 84 992328 129 8125 506
743 719 6 9 12 8 3 92 09 9 8 81 997 1584 85 5304 82 1 972 49 4819 78 3 9 1289 19 415 45 9150 8717 8416
87413 1339 43910 6744 5121 6 5 72 93 14892 819 0755 9810 9017 5913 10297 102 5184 9305 58173 1153 629398
6 8 7 4 5658 47 10 5 5 22 9 5 9 6 22 7 2 1 4 9 0 512 88 49 7 8 27 12 93 899225 724 1665 358
878 171 2 9 86 4 8 95 89 6 1 95 597 6734 15 2504 92 4 752 14 1289 99 3 5 1296 14 420 15 6945 1762 8612
99313 0132 99265 9798 5511 3 5 09 49 94199 815 8919 9652 1995 8714 92242 680 5734 5313 59213 1163 825175
1 7 5 7 5107 44 19 7 7 12 9 2 7 1 27 9 2 1 2 7 1 905 42 65 8 8 99 10 28 191623 863 7176 540
523 183 5 8 62 8 2 31 46 4 1 73 587 9619 95 7317 56 4 568 14 5017 92 1 5 8879 72 497 82 8145 5812 8912
28211 1884 98215 9783 5901 3 5 12 98 16114 145 9786 9616 1278 5619 12216 124 5154 5387 92789 5793 142150
6 2 3 4 5173 47 08 5 4 18 6 7 6 8 28 1 9 1 7 4 9 118 18 42 2 9 29 08 23 881249 664 9193 576
653 026 5 9 69 8 2 12 87 8 8 80 987 0999 04 2364 12 4 692 10 1413 82 3 5 1289 04 412 07 2105 8286 8922
12865 6139 73858 8913 5741 6 5 99 88 93172 895 9980 1687 4209 2998 38695 826 7195 8589 27298 4153 826855
4 2 4 8 5136 48 32 0 1 12 9 3 9 1 24 9 2 1 4 5 1 919 98 75 9 8 27 19 23 757283 123 8133 566
823 523 5 3 12 8 2 82 84 9 5 52 785 1467 15 2311 16 4 012 94 1016 02 3 0 9272 70 362 77 9145 8919 8912
99694 5185 17274 8710 5161 9 8 54 90 02602 565 8612 9414 9215 9529 96814 124 8834 9318 53269 1183 965093
1 2 3 4 5293 45 18 5 5 12 6 4 3 0 88 5 0 1 4 5 7 962 17 47 3 9 24 22 28 847223 074 8523 559
30 640 5 9 72 8 3 12 49 0 1 82 739 6706 15 7417 88 5 919 14 1289 19 6 4 6988 70 417 10 7145 8842 8212
12314 8085 23470 8862 9111 3 7 36 95 82706 819 8612 9886 0396 3413 57208 179 9224 9324 53288 1153 125495
9 2 5 4 5916 45 17 8 5 12 5 4 8 1 87 7 2 7 4 9 1 712 12 95 9 8 95 17 83 491623 137 8143 009
523 153 3 9 96 8 2 12 79 8 7 62 085 9219 19 2314 82 4 903 13 1615 82 1 5 7989 12 965 62 6245 8774 8912
17373 7039 77234 8407 0328 3 6 11 96 72902 045 8915 7812 5218 7639 22034 734 5164 5912 57289 1151 551898
9 4 4 7 5123 75 88 5 5 35 9 2 9 7 48 7 3 1 4 5 9 818 82 45 9 8 24 68 93 893225 125 8195 950
024 773 5 9 32 4 2 17 09 4 8 80 085 2207 15 8396 02 0 832 84 8925 06 0 5 2289 57 447 82 4095 8812 9912
10313 1135 67265 8792 5079 8 5 05 92 57162 445 4618 9868 6605 7413 12611 648 5137 5025 59604 1753 625398
9 2 5 9 5707 97 84 5 7 12 9 4 9 1 28 3 9 1 4 5 8 982 19 43 5 8 25 18 11 591797 609 8125 512
120 323 9 7 72 8 2 72 05 9 6 48 489 6276 45 5354 12 8 068 13 9286 17 3 5 6786 42 894 83 1145 0713 3619
16013 4961 93215 8616 5121 4 5 25 98 66940 810 2916 3847 1535 5619 52634 026 9862 5280 53387 8053 468188
0 3 3 4 3163 45 16 5 5 62 4 2 3 8 24 2 9 1 6 7 1 912 82 02 9 8 24 10 23 998249 055 8909 576
324 144 5 9 19 8 2 35 79 9 1 85 787 1214 08 6314 12 5 912 19 0247 73 3 5 3269 32 415 15 2847 5812 4998
12703 0188 80289 8381 7085 4 5 75 87 12505 488 9912 9719 1615 5812 12763 824 4134 5912 59219 8153 190678
9 9 9 3 6143 49 17 5 6 92 9 3 0 9 28 9 2 8 6 5 1 914 12 46 7 8 32 12 23 075280 944 0196 556
923 923 5 6 19 5 2 12 89 0 1 82 987 1854 19 2388 12 8 993 94 9665 17 3 0 1909 25 909 95 8650 9012 0976
12717 2156 13615 8714 4124 5 8 76 58 96885 015 8913 9804 6815 5693 18208 738 8833 1397 86444 9556 128698
6 2 7 4 5893 45 12 5 5 06 4 9 7 7 74 0 2 1 1 5 1 986 62 65 6 8 87 32 73 891738 624 8763 756
125 110 2 9 93 8 2 12 88 9 5 69 880 1019 70 2314 14 4 009 64 7272 57 3 7 1279 03 515 19 2168 8712 9012
12018 1357 93715 8762 7950 3 7 88 98 65102 231 8952 7852 1715 5413 53805 192 5604 5319 03214 6146 935498
1 2 5 4 1279 77 82 0 5 19 7 2 2 7 28 1 6 7 4 9 8 310 69 49 8 7 26 63 28 899227 124 6328 556
123 663 5 9 24 6 2 12 43 8 1 82 986 1958 90 2345 92 4 769 13 1715 19 8 4 8269 12 410 12 9195 8752 0914
77388 1637 13995 8612 5581 3 5 84 18 12394 815 8919 0819 1215 4767 52235 997 5536 0315 03213 5183 128098
7 2 9 6 5527 45 82 9 5 12 6 2 7 9 25 9 2 9 4 0 6 912 17 38 9 8 94 13 89 091673 174 9124 559
463 773 6 6 06 6 2 82 84 5 1 75 985 1214 15 2387 16 2 919 14 1265 12 8 5 3217 65 415 92 3152 8786 7902
17753 1335 61214 5702 5159 3 0 17 99 62954 919 3912 9812 1719 9469 16777 970 8894 5818 41519 7253 122992
9 2 7 6 8127 40 32 3 4 12 9 2 1 7 28 9 8 5 9 5 8 908 92 48 8 5 29 09 23 396863 184 8189 596
525 127 0 7 32 8 2 12 79 6 1 87 817 8018 63 7364 18 4 916 94 1215 62 3 5 1083 17 675 19 2905 8759 5048
72716 4787 13212 8517 5521 3 5 58 93 96187 995 7469 9886 8215 5513 42871 197 4104 9022 15277 5883 127598
9 8 9 7 5429 48 12 5 9 62 4 2 8 9 08 9 2 1 4 8 1 318 12 45 8 8 28 14 63 381233 704 8996 556
118 873 5 4 62 8 8 72 54 2 1 82 987 8011 33 9404 16 9 912 14 5256 33 3 9 1089 12 115 97 3645 8415 8712
62312 1835 08215 8732 5161 0 5 82 17 42162 875 8012 9610 6709 6403 14215 103 8984 2122 57313 6390 785398
5 2 3 4 5123 80 12 8 4 12 0 4 7 1 08 9 9 5 4 6 1 803 06 08 9 5 24 12 35 593859 824 0763 456
89 820 5 9 15 8 0 42 89 2 7 44 918 9710 15 3364 16 4 992 54 7395 72 2 5 1288 13 515 32 2405 8774 8682
12308 3535 13216 3750 5920 3 9 12 98 36922 907 8912 9852 0265 8619 12810 128 5172 5312 53213 8151 362999
9 2 2 9 5573 53 89 5 8 17 9 5 8 1 28 9 7 1 4 9 1 891 92 49 6 8 84 73 30 751201 109 9125 458
129 150 5 9 82 8 6 17 99 7 1 69 977 9919 18 6304 52 4 816 64 1293 64 3 6 5589 62 145 10 8402 0986 8482
19317 1305 18963 9795 5101 3 8 12 07 18175 818 8012 5992 6065 8483 16907 724 5835 8312 02550 9191 520608
1 2 3 3 5133 86 18 5 3 82 6 6 8 8 17 9 9 7 4 5 1 180 12 45 5 8 04 15 89 895819 825 8172 727
183 023 7 5 91 5 0 17 39 6 0 80 967 1279 64 2374 12 4 452 58 1255 90 3 7 6269 22 375 92 7166 0719 6842
77319 0876 53835 8184 8121 5 5 92 98 12982 910 8127 2512 1295 5717 02337 154 0030 3395 93286 1683 107757
7 5 3 8 5823 95 12 5 5 19 9 9 0 1 20 8 3 5 4 5 1 469 16 45 9 0 58 72 23 897293 120 9073 550
163 763 3 9 09 8 6 12 88 0 1 69 967 5265 65 2913 10 4 972 77 4270 15 8 5 1989 12 400 92 0155 7912 8972
12333 1730 19205 8305 8521 3 5 89 85 88152 819 6582 8392 1875 7417 09215 528 0687 4313 53210 1183 345198
1 7 7 9 5190 18 32 5 6 12 9 2 7 1 78 5 8 6 5 5 1 933 17 55 9 8 23 52 63 499827 069 7427 066
373 989 5 7 30 9 8 94 89 0 1 82 905 6654 15 8075 64 5 912 92 1748 19 6 7 1247 82 713 12 2165 8909 0612
16316 7145 13257 2212 8551 3 5 75 90 12679 985 8992 9616 2203 5903 14265 924 5864 4182 59715 1789 128146
1 8 5 6 9583 45 12 5 1 07 9 2 7 1 25 9 3 3 8 6 1 517 29 49 9 8 79 12 23 893604 324 7973 506
123 160 5 4 12 6 5 12 89 8 1 32 887 1284 15 5314 24 5 992 30 5245 92 3 9 9289 32 089 15 2730 8710 7714
54016 8155 13904 8877 1161 3 5 07 29 12182 315 7492 9372 1806 5789 12217 188 5565 5318 59913 4759 129090
7 6 0 4 7947 98 67 0 8 02 4 5 7 9 28 3 2 1 4 9 8 992 11 85 9 6 08 82 23 993383 166 8953 586
831 123 5 8 52 8 9 03 88 4 1 82 961 6219 02 5355 38 4 984 14 1215 87 9 4 6984 18 674 92 2595 8319 2912
52710 9937 16269 8891 5128 3 6 80 97 12142 127 8990 7818 8255 5403 62893 104 1130 5750 60243 0243 176638
1 2 7 8 4923 49 12 5 0 12 4 2 6 6 94 5 2 1 7 5 9 792 13 85 7 8 29 13 35 671023 925 8483 456
122 503 6 7 62 8 1 10 89 9 1 82 979 4214 85 6318 12 4 513 51 5275 12 3 0 3881 50 415 12 6195 9238 9998
89713 1687 17515 9712 7591 4 3 56 98 76586 815 8948 8496 7212 9414 78995 944 5134 5716 59617 1453 125148
1 6 2 4 3826 45 12 7 5 72 9 7 7 4 27 6 2 1 4 7 9 713 94 45 9 8 64 72 77 885823 004 8799 156
999 583 4 9 42 8 2 69 39 9 1 95 986 1204 57 4818 82 7 958 13 1219 12 3 4 2859 17 912 11 2143 8982 9702
22313 1135 16215 0712 0771 6 5 94 74 15192 817 8372 7812 3249 2620 12217 124 4141 5319 93483 1953 865193
8 4 0 5 4556 49 19 2 5 02 0 8 3 5 28 8 6 1 7 5 3 953 12 99 9 8 78 06 23 277973 804 8723 506
119 956 5 9 91 8 9 82 88 9 0 99 957 1207 75 3317 60 4 002 94 3297 12 3 7 0288 12 465 32 2946 8218 0314
12069 4175 93219 8752 3128 3 5 32 66 18197 818 3542 9918 3215 5483 69215 797 5134 5502 53044 1003 880198
5 2 3 4 1143 40 16 5 1 10 4 2 6 9 06 9 2 1 4 8 1 817 19 58 9 8 74 12 78 591223 124 2129 552
543 126 5 9 79 0 2 65 82 6 1 82 987 3306 25 2858 18 4 014 14 1220 12 3 5 0991 94 815 12 2198 8148 8012
12616 5155 85815 8752 5271 3 8 72 65 50882 154 8961 6642 1775 0413 12280 128 7185 0739 57503 1153 925192
1 7 3 4 5463 65 52 8 5 12 9 0 5 5 08 7 2 1 4 9 3 515 17 40 9 8 28 82 35 891940 326 3826 279
55 103 3 0 92 8 2 40 88 8 1 18 929 5218 78 2814 17 8 969 80 6915 12 5 5 1284 50 665 12 9145 8790 5912
02473 6035 97496 8322 8928 3 5 72 98 98806 818 8608 7932 1245 4714 57255 125 7130 5792 49393 8653 170198
2 2 3 4 6166 08 98 8 7 72 9 5 8 1 28 9 9 7 4 0 0 012 18 41 4 3 76 13 30 551434 133 8473 906
123 593 9 6 18 8 4 12 86 8 9 92 687 7214 65 2345 72 7 482 14 1414 12 3 5 1219 18 915 85 5648 9710 8712
14323 4139 73215 8712 8826 5 5 63 50 12176 819 8912 4852 1910 8410 64215 540 1634 5215 26713 8150 125998
1 2 9 4 5103 50 77 6 6 92 9 5 3 1 08 6 2 1 4 9 3 592 25 45 6 4 24 12 87 091625 177 8691 956
798 625 5 6 69 8 4 01 69 9 6 59 983 3585 15 2384 11 4 908 34 1985 69 8 5 7927 12 617 12 2205 9416 9917
94183 4805 63265 8912 5945 8 5 14 54 90882 095 0932 9830 7115 5483 12215 227 5464 5357 59913 1853 925998
4 0 0 4 4925 15 42 5 5 64 9 2 8 1 46 5 8 3 8 5 1 812 02 45 9 8 60 92 73 991773 124 6173 706
853 820 8 9 12 6 2 06 59 9 0 89 997 4994 65 2904 12 4 008 99 2519 67 3 9 5384 92 415 15 4412 3312 8909
18393 0585 40319 8545 0423 9 5 98 48 56735 895 8812 6750 9715 8413 44275 123 5534 6612 63219 1453 525196
0 8 6 6 4123 99 88 5 5 92 5 2 2 0 41 9 6 1 7 5 3 919 69 47 7 8 24 16 23 097733 924 3920 557
147 027 5 8 18 4 9 19 39 7 8 82 978 1218 95 2314 19 6 812 66 1295 11 0 1 0225 16 416 18 2547 8887 9818
19173 1185 13445 0392 5621 3 8 14 30 52162 415 8982 3816 4010 5013 19285 124 5194 5312 03218 1053 575198
9 5 6 4 5823 45 12 5 5 19 9 3 8 1 28 5 0 1 7 4 2 312 16 48 7 7 54 72 27 971829 795 2889 660
825 765 5 9 12 6 8 12 89 2 1 84 954 1314 55 9319 92 4 923 54 1265 01 3 6 1789 12 415 12 2548 9712 7909
12613 1589 10285 8753 7021 3 5 12 58 89539 050 0762 9849 1819 5853 18588 524 5134 8331 58218 1945 623130
1 0 4 6 6723 05 62 5 8 86 8 2 9 6 28 7 3 7 5 0 2 912 92 49 5 5 44 74 50 711223 129 8143 957
024 325 8 4 18 9 9 12 80 8 0 52 027 7917 14 9714 82 7 912 12 8912 96 5 7 1217 58 499 63 2749 8717 6052
12358 1192 10235 8718 5392 3 5 42 98 19780 717 6942 2817 1299 5488 12259 924 6131 5842 43013 9858 965168
7 4 8 7 5323 48 75 4 5 19 9 2 0 9 78 9 8 6 0 5 4 358 62 46 9 8 44 42 27 696224 134 8104 556
128 328 5 7 92 9 0 02 89 8 1 58 988 1384 16 0814 16 0 812 19 4915 69 9 5 1270 17 484 11 2845 8102 8814
62913 1109 74515 8714 5124 3 8 12 98 62872 815 5912 9052 8265 9910 52215 968 7530 3092 97643 3953 196988
1 2 3 8 8128 84 82 5 1 92 8 7 0 5 99 0 6 5 8 5 1 660 15 42 9 7 24 10 23 891249 194 0587 658
129 173 5 5 04 9 2 12 85 7 0 82 508 1292 15 0516 14 4 989 60 7217 19 9 5 0289 12 475 18 4245 8912 8519
69596 8685 23700 8352 3108 0 5 62 98 62972 215 8992 5119 8245 1413 12085 137 9636 9312 59210 1853 122167
8 2 5 4 9023 87 12 5 9 77 0 2 8 2 98 9 1 1 7 5 9 994 92 96 8 7 29 44 69 886827 179 8353 098
127 392 1 9 12 6 2 87 89 3 2 82 973 9614 15 9314 12 6 582 15 1034 22 3 5 1699 02 615 97 7600 8816 7910
10686 9135 17319 8688 5721 9 0 78 38 32669 845 8972 7817 1215 7453 18865 924 5834 5332 83213 1155 922119
1 5 7 8 5693 95 62 7 3 12 2 2 8 4 08 0 2 1 6 5 7 712 08 46 9 8 28 12 88 596903 104 8127 556
194 456 4 9 92 9 2 12 77 7 1 84 905 1284 15 2817 92 0 916 84 1245 18 3 4 0289 10 115 19 4670 6719 0988
14315 8535 83205 1732 5181 7 7 12 91 12842 697 5709 2318 1234 5416 99239 708 5034 7332 59213 7336 726198
9 2 3 7 5153 96 82 4 5 59 5 8 6 1 78 6 2 1 6 5 9 912 71 45 9 8 85 19 82 891786 184 8120 855
96 966 5 6 62 4 0 22 89 7 2 22 989 6614 17 4054 91 7 295 00 6615 12 5 5 9783 19 415 12 2289 8712 8319
82804 9155 53285 5872 5625 5 8 19 98 18178 516 4979 9742 1756 5413 87215 338 5139 8662 59216 6870 125193
5 3 3 4 5123 70 08 6 5 68 9 7 8 1 36 9 4 4 4 5 3 918 82 45 8 0 24 12 56 791203 338 3129 526
823 923 5 0 12 7 2 02 79 7 3 92 897 4846 15 2316 62 6 796 14 1185 12 3 6 1276 12 499 66 2146 8789 8112
48859 9577 96212 8766 5990 3 5 17 98 19932 875 6917 6819 8975 0406 14275 186 6134 0312 74393 1413 924197
7 8 3 4 5129 40 12 8 0 12 5 2 9 1 00 8 8 1 0 5 1 932 12 83 9 0 84 69 23 648003 534 8440 556
133 423 1 3 10 8 2 12 99 5 1 87 287 1254 15 9380 12 9 999 54 3505 40 3 2 1209 22 885 11 6137 9612 6912
17313 1135 13905 8719 5685 8 5 82 98 66347 800 5973 4812 4215 5410 52205 124 0154 9877 59213 5500 105198
8 2 2 0 0429 65 19 5 4 22 9 6 0 1 77 7 9 8 0 9 7 912 29 78 0 8 29 10 45 843236 140 8123 556
845 135 4 9 62 4 6 12 39 7 9 82 919 1314 09 2317 19 2 613 97 1815 92 6 5 7289 39 397 16 6027 8756 4999
62618 8165 15839 0712 8001 3 9 12 98 00518 865 8812 7612 0219 5455 56495 524 5135 5412 53813 8860 185198
1 6 7 9 2173 72 12 5 5 14 9 9 4 6 28 6 2 1 9 5 8 652 14 55 9 8 84 18 26 899263 123 8723 559
263 173 5 9 02 8 9 53 82 2 1 82 987 1218 13 8514 32 4 912 08 0715 04 3 5 1999 54 450 12 2198 8715 8918
23934 1430 13262 5692 7125 0 5 68 58 12142 875 8917 9619 8715 5388 17445 324 9134 5813 53269 3143 827798
1 4 3 6 7128 43 06 5 8 13 9 2 0 9 77 6 2 3 7 6 9 675 05 53 7 0 57 16 28 830983 829 8227 553
565 128 5 6 95 3 7 12 86 9 1 83 977 9804 15 0615 98 4 917 63 1258 12 3 5 8989 08 415 72 2105 0712 8879
92393 9165 19215 8618 5167 6 5 12 98 52516 815 8912 3889 0715 9408 42055 486 5109 5952 30215 4157 495898
1 8 3 8 6023 92 92 3 5 82 4 5 8 1 79 6 2 7 4 6 6 691 10 35 9 8 94 62 73 891273 184 8520 476
923 167 5 9 12 9 7 59 32 7 1 89 377 1854 16 6874 42 4 612 71 1868 34 5 0 6789 72 719 18 2945 8712 8986
13316 1133 03848 0452 5128 3 5 18 97 12192 813 8862 2856 1295 2619 99118 324 5168 8816 55216 1656 125198
9 7 3 7 5523 65 18 4 7 62 9 2 9 0 29 0 2 1 6 6 1 619 16 74 0 8 54 12 08 821808 867 8177 586
679 123 9 9 11 8 2 88 94 2 7 65 987 1694 16 2314 62 4 917 14 1275 12 5 7 1589 06 414 92 5945 8982 8717
11393 6139 13285 4732 8600 4 5 18 88 72782 997 2992 8852 1293 0013 12516 824 4805 5312 74818 1173 195498
1 2 3 4 5143 84 00 5 5 32 9 7 8 4 28 9 0 6 4 7 1 047 92 58 4 1 26 72 33 093254 023 5798 874
473 473 5 3 30 8 1 12 89 4 0 32 088 1264 59 2316 56 5 451 94 1505 12 5 5 1259 19 485 12 7145 1722 9912
12313 4139 16818 8910 5199 6 7 62 87 52152 815 8982 9936 1515 6769 19205 724 6394 9399 64211 1353 189158
9 3 9 5 5121 45 15 8 4 12 6 2 8 5 95 9 2 7 4 5 1 592 22 48 9 6 84 18 93 851264 734 5525 896
036 623 5 6 32 8 2 12 80 9 9 62 767 1208 25 2310 12 6 912 65 1217 12 0 5 1278 88 730 17 2195 8512 3652
76393 8187 15005 8512 4131 6 5 04 98 82827 817 8995 0613 7215 5953 82290 670 5144 5312 87283 1453 214996

07390 1288 13215 8574 5624 0 3 12 68 36182 815 7952 9965 0815 7085 51221 724 0104 5715 53213 0653 125959
6 8 8 4 5123 85 32 5 6 86 9 2 3 1 28 9 7 8 4 5 9 957 35 25 9 8 74 63 54 899889 134 6945 528
803 158 7 9 16 8 2 38 89 9 1 42 781 9625 15 2574 15 4 956 14 9216 12 3 0 6287 12 715 56 5135 8912 8916
12611 6135 39831 8712 7181 8 9 48 58 10439 875 9217 9812 4255 4447 73218 925 0107 5172 99933 1153 025195
9 2 3 4 3173 58 82 4 6 52 9 2 6 1 38 9 2 8 4 8 1 015 82 40 9 5 24 90 93 899139 324 4553 876
56 983 5 9 12 8 2 82 80 7 1 42 897 4269 67 3614 06 4 919 14 1212 82 6 3 1289 17 485 55 3745 8756 8912
12313 4505 13773 8650 9191 0 5 12 60 52153 876 8686 7812 1253 7463 12275 197 5994 7912 54877 7159 195778
1 7 9 9 5285 35 12 0 5 89 9 7 9 8 27 0 3 1 7 5 9 240 12 45 5 6 24 99 93 798223 154 7143 529
783 683 0 9 14 7 9 02 86 8 1 88 957 1504 12 5514 12 4 510 19 1245 16 3 9 1249 15 415 12 2195 8718 8905
12353 9818 93273 8612 5525 3 5 18 47 12542 424 9912 9712 7815 6445 18919 194 7734 0397 98866 7458 126178
7 2 8 8 5123 91 12 6 9 82 5 2 3 0 46 9 2 1 4 6 6 982 17 95 7 3 20 32 27 457028 127 8024 556
123 913 5 6 10 8 2 62 89 0 6 84 384 1304 15 2314 76 4 172 74 1815 17 0 5 8282 12 414 16 4145 8782 8972
07960 1137 16214 1714 7126 0 0 62 98 42172 995 7979 4712 9895 5063 76073 124 5134 3306 73219 1170 835998
1 9 0 4 7323 92 77 6 2 12 9 2 6 3 29 9 6 8 9 5 1 618 72 37 8 8 34 11 46 997783 424 8387 876
823 623 9 9 82 8 0 22 29 4 1 79 997 1218 59 7335 12 9 682 14 9277 42 3 5 5353 12 850 82 8277 8945 8915
32313 1939 33205 9652 5021 3 4 12 99 06412 515 3982 9850 6416 8433 62217 026 4634 7768 53210 4903 157628
7 2 6 2 5223 42 14 5 9 17 3 9 8 6 00 8 8 1 4 5 6 862 92 95 6 8 47 12 63 897233 724 7792 556
222 863 5 1 09 6 0 19 87 9 7 09 380 6595 15 7316 16 4 912 14 1215 50 3 5 2080 12 115 12 7845 9778 8012
12313 1333 19716 8012 5171 3 3 62 78 12802 814 8984 9812 3255 2419 37218 144 4148 5099 53211 6109 135199
8 9 3 4 8824 42 92 7 9 93 5 2 8 0 08 3 9 1 4 9 4 612 17 45 9 8 26 18 78 205827 582 8193 128
622 127 5 1 66 3 2 13 59 7 1 82 887 5118 89 2888 11 4 912 99 1395 12 3 5 9277 12 716 26 4147 8719 8104
92079 9401 16715 8708 5721 6 0 19 98 92252 815 8912 7012 9895 5465 87955 074 8052 5272 57211 9503 545879
1 7 3 4 4132 47 12 1 3 18 6 2 5 1 28 9 2 8 8 5 6 322 18 45 8 5 29 42 07 841558 178 8123 556
573 153 0 7 27 4 9 02 89 9 9 84 897 1605 15 6014 12 4 912 98 5285 10 3 5 4081 05 213 12 8140 8981 7717
12998 1036 16205 6582 5428 3 0 18 68 15702 607 8912 9412 5713 5819 14285 124 5166 5315 83393 6153 156139
7 5 0 4 5193 30 16 5 9 84 9 2 0 1 26 9 9 6 4 7 1 912 18 98 6 8 77 18 61 896290 449 1523 559
439 961 5 9 82 8 5 72 89 2 5 82 989 1204 15 8501 12 4 958 14 1217 19 5 4 1985 90 655 82 4049 1712 8951
12097 1232 18449 8812 5385 3 5 92 99 12174 918 5957 9612 4075 0041 16215 664 7948 9912 53213 6173 125866
1 2 6 4 5150 15 15 5 5 12 7 8 7 8 13 3 2 3 4 1 1 914 16 47 9 8 98 12 73 791393 126 8188 556
273 185 5 4 92 8 2 98 99 7 1 80 965 5215 05 2714 82 6 712 14 1595 17 3 5 1285 05 418 22 2385 6960 0012
30397 1139 93255 8702 5135 3 3 15 95 97187 817 8917 5817 3645 8883 05815 728 5834 3418 13657 0913 125981
1 8 6 4 8123 99 82 5 7 52 9 2 7 9 23 0 2 1 4 5 9 962 12 49 8 6 84 67 23 891423 129 7820 876
173 126 9 9 91 6 7 53 69 8 2 82 168 9214 85 2754 15 4 905 11 2285 12 3 8 9299 00 515 12 2599 7773 5592
1 9 3 7 0323 49 42 5 1 19 9 2 2 1 42 7 9 0 7 5 1 512 15 47 9 8 71 47 24 283726 164 8823 556
143 193 7 9 57 8 2 12 89 6 7 62 999 1614 59 2312 12 4 712 04 6793 54 3 3 7082 20 062 04 2845 8912 8909
78685 1935 78819 8792 3780 3 5 52 48 72279 058 7382 9812 1210 3213 92815 163 0804 5703 03363 7176 623730
7 4 9 4 5523 71 17 5 5 10 7 3 5 1 48 2 7 3 4 0 9 952 76 45 4 8 97 18 13 831983 124 8597 556
85 423 3 3 84 8 2 18 09 0 6 52 110 4934 93 2317 80 4 919 77 1246 42 9 5 6283 82 440 81 9269 8712 4482
82916 1937 49245 6776 9547 9 5 10 88 12182 725 4657 9012 1215 5413 92215 204 5232 0318 93494 3583 123140
1 5 3 6 5929 45 15 5 0 12 3 9 9 3 28 1 2 1 4 5 3 669 12 45 9 7 59 12 53 854289 925 7523 917
425 196 5 9 19 6 6 69 82 8 1 01 983 7704 95 2068 12 4 946 94 1217 62 1 5 1759 96 493 12 2969 9849 9772
12390 6134 63341 3703 5128 3 6 12 07 17102 815 8015 8816 8215 5913 12248 227 0735 7292 53017 1167 175148
1 0 3 4 5123 97 01 5 7 12 9 2 8 1 48 0 9 2 7 7 1 912 17 45 7 7 24 65 23 801520 134 0103 455
793 903 8 9 46 8 2 86 48 8 1 52 488 5290 45 3384 12 4 919 74 2817 41 6 5 5489 45 479 12 7845 3752 8911
07375 3135 13294 6982 5521 3 5 12 98 25156 805 8875 9932 1255 7413 52283 110 9136 9311 83453 0187 875993
7 2 3 4 0578 45 92 6 5 92 6 2 0 6 26 9 2 1 2 6 1 932 72 47 9 8 28 18 23 997323 121 5118 655
905 928 6 9 22 8 2 18 99 7 3 77 907 9804 00 2314 11 4 912 88 6287 15 7 8 5908 04 413 06 2746 2788 8682
12643 4135 14969 9960 5547 3 5 58 88 50152 479 9999 9810 7295 5870 02780 669 5133 4712 33818 1163 055898
0 0 6 4 5126 42 12 5 3 68 8 3 8 0 73 9 8 3 5 7 1 912 10 49 7 0 24 16 77 191853 124 7922 538
623 918 5 3 12 7 8 89 67 8 1 82 481 8262 85 6219 95 7 912 68 1219 15 1 8 1489 82 014 67 5173 8192 6712
72313 1133 97114 9796 7129 3 5 12 48 92741 817 8587 9812 0449 5866 12115 984 6184 5369 93213 5158 128198
7 2 8 5 5127 89 52 5 7 18 9 2 9 1 28 9 2 1 4 5 1 710 82 45 7 6 54 62 24 861823 224 8509 596
102 163 5 9 12 8 2 87 88 8 3 18 987 7232 18 8713 19 6 219 84 5414 12 3 7 6266 12 697 71 2955 6904 9892
32663 1378 13215 8718 5700 9 6 13 50 19195 818 8919 8658 5915 8963 69015 524 4514 7314 53274 9673 925148
8 2 4 8 5193 55 12 4 5 18 9 7 9 1 68 8 6 5 6 4 1 759 12 45 9 5 64 15 29 699854 664 8123 556
173 098 5 9 16 4 2 12 89 8 8 07 980 1400 16 8317 52 4 614 74 1213 97 6 5 4573 12 416 62 2374 8706 8912
19313 9635 73210 8912 5171 7 7 19 98 72162 565 8947 3892 3218 8419 02785 124 2194 2895 63837 1653 365147
1 2 3 4 5163 25 19 8 5 87 8 2 9 8 58 7 4 6 4 5 1 964 50 46 8 8 79 02 23 867024 925 8141 556
853 166 4 7 07 8 2 12 89 9 1 98 987 1514 49 2717 11 8 790 54 5818 12 3 7 1084 16 547 19 2349 8812 4918
62378 1167 03215 8917 5121 6 8 15 98 92142 814 8516 3812 8415 6506 42275 969 8534 5813 53318 1553 183108
1 5 0 3 5153 75 72 5 7 12 9 3 3 1 23 9 2 1 7 5 1 892 22 61 9 8 47 53 83 491046 126 8033 400
977 923 7 9 12 8 5 19 69 5 9 97 337 8704 95 4369 72 8 712 13 1274 72 7 5 1229 34 527 16 6046 7118 9785
13899 1335 87335 0712 8857 1 9 62 90 67102 869 8976 9921 1298 5613 12266 996 8104 5588 43013 4653 625549
1 6 3 4 5884 45 36 5 5 55 9 2 4 1 97 0 2 5 8 5 1 912 97 45 0 9 94 74 07 896256 126 8193 086
923 163 4 9 13 8 4 62 88 8 1 69 947 1218 70 2814 06 0 816 39 1673 13 3 5 6294 52 485 12 5345 8212 8917
84616 0135 14312 0782 8124 6 5 48 99 32732 889 8992 9858 1215 7479 22314 824 6054 9371 87943 1153 185199
0 2 3 5 5013 45 56 5 8 92 9 2 4 1 94 9 0 1 4 5 1 972 18 85 9 7 24 18 27 893553 174 0873 455
883 822 5 5 17 9 2 52 89 9 1 82 643 1319 95 8314 92 7 968 16 9718 92 3 5 1983 93 935 12 9145 8609 8989
12117 1145 79919 8719 5198 3 6 12 99 52872 895 6808 9918 0757 6313 13215 216 5934 7312 55213 4003 195984
5 2 9 5 8120 48 02 5 5 10 7 6 5 1 28 9 2 6 4 9 0 985 77 85 0 3 34 90 26 891729 034 8228 146
59 684 5 5 79 6 9 73 79 8 3 90 964 0214 76 2314 12 7 033 14 8419 92 3 5 1244 42 513 02 3045 8710 7812
52313 7355 93992 3762 5581 3 1 52 96 12192 815 7917 9812 1518 5943 82218 428 7979 5317 54210 1103 890168
1 3 4 4 5748 44 18 6 4 57 9 3 0 1 28 3 2 1 7 5 7 997 12 17 8 8 69 72 23 790527 185 8673 556
599 128 5 9 13 8 2 92 89 9 7 82 927 1512 35 2374 94 8 918 94 0214 72 9 7 5839 72 919 17 6135 8086 8939
98399 3791 12915 8978 5931 9 7 81 97 60432 879 8506 9899 7385 8416 95815 524 5134 5929 53217 1151 102198
9 2 9 4 9144 98 80 5 5 12 9 8 8 3 28 6 2 7 6 5 1 582 17 35 7 8 94 92 23 891728 165 9483 823
667 977 0 9 79 8 8 42 59 6 1 38 629 1214 53 1894 13 5 916 96 1270 17 3 6 1289 96 545 62 2125 8340 8517
15394 1735 07215 1830 6101 7 0 45 90 18984 882 2912 6852 9515 9490 46215 124 7734 5689 93713 5050 135107
1 6 3 4 7173 47 12 5 5 99 8 7 6 1 28 9 7 6 4 6 1 442 58 05 9 9 54 72 99 891236 124 8723 259
006 143 8 9 14 8 2 22 53 7 8 35 969 1844 40 2114 39 4 914 19 7713 12 9 6 1689 39 419 12 8145 6812 8508
14053 1136 77618 8519 5796 8 5 52 98 92092 915 4965 5812 1734 1935 12715 484 5124 5388 59703 4355 199195
0 2 3 6 5163 45 17 5 5 73 9 9 7 7 29 8 2 7 9 8 1 012 13 97 9 8 74 52 56 881845 914 6526 854
027 124 6 6 16 8 7 12 29 9 6 42 898 1204 45 2394 82 9 022 19 3975 10 3 5 5284 12 880 15 2947 6812 9815
89918 9165 19217 4787 0461 3 7 97 68 62162 810 2982 5747 5915 7744 17564 134 5133 0316 53813 1553 355188
1 4 8 4 4183 85 82 5 7 82 0 2 8 1 48 9 5 9 4 5 6 949 12 79 9 3 19 92 26 961253 728 8527 506
154 869 5 9 19 8 2 17 84 0 2 82 987 1619 99 8314 14 5 952 16 8219 72 3 7 1086 92 915 16 8145 8712 8992
12313 1133 60263 2912 5821 3 5 62 94 92379 918 8964 9819 1415 5413 62244 593 5954 0562 58278 5773 125438
7 2 6 4 4199 97 18 5 5 67 9 2 7 1 58 0 5 1 4 2 0 782 12 87 8 4 70 17 21 901367 194 8963 558
760 953 5 8 19 7 8 12 89 6 0 42 582 1886 94 2978 16 6 618 39 1715 42 3 1 8509 56 412 14 6145 8712 8972
12549 1679 53219 8717 5120 3 5 12 90 19967 713 0992 7816 1215 5413 20294 120 7194 5682 58213 1353 124968
1 4 3 9 5696 25 42 7 5 19 9 6 4 9 88 1 7 8 4 5 1 962 88 96 6 0 29 12 23 791723 125 8724 096
985 124 2 9 18 8 4 10 89 7 7 80 960 1217 78 2365 12 4 118 16 6863 54 8 5 1589 22 484 19 3949 8017 8468
52793 5439 83305 6710 5121 3 5 32 98 95142 465 8814 0812 1415 5898 12215 121 7638 8308 83713 5853 125118
2 2 5 7 0126 35 22 0 5 68 9 3 8 1 57 3 2 1 4 3 1 800 82 44 8 6 24 23 23 678223 928 0120 056
173 523 5 6 98 8 2 73 79 7 1 82 957 1268 99 2319 22 0 582 67 1287 12 8 5 5288 54 445 89 6157 8782 2912
12319 9555 83218 6712 5941 7 7 47 98 22146 628 0993 0779 9275 5757 17710 165 8135 5068 63513 1073 625143
1 2 8 3 5759 44 12 5 0 17 9 2 0 8 68 5 2 4 7 3 1 966 19 44 4 1 73 82 03 861584 124 7156 576
821 883 5 9 12 8 5 19 89 9 1 06 456 1224 15 9314 12 0 916 94 6279 16 3 3 4988 10 485 70 8199 3716 9992
42513 1283 93445 8712 5161 3 5 72 08 12836 964 7312 3883 9265 6413 17985 284 5104 6375 53123 8552 594628
1 2 0 8 5623 46 16 5 2 52 9 2 8 7 28 9 9 3 3 4 7 782 72 57 9 9 24 32 20 091829 194 8150 505
193 153 0 9 12 8 2 46 89 8 8 02 987 0324 03 8004 12 8 997 09 5260 82 3 5 1389 62 516 95 9942 9212 1407
19289 4873 33815 8062 5557 3 1 12 38 19159 875 8970 9890 0234 6817 64279 495 5634 4379 82273 7490 740198
5 2 3 4 0123 96 12 5 0 12 9 2 7 6 28 6 8 1 4 5 1 972 16 96 5 8 27 19 53 898223 178 8584 436
59 183 5 9 16 8 2 42 86 6 7 89 937 1388 15 2884 32 4 917 00 4215 12 2 5 0287 19 682 15 2145 8710 8916
73853 0775 13715 1712 5171 0 7 19 88 17172 865 8919 8712 1055 5610 12215 127 5538 5317 86003 1853 175947
8 2 5 6 6123 40 12 7 0 32 9 2 0 3 27 8 9 8 4 7 3 912 01 40 9 7 29 12 61 892223 964 8156 536
163 928 0 7 82 8 8 10 70 6 0 85 987 4644 13 6368 16 4 315 57 9295 99 3 9 0289 42 417 62 2198 7712 8715
87313 5175 72275 7749 9167 8 5 12 98 03672 917 9885 9812 1615 0756 75215 129 4946 5995 53615 2969 825898
1 9 6 4 5843 05 82 5 0 12 6 2 9 8 79 8 2 0 4 2 6 912 32 43 9 8 24 12 27 835880 124 0123 550
583 153 6 9 12 8 2 14 83 0 9 88 987 6794 78 2067 18 4 912 17 5235 19 9 5 1067 12 475 12 2165 9816 8872
19317 8976 93519 8659 5151 3 5 18 14 16492 819 0918 9819 1615 7475 12055 124 2894 1816 50583 9853 225198
6 9 3 7 9156 65 22 5 9 12 5 2 7 9 93 9 2 1 4 1 0 812 12 90 9 6 24 82 29 899729 125 6400 766
729 123 0 9 52 8 7 02 86 6 6 92 827 1314 52 3364 28 4 968 88 6886 12 3 6 1289 10 465 69 5185 8616 8989
42713 5745 18158 8792 9999 6 5 99 08 12114 488 8912 9894 1415 5477 52596 184 8634 5379 53516 3757 137996
0 2 6 3 0128 45 52 5 9 63 9 2 6 1 96 4 4 1 2 7 8 952 34 48 6 8 28 26 23 093202 184 8728 554
123 963 5 3 12 1 9 12 69 8 1 82 780 6894 85 9760 19 4 995 89 6295 78 6 5 8787 18 057 92 2155 8162 0912
12312 1148 63232 8918 0085 9 5 12 90 57182 576 4714 7816 1415 6414 72215 564 8914 7356 53896 8795 178579
5 2 3 8 5226 35 19 9 5 16 7 6 9 1 28 9 6 8 3 5 2 358 52 85 5 8 26 12 03 691683 129 8123 556
186 815 3 3 12 8 9 12 87 7 0 17 684 6884 15 7364 18 4 523 38 9215 17 3 5 1284 89 419 12 8145 4017 8912
15319 3484 18215 5779 5821 7 4 42 98 82465 815 8612 4815 6412 5410 12245 149 5331 0396 53163 6453 126178
1 9 0 9 1103 95 92 6 5 09 5 7 4 1 78 0 8 1 4 5 7 492 85 95 5 8 99 12 21 561364 301 8724 466
827 023 5 9 96 8 2 97 89 5 1 83 087 7216 65 2314 17 2 912 10 1979 32 7 6 1839 99 419 12 2115 4819 8469
12316 6236 40416 8719 5162 3 9 12 86 12822 861 1602 0812 1586 3518 12965 185 6946 5338 63609 9118 135197
8 3 3 3 5923 45 39 5 9 48 9 7 8 0 88 4 8 7 4 7 8 953 12 46 9 3 21 19 23 818633 888 8128 603
913 463 5 9 12 8 1 52 58 8 4 89 788 1737 15 2098 92 0 972 97 1638 90 8 4 1285 97 435 55 3665 5788 9311
33352 7035 33838 8712 5121 3 0 62 98 76852 325 4363 1896 6606 5493 26914 974 6096 5364 98263 1133 535299
1 5 9 4 6620 49 52 0 8 52 9 0 4 1 28 7 8 8 4 5 1 912 39 46 9 7 24 18 03 871223 828 7687 589
427 343 5 8 62 7 2 10 87 4 1 22 987 1424 85 2360 19 0 692 68 1215 12 3 8 1089 70 435 98 3149 8792 8675
36843 4880 03401 1792 0321 9 7 19 97 14187 216 4852 8872 4567 7453 12866 124 5932 5960 56213 5153 885498
1 2 3 4 9120 57 12 7 5 96 9 4 2 7 48 5 6 8 4 9 0 616 82 45 8 8 74 92 83 991725 124 8803 756
629 023 5 5 02 5 4 12 89 8 4 82 807 7584 44 2614 15 7 493 84 1281 82 3 7 1259 12 495 62 4745 3312 8714
97313 1138 14616 8718 8994 3 5 32 98 80975 815 8942 8676 1215 5917 18205 329 5494 1112 59217 1154 705067
4 6 3 9 5083 25 16 5 5 73 2 1 9 1 28 9 4 7 6 5 0 786 42 42 9 6 24 12 28 901228 774 8173 556
123 455 8 4 16 8 8 92 79 9 1 92 047 2015 29 1824 97 4 322 04 1983 10 3 5 0285 15 485 12 7345 8728 1902
12353 5172 13545 8739 5108 3 6 12 95 42187 915 8982 9812 1085 5489 12281 825 6745 3078 03716 0106 925198
1 5 8 4 5523 75 12 3 8 69 0 6 8 7 29 7 3 1 4 5 1 902 18 45 0 8 24 76 24 831223 189 8359 856
58 123 5 9 72 8 2 52 49 7 1 82 782 4214 15 4359 88 9 996 44 1297 89 3 6 1599 16 495 10 2545 8702 8012
17317 7105 03211 8719 2101 3 6 12 57 19522 815 9212 9475 4210 5450 72618 145 5130 5312 05273 8459 128198
0 9 0 4 5933 85 92 5 3 07 9 0 6 9 28 9 0 1 0 7 9 939 18 39 1 9 25 62 23 887223 026 8493 157
023 283 9 8 02 9 2 45 89 9 1 40 981 9076 76 2711 98 2 082 14 1606 12 8 5 1979 12 410 14 2975 0812 8012
70983 8835 99515 8917 4126 3 5 16 38 15192 890 8915 4782 1009 4213 19217 165 8554 5314 04213 1686 459178
1 2 5 4 5122 75 92 8 8 12 3 2 5 7 29 9 9 1 8 2 9 842 12 75 5 8 08 06 24 890290 924 4143 874
073 180 5 9 89 8 9 80 32 9 1 56 787 1042 15 2384 73 4 668 38 1995 02 3 5 5790 12 460 12 5845 1812 8014
14015 1633 11598 8772 6128 4 9 19 58 19127 895 5912 7488 9045 5413 02975 228 5480 2314 59211 1153 865198
1 7 4 9 4927 84 96 5 5 82 3 8 9 9 28 8 2 8 4 5 3 914 16 15 7 8 64 82 53 146723 084 8481 846
183 173 5 9 17 2 2 88 83 1 0 86 987 7264 18 2709 12 4 805 74 1615 12 9 1 1984 12 363 01 2175 8712 9012
12393 6435 84684 8482 4109 4 9 17 88 18106 815 8912 9813 7215 8413 31215 155 5130 6312 51616 1373 135597
1 2 3 4 7125 45 97 7 5 12 5 8 8 1 28 9 8 1 0 6 8 324 05 49 5 8 39 62 83 951240 124 8156 556
243 459 9 9 19 8 3 12 87 8 1 89 987 9218 75 9314 32 3 912 13 4216 17 7 5 1799 12 716 17 6184 0715 8912
82313 9577 10265 8795 5821 3 5 12 88 68178 689 6572 9818 1915 2443 85242 527 5904 4862 93213 4153 120128
7 6 3 4 5135 65 12 5 3 02 6 2 8 1 88 9 2 1 7 5 9 918 62 43 9 0 24 18 63 094243 124 6957 557
723 928 0 2 12 0 2 16 83 8 1 82 787 8084 16 2377 12 4 953 14 7266 14 0 2 1225 65 454 12 2169 8722 8013
63868 9035 14915 6773 6146 3 7 49 98 69170 815 8912 9802 1916 5315 15295 124 5534 5816 57209 5058 125460
1 2 3 4 4793 49 86 5 7 20 5 6 5 1 68 9 1 1 5 0 1 899 18 46 6 8 44 19 44 491933 114 8955 596
103 623 3 9 15 8 2 82 89 9 6 44 947 1293 75 3314 12 4 817 94 1598 67 8 6 1249 12 655 62 2240 6012 9932
56013 1109 11215 9712 5121 9 5 12 98 82102 885 8049 9914 1215 5483 12885 615 5839 6872 53618 6158 125198
3 2 9 4 5193 95 48 0 5 12 7 3 9 9 26 9 2 9 4 5 1 912 12 45 9 8 80 12 23 875527 124 8125 656
113 123 4 9 46 8 0 49 09 8 1 62 417 1264 15 3318 42 9 917 94 8296 12 0 5 1489 12 915 14 2745 8819 7312
16313 1138 16917 9512 2171 3 7 10 98 90162 866 0912 9812 7286 5416 92516 984 5233 5112 53213 1455 399948
9 1 9 4 5729 45 16 7 5 64 9 2 9 4 88 9 7 6 3 4 1 958 12 59 9 7 34 17 93 345223 949 8686 856
856 792 1 9 94 9 5 40 89 7 1 82 987 1224 88 3394 62 5 959 04 1910 17 9 5 0369 72 388 24 0345 8712 8910
02346 9578 63815 8917 8128 4 7 97 99 12742 516 8986 6312 6816 5413 99213 864 8194 8357 83173 3169 136555
6 2 3 4 5569 55 76 5 3 24 9 2 6 7 98 6 2 1 8 9 1 992 78 49 7 8 07 38 23 897323 524 8121 956
983 593 5 9 02 8 4 37 87 6 9 87 868 1214 14 2316 12 9 418 14 0914 96 3 5 1270 24 468 12 2145 5818 8982
78313 4159 49285 6768 5129 3 9 14 98 11155 546 4918 6817 8955 5443 10815 638 5134 5582 54847 7961 128188
8 2 3 8 9023 40 09 5 5 15 7 2 7 1 62 9 8 0 0 5 5 663 62 99 9 5 54 12 22 858227 125 3123 986
177 127 0 9 72 8 9 12 89 9 1 82 589 1244 43 7019 42 4 712 14 7115 18 3 5 9289 12 914 42 8165 8749 1638
16430 1747 15298 2712 7871 4 5 12 79 92852 958 8752 7202 9615 4718 82417 994 4184 5032 59213 0480 175793
1 9 3 6 3823 75 62 5 5 10 9 2 5 8 05 2 2 8 4 5 0 912 42 48 9 8 29 19 71 791273 204 4115 566
56 824 4 6 82 8 9 02 88 5 1 82 987 1214 15 8669 22 4 914 18 1417 12 8 4 1248 89 415 16 5046 8917 8498
12313 7315 73265 7717 5121 6 7 62 78 82142 888 8912 5812 0215 5419 32579 056 5734 5312 53209 7143 185698
5 2 5 2 5103 33 12 3 5 12 9 7 3 1 28 9 2 6 4 5 1 612 98 47 9 8 74 10 83 572299 585 0103 550
123 629 8 5 02 8 2 89 75 1 5 92 089 3210 55 2624 90 4 575 84 7575 12 3 5 6208 12 415 12 5775 8959 6652
46613 1431 13216 9782 5193 4 5 22 98 72172 815 0962 9714 0879 0449 00715 164 7107 0912 88413 6167 820175
1 2 3 6 2928 47 06 7 6 22 8 2 7 1 26 9 4 1 0 7 1 552 14 49 9 6 24 73 26 795524 125 5193 566
694 723 4 9 16 8 9 92 95 8 1 89 987 1784 87 2194 12 4 519 49 7715 07 8 5 6645 19 986 48 2190 7312 8412
74373 1965 09019 8512 7124 4 5 98 55 82942 915 8910 9882 0217 5183 46789 142 9188 5312 26203 9103 105188
4 2 3 5 5620 49 92 9 5 12 9 2 0 5 25 9 3 0 4 5 9 977 14 66 7 1 94 98 23 891225 424 7179 586
723 529 1 9 18 8 0 12 88 2 1 82 985 1744 55 8968 72 4 522 17 1216 66 0 7 3279 12 415 12 9415 8744 8219
15797 8015 23217 5373 5199 6 5 32 90 19826 815 9962 9819 7864 5413 07275 113 5434 5382 63113 8643 629898
6 2 3 6 5123 45 12 5 5 12 9 2 3 1 28 3 2 6 6 9 1 929 14 95 6 7 24 12 93 901281 229 9798 057
733 128 0 3 12 7 2 72 98 0 4 82 997 1574 28 2317 10 4 919 18 8714 12 7 2 8688 92 491 62 2548 8712 8102
15457 1135 19763 9742 5111 3 8 82 97 12105 815 8912 5404 1795 4797 16215 998 5944 6318 59993 8456 147565
9 6 7 7 6193 45 12 5 6 70 8 2 9 0 78 9 7 1 4 7 1 912 14 55 5 8 64 19 33 896886 194 8933 653
123 123 7 9 14 8 6 89 89 4 7 88 957 7704 14 4819 51 6 716 64 1615 52 5 0 8429 18 410 92 5748 8912 8992
83114 1235 73215 8066 9121 3 4 13 98 82282 815 8972 8118 1005 9476 82811 128 8574 6369 56583 1744 316187
1 2 3 9 5123 95 72 6 5 13 2 6 9 3 95 5 6 9 9 5 1 912 92 00 0 5 31 13 23 606959 124 2123 590
653 591 9 7 88 8 3 17 89 3 8 12 587 1614 15 8376 12 4 977 30 1215 54 9 4 8659 82 465 18 8942 8712 8439
12913 1495 76718 8712 9135 3 0 77 88 12175 276 8011 9824 1365 9413 02087 534 7156 5319 77269 1159 145998
8 6 5 3 5120 45 79 5 5 82 9 2 0 1 25 9 9 1 4 9 5 972 92 46 7 7 24 19 73 091827 124 8628 556
187 273 5 9 32 9 2 12 89 8 1 80 682 3476 02 6354 92 4 719 19 0810 72 7 5 0289 59 089 96 2845 8737 8918
13813 1137 77315 8792 5121 6 4 58 48 72108 883 9972 0982 1817 5423 95255 164 5284 0370 53913 3129 855198
1 7 6 4 5152 45 10 5 9 12 9 2 3 1 68 9 7 5 4 5 1 910 12 33 4 8 44 82 98 811223 127 8423 559
109 843 5 5 12 2 1 92 39 8 1 96 998 1224 59 9684 48 4 942 84 1295 12 3 5 8066 52 415 14 6747 5706 7913
42683 7135 83215 5717 4134 3 5 82 97 12982 715 8112 0892 1485 5093 19287 948 8136 7266 53447 1853 175091
1 6 7 6 5993 45 67 5 5 07 9 7 9 5 03 9 9 0 4 0 1 715 92 48 2 7 28 82 23 847825 127 8092 556
025 191 5 9 57 8 8 16 79 7 1 85 987 1514 16 3339 17 4 812 24 1325 12 8 4 9590 12 415 12 8135 3714 6597
12861 1135 81275 8512 9127 8 5 12 98 12104 868 8113 6812 2225 5489 57477 124 9420 9312 52019 1934 820248
1 8 3 7 5036 85 17 5 9 32 7 2 3 1 23 9 2 1 1 5 1 713 92 47 7 8 04 06 98 891843 904 8123 521
823 123 7 3 18 8 2 64 89 6 1 87 987 0298 98 0913 18 4 982 14 1516 19 8 8 1243 67 415 12 2549 8987 8542
14313 7335 13618 0712 0404 2 3 12 00 82698 814 8918 4919 5055 8813 88219 195 0992 9372 25943 6227 425188
4 2 3 4 8173 85 92 5 7 42 8 2 4 1 24 9 8 1 4 0 1 912 12 45 9 8 44 12 73 895274 678 8625 357
34 193 8 9 74 7 7 04 88 2 0 90 979 6214 86 9284 82 9 315 08 7285 56 4 9 7457 55 415 12 2595 8796 7903
12815 3195 13916 8762 8076 4 0 12 97 38562 725 8992 9812 1218 6483 92915 448 3749 5372 59515 4139 123794
6 6 7 4 9165 45 99 7 8 17 6 4 9 8 25 9 2 1 5 5 4 912 62 07 8 8 24 12 73 891220 824 8028 557
523 887 9 9 11 6 6 14 89 9 7 62 987 6289 97 2317 17 7 878 94 1905 12 7 5 4279 97 465 12 8695 3515 8446
42113 3035 15615 6791 6191 5 9 15 54 18065 915 8969 7842 1048 9413 92215 384 5144 9082 53214 7857 145176
1 9 7 4 1823 10 79 1 5 72 8 2 5 1 27 9 9 9 3 9 1 478 42 45 7 8 24 12 28 898806 074 8175 586
323 789 5 9 18 8 2 18 82 8 1 68 489 7416 45 8314 12 9 940 14 1278 12 8 5 1389 77 475 12 6595 8016 1612
89113 1745 33265 8619 3125 3 5 72 93 18644 877 9762 9812 7298 5513 18855 124 8534 7612 83213 1653 575898
1 7 1 4 3120 45 80 5 6 16 6 2 8 6 26 9 8 4 4 5 1 772 12 72 9 5 97 18 23 331653 724 0123 246
123 026 5 8 82 8 2 88 49 9 6 82 182 1290 95 0314 12 4 932 44 1215 12 8 5 1289 85 015 48 4910 8747 8936
18253 1179 03215 9719 5176 9 8 92 98 02499 845 8917 9752 1215 2439 12285 828 5134 5782 05817 9139 165198
1 2 3 4 4623 19 86 8 5 12 9 3 5 1 18 6 1 9 7 7 8 075 62 45 9 9 25 17 28 749338 929 8113 579
923 623 7 9 14 5 8 14 59 9 9 46 993 1119 65 2904 12 8 912 99 8019 12 4 5 1289 12 415 62 7165 8310 7012
28915 1184 19245 8549 6021 3 8 92 98 02100 745 8970 4319 7285 5113 32519 124 5104 8349 09215 1196 068195
7 2 8 4 7769 05 62 8 5 18 9 2 8 1 29 9 8 6 4 5 1 716 12 46 6 7 24 19 97 897226 824 8133 256
429 165 8 8 01 7 8 92 77 2 6 24 987 3364 28 2395 14 8 312 74 1615 92 3 5 5669 19 496 86 2837 8782 8617
54312 9955 83215 7789 7120 2 5 92 88 18160 815 8272 9823 1095 4889 04995 529 5189 5382 51218 1134 823197
8 2 0 4 9129 42 12 6 5 92 8 7 9 1 23 0 9 1 6 0 4 988 28 45 0 8 24 16 23 685023 124 8823 953
123 823 5 9 82 8 2 12 89 3 1 19 977 9294 04 2593 10 0 652 64 5200 97 3 9 0982 92 215 12 5245 0312 5917
92313 7035 17015 6782 5027 3 5 16 48 15193 875 6082 9812 1391 5903 65515 174 6764 5399 59053 1793 126196
5 2 8 9 5193 15 12 5 5 12 2 7 0 4 67 9 2 1 4 5 1 932 12 49 9 8 34 12 09 597629 127 5144 790
923 123 9 9 62 8 7 12 19 5 1 52 987 1914 72 8354 17 8 062 20 1297 69 0 5 1929 19 955 71 8148 7852 8913
18384 1195 17245 7712 5827 3 2 42 98 51769 959 8612 9612 1215 5413 17235 194 5132 8356 58513 1188 125878
2 0 7 7 5122 45 42 9 5 12 9 2 0 9 29 9 9 7 7 5 5 832 12 45 7 6 27 12 23 701408 428 2599 656
955 709 7 9 99 9 5 12 59 6 9 82 086 1210 04 2884 47 4 902 19 7915 19 8 9 6250 12 488 12 2745 2389 8989
12383 1638 93315 8936 1151 3 4 62 90 12869 806 8585 9860 1509 6980 12585 824 4137 5082 53771 5062 125999
7 2 6 4 8183 25 82 5 5 12 9 9 2 1 18 3 2 4 8 5 1 902 19 97 6 8 24 57 24 795076 924 9124 207
055 175 5 0 89 7 9 12 89 6 9 96 589 1605 25 0292 90 5 392 14 1217 16 6 7 1243 12 445 62 0980 8719 8912
92913 7730 79653 8892 5122 3 5 12 94 84522 886 8972 9452 5230 6475 12295 185 4183 6912 53263 9190 525175
1 2 3 8 9120 41 05 6 0 15 6 2 7 4 97 9 0 9 8 5 1 992 72 85 5 0 78 13 43 881853 484 8129 439
963 323 9 8 02 8 9 92 89 6 8 32 987 1164 85 6854 16 0 112 15 3865 72 5 5 4282 11 885 12 2643 8519 8912
12513 1165 04611 7925 8921 9 6 18 98 18196 855 7912 2402 1225 8418 35285 024 5934 5325 50210 1505 160998
1 9 9 4 6123 43 19 5 8 12 2 2 9 5 20 9 7 1 9 1 2 718 68 56 7 8 20 12 26 099827 107 8127 856
28 121 9 5 92 8 8 12 45 8 7 82 187 3816 18 6314 12 8 919 14 5915 47 3 9 8376 52 419 62 8135 4852 7952
72329 1475 23219 8742 3161 7 5 27 78 29716 755 8617 9800 1403 5598 12215 148 5866 5939 53293 8123 136188
8 2 5 8 1926 95 12 5 3 15 9 0 8 5 29 9 2 1 1 0 4 482 97 48 9 7 28 52 23 891023 127 8923 350
826 803 9 6 18 6 2 59 89 2 1 82 985 8846 85 5314 07 4 916 93 4952 06 7 5 4289 14 415 53 5762 8712 8914
12816 1135 84295 8062 1521 1 5 78 98 13189 618 8812 9872 7015 5410 17285 128 9834 0842 93513 8863 005268
1 2 4 4 2823 48 02 5 5 52 4 4 7 9 28 9 2 1 4 8 7 797 38 65 4 7 28 82 79 504223 169 8526 736
255 177 8 6 12 8 2 12 89 0 1 40 980 0244 19 9999 02 4 612 18 9835 79 3 4 1099 19 415 67 3549 0913 8910
62933 1785 73717 7702 7178 6 1 92 47 05276 988 6972 9042 1267 5717 16014 125 5154 2814 83217 9156 557092
1 2 8 4 5683 45 97 5 5 14 9 2 6 1 28 9 2 1 4 6 9 962 82 45 7 8 26 82 26 991229 904 8122 511
183 123 6 7 72 8 2 34 87 2 1 88 784 6209 15 2934 12 4 992 16 1228 86 0 5 1669 16 474 62 2845 8719 5918
12399 1139 03615 8712 5121 5 8 19 98 17102 845 8912 9715 8288 6817 11246 154 9144 8392 53948 1658 725348
9 8 3 2 1726 45 15 5 5 15 3 7 6 9 28 0 2 9 6 0 1 987 11 46 9 8 25 02 28 894524 227 1127 556
186 683 5 8 12 2 2 10 41 9 9 82 907 1294 90 2314 60 1 912 78 4245 15 8 5 1089 15 698 92 2145 5416 3015
12368 1335 87715 0712 5451 3 1 12 08 54599 665 0770 8339 1212 5419 12205 926 8137 8982 13511 1493 190126
0 8 5 8 5143 03 39 5 4 12 9 2 7 6 98 9 3 1 6 8 1 632 19 55 7 8 99 11 29 991223 164 4190 596
908 923 5 9 72 5 2 70 99 5 8 02 397 1084 05 0586 10 4 917 74 9950 12 0 5 0788 42 355 42 2195 9072 8913
68393 1635 78545 8778 5546 8 5 62 58 07194 817 8967 9812 6265 5966 40215 128 5134 0312 53611 4758 185198
8 8 0 7 8848 43 19 5 5 32 9 5 9 9 05 3 2 1 4 5 1 952 18 47 9 8 29 15 23 891283 075 8420 558
750 123 0 9 11 8 7 82 28 9 1 72 087 7268 90 2314 17 9 912 74 1919 60 3 5 8009 62 078 16 8145 8779 8978
12812 1193 16815 0832 7101 9 8 59 48 16148 885 8875 9438 1215 5719 17285 128 9584 9167 24213 1893 957808
8 2 6 6 0103 98 12 8 7 17 7 2 8 1 24 6 2 1 4 8 4 912 25 48 9 8 26 09 28 887208 194 8830 552
723 783 0 9 12 8 2 12 82 1 7 92 907 2533 11 2428 35 4 573 19 1209 55 3 2 1888 18 338 19 2945 5600 8412
02593 0730 43935 8730 5628 5 5 15 78 02186 910 8913 9872 1215 6813 67688 198 3434 5382 47713 0173 025178
7 2 3 8 4523 97 79 6 4 45 9 2 4 5 18 9 2 1 4 5 1 967 17 49 9 6 54 82 97 491273 124 8187 559
573 827 5 9 15 8 6 12 07 3 6 82 987 9314 15 2618 19 0 909 18 1896 12 3 8 1286 12 819 42 3180 6532 8755
82303 7538 13290 4712 5421 3 9 72 98 22172 817 8942 9512 7295 5413 09516 624 5444 6052 53849 1899 148158
1 2 5 4 5123 59 12 0 5 19 5 2 7 1 25 0 2 1 5 4 4 956 13 30 6 8 43 12 29 896823 324 6523 592
423 977 6 5 19 0 2 02 88 9 1 72 586 9516 11 8814 12 7 472 14 1715 95 6 8 8847 18 499 17 1148 8713 8110
16813 7735 13289 8892 5260 3 5 62 98 93179 810 6501 9819 0276 2413 86756 129 6705 0372 22211 7353 427698
4 2 9 4 2111 45 32 9 5 11 5 4 6 1 86 8 2 1 4 3 7 612 52 45 9 8 34 17 59 891283 154 5193 956
199 123 4 9 85 6 2 03 09 9 1 82 907 1234 76 6744 52 0 912 37 5712 62 3 9 1484 99 785 82 9745 8012 0019
14392 1177 13282 8457 7189 9 5 19 98 10183 859 8973 9626 1116 5418 12908 924 5974 5316 63090 2140 735899
1 2 6 4 5063 05 02 5 7 82 9 2 9 1 17 6 3 1 6 1 1 705 12 53 9 5 20 12 13 401523 124 8623 657
57 123 3 9 18 8 9 69 79 7 1 82 487 1934 15 8864 98 0 959 12 7695 18 3 6 1039 12 418 18 7145 8782 9713
10315 9035 10069 8718 8170 0 8 75 98 36992 895 2915 9969 6219 9493 32715 184 5137 9362 56213 1943 029258
1 0 3 6 8424 80 14 6 7 72 9 9 2 1 28 5 2 1 7 5 1 955 10 75 9 4 74 50 98 991623 476 8123 556
126 995 5 9 01 3 0 11 69 4 9 92 587 1690 17 2304 52 4 982 17 1610 18 3 5 1993 17 915 12 2979 8678 8787
52483 1630 16015 8752 8701 8 5 16 99 22889 715 8902 6562 4215 5403 35217 194 5514 5319 73619 7159 775448
8 2 3 0 9523 45 13 9 5 62 9 2 8 7 98 7 6 3 4 5 2 919 62 75 4 8 20 12 93 886023 004 8143 548
193 626 5 0 69 8 2 05 04 6 9 72 955 9614 89 2301 83 4 932 54 1295 05 8 0 1869 77 419 06 2545 8772 8562
10233 7037 97848 4115 5821 5 5 17 97 18842 485 9892 9583 1815 5412 99657 504 5934 5892 53227 0147 087903
1 6 3 4 5873 20 15 6 5 11 9 9 8 0 28 9 2 3 9 8 7 890 52 45 6 8 54 12 22 694223 335 8127 156
826 528 3 8 16 7 2 17 46 6 1 84 087 1274 30 0314 79 5 832 85 7255 52 9 6 1240 99 375 10 2875 8712 5172
14375 9435 13815 8582 8921 0 5 16 98 12905 384 5711 3162 1815 2443 32985 924 2134 5308 50623 1126 623198
2 2 7 4 5213 45 89 4 9 22 6 9 8 1 26 7 2 3 6 5 1 082 12 48 6 4 89 02 21 050223 528 8623 585
156 320 5 1 92 8 2 10 57 5 1 62 987 7644 15 0324 77 7 912 14 1809 82 9 5 3289 12 897 62 4445 8707 8519
19313 8194 13209 9963 5121 0 5 22 98 82182 812 4972 9832 1915 5413 74209 123 0134 7310 64113 1557 199198
7 0 5 1 8127 44 12 5 9 06 9 6 3 6 09 9 2 6 8 5 0 714 12 08 8 8 29 11 26 893823 948 8604 756
427 103 4 0 12 8 8 15 79 2 8 86 998 7274 16 2798 02 4 912 74 1419 12 3 2 9289 62 606 32 2975 0712 4412
15873 7135 19217 8713 5188 4 5 71 56 12173 465 4858 9492 1514 5453 98209 119 6133 3312 22013 1153 525192
9 2 0 4 5103 49 72 5 5 55 7 2 0 2 75 9 6 1 5 5 4 519 72 49 5 8 89 14 03 874259 634 0396 516
663 197 9 0 72 6 2 17 83 7 2 88 983 7577 15 2378 12 4 987 34 1218 12 0 8 0429 92 258 12 4145 8812 3918
12535 1135 63895 0892 5531 3 5 12 98 52998 897 8912 0824 7215 5772 67417 724 5694 8167 54653 3353 745190
6 2 3 8 7073 19 42 5 2 74 9 9 0 1 64 9 4 1 4 7 7 912 82 95 5 9 84 16 23 872283 723 0620 586
189 983 5 9 79 8 2 32 86 3 1 25 639 7304 54 9340 43 3 992 66 6539 32 3 5 1889 16 415 32 2175 8204 1997
05319 6182 13627 8742 5128 0 8 12 98 12107 813 4917 9242 1210 0443 82215 824 5434 9315 05213 9146 923197
1 9 4 4 5937 55 10 8 8 42 5 2 4 0 28 9 2 1 8 5 1 762 12 55 9 8 20 18 15 831293 124 9860 846
523 163 8 9 98 7 8 12 69 9 7 89 908 1214 16 2317 15 4 092 08 0275 52 9 5 0649 36 613 92 3343 4769 8615
82993 5138 93815 7714 9029 3 6 18 08 74612 310 5919 9817 8595 5819 19515 898 5613 5912 20813 1353 149679
1 8 3 4 5163 45 15 5 5 82 0 2 0 1 30 6 5 1 4 5 9 728 12 45 5 8 72 15 71 860226 526 8053 380
178 104 5 9 12 6 5 10 85 0 1 08 980 0577 15 6385 92 4 942 53 1235 31 3 5 1205 12 415 17 6745 8778 5002
12993 8137 13215 8716 5126 7 8 38 94 19186 715 8758 0372 9215 5419 12299 809 5614 9312 29319 6082 768650
12513 0335 70216 9712 5324 3 2 10 56 75182 855 8992 9995 1362 5433 17217 529 7150 9352 95213 8853 126098
