9 2 3 4 0483 05 00 6 5 87 9 3 6 1 29 9 2 0 4 5 0 930 50 29 9 0 74 10 20 901228 100 0129 566 
303 338 5 9 02 0 0 16 06 8 1 62 889 1814 45 0014 06 0 912 10 1215 10 7 4 9285 00 480 12 0145 0582 8088
72013 0845 14215 0710 0701 3 7 02 90 18160 815 0765 8810 1055 0500 75215 164 5134 5315 53903 0153 820108
6 2 3 4 0083 43 02 5 0 12 9 2 8 0 90 7 0 9 6 0 1 978 13 85 9 8 06 18 23 081003 170 8123 553
80 020 6 4 20 8 2 12 89 8 0 72 787 1014 80 2300 00 4 902 12 1285 10 3 0 1759 80 115 00 6140 8712 8902
89965 9008 13510 8410 5180 0 0 12 98 60192 915 7992 0870 1200 5013 70300 627 5794 8016 90209 9153 343877
0 2 5 4 4263 48 12 6 5 04 9 2 0 8 98 0 3 6 4 5 0 900 12 48 9 8 75 10 23 065207 604 0023 535
723 023 5 9 70 8 0 12 89 0 7 50 837 1410 00 2310 90 0 012 00 1213 12 3 8 1987 12 739 82 2145 0712 5610
52310 9130 13216 8659 5680 0 8 10 98 13160 205 0652 9807 0600 5419 12440 024 9105 4310 57090 0053 009697
1 2 3 8 5123 65 14 5 0 64 4 2 0 0 88 9 0 1 4 5 0 962 72 70 0 8 24 80 23 000292 824 8177 976
723 119 5 9 12 9 2 16 98 0 1 02 087 1204 00 2310 12 0 900 14 0280 12 0 6 0258 32 815 13 0147 8010 8812
10073 0633 10065 0702 5828 0 7 12 98 98609 515 0986 9792 1279 4488 04904 124 0604 7318 00212 1080 075128
5 2 0 4 5120 49 10 8 8 32 9 2 7 9 27 9 2 8 4 7 1 640 00 65 9 0 24 17 23 861203 174 0120 355
183 120 9 0 70 8 7 12 27 0 0 82 967 1704 05 0350 19 4 992 00 1210 87 0 0 9089 82 419 10 6005 8712 8002
12310 8000 90215 0900 5401 0 5 60 40 12062 735 5812 5809 0500 0403 10605 104 5139 5816 91393 1653 325109
0 2 3 0 5108 05 76 8 5 15 9 2 8 1 24 9 2 8 0 5 0 412 12 43 0 0 00 12 25 881270 175 0629 350
548 127 5 2 17 6 9 02 89 0 0 82 007 1219 10 2074 04 0 990 54 1260 30 0 5 0880 12 415 18 6345 9710 9952
12313 1170 00210 7712 5121 0 5 69 98 82172 808 3992 7800 5535 0433 05215 800 7130 5912 03233 1350 008198
1 2 8 0 8121 90 09 5 0 12 3 0 4 0 00 0 0 0 4 5 1 932 42 45 7 0 20 12 20 041003 054 9143 556
800 129 8 9 12 4 8 10 09 0 1 02 444 1010 15 9334 72 0 910 05 9019 12 0 5 9259 02 410 10 0148 1782 8902
05090 0105 03016 8910 5021 3 5 90 09 10102 000 0202 9018 1618 6086 75215 024 8066 6719 50200 0100 100769
9 0 0 4 0029 90 18 0 5 12 7 0 1 8 03 9 0 1 4 5 5 910 12 40 0 8 24 07 03 481223 084 0825 806
524 063 5 9 14 8 2 10 80 8 1 02 987 1244 19 0300 10 0 972 05 1203 72 3 5 8989 02 405 12 6995 2082 8929
02333 1145 53200 3714 0024 3 5 00 79 00902 515 0000 9852 6211 0410 02505 074 5134 0017 99243 9103 805090
3 2 3 8 5523 05 10 0 5 10 9 9 9 1 98 9 0 1 4 0 0 900 10 05 8 8 56 67 23 801223 124 5930 006
103 063 8 6 43 0 2 02 89 5 1 80 957 6210 94 3374 82 9 389 74 1768 02 9 7 4276 72 019 10 5048 7702 8019
02313 0000 03065 8302 6081 3 0 01 48 92808 085 6710 9018 9200 4453 14900 024 0800 0700 03843 1684 625098
6 2 0 7 5120 50 12 9 5 10 6 2 8 1 56 7 5 1 4 5 8 820 02 45 9 9 74 08 03 679283 129 8023 402
120 723 8 9 80 8 3 47 00 6 1 00 007 1210 10 6310 02 4 910 04 1000 52 0 5 1280 90 915 12 0140 8432 8012
02357 0805 73015 8710 5024 0 0 12 08 18152 615 8719 9810 9005 8413 12275 140 8830 5312 57213 4150 100190
9 2 3 2 5720 45 27 7 0 05 9 0 0 8 70 9 5 1 4 0 1 012 07 87 9 8 20 10 20 070200 174 0178 080
183 173 0 0 12 0 7 02 75 0 8 52 900 0410 14 0259 10 0 882 04 9215 12 0 7 1200 12 405 19 7940 9715 6010
1 2 0 4 0903 47 02 0 5 55 8 2 5 9 08 8 4 1 0 0 5 910 03 00 6 0 00 08 23 809293 124 8023 500
128 130 9 6 02 6 2 12 00 8 1 00 380 1014 16 2314 03 9 912 54 9015 10 3 0 0289 10 465 18 4440 0712 2012
02080 1035 02215 0712 5909 0 8 02 96 82000 415 8902 9802 9798 5033 72585 150 5030 0302 03260 0150 007108
1 2 0 0 5023 45 10 0 0 22 7 2 6 1 08 9 2 0 5 5 1 988 12 05 0 0 44 72 20 499020 924 0103 599
50 193 0 9 12 0 4 10 09 8 1 18 007 1319 05 2015 00 0 058 14 0047 40 7 7 0270 82 411 12 0165 0642 7000
12313 8795 88195 0000 5101 3 0 10 08 12192 800 8012 8262 1010 5504 18815 304 0004 0390 93383 9093 305190
0 8 3 4 3133 48 96 9 0 12 9 9 1 3 08 0 2 1 4 5 0 910 06 47 9 0 23 10 23 093007 745 0703 576
003 908 5 0 21 0 5 80 09 0 3 07 989 0214 15 2611 82 4 909 84 0205 06 0 0 0290 11 405 27 2705 8712 8600
12310 1068 02416 8754 5020 4 0 22 08 80100 815 8780 9819 2825 5073 02210 173 5100 9318 53248 2156 725503
0 0 0 5 5120 45 44 6 7 54 5 6 0 1 03 9 8 3 3 0 0 900 16 45 0 8 00 02 23 891200 170 8093 650
123 020 5 6 00 8 9 70 87 8 1 32 908 8819 15 0366 90 4 810 50 1010 08 3 8 0584 92 415 13 9105 8317 8992
15313 0885 03205 0718 5620 3 5 12 30 62072 019 0907 6016 1219 5619 10915 136 5004 0308 43233 5150 025591
0 2 3 0 9520 45 09 5 5 07 5 7 0 1 28 9 0 5 9 5 5 719 00 57 9 8 29 80 89 898773 024 2153 006
173 876 5 5 02 8 5 72 09 2 1 52 785 1609 15 2390 15 4 406 04 1215 02 3 0 1080 10 082 10 2180 9003 8910
12019 1145 90915 8010 6000 3 0 19 68 00806 885 0088 9002 2215 0413 12217 120 0734 2672 53213 0158 007100
1 3 3 4 7023 85 30 0 5 09 9 9 0 0 78 9 0 0 1 5 1 982 12 55 4 8 24 12 29 891020 170 8179 506
870 648 0 9 19 0 0 62 80 7 1 92 907 0299 15 2019 12 5 915 04 0215 10 0 5 1280 12 725 10 2145 8700 0910
90310 0094 07020 0012 0821 3 0 02 93 12158 816 8976 9806 1000 5149 19075 370 0134 9318 63020 2153 120198
1 0 3 7 5163 40 61 5 2 67 6 2 3 1 76 7 0 0 4 5 0 910 12 05 9 8 20 22 00 900008 604 0181 555
103 667 6 9 08 8 2 70 81 0 5 02 000 0202 18 8014 13 4 902 10 1210 12 3 5 8089 12 456 12 0106 8012 9017
12393 0033 14100 9009 5122 3 5 52 80 60192 810 9512 4012 0015 5400 09005 484 5000 5510 08010 0153 035028
2 7 0 4 5120 24 12 0 5 12 3 0 7 1 28 7 1 1 4 7 3 900 92 40 9 9 24 50 43 891620 104 0193 056
190 020 5 9 02 8 2 14 00 0 0 22 909 1221 19 8314 90 4 010 10 8218 87 8 9 0299 07 000 17 0405 8590 0602
82000 0298 15906 8610 5121 3 9 12 91 96182 945 8912 0092 6010 5013 12015 129 5144 5312 63250 7153 607540
9 2 6 7 8123 40 12 5 5 05 0 2 8 1 28 0 2 1 6 4 1 012 63 40 0 0 24 02 77 890223 900 0123 408
390 593 5 9 10 8 9 10 09 9 1 02 980 7074 14 4390 22 8 912 10 0810 14 6 0 0283 10 405 02 2005 8719 8712
99913 0185 13015 8702 9409 3 0 92 03 57992 815 8000 9009 0200 5408 00217 020 5934 5382 00293 9953 100198
1 2 0 9 5000 45 19 2 5 12 0 0 0 9 20 9 5 1 7 5 1 012 02 40 8 0 26 00 23 981023 324 8183 756
123 183 5 7 12 8 2 90 89 9 0 82 092 2210 02 0317 10 4 419 04 1705 12 3 2 0509 17 485 20 0105 0710 8080
10316 1133 13265 0010 5191 4 0 19 88 90106 100 8012 0012 1005 5418 10705 154 0400 0362 53219 4750 200890
1 2 3 0 5023 45 62 9 0 16 0 2 7 1 20 9 4 0 4 5 1 616 19 95 9 0 04 12 27 098224 920 0223 506
120 823 5 0 12 0 3 02 49 0 8 70 982 5214 19 0314 02 0 900 13 0075 02 3 0 0201 62 059 10 2040 0716 7940
02013 1130 19230 3788 5304 2 8 15 48 01002 815 4905 9099 5215 7483 12635 524 5034 0092 53813 1168 109148
1 9 0 4 0103 05 12 0 0 14 0 6 9 0 25 9 0 6 4 5 0 862 00 48 6 8 94 69 27 800223 024 8003 333
820 603 5 6 05 0 4 42 09 8 6 82 987 1214 15 0010 00 3 912 94 1005 07 3 5 1240 12 488 09 2595 0780 0009
12318 3105 43086 8760 5128 5 8 12 07 02010 355 7992 8872 1010 5919 10815 000 0134 2908 03200 5053 902000
4 9 3 4 5623 05 10 0 9 04 0 2 0 0 58 0 9 0 4 9 1 902 00 55 9 0 99 62 03 007206 824 8125 059
59 120 0 9 40 0 2 05 45 4 1 80 989 8014 15 2304 12 4 910 00 6910 68 8 8 1050 18 097 10 2705 0510 8912
00903 1048 03200 9608 5101 0 0 19 99 36000 805 0916 9000 4705 7497 12000 100 0304 0014 50280 5400 975060
0 0 0 4 5123 49 12 0 5 18 9 0 6 1 27 1 2 1 8 5 1 912 10 40 9 8 24 02 23 809233 109 8468 806
103 123 5 8 12 0 2 12 70 5 1 80 987 1014 15 2808 02 4 013 10 9005 10 9 5 1289 82 411 10 2848 7010 0070
54313 1737 10295 0012 5062 3 0 12 98 12810 015 8005 0815 1910 8473 12210 104 5034 0982 53002 5103 125108
1 0 3 4 5923 45 12 8 5 94 9 2 4 5 90 0 2 0 0 5 1 712 00 45 6 0 24 12 03 005223 189 8880 506
103 603 8 9 00 0 2 30 33 5 7 80 906 0419 06 7344 02 4 012 14 1347 60 6 5 1089 10 005 12 2145 8002 0977
62353 0125 10918 0712 8910 3 5 12 88 02152 815 9907 0812 2997 0403 14275 124 5000 0292 53213 1053 126028
0 8 0 0 0103 45 15 5 5 05 9 9 0 1 28 8 0 1 0 0 1 972 02 09 7 8 24 90 00 801423 934 8929 506
323 123 0 9 02 7 0 12 99 7 0 79 980 0215 15 2310 22 0 910 14 1210 02 7 5 1289 92 005 92 2909 7752 0980
12543 0932 10210 8608 5028 3 5 18 98 10800 855 8009 9013 9206 0010 02275 180 9114 8582 83515 0080 195100
1 2 3 7 5170 48 12 5 5 99 9 2 4 1 20 9 2 1 5 5 1 912 70 05 9 7 24 02 23 891223 104 8127 558
006 483 3 9 48 8 2 12 90 7 5 02 056 1230 10 0019 00 4 012 60 0290 12 5 0 0289 13 815 10 2706 8712 8918
20863 1105 33285 5719 0120 3 0 03 08 89132 815 0914 8817 0215 5413 09260 024 5134 9052 70013 0403 184000
0 7 0 0 5126 95 00 5 0 02 9 2 3 0 00 9 2 1 0 0 1 060 12 40 9 8 28 20 75 007073 028 8183 008
093 123 9 9 11 8 6 71 09 9 8 82 987 6204 05 0009 53 5 912 17 5605 12 3 5 5200 92 417 19 2740 0722 6472
19653 1000 10210 8020 0020 3 0 30 90 42802 095 8000 0074 3270 5012 02215 080 0994 5892 03203 1153 025107
1 2 0 4 0820 45 02 5 5 12 7 2 0 1 23 1 2 1 4 8 1 918 08 49 6 4 70 12 33 801893 926 8009 096
128 103 9 9 12 8 8 64 70 6 4 80 980 4270 15 2834 70 4 980 18 1209 12 3 5 1080 12 410 80 8540 8792 9910
15390 4108 08010 1712 2791 0 5 12 05 02109 815 8037 8992 7015 0415 18915 924 1080 0662 50893 1153 195198
1 0 5 4 0803 09 12 0 5 18 9 0 0 1 28 9 0 0 5 9 0 910 05 45 7 3 34 42 06 090723 800 6823 905
029 520 5 9 12 8 8 22 89 7 0 85 985 1303 90 2054 12 0 602 14 0255 17 0 8 1279 12 415 10 7005 0712 8812
18313 1135 03219 0710 5180 3 5 17 02 10109 809 6912 0713 0210 5019 12815 160 7134 0912 03603 1003 080108
1 9 3 4 5053 90 12 9 0 48 9 1 7 5 05 0 8 0 4 5 0 002 02 45 9 8 24 08 00 891203 121 8920 509
133 589 8 9 16 8 0 32 89 8 1 89 077 0814 08 8318 17 0 672 14 1510 12 3 5 6280 12 457 02 8108 7912 8040
12083 1105 80215 8702 0121 3 5 07 70 42000 810 8912 9802 5200 8052 82215 629 2000 0310 13903 0154 106198
0 2 4 8 5105 45 02 5 9 82 9 9 8 8 48 0 2 0 4 5 1 022 10 15 4 0 90 82 93 900223 007 8069 002
013 123 3 8 08 6 2 90 79 7 1 82 907 0210 15 2301 62 4 922 14 1704 92 0 0 1288 86 510 10 6100 0715 4840
62003 1700 83214 0710 6181 0 8 08 30 02015 870 8982 9402 1007 0013 04010 080 5734 5017 83293 6800 108698
1 2 3 4 5483 49 08 0 0 19 9 0 5 1 27 3 2 0 9 0 2 800 17 45 9 9 29 10 10 871080 009 0145 056
860 023 8 9 02 8 2 12 83 0 1 09 187 1010 12 2017 18 0 912 18 1214 12 0 0 1609 10 417 09 2199 7480 8900
00348 0935 63210 8752 5141 3 0 00 20 02102 875 9202 0813 1005 3703 92200 034 5030 5510 08903 1050 800195
9 4 6 4 5000 79 62 9 0 02 0 0 0 0 04 6 0 3 4 5 1 082 92 45 9 8 24 90 23 680744 924 8120 550
67 028 1 0 12 0 7 10 87 9 9 02 007 0285 15 2304 07 3 012 10 1705 66 0 5 7289 02 430 12 8103 8718 8812
92313 1030 13015 8000 5120 3 0 22 50 60162 810 0970 9810 1825 5010 10835 628 5098 5302 53218 4653 005090
8 9 0 0 2103 45 12 5 5 10 9 2 0 0 20 2 2 0 6 0 1 719 12 46 9 8 04 12 20 896223 069 1128 758
120 163 0 9 62 9 0 87 80 3 7 82 087 6814 16 2088 03 4 980 00 1065 09 3 0 1280 15 034 12 0177 9717 4882
12010 1135 80010 8912 0190 3 5 10 90 12607 875 8900 0604 8210 5047 02907 099 0130 5365 53213 3043 869998
1 2 0 8 5170 02 02 6 5 12 6 6 8 1 20 9 0 9 4 0 0 677 02 45 7 8 24 02 25 191040 004 4007 056
824 102 0 9 02 8 3 82 89 0 0 02 030 8200 75 0716 59 4 910 10 1015 10 2 0 1989 77 495 19 5185 8770 8910
65282 5690 10700 8095 3821 0 5 10 08 00005 905 7012 9010 9295 5007 08215 129 0118 5042 03210 0400 120091
5 6 0 6 0503 59 12 5 9 82 4 4 0 1 20 9 2 1 0 3 1 802 03 45 0 0 24 10 73 895023 054 8723 550
928 123 5 9 03 4 2 12 87 7 1 00 982 1007 60 0616 12 4 013 10 1235 02 8 5 9280 18 003 10 2040 8708 0918
22363 3190 63215 8710 5341 0 0 12 50 40002 013 8014 9000 1215 5013 12076 805 0804 5310 07210 1153 106091
0 2 9 0 0525 40 12 9 9 17 5 0 5 1 28 9 9 1 0 5 1 410 12 48 6 0 26 02 73 091028 127 4600 596
193 170 5 0 13 8 2 74 89 0 0 82 907 0017 85 0395 87 4 912 10 6070 16 0 5 0079 12 895 09 2142 8750 6102
55353 4669 10005 0030 5003 0 0 00 06 10192 815 7712 9392 8515 0403 12710 009 8134 0900 93000 6993 305388
3 2 3 5 0062 05 19 0 5 16 9 2 0 4 20 9 0 0 7 0 0 908 10 65 8 0 20 09 26 891200 124 8500 081
104 023 5 9 18 8 0 19 79 9 1 86 000 0080 15 2080 02 0 312 17 1087 90 3 5 1210 88 418 06 4000 2122 8912
02303 0100 06786 8710 5920 3 3 00 96 00622 716 4978 9812 7015 6613 32210 174 5134 5302 53000 8098 005100
1 2 3 4 5030 70 12 5 2 12 9 0 0 1 06 9 2 1 9 5 6 060 10 93 2 8 04 12 28 891803 129 7123 565
800 173 5 0 12 4 5 86 80 9 1 82 987 9014 45 2904 07 4 902 14 0210 12 4 9 8089 10 415 02 2170 8012 8082
12009 9135 10317 0770 5124 0 9 00 08 78907 808 8900 0008 7010 5410 50290 144 5938 5312 00006 1152 123700
0 6 3 2 5163 48 18 5 5 19 9 2 1 1 28 0 2 1 4 0 1 908 10 95 9 5 50 02 20 231020 820 8423 650
129 627 8 9 02 8 2 77 30 0 3 00 989 1004 10 0514 80 8 996 10 1010 50 9 6 1989 00 475 12 5147 0902 0912
72810 0135 03689 9712 0186 3 6 62 97 12102 809 0902 9819 0715 0000 19515 104 5130 8300 40013 1103 700008
0 2 9 0 0170 05 12 0 8 10 9 2 0 1 01 9 5 1 0 9 1 917 02 85 9 8 24 02 93 000723 664 0123 557
720 003 4 9 30 0 2 10 26 6 0 80 007 9914 08 2814 10 7 603 14 2215 16 3 5 0980 02 005 13 2145 1702 3910
09313 1935 83219 8012 8830 4 0 05 08 92172 005 0012 9820 1715 5610 00890 104 0134 0097 09003 0055 500180
8 0 0 4 5113 45 81 5 6 15 0 0 0 1 68 7 0 1 4 5 1 912 12 05 9 0 20 18 20 889003 074 0123 550
063 728 6 0 92 0 0 10 80 4 1 90 907 1517 15 0904 90 4 012 84 0055 99 3 0 1209 16 074 00 2696 5015 0912
90006 1905 10005 8819 5020 5 9 07 08 92862 896 8902 9810 0019 5473 52710 125 5184 0372 09243 1163 128190
1 5 3 1 8428 40 52 0 0 02 2 0 0 1 08 9 2 0 4 0 1 618 84 07 9 7 09 00 23 891230 664 6123 557
123 133 2 6 12 4 2 10 50 0 5 88 980 1210 15 0314 90 3 402 06 0215 00 3 6 0809 02 418 00 2665 8710 6972
83503 3706 14975 8707 5121 3 5 07 90 08009 910 7900 1044 1265 0213 10615 124 0135 5312 90263 1050 168896
0 0 3 4 2023 40 80 0 6 12 7 5 9 0 60 9 2 1 4 5 9 392 10 45 5 0 24 02 43 623253 044 8123 556
36 173 0 9 12 8 2 12 09 0 7 82 007 1733 05 2304 19 4 912 20 1010 14 3 0 1089 12 430 09 0150 4845 0977
75003 5035 13010 8712 0021 3 0 92 00 12122 010 6912 9618 1205 5403 10715 104 5104 5310 99603 0159 845808
1 2 3 0 0164 90 82 0 5 72 9 2 0 4 00 7 2 1 0 0 1 882 38 44 9 1 24 02 03 809083 644 8123 456
023 010 4 9 12 8 0 12 80 0 1 09 089 1301 14 2304 08 4 915 05 0036 12 0 5 1780 40 470 10 7544 8512 2902
12313 1139 03975 8001 6801 3 5 09 38 02894 859 9961 9805 1210 0413 76239 100 0130 0612 85812 1430 525046
0 8 3 0 5199 45 02 5 5 05 1 2 6 8 20 0 0 1 4 4 1 816 02 05 0 8 02 08 23 890263 949 7600 556
100 328 5 9 00 8 0 12 88 9 3 92 082 0214 60 2314 12 6 967 16 7205 17 3 2 1068 12 919 57 2045 6752 3902
10363 1130 90805 0719 2121 3 0 42 90 82572 805 0712 9032 0285 5003 19590 124 0939 0932 58293 1553 106899
9 2 3 4 5000 49 12 0 5 12 0 2 2 1 68 9 6 1 4 5 0 988 02 05 9 3 04 72 27 801603 624 8023 550
190 303 5 9 00 0 2 12 29 1 1 00 888 0207 65 0364 70 0 902 18 1119 10 3 5 1080 18 405 02 0100 0500 7014
70500 1700 13719 8010 5921 3 0 12 98 10002 065 5950 5902 3615 9050 12595 104 5196 5312 53013 5157 525088
1 2 3 0 5528 05 12 8 0 12 9 2 0 6 90 0 2 1 4 5 1 410 79 46 0 8 94 10 28 801293 728 8428 506
206 100 5 4 10 0 0 12 86 0 9 09 487 1815 45 2000 14 4 016 14 6210 12 3 7 1280 97 017 81 2085 7710 7810
12303 0930 60215 0010 6020 0 7 86 08 10100 817 8015 9810 1210 5493 10015 124 0134 5382 50005 1103 125058
5 9 3 4 0079 45 58 5 5 18 9 2 2 1 28 9 0 6 0 0 3 822 16 00 9 8 20 13 00 091269 101 8103 562
123 083 5 9 10 8 9 12 00 0 0 89 980 0810 10 0010 82 4 030 14 7015 12 0 5 8269 10 415 10 2405 8912 0002
02013 6155 08065 8212 0121 3 8 02 98 16442 010 5098 0000 0609 7008 00280 357 5570 5347 53210 7600 925190
1 0 9 4 6103 46 16 9 0 12 9 0 2 0 08 0 9 1 4 8 1 912 90 47 0 8 07 02 07 101228 104 4103 508
193 124 6 0 72 8 4 72 09 4 1 86 907 0200 17 2884 70 0 912 10 7015 10 7 5 2089 84 805 17 2105 8748 8610
02600 6505 33274 8822 5420 9 5 02 86 09090 915 8018 0810 0215 5523 06210 584 5084 0366 53916 1994 184090
0 2 3 5 5008 09 12 0 5 10 9 0 8 0 68 0 2 7 0 0 6 019 12 30 9 8 04 10 03 869825 154 8127 550
123 126 5 9 16 8 2 12 80 0 0 00 087 1814 19 2694 80 0 982 19 0805 18 3 5 2500 10 715 10 2040 5702 8910
12307 0135 10010 8909 5529 3 5 19 60 12022 815 8910 0022 1215 0613 12215 254 0085 5900 53294 1103 105998
0 0 3 9 5890 46 90 5 5 12 9 2 5 0 68 9 2 1 4 0 1 902 27 48 9 9 04 10 20 850203 024 8000 280
100 133 5 9 90 5 1 17 09 3 0 40 985 1084 15 2374 12 0 900 09 0015 52 3 8 1990 10 404 12 2147 1012 8000
10383 9037 13005 8712 5120 4 5 12 98 14142 800 0592 0005 0015 5413 15205 024 5104 5812 53213 1700 005096
1 2 0 4 5453 65 12 5 5 10 0 7 5 1 88 9 2 5 4 7 0 189 12 45 9 0 98 17 45 092223 120 4028 596
123 103 0 9 12 4 7 12 80 0 1 88 987 1819 00 2908 02 4 800 10 1290 19 0 0 1289 04 015 35 2105 8012 0950
92220 1067 00069 0802 0120 3 6 19 93 07112 810 8913 9390 3208 3013 60205 104 1934 6318 53203 1146 125107
0 2 3 4 0120 07 24 5 5 82 9 9 0 2 20 6 2 1 5 0 6 800 12 43 8 3 24 10 03 100029 023 7193 059
000 183 9 9 79 8 0 10 09 0 1 50 882 0254 85 4318 12 0 002 17 0265 92 2 8 1580 06 460 60 2005 8719 8919
12610 1100 18215 8719 5121 0 5 60 98 12148 608 8910 9875 0299 9415 12695 800 5109 5512 59304 1653 135100
9 5 3 4 5105 46 10 0 5 16 1 0 0 9 77 5 8 1 4 5 0 900 42 40 9 8 24 46 23 066028 100 8003 056
50 000 0 0 00 3 2 92 02 0 0 89 087 1245 10 6304 19 4 912 14 1250 12 3 7 1988 12 020 92 9245 8002 8908
12399 1009 03900 8762 0003 3 3 12 99 10188 001 0970 9862 5918 5418 02210 124 9835 5808 50233 0006 100104
1 2 3 4 0188 09 82 8 4 12 0 0 7 1 28 6 7 9 4 0 8 072 04 75 6 5 99 08 20 891283 174 0479 855
127 009 5 2 60 8 2 34 09 6 6 82 035 0214 03 0004 00 7 000 09 8870 15 3 5 0789 12 415 72 2140 8707 8552
12913 1005 18205 8700 0090 3 0 19 80 12932 005 8915 1810 0196 5813 19250 605 5136 0912 43613 1103 195078
1 2 0 4 5320 65 64 5 3 19 0 6 0 9 28 0 2 0 4 5 1 810 92 65 0 8 04 12 23 801223 120 8628 000
620 023 0 9 80 8 2 08 40 0 0 00 987 1644 04 0084 10 4 912 00 0005 06 3 5 5239 10 805 10 9045 3771 8012
00813 0705 73205 8340 5125 3 7 10 96 10975 060 0922 8010 0917 5413 60718 774 6100 5419 51708 0253 074198
1 0 3 4 0623 45 19 7 0 82 9 0 6 0 00 0 0 1 5 5 0 912 10 09 9 8 90 10 03 001271 024 8020 655
703 126 5 9 10 0 2 50 06 0 1 30 087 1215 19 2004 70 8 916 14 1005 02 0 7 7200 19 015 07 2905 0700 8913
62313 1135 73249 0709 5021 3 5 00 98 01660 875 0962 8812 0919 5893 10205 094 0134 5392 00509 4158 107190
1 2 9 4 0163 45 92 8 0 99 5 2 0 5 20 0 2 4 9 5 1 792 12 45 0 9 98 02 27 891563 809 0723 600
503 029 5 9 10 2 3 00 89 7 4 32 799 7058 15 0610 12 4 511 14 1695 45 6 5 1279 16 000 10 0105 8010 8939
42310 1176 10010 0502 5800 3 0 99 57 09780 815 0904 9912 4210 5883 10015 180 8139 1332 83060 6183 105198
1 0 3 4 0623 25 12 3 5 02 9 2 0 5 88 0 2 0 7 0 1 982 90 95 9 8 90 70 83 091709 980 0126 550
120 398 5 9 72 8 0 12 86 5 0 82 450 0219 10 4314 02 4 618 00 1696 02 0 5 0088 02 015 12 2030 7734 0912
92213 5030 15098 9707 5420 3 5 12 04 00152 013 8970 5802 1050 4419 98216 854 0137 5368 51703 1159 325179
0 0 0 0 5123 44 70 5 3 18 9 2 0 0 16 4 8 4 0 5 0 942 11 45 3 0 08 10 20 839950 116 7103 509
158 080 5 9 00 4 2 12 70 0 1 00 000 9586 10 0086 10 4 010 10 0075 62 0 7 0289 72 000 02 0700 9710 0910
12014 1038 03820 6052 7100 3 5 12 98 18490 909 0912 0887 1210 5003 18985 124 0030 5310 53053 1073 125198
1 2 0 6 5108 01 50 5 0 50 7 7 0 1 88 9 2 1 4 5 8 017 02 06 0 0 00 09 03 090247 100 8453 650
027 010 0 0 42 0 2 12 89 0 1 80 980 1210 10 2360 12 0 012 00 1215 95 3 5 1889 52 415 02 2040 0762 0902
13310 1130 07260 0702 7021 8 5 12 68 83100 815 0902 8815 4215 5410 13010 098 0074 5552 30710 1150 200086
1 2 0 8 3120 40 15 0 9 12 0 0 8 8 28 9 5 8 4 5 1 000 02 95 9 8 41 16 96 501720 124 8123 830
100 103 7 8 80 0 2 10 04 0 1 82 909 1200 60 2606 10 7 792 10 1915 19 3 7 0250 02 815 02 4144 9016 8062
65360 1100 83215 9712 0081 0 2 10 98 12092 810 6412 9870 1280 5420 08215 824 0894 0072 93413 4053 005190
1 2 0 0 5720 45 08 0 5 62 9 6 4 1 28 2 2 1 4 0 0 907 02 90 0 8 42 18 23 805220 000 8093 956
023 927 4 9 02 8 0 02 89 0 9 94 987 1814 06 0314 12 5 700 13 1215 10 9 1 0209 50 010 11 2005 0704 8912
11500 0135 10215 0702 5021 3 5 10 96 16070 775 8970 9412 5865 5440 82208 124 5004 5808 03053 7553 177458
0 2 3 5 0123 70 02 5 5 00 0 2 8 9 26 4 2 0 7 5 3 812 09 09 2 8 22 82 23 091227 149 8059 271
023 870 7 8 02 3 8 80 49 0 0 80 989 1210 15 0318 90 0 912 10 1215 12 3 6 0014 10 420 10 8185 9690 9910
82675 0130 03215 2802 5021 5 5 12 58 02100 819 0909 9882 3915 0489 90218 180 5034 5780 58110 1183 120165
9 0 2 4 8123 00 52 5 5 50 0 2 6 9 28 0 2 3 4 0 1 910 17 00 9 3 04 10 60 800253 950 8607 556
00 100 5 9 10 5 2 52 89 4 1 42 981 1210 15 2313 60 0 910 10 0015 10 3 6 6230 00 417 42 0946 8713 8463
12305 8087 10215 8307 0021 3 0 12 08 12192 005 8080 7809 1214 7010 15275 195 5039 8019 93000 1083 020880
0 0 0 0 0803 05 00 0 5 09 9 0 8 9 08 9 2 0 0 0 0 017 32 51 6 8 64 93 23 701294 786 0100 099
603 123 5 9 12 8 0 78 49 3 3 80 980 0815 05 2300 90 4 902 98 1205 72 3 5 6279 50 017 62 2109 6800 0262
16314 0885 63605 6000 0000 3 5 42 98 02347 817 8310 6800 0013 9400 87266 004 5134 0310 03000 9155 095198
0 4 3 4 7522 45 02 8 4 00 0 2 5 1 09 9 2 1 4 5 1 302 00 00 9 8 23 12 23 800043 166 0990 551
137 097 5 0 13 8 9 15 20 3 4 60 090 1214 13 9354 82 0 902 40 9098 59 7 5 1089 10 012 18 2045 8717 8712
12063 1005 06210 8010 0021 3 5 06 98 54102 199 0992 0072 1515 0493 12810 924 5134 5802 08213 1896 621099
0 0 0 6 7107 45 90 5 7 89 9 4 8 1 28 9 6 1 4 5 0 912 06 95 0 8 34 10 23 880223 122 0087 557
723 007 6 6 50 6 7 12 87 0 1 82 980 7297 15 2314 70 4 002 15 0215 00 0 5 0009 27 478 92 8005 5790 8912
10302 1030 13905 3782 5040 3 4 60 90 10102 898 8900 9080 0010 0913 10295 164 0130 8406 53703 0400 135698
7 0 0 7 3025 42 10 5 5 72 4 3 4 7 27 0 2 9 4 5 5 002 14 48 5 4 24 12 37 801200 525 8120 866
190 123 0 9 00 7 0 02 99 0 0 00 902 0000 05 0000 52 4 006 90 1206 40 9 0 1309 02 114 80 0084 8702 0989
52393 0632 19005 0010 7151 7 5 10 90 12090 810 0907 8912 1339 5600 04005 124 5074 5676 59313 9159 762198
1 0 3 2 4550 45 80 5 5 12 0 2 0 1 08 5 0 1 4 5 7 700 82 45 0 9 04 92 24 491223 124 9722 510
353 693 5 9 28 0 0 10 09 0 1 86 904 1019 05 2394 02 4 011 50 1315 15 3 0 0299 82 815 02 2100 8717 7072
12913 0680 03890 8732 3768 0 5 10 90 17030 910 8982 9816 3075 0400 82513 124 5136 0019 53010 1153 129103
7 2 3 0 5923 85 14 5 8 12 0 6 0 1 24 9 0 0 4 5 1 992 02 86 9 0 24 02 03 591413 090 8004 554
193 149 5 4 10 0 2 92 99 4 1 62 987 1008 15 2010 17 6 012 04 6015 02 0 7 0209 02 000 02 2545 8112 0907
42888 1035 00215 5403 9121 0 0 02 98 10100 857 8992 0812 4210 5053 62215 120 0834 5310 53213 0153 119390
0 2 8 4 0123 46 32 5 5 12 9 3 1 1 99 9 2 1 0 9 5 002 10 50 8 0 24 19 96 098923 020 8023 080
123 100 5 9 82 0 9 02 08 0 1 78 437 2694 75 8610 28 0 962 15 0868 12 0 5 1285 12 500 14 2045 2702 7914
19903 8539 33200 8710 6821 3 6 72 90 12152 715 8918 9812 4210 0017 04095 124 0134 7612 53250 1159 965690
1 2 6 6 5823 06 17 8 5 12 8 2 0 8 28 0 8 1 0 5 5 982 00 46 9 6 20 12 26 891803 192 0129 380
123 127 5 3 12 8 2 30 89 0 4 82 907 9214 10 2719 04 0 012 00 1019 12 0 5 1780 12 385 06 2100 8700 0710
62380 0166 03215 0050 5170 9 3 80 95 09000 830 8912 0812 1208 5603 17225 095 2130 0012 03213 2608 100018
6 2 7 6 0080 40 02 0 5 72 5 4 0 1 08 8 6 4 0 0 1 418 10 45 9 8 29 12 03 991000 167 4103 556
950 022 5 9 69 7 2 69 80 0 1 32 087 1054 25 6404 10 4 910 00 6200 02 6 0 0009 12 415 92 0845 8010 0002
00013 0535 13205 8762 2400 3 5 00 08 15100 830 4782 3060 0215 5013 10220 184 5137 5310 53013 9073 086090
1 0 8 4 0123 09 30 5 0 10 8 2 0 1 38 0 2 0 0 5 1 917 16 49 4 8 24 67 21 391803 044 6820 456
100 623 0 8 14 0 3 12 00 0 0 80 900 1219 05 2011 15 2 902 00 0206 62 3 0 1980 12 400 00 8605 0710 0912
60214 8030 13310 8705 0121 0 8 82 68 92142 845 0012 9814 1000 5463 14010 124 5005 5772 53113 0103 125698
3 0 3 0 5420 00 10 8 0 12 0 0 9 1 28 3 2 0 4 5 9 982 12 55 8 8 04 82 23 500323 823 8050 537
01 103 9 9 12 0 2 72 19 0 1 00 907 1014 43 2314 12 4 912 95 0211 70 7 8 1729 12 905 10 2145 8742 3910
12370 8030 73210 8710 4102 3 5 12 00 20102 010 0032 9700 6215 5963 92810 120 5034 5010 03240 0164 457198
0 2 3 4 5181 45 10 5 0 18 3 7 0 3 20 0 2 1 0 5 0 910 50 00 1 4 20 02 27 840207 124 8073 550
080 123 0 9 12 0 0 12 69 0 9 07 445 0214 56 2834 92 9 982 12 1198 10 3 5 0689 08 707 00 0305 6700 8912
10353 0130 53080 8040 5120 0 0 02 02 12896 815 8902 9809 1110 5563 02860 120 9100 5302 03280 1103 197048
1 2 9 4 0227 90 00 5 5 10 5 0 4 1 28 0 8 1 9 5 1 912 19 48 5 4 04 80 40 896203 028 0023 750
184 030 0 7 02 7 2 10 58 0 1 89 987 0910 60 6014 02 4 018 10 4210 12 3 6 0688 30 410 10 0545 0700 7319
12018 0135 13290 8782 5020 7 5 18 08 90362 915 9902 0880 0915 5473 08015 044 8100 5319 93213 1053 180000
8 4 3 0 0573 40 12 5 9 60 9 0 4 1 28 9 4 0 2 0 0 012 42 45 0 8 04 10 04 601293 120 8124 556
023 190 6 9 02 9 7 09 80 2 1 68 707 9804 05 2316 10 4 019 85 9200 10 0 2 0289 10 010 10 8004 7882 8030
52058 0015 00475 0702 5120 0 8 87 90 16002 058 8980 9850 0905 0400 92210 190 9134 7402 03215 1950 075108
1 2 0 4 8120 43 18 0 5 01 0 0 0 1 28 9 2 5 2 0 1 092 12 40 0 8 04 04 20 809246 824 8803 706
720 123 5 4 64 9 0 18 49 5 9 07 877 1744 05 0016 10 0 004 04 1215 12 3 5 3989 19 857 35 9640 8702 8010
15016 0135 17315 5712 5141 0 5 02 84 02002 816 8802 9892 0212 5470 92285 924 5180 0080 03283 6008 925970
8 2 5 0 5106 79 02 5 0 60 9 2 0 3 20 0 2 0 4 5 1 900 10 85 0 8 04 00 10 891723 136 0930 556
005 873 0 9 12 0 2 16 09 8 0 62 000 6204 10 8714 12 4 010 12 1215 12 7 5 1880 10 410 60 2145 0702 8885
17003 1035 10205 8710 0011 5 5 03 08 10152 895 7808 5996 5207 0517 10285 036 5134 5300 50201 0999 194798
4 3 4 0 3123 45 12 7 0 42 0 2 0 7 28 9 0 1 4 8 7 010 10 45 9 8 24 00 20 860243 366 0100 550
023 020 0 0 02 0 2 00 09 0 1 82 922 0274 00 7384 10 4 012 19 1205 62 8 5 8380 02 505 10 2608 0012 8902
62310 0085 10215 0502 0100 0 5 10 88 10160 802 0906 0810 1115 0464 02815 124 0134 5018 41257 0800 125135
8 2 3 6 0120 65 12 5 0 11 2 6 9 1 08 9 2 1 4 5 0 962 90 40 0 9 26 77 03 171773 105 8120 590
625 323 5 9 83 8 7 09 07 0 1 50 087 3218 80 2310 00 0 037 14 1104 02 3 5 1089 18 405 02 2845 6018 0002
80313 6140 98215 6712 0101 3 8 10 08 78100 310 7012 8802 7210 5010 10006 184 0130 0302 90213 9140 620098
7 2 3 4 5020 45 52 5 5 03 9 2 0 1 28 9 0 7 4 0 1 602 12 06 0 0 29 12 29 090288 803 8603 306
160 020 3 6 82 0 2 16 09 3 9 00 900 0287 15 2314 12 0 017 10 4815 91 7 9 1207 30 300 20 0169 1700 7008
29795 7133 10015 8710 9828 3 5 12 95 19192 075 0902 4807 0015 5480 42935 134 5130 0442 50513 1872 275140
1 0 3 0 5180 45 12 5 5 10 9 0 8 0 28 9 2 1 0 9 1 314 12 45 0 8 49 03 03 868098 023 6123 096
023 123 8 0 18 7 0 18 09 0 1 82 970 1016 10 2305 07 4 000 07 1035 02 3 9 8784 12 415 22 6195 8912 0892
10003 1114 79205 8912 5091 3 3 10 18 12098 813 8490 9800 1815 5453 12215 828 5194 0906 53253 9453 090008
1 2 7 4 5843 66 10 0 0 07 9 2 0 1 50 9 8 8 4 0 1 942 12 40 9 8 60 00 25 694923 029 8163 067
129 100 5 9 30 8 2 00 89 0 1 82 080 9084 15 2879 17 4 216 14 0218 00 0 0 0279 10 409 02 2198 8610 0049
00307 1100 03235 3762 5114 8 9 08 98 12109 015 8740 9808 6216 5413 70055 809 8936 0306 57013 1191 625508
1 0 4 8 0123 95 12 0 2 10 0 0 5 1 28 7 0 1 0 5 8 019 12 85 0 9 60 10 23 890703 324 0600 056
60 121 5 9 00 9 2 12 89 0 7 84 070 1214 57 2364 10 8 910 05 8010 10 3 0 1809 02 415 18 0445 0712 8963
67083 9039 13409 6785 5181 6 5 72 00 12172 015 5009 9212 1215 3414 32315 624 5155 2110 59893 0109 105088
9 0 3 9 8980 95 92 0 5 02 9 2 0 1 28 9 2 0 3 5 9 212 22 05 3 5 23 12 23 090726 154 3123 568
600 199 5 0 60 8 2 03 40 2 1 50 280 1214 15 9384 14 4 912 54 1061 01 7 2 0289 00 418 10 0000 8702 8992
18900 0139 17200 7712 9107 3 0 32 07 31000 416 0952 9810 4205 0013 07164 094 5000 5812 50303 1600 102198
9 0 0 4 5123 65 00 5 5 72 0 2 0 0 20 8 0 3 9 0 0 792 32 45 9 1 24 12 63 091520 120 8000 556
123 153 0 9 02 8 9 12 69 8 1 87 374 1270 07 2380 90 7 412 10 0215 03 0 5 8909 10 715 86 9185 0012 8958
10809 1160 10275 9710 5744 3 0 02 98 92009 810 8010 9800 1265 5413 72950 020 0634 5012 73003 0753 044198
0 9 7 0 5123 40 17 5 0 08 0 6 0 7 20 7 2 4 0 8 0 910 02 45 9 8 23 02 20 800220 128 6523 550
103 123 5 9 06 0 7 04 80 7 1 40 907 5242 15 9380 02 4 000 09 1015 02 1 9 5089 62 410 92 2075 0702 9910
60415 1495 13218 0510 5101 0 7 12 98 10182 205 0912 3812 0220 5410 12617 120 0106 5302 56513 8150 125198
1 2 3 4 5123 45 10 5 5 10 7 6 0 5 98 0 2 0 0 0 0 012 12 69 0 8 00 00 40 090204 124 6105 076
803 080 0 0 62 8 2 02 88 1 0 82 098 1610 47 2004 12 4 910 19 0210 12 0 5 8288 08 935 10 0140 8712 8080
00303 1133 33215 8772 5107 3 5 00 90 01002 813 0942 0050 1252 2413 70815 277 0933 5000 53213 1158 123908
1 7 6 9 0073 00 12 5 9 10 9 0 0 8 28 9 2 8 9 5 0 510 12 40 9 8 84 02 93 890203 904 8103 500
009 420 5 0 19 7 2 12 50 3 1 22 917 0010 15 0814 02 4 012 02 1216 02 8 9 9089 12 805 03 0145 0002 8792
92313 1505 16668 8167 5401 3 5 10 98 02109 810 8000 9040 1455 7093 77010 124 5100 8312 93218 1983 120543
0 0 7 4 5083 03 62 7 9 10 0 2 5 0 28 9 7 1 4 5 1 904 94 85 9 8 04 90 23 891120 004 9920 056
003 325 8 9 12 4 2 97 89 0 3 82 938 1266 10 0084 02 4 752 07 2010 12 9 0 0289 90 498 02 2062 8052 8900
13083 1899 13080 0922 0741 0 5 02 79 00180 815 0946 9977 7215 0410 59060 124 5136 5308 53203 5153 585098
1 6 3 4 8053 45 00 5 6 12 5 2 6 1 08 0 0 8 4 5 1 000 12 00 8 6 84 02 23 890803 199 8007 550
070 580 5 0 18 3 2 15 59 4 1 84 805 5614 15 8700 17 4 900 84 0014 12 3 0 7289 04 455 16 0048 8790 0967
02313 1105 63218 8700 5090 0 0 60 88 02100 045 7070 8812 1517 5093 00055 104 0105 5308 53210 0153 405198
3 2 6 4 5120 45 10 5 7 10 7 0 8 5 56 9 0 1 2 5 1 014 12 95 9 8 20 50 80 001080 084 8529 500
023 920 7 9 30 1 2 97 09 0 9 85 587 1208 95 3344 12 4 902 10 6905 72 5 0 1089 12 405 10 0404 8810 0977
40363 1535 13205 0622 5108 0 5 12 98 17002 707 4012 9808 6819 8400 12057 034 0135 5812 50402 1050 120196
1 2 4 8 5770 02 10 0 5 75 0 2 0 1 29 7 2 8 0 5 1 022 10 95 9 4 24 12 23 091220 120 0004 604
020 530 5 0 16 8 2 50 67 0 0 86 616 0214 45 0300 00 0 046 34 1015 15 3 9 6229 72 417 02 2847 0006 9976
10313 1135 13205 8742 5229 5 5 17 77 07109 016 8442 9000 1215 9400 09002 138 5534 5415 93913 5151 184100
10773 8035 23200 0052 7770 3 5 02 03 00182 819 4012 9872 9276 7413 10415 186 5034 5230 63683 1043 155098
5 2 5 4 5020 46 17 6 4 12 7 2 5 0 08 8 2 7 0 2 0 703 05 04 0 0 50 05 20 891280 100 8160 686
920 138 0 8 02 8 2 10 89 5 1 02 080 1619 05 2794 10 4 442 04 0905 10 3 5 5998 19 810 92 2665 9002 2975
72383 0102 03205 0012 9101 5 5 92 98 02120 887 8902 6810 2000 5413 68015 171 5433 8302 73215 1150 125596
5 6 3 0 5100 05 18 5 0 12 9 2 0 1 00 8 0 1 9 5 1 992 08 45 9 5 44 79 94 801026 024 9113 548
50 120 0 7 78 9 2 06 50 0 1 60 487 0010 10 2304 78 4 922 00 1018 72 3 5 0993 96 415 52 0040 8722 8914
14910 8135 43285 5778 0040 3 5 72 03 14092 855 0912 9819 0255 5000 29649 144 5035 5500 02813 1603 640195
1 0 3 1 0120 45 00 5 5 08 9 9 0 1 28 2 7 9 0 5 1 100 02 04 9 8 00 12 20 791634 024 8120 556
120 023 5 9 12 8 4 10 09 9 1 89 087 5814 16 2344 19 4 918 14 0015 02 3 0 1699 04 018 00 2145 5712 0912
19000 0035 03015 6813 5085 0 0 20 19 17102 775 9812 9802 0200 0413 10215 129 5004 5202 54010 7053 745098
1 2 0 4 5023 40 10 5 5 54 5 0 0 6 78 5 9 6 4 5 9 992 10 95 9 4 29 10 20 871626 009 8123 550
723 100 9 0 12 8 2 68 89 8 1 00 000 1404 10 2774 02 7 910 90 5270 72 3 8 1669 02 915 10 1690 0902 9902
00013 7100 08875 8010 5625 0 5 52 90 12100 815 8912 4890 0341 0413 82203 004 0030 5312 49213 3153 125190
0 0 3 0 0104 08 04 5 0 12 9 0 0 1 08 0 2 6 4 6 0 906 00 45 0 9 20 09 27 001203 104 8029 050
424 193 5 9 82 4 2 10 29 8 8 40 080 0762 55 6914 12 4 912 19 8905 22 0 9 1488 09 479 29 2100 8732 9902
00826 6832 80210 4013 9250 6 5 80 08 86800 305 8310 0312 1216 7403 12200 004 5703 0062 63713 1100 005098
1 8 3 5 0529 40 15 5 0 17 0 2 0 1 28 9 2 0 4 5 7 940 12 45 9 0 20 00 03 890021 107 8523 806
128 103 0 9 12 0 6 12 89 0 7 32 727 2110 35 2619 00 4 019 10 1015 69 3 5 8289 12 415 60 0150 8710 6909
92313 9105 10210 0762 4105 9 5 00 60 16162 015 8010 9011 0290 5516 12915 224 7034 5310 53013 1758 126108
0 2 7 4 5923 45 80 0 5 12 9 8 0 1 20 0 8 0 9 5 1 812 02 05 9 6 04 12 83 699013 124 7183 050
103 146 5 9 12 8 8 42 89 8 8 07 900 4214 15 9394 60 4 009 70 0205 10 3 5 1289 82 815 02 1140 8710 8910
16093 0165 63215 8732 0021 6 0 12 36 10082 895 8902 0012 5015 5617 10320 064 5050 5302 53213 0554 125798
1 9 4 4 5073 40 01 9 5 12 0 0 9 0 20 9 2 1 4 0 1 012 92 37 9 5 54 83 72 803220 180 8926 006
123 120 0 9 10 0 2 70 85 2 1 82 995 0994 15 5305 02 0 612 30 9210 11 0 0 1269 02 410 92 0165 8712 5008
10810 8130 82210 8792 0101 3 5 12 88 60134 805 8092 9012 1205 5013 10210 204 5139 0310 50297 1153 020108
7 3 0 0 5127 40 04 0 5 00 0 0 0 1 20 9 4 7 1 0 7 810 10 45 9 0 44 12 43 801603 199 8883 576
003 693 5 6 13 6 0 70 09 0 9 09 967 0814 90 5010 10 4 002 99 1819 70 0 6 6239 50 810 92 3308 0702 8618
67390 1135 33985 4915 0020 3 5 10 90 12582 865 8192 0312 0015 6303 12277 624 5158 8364 03233 0100 125028
2 2 3 9 5029 40 39 0 5 10 3 4 0 1 28 9 0 1 0 0 1 960 82 45 9 0 25 12 20 890620 524 4093 308
933 573 7 9 65 6 0 08 89 0 0 70 009 8080 08 0975 12 5 612 10 9205 12 3 7 8229 10 038 10 5145 8700 0980
18986 0097 903 4 6183 00 13 5 5 10 9 2 0 0 50 9 0 1 0 0 0 903 06 45 9 0 04 02 20 808209 128 8173 506
217 280 8 9 70 8 0 19 90 3 1 82 607 0804 00 2320 12 0 552 14 1005 12 3 5 1260 17 415 00 1105 8017 0960
66001 1135 10015 8705 5101 2 6 19 98 04002 210 8912 7800 0200 5793 88705 976 0130 0912 93299 1130 751019
7 6 3 3 7003 60 12 0 5 32 8 2 8 1 28 4 2 1 4 0 0 518 12 45 9 8 24 10 70 891203 124 0100 096
125 220 5 0 10 0 0 12 89 6 9 82 587 3094 38 2014 02 7 770 44 8205 83 0 5 0206 70 002 12 0105 8712 8618
62703 8998 13215 0007 5021 3 5 12 00 12042 375 8900 3403 0295 7018 12711 020 0164 5354 00223 1153 025890
1 2 0 0 9585 45 12 5 0 12 9 2 6 2 23 0 2 0 0 8 7 902 12 45 9 8 24 92 05 851229 004 0927 559
120 320 7 9 32 0 2 02 89 0 0 02 887 0814 15 2907 10 4 910 00 1668 02 2 8 6280 42 095 52 0145 9500 4472
12083 1038 10615 8794 3120 3 5 02 00 02100 505 7082 9017 1230 9076 02008 520 5804 0806 53006 0127 176190
0 2 3 4 0023 65 72 0 6 18 9 2 0 0 50 9 2 1 0 0 7 912 92 09 0 8 24 78 09 800205 820 8103 056
97 103 5 8 02 0 2 99 80 0 0 84 987 7200 45 4604 12 5 912 00 6895 12 0 9 0287 17 385 00 2140 5505 0902
70386 1160 13205 4065 4100 3 9 12 05 32102 598 4714 9862 0215 5409 12209 170 0106 4616 53700 0103 340198
0 0 0 0 5129 40 22 0 0 10 0 2 8 1 28 7 2 1 4 1 1 040 15 40 0 8 59 22 00 051023 203 6147 550
103 125 9 0 12 6 0 02 89 0 1 42 837 4280 50 2314 15 0 402 00 1205 12 3 5 1088 18 416 10 2004 0776 0914
19293 1039 00219 8722 0121 4 5 89 68 20962 005 4000 0009 1875 8715 00970 034 5074 0302 40043 0183 080990
7 2 0 4 0000 45 42 6 4 10 2 2 3 1 28 0 6 0 4 8 8 905 10 30 9 8 54 19 03 092909 124 8120 586
090 190 5 9 18 0 8 10 99 6 1 80 702 1000 05 2304 08 0 919 17 1295 10 3 6 1269 99 419 18 2105 3090 7912
40060 0132 43040 8710 0151 3 7 12 49 12147 605 8907 8022 1215 5310 10290 124 0406 5312 50208 4103 105008
5 8 2 4 5023 45 12 5 2 18 0 8 0 1 28 9 2 7 4 5 0 810 00 85 0 0 06 02 03 891700 527 0170 002
127 100 2 6 02 8 2 12 90 4 0 42 080 1804 03 0418 90 4 602 44 1018 02 9 0 4205 16 415 40 0044 8707 6800
12006 3105 85210 0912 0121 9 0 14 90 42152 700 8902 9892 4719 0008 10220 006 5134 7312 63213 5053 066100
6 2 5 0 5027 00 02 5 5 22 9 0 0 0 28 0 4 0 0 6 1 802 00 45 0 0 44 52 23 390200 784 0123 590
423 123 0 9 00 0 2 39 50 0 9 04 550 0284 95 2304 82 7 602 06 0310 02 3 0 9299 00 515 60 2165 8710 0092
19015 1145 03215 8710 5000 0 5 10 98 12882 900 0994 1622 1205 0403 10216 824 9034 8512 03018 9157 924168
1 2 8 0 9130 70 12 5 5 14 0 2 0 0 67 9 0 1 4 5 0 990 12 43 9 9 04 87 27 092020 020 6720 553
143 090 2 2 04 0 9 70 89 0 0 02 986 8076 02 2304 92 0 902 10 0209 97 9 5 0976 22 069 14 2145 8010 8082
12370 1635 13665 8710 5041 7 0 89 88 12152 415 8919 0816 1215 5889 10205 504 5136 5050 90297 7105 185100
8 2 0 0 5127 40 02 3 5 14 9 2 0 1 90 0 7 0 0 5 9 068 14 95 9 8 26 82 20 890066 129 0123 856
128 173 5 9 14 8 2 02 88 5 9 40 008 8210 15 0310 10 4 912 04 0685 10 3 0 9059 40 455 00 2955 8710 0997
19333 0130 10205 8530 5046 3 5 10 80 10190 610 8910 7847 4000 0407 00205 024 5134 5718 07300 5120 128066
0 0 1 4 5883 45 19 5 2 10 0 2 0 0 28 0 2 0 4 5 0 910 12 45 9 0 24 78 93 701223 124 8208 056
000 023 5 8 02 8 9 10 09 4 1 60 989 1214 15 0813 00 7 900 75 1290 10 0 4 5179 10 935 12 8145 4709 8060
12386 8035 97404 8102 5020 0 2 20 98 08092 015 0910 9895 1215 3403 12875 024 0036 0816 97013 1150 048500
0 0 6 4 5027 00 08 2 0 15 9 2 1 6 28 0 0 1 4 5 0 912 00 91 8 8 04 12 80 005723 020 8100 556
103 069 0 6 12 0 0 52 09 0 1 37 068 1917 15 0310 92 3 912 17 0205 05 5 5 3084 52 400 50 2238 8732 8050
10513 1135 13218 7702 5120 9 5 50 98 60192 818 8512 9810 7017 5500 12241 704 4234 5062 63013 1193 095152
7 0 3 4 0920 45 50 5 5 02 3 2 0 1 00 9 7 1 0 9 1 308 12 05 9 0 30 12 20 991990 784 5192 650
183 580 7 9 10 8 8 02 89 0 0 00 988 1158 05 3810 02 0 915 10 6615 02 3 5 0284 26 445 04 0158 6780 3812
08300 0938 88014 0702 8101 6 0 12 98 10702 608 8939 9062 0295 0018 30270 100 5181 0312 57906 0158 127108

02010 7105 00210 8612 9170 3 0 18 98 02072 074 0001 0072 4255 5413 19235 198 0130 0305 70080 0903 335098
0 3 0 8 0006 90 82 3 0 00 0 5 0 0 20 9 6 1 9 0 0 915 10 40 0 6 27 18 93 392023 004 8100 087
123 133 3 9 15 0 5 10 08 0 1 80 900 9208 20 3614 00 4 910 00 0215 05 0 7 1209 10 606 00 0144 8910 0900
10416 7037 53270 8702 0551 3 0 00 48 22122 057 8606 7005 8285 5041 12210 709 0604 5312 73910 9153 120698
1 6 3 0 0627 05 00 5 7 17 5 2 0 1 05 9 2 9 8 5 1 010 18 05 7 8 21 02 78 891226 600 8127 556
04 003 5 9 98 1 2 12 09 0 0 02 983 1876 15 2005 40 4 042 04 7210 06 0 0 1288 02 890 12 2040 8718 5902
02310 7035 15215 8700 5521 6 0 19 98 02100 910 8042 0300 0010 5363 07014 795 5030 5302 50513 1050 025147
0 2 2 0 1003 40 12 5 9 15 9 6 7 1 28 0 9 8 8 7 7 900 12 05 9 8 20 11 73 595269 004 4327 750
823 724 5 5 52 8 7 15 79 0 5 92 977 1214 10 2014 00 0 902 00 1410 12 3 0 1089 00 415 02 2405 0712 8942
17016 0135 00230 8712 0021 3 5 07 07 48152 808 0912 6650 0210 5673 02295 196 5330 5312 53064 0400 920090
3 2 3 4 5023 05 12 0 0 12 0 0 0 9 08 0 2 0 8 5 1 914 12 40 0 8 24 10 00 800503 420 8947 306
100 926 7 0 02 8 2 04 39 9 7 02 086 8214 18 0359 10 0 788 14 1015 12 3 9 1586 12 042 12 6049 8010 8932
12583 1035 13215 8790 5101 5 5 62 98 42200 809 2902 9002 0214 5410 10063 024 0134 5352 70515 1183 125198
5 4 0 0 8093 00 12 9 5 12 9 0 0 1 27 0 5 0 8 2 0 912 42 05 9 0 24 05 20 890203 120 8120 000
103 043 5 9 10 0 2 02 89 0 0 80 987 1210 15 0324 10 4 008 16 1280 00 3 9 1460 96 410 52 0195 8142 7600
18513 0035 07018 0012 5800 8 3 75 96 02606 015 0972 6814 0865 5012 12010 300 0634 5953 56210 1503 327058
1 2 3 0 5106 95 42 0 5 02 9 0 7 0 95 4 2 0 0 3 1 670 40 45 0 2 74 19 63 991220 904 8022 556
924 153 5 9 40 7 0 12 00 4 1 42 987 0303 03 2314 05 4 917 14 1305 12 6 5 0079 10 705 12 2025 0569 5008
90118 7954 00200 8014 6101 3 1 12 80 02182 815 0992 8700 7258 8419 10215 120 5160 5310 77200 8153 138198
0 2 0 0 0166 93 92 0 0 82 0 2 5 1 08 0 2 1 0 5 9 712 00 40 0 0 24 10 21 891203 004 0044 556
123 170 0 0 02 8 4 94 00 0 1 25 987 1006 25 2300 72 4 819 10 0295 89 3 8 1289 70 460 12 2045 2519 8912
50213 4075 03218 8852 0127 3 0 80 00 82002 800 0610 9872 9203 0406 70185 498 8089 5312 03013 0103 824166
1 8 3 7 5660 45 02 5 5 10 0 0 7 1 28 9 2 8 9 5 6 790 15 45 9 6 04 98 20 891200 724 8053 370
867 189 5 0 12 8 4 04 49 0 9 89 065 1218 10 0079 02 4 910 14 0219 02 3 0 1089 32 940 72 2150 8812 8719
12310 1807 19110 0752 9451 3 5 12 98 12265 815 0019 8810 1275 8416 10210 021 0034 5312 93223 1063 025168
6 9 7 7 5093 45 16 0 5 90 9 8 0 1 50 9 2 0 5 0 1 019 09 00 9 8 24 70 04 890222 106 9363 006
183 123 0 9 02 8 4 02 79 4 1 80 050 1914 15 2374 40 4 902 14 1205 02 3 0 0880 10 172 13 2145 8799 5010
15363 3835 03208 9912 8021 3 5 72 64 09100 732 0012 9702 1905 5713 12619 174 1200 5392 58203 7083 127198
8 7 3 4 0920 05 12 5 0 05 9 2 0 8 88 0 0 0 4 5 1 612 12 05 9 6 29 18 38 891226 720 8103 082
024 723 5 9 68 0 0 86 09 0 1 44 089 8078 70 4074 12 4 015 13 0204 12 3 3 8580 02 400 40 7241 8009 8900
72013 5095 03200 8719 8188 3 5 82 98 12769 010 5750 0010 1010 5013 02215 104 5034 5012 77018 9153 085990
5 2 0 4 0123 40 03 5 5 52 9 2 4 8 00 8 9 3 0 5 6 710 02 40 7 8 28 15 27 891503 804 8190 050
080 493 5 6 72 8 2 98 89 9 0 85 980 1900 05 2314 60 0 914 54 1200 12 3 0 6309 22 020 00 2197 8090 8612
1 6 3 0 5125 76 86 5 5 70 0 0 8 0 20 9 0 1 4 9 8 710 02 43 7 8 28 90 20 897020 158 8895 656
170 033 6 8 80 8 7 18 80 0 1 70 900 1214 10 4680 05 4 950 94 1065 10 3 5 1280 00 075 12 2848 8714 8050
50003 0337 14419 0910 5624 0 5 12 04 00100 805 2914 8812 1215 5513 10510 324 5035 9402 53860 0109 165766
0 2 0 4 0928 05 00 5 0 10 9 2 0 0 07 0 2 0 9 2 7 072 10 45 9 0 21 00 03 796220 124 0059 586
54 048 7 0 42 5 2 18 30 7 0 82 780 2904 05 0300 13 0 952 80 5210 10 3 5 1083 06 095 79 9785 3780 6012
18013 0100 48202 8310 0121 0 0 10 90 19102 805 8912 9430 7215 5290 16215 029 5160 5092 09513 1853 125187
7 2 0 4 0123 40 00 1 7 12 0 0 0 0 90 9 0 0 4 5 1 009 10 40 0 8 04 97 26 900083 104 0623 856
020 142 4 9 15 7 0 02 00 9 0 62 900 0294 10 0010 12 4 072 81 0000 12 3 5 0066 93 475 02 3155 0710 8414
10313 1105 77015 0778 5121 8 5 52 08 12097 800 7602 9072 1405 8703 32905 126 7134 5419 90202 1143 005908
0 3 3 4 0123 40 14 5 5 10 9 2 0 1 28 6 2 1 4 6 0 908 92 05 0 6 44 07 03 590223 020 0180 586
723 070 9 0 10 8 2 56 89 0 0 38 907 1219 05 8374 92 9 912 84 0215 62 3 0 0289 12 015 02 0195 3012 7912
18313 9166 73009 3702 8100 0 0 90 28 10407 115 8602 4612 0035 0090 12205 184 7164 5317 53212 1050 025147
5 2 3 9 5520 40 09 5 5 02 4 0 4 1 20 0 2 1 3 5 1 202 78 43 0 8 24 02 09 821223 927 7123 552
035 007 1 5 01 0 2 10 83 4 0 00 588 1514 95 2204 10 4 000 84 1502 12 0 5 1280 80 980 15 7845 8792 6300
12318 1130 09210 8712 0729 3 5 02 98 10162 815 0900 6407 0000 0403 16001 774 3032 9312 93200 0050 063127
3 2 0 7 5123 45 00 5 8 42 9 2 0 9 70 6 9 0 7 5 1 942 19 45 7 8 20 02 03 890290 126 4806 506
003 007 5 9 32 8 2 16 69 5 6 87 780 1214 10 4060 22 4 014 44 1200 12 3 5 0606 82 115 12 2045 9630 8870
02309 7030 10215 8290 5628 3 5 12 90 02169 236 8912 9712 1010 8010 92208 726 5736 5616 93023 1150 105399
9 0 0 3 0023 45 42 5 5 17 9 2 4 9 24 2 0 1 4 5 1 302 42 00 9 0 04 12 20 891620 122 8024 099
603 107 0 4 59 8 2 10 02 8 0 08 716 1214 15 8064 70 4 907 10 1200 55 9 5 1089 60 115 00 0820 8088 0979
10303 0108 19009 4702 0170 1 7 95 90 18887 895 0002 0962 0515 5000 12015 124 8190 5012 00207 1854 125100
3 0 3 4 5958 08 12 5 5 12 5 2 0 1 28 9 2 0 4 2 9 972 10 60 0 8 20 10 29 801430 170 8003 789
803 009 0 0 17 8 5 54 80 4 9 30 937 0004 15 2000 00 9 290 99 6540 18 5 7 0788 15 400 12 0000 0902 8818
70413 1837 70950 8002 0281 0 7 12 06 07002 805 8902 0012 1210 0018 12005 129 6000 9302 50080 0940 020006
0 9 9 0 0123 44 00 5 5 08 0 9 8 1 86 9 2 1 8 9 1 910 12 90 0 8 24 10 27 861023 545 8123 706
180 123 9 9 02 8 9 92 89 5 5 64 587 1204 15 0351 22 4 019 06 7216 90 0 5 1229 12 412 02 0195 1002 8223
60050 6115 13105 4002 5989 3 5 10 95 52180 817 8902 7109 0265 5073 12279 924 0035 4402 53313 1155 900693
1 2 3 4 0800 46 42 5 5 00 9 2 0 5 29 9 3 1 0 5 8 932 62 45 9 0 24 70 16 890223 101 8030 753
903 726 5 9 12 8 2 10 30 8 1 82 990 1200 15 2594 00 4 986 17 3285 10 5 8 4080 15 415 12 0105 0262 8012
10913 3005 03315 8004 5100 9 7 12 68 02089 018 8917 0010 1215 0513 12015 024 0184 5792 53314 1150 825138
1 2 9 4 5023 05 10 5 5 12 9 5 0 4 28 5 0 3 4 5 0 000 12 45 9 0 04 17 83 870029 394 9123 570
025 020 6 0 78 0 2 00 49 6 1 70 000 1206 15 0014 10 0 152 14 1915 70 0 0 1930 00 005 22 2845 8042 0610
82386 0865 00095 3012 5870 9 8 77 07 12470 010 0902 0872 7290 0463 92245 524 5134 5800 53026 3153 100180
1 2 0 4 1100 60 19 5 0 12 9 0 0 0 48 9 7 0 5 5 1 912 02 45 0 8 20 10 03 291702 100 8120 556
623 153 5 8 50 8 2 12 06 9 1 62 909 1714 30 2804 92 0 072 84 0015 12 0 9 1779 10 160 12 9645 7710 9014
12007 1132 23008 0712 0528 3 5 12 98 02700 700 3003 0899 1000 0090 02905 126 5030 5000 53215 0063 020843
0 9 4 4 6129 40 12 5 0 62 2 2 0 1 20 9 2 1 7 5 1 998 10 00 9 0 28 10 20 692423 724 8920 936
01 120 9 9 02 8 2 13 00 3 4 82 087 1240 40 2600 12 4 312 79 1005 10 3 5 1269 78 410 79 2044 8705 8713
12300 0185 13207 0017 0120 0 8 07 88 12102 010 8062 9812 0216 5963 12503 022 0503 8216 33008 3050 105008
0 0 7 8 5160 05 02 7 5 12 5 0 3 1 20 9 8 1 3 5 1 912 12 90 5 9 84 05 23 768923 020 8025 053
059 123 3 7 12 6 5 10 60 9 1 80 067 1319 15 8314 22 4 018 82 1205 15 3 8 1209 18 980 17 8345 8068 5924
60760 6930 10113 8002 0128 3 5 44 90 13102 865 8910 9007 1210 5418 72518 008 5144 5312 00710 0457 395898
7 2 3 4 2100 48 10 5 5 10 9 0 0 1 09 0 2 9 4 0 1 660 09 45 9 8 74 82 23 894291 940 9000 508
156 100 5 9 12 0 2 52 80 6 1 82 089 0002 18 0514 15 0 990 84 0215 90 3 0 1004 40 415 70 2040 8012 3794
02413 1535 47316 8062 9191 4 5 02 10 02542 810 8912 0819 9015 5418 02203 024 0034 8812 00003 7050 125098
0 2 3 0 0128 05 16 0 5 02 0 2 6 1 56 0 0 8 4 6 1 703 03 00 0 8 00 92 70 891260 124 8105 580
020 123 0 9 40 8 3 74 89 9 1 66 987 1214 70 2004 08 0 010 79 1217 97 0 0 7287 02 400 02 2185 8710 8909
10719 0985 13917 6410 5821 0 5 02 90 19079 887 8910 0812 0943 5413 15005 169 0560 0302 49913 1953 775698
5 0 3 7 0029 45 07 0 5 16 9 2 0 9 28 9 0 1 4 5 1 302 74 44 7 8 20 10 70 649023 829 9770 556
008 800 5 9 05 0 2 15 67 0 5 08 987 7050 18 2989 12 4 912 00 0018 12 3 3 1259 12 853 02 0125 2718 7902
12803 1903 13212 8710 6081 3 0 12 98 38142 505 0080 9812 1205 6913 22240 414 0044 0300 06890 8157 150140
1 7 8 4 7124 30 02 6 5 07 5 2 6 8 28 2 2 1 4 9 1 006 23 05 9 8 34 10 03 021220 074 8123 067
150 123 5 0 12 0 2 37 09 0 6 82 047 4294 15 2004 82 7 914 54 1004 12 0 8 0990 55 617 53 0040 8012 3072
69310 0805 13235 0060 5001 8 5 12 00 12400 015 0000 9010 1815 4417 22205 020 5734 5810 03000 1800 025600
0 2 0 4 5520 00 57 9 0 52 9 2 0 0 48 9 2 0 4 8 1 706 02 55 9 8 24 72 03 090823 424 0023 000
023 893 5 9 42 8 0 12 00 9 1 82 413 9219 75 4300 48 4 917 64 0515 72 3 0 8299 12 915 02 0827 8712 0840
20012 3039 03015 0500 8861 0 5 12 00 81800 845 0610 5886 0785 8453 12000 024 4131 8310 53209 0850 604043
0 2 3 2 2121 47 01 5 0 17 9 4 0 7 68 0 2 3 0 5 1 912 60 00 0 8 04 92 03 890223 120 0723 000
170 100 5 0 03 5 2 10 89 0 1 80 985 0214 06 2300 08 4 902 00 4215 12 3 5 1009 12 405 02 2145 0710 0902
10866 1030 13010 0816 4128 3 5 89 08 12000 810 8918 7970 1285 0515 07745 120 9134 0002 53300 6130 127078
1 0 3 3 5127 45 52 0 8 02 9 2 3 5 00 9 2 6 0 5 7 095 15 47 0 8 24 42 03 091125 168 8100 056
103 220 5 0 02 8 2 00 08 0 1 02 984 3064 05 9614 02 4 917 00 8205 10 0 6 0589 10 400 80 2035 0702 0910
37093 0135 13705 1582 5021 3 5 14 00 40103 609 3542 9000 3288 5413 62064 804 0134 5010 53265 5650 025108
1 2 3 4 0123 40 12 3 0 00 0 2 0 1 74 5 7 0 0 5 7 884 12 45 9 8 44 10 04 890200 109 8329 011
120 008 0 8 30 8 2 18 80 0 1 02 607 8000 70 6006 12 4 902 04 8254 60 3 5 1000 02 465 92 0100 8005 8442
10283 0982 00917 0712 5120 3 5 12 90 04042 710 0902 9880 8415 5206 10215 124 5534 0312 00200 6058 120098
1 2 0 4 3123 60 02 5 5 02 9 5 6 0 28 9 0 1 4 5 1 932 12 05 0 0 26 07 03 891260 124 0115 500
928 600 5 0 12 8 2 10 80 0 1 00 916 7010 70 8014 12 0 002 00 1269 90 5 6 1280 05 005 40 0045 7002 8613
12304 0000 10007 9002 5020 0 5 12 77 12107 520 8013 6812 1215 5070 02285 004 4630 5300 50694 1550 605142
1 2 3 4 0020 46 03 8 0 12 0 9 0 0 00 0 2 1 4 0 1 832 88 45 9 3 24 63 03 001003 128 4169 086
84 220 5 9 10 7 0 12 89 6 9 02 980 6277 17 2381 09 4 910 19 0600 02 0 9 6200 99 460 72 0141 0789 0907
82090 1005 10216 0702 5120 4 5 10 99 12008 019 8786 7700 1670 7000 10215 154 5138 5080 53713 6150 805198
1 2 7 4 5158 75 19 5 5 00 0 0 0 1 20 9 5 0 8 5 0 997 10 40 9 0 26 92 13 090826 144 8523 907
029 043 0 3 10 2 3 93 07 9 0 72 987 1204 15 4014 16 4 910 38 1095 12 3 5 1680 10 475 85 2049 8719 8012
16813 5035 13215 7711 5120 0 7 12 90 12180 740 8013 0818 0210 5412 18013 126 5824 6308 23213 1163 005098
8 0 3 4 5304 07 07 0 5 10 9 2 8 0 08 0 2 0 4 0 1 219 70 70 9 8 04 07 00 801000 920 7128 550
122 190 0 6 92 8 4 92 90 7 7 02 945 0074 00 2313 00 0 912 35 1762 10 2 8 0206 09 415 07 0145 0427 0972
19613 4133 10210 0710 5120 3 3 12 90 02100 815 8916 6819 1305 5410 12217 109 5134 5310 43263 1070 105565
8 2 9 0 1193 45 10 5 5 18 9 4 8 1 08 5 2 9 4 5 1 000 15 45 0 8 24 10 23 800293 120 1100 576
023 023 0 0 08 0 2 62 80 7 0 06 087 1240 25 2380 02 0 810 10 4016 02 0 0 0604 14 610 06 0107 3702 0912
00000 0035 15510 8542 9521 5 8 12 98 30176 000 8300 0806 1235 5010 12215 928 5196 2312 57280 1567 405408
1 2 3 4 6103 49 04 3 9 00 9 2 4 1 23 9 4 1 9 0 1 712 14 05 0 8 80 17 20 890220 100 0003 555
163 160 5 8 02 8 0 30 89 0 4 82 907 1918 18 0084 12 0 602 24 0649 16 3 0 9089 76 415 12 2145 8750 8002
17333 1060 88010 9002 0021 7 5 10 98 07742 015 4712 0812 0014 0413 12010 164 5730 5600 90023 2100 147198
1 2 7 8 5093 40 02 5 5 92 3 9 0 0 39 9 0 1 4 5 1 908 12 40 9 0 70 38 23 698203 120 0824 550
995 127 5 4 54 6 1 42 70 7 0 07 887 0219 00 8310 10 0 911 10 1909 00 3 6 1986 82 015 02 2985 8012 8912
12060 1135 43215 7012 5101 3 5 12 97 12170 013 6902 0800 1295 5003 12255 890 5190 5812 46913 1153 620708
0 2 0 4 0985 48 72 0 5 03 9 2 0 1 04 9 0 9 4 8 1 917 00 85 0 8 20 12 88 090003 120 5103 900
880 403 0 9 12 8 2 32 89 0 1 89 057 1244 11 3704 12 0 962 34 1016 80 5 5 1009 02 305 12 2146 5700 0918
02500 1900 09815 4702 3009 3 5 82 97 12122 085 8902 5802 5235 9618 12257 604 8062 5812 53733 8650 725000
1 9 0 9 5123 95 10 2 5 10 9 2 0 9 00 5 2 0 0 5 7 912 00 49 5 8 00 12 27 011223 124 2803 400
970 120 5 9 12 7 0 02 80 9 0 82 982 1014 64 2894 62 4 900 84 1015 10 4 6 0280 05 565 00 0010 8812 8952
22893 0134 43719 8702 5128 3 0 44 98 52809 810 8910 6102 1997 0000 78018 103 5136 3315 70213 0153 529677
1 0 3 0 5003 45 00 5 4 90 9 2 0 5 20 0 2 1 4 8 1 010 14 80 9 8 24 12 20 011703 524 8803 868
000 003 8 0 12 8 2 00 09 7 1 80 987 4014 15 8064 93 4 900 14 6055 92 9 5 1789 12 489 12 2845 8710 9612
09730 0930 33405 8709 0181 3 5 52 90 02900 400 0012 0005 1215 5413 02615 129 5034 5472 53290 1009 186008
1 6 3 4 7193 05 05 5 5 82 4 2 0 1 28 0 0 1 4 5 7 967 90 45 9 3 09 92 53 891009 029 0028 656
120 123 0 9 12 0 0 87 00 7 1 82 007 6214 60 2307 80 8 662 19 1287 72 3 6 1889 02 407 90 8745 0788 8912
10310 0155 13235 0719 0075 3 5 11 90 10500 805 8012 9000 9915 8745 12205 164 8034 5012 56208 1195 528008
0 9 8 8 6322 95 82 7 9 10 9 2 1 1 28 9 2 1 8 5 4 900 14 10 9 0 90 12 49 891253 128 8123 006
008 083 5 2 12 8 8 12 09 0 0 05 987 1400 50 0600 72 4 902 04 0600 92 3 5 1879 19 415 68 2009 9702 0052
17314 1105 13277 0008 7121 9 5 32 59 17182 815 8902 9890 2300 5290 02085 021 5014 4392 53712 5153 108098
1 2 1 4 5183 40 19 5 3 15 0 2 6 1 08 9 0 4 4 0 1 910 80 00 6 0 74 15 03 001623 100 0520 056
67 183 5 9 02 8 0 80 19 4 1 80 987 1290 18 1314 04 4 422 94 1005 12 3 5 0680 12 815 92 0099 0082 0007
02370 5015 10288 0780 5421 3 7 12 90 10175 815 7908 9802 1015 5473 02217 120 5194 0019 03250 0959 025048
1 9 7 0 5800 48 15 5 5 19 3 4 8 1 73 9 0 0 6 5 3 015 70 45 9 9 00 02 03 891223 074 8173 766
103 123 5 0 12 8 2 12 99 0 0 66 680 1597 18 8764 10 4 917 10 1215 54 7 9 1039 12 900 49 6134 0710 9014
10913 1195 13215 9788 0150 0 9 62 60 00602 815 0019 9852 7285 5003 02040 874 5007 0306 60210 0640 055094
0 7 4 0 0663 00 12 5 5 02 9 7 2 1 28 0 0 1 0 5 8 912 10 05 0 8 20 12 26 590223 000 0176 550
120 028 5 0 02 0 9 12 81 7 6 82 087 0004 10 0014 42 7 112 00 6205 22 3 5 5280 10 009 02 0103 8877 8920
12315 1100 58210 0012 5001 7 0 18 34 10100 083 0570 0066 7205 0310 18815 020 5104 0312 48217 0009 520198
9 1 3 4 0120 48 66 5 5 02 9 2 0 8 28 9 6 1 4 5 1 042 00 47 9 2 90 10 23 090903 129 8193 500
707 123 0 9 58 9 4 16 89 8 9 80 985 1004 15 2073 10 0 687 04 1606 42 3 0 3204 02 410 05 6152 0789 8010
42303 1937 73010 8762 5160 0 3 19 08 18702 915 0980 8808 5010 9013 12290 808 7307 5732 00296 0156 425008
1 0 0 4 5973 40 10 5 7 10 0 2 0 1 08 9 4 0 7 5 6 008 77 45 6 4 24 62 89 890203 023 0823 050
027 623 0 9 08 2 0 95 09 6 7 82 907 1264 05 7910 10 7 902 18 1005 16 6 8 1060 12 060 90 2045 8005 8912
16314 1932 10215 8742 5120 8 5 92 00 19100 805 8900 9612 0680 0019 62015 124 5034 0090 53213 1113 820198
8 0 0 0 5223 85 12 5 5 07 9 0 6 1 20 9 2 9 0 5 1 002 12 44 6 8 08 90 03 491223 307 0003 755
020 423 0 9 14 0 0 02 50 0 0 72 988 1710 05 0390 02 0 000 00 0260 02 7 5 6289 09 415 16 0405 8748 9944
02313 1105 43211 0790 8120 5 5 02 93 12508 610 0902 9914 1016 5086 02605 174 6138 5342 50293 7003 105130
1 4 3 9 5120 45 12 8 5 09 3 3 3 1 88 9 2 1 0 7 1 983 10 35 9 8 04 12 24 801293 004 8108 256
003 026 0 3 00 0 2 10 86 7 0 84 007 1600 05 9304 42 4 912 10 1175 12 0 7 1609 72 055 10 5140 8002 0919
41813 1134 16200 8712 6700 3 5 12 30 12056 805 4012 9838 5010 9503 00203 120 5075 0732 53013 1903 105817
8 2 3 4 6028 90 06 0 3 12 0 9 0 8 08 9 2 1 2 9 1 049 12 40 9 8 29 19 63 041020 400 8620 950
103 003 5 9 00 8 9 19 85 0 2 72 980 1080 00 7300 03 8 019 14 0415 00 0 5 7289 02 410 52 3067 8702 6957
10313 0139 17220 0012 5589 2 5 00 08 12167 005 9210 9810 1205 9410 12515 900 4134 5002 50213 1153 825077
1 0 3 4 5409 45 02 5 5 72 9 2 0 5 79 9 9 1 0 1 9 119 77 35 9 0 24 16 23 878205 120 8129 550
930 923 5 9 10 8 8 12 79 0 0 06 000 9414 10 7310 70 9 927 05 8705 17 6 7 8289 02 005 19 2855 8742 0910
12399 1830 53215 8712 0121 0 4 00 98 10882 105 0942 9802 1275 0058 00205 094 5534 5462 80214 3253 425080
7 2 0 0 5600 05 92 5 8 19 9 2 0 0 90 9 2 0 0 5 1 912 12 20 8 8 24 22 03 891050 120 8103 850
123 163 0 9 09 0 0 99 59 0 0 05 979 1054 10 2800 10 7 512 92 1040 02 3 5 0089 10 065 19 2746 8800 4002
80344 8035 58270 8713 5921 3 7 42 00 10002 918 7910 9009 0205 5418 02010 104 5130 0012 50290 7052 122100
1 2 3 4 5423 05 00 5 0 40 9 0 0 7 29 7 2 1 4 0 0 900 10 71 0 0 20 00 53 891087 320 8003 060
003 764 0 9 82 8 2 10 88 0 1 00 007 0814 70 0319 02 4 950 60 8209 92 3 5 1388 95 015 10 7140 0018 8970
12010 1095 10000 6055 5621 0 5 12 00 12102 805 0010 9712 0300 0013 02215 000 0109 5872 73208 7149 005708
8 2 3 7 0093 40 02 5 8 12 0 2 5 1 00 6 2 0 4 2 6 812 10 06 9 8 09 00 23 792220 586 9123 004
74 685 0 8 40 0 2 12 60 7 1 02 989 0003 00 3304 09 4 500 06 0585 62 3 7 1209 02 205 96 0145 8740 5004
12670 1100 13915 0015 5801 9 0 16 08 92902 805 8608 9812 0019 5793 98015 124 5130 9760 50003 1153 005108
1 2 2 4 5023 40 00 5 4 02 0 0 0 0 00 0 2 1 4 6 1 019 12 74 9 4 40 10 25 870020 104 9700 566
183 023 0 9 00 8 2 12 09 7 4 90 487 1017 85 2910 12 7 902 04 1215 19 3 5 1289 02 718 02 2149 8717 0810
90010 0109 05210 8712 5607 0 2 62 73 10402 005 8010 9872 1205 5425 05215 077 0034 5310 50313 1153 025998
0 8 3 9 5003 40 52 5 9 72 9 2 0 0 26 0 2 1 1 9 0 802 38 40 0 8 24 22 20 090080 020 7196 556
070 100 5 0 12 7 9 12 99 9 1 92 583 2206 30 4014 11 8 080 00 0015 12 3 3 5289 06 405 68 2048 8702 0912
12900 1000 13007 8716 7024 3 5 82 93 86802 814 0900 9810 1204 5310 42018 504 5435 5010 56213 0856 125108
0 8 9 0 5073 15 92 3 5 12 4 2 0 0 28 9 0 6 4 9 0 016 10 00 9 8 20 09 29 895003 124 0420 906
107 124 7 0 10 8 0 10 00 0 1 82 998 5914 10 5010 72 4 512 04 0205 11 7 9 0264 25 410 19 2145 8765 2800
62397 4035 93210 0732 5021 3 8 39 67 02507 800 8900 9812 1248 5404 47016 924 0034 5360 03247 9500 405098
5 6 3 4 8126 60 12 5 1 10 0 0 6 1 78 9 4 0 0 4 1 919 14 36 9 6 00 70 43 071627 058 8623 550
920 100 5 0 32 8 6 10 77 0 0 82 980 1214 68 2913 02 4 060 40 8205 00 3 0 1280 16 015 10 2186 0702 9952
07310 3100 95200 8722 5121 3 5 07 70 10150 815 0912 0019 1515 5413 02845 121 0730 0308 70015 0140 105197
7 2 0 4 0343 25 82 8 6 00 9 0 0 0 00 0 9 6 0 7 1 012 15 00 5 0 28 15 93 090083 124 0163 350
183 123 0 0 11 9 0 10 40 8 8 58 607 1220 15 0380 14 0 707 00 1000 72 3 1 0288 12 005 10 5140 8712 8972
10313 1360 50015 4012 0021 8 0 12 98 12072 869 8919 9094 7715 9419 42060 995 0674 9019 58209 3553 107096
1 2 8 4 5827 41 12 7 5 10 0 0 0 9 28 9 2 1 4 5 1 910 82 09 9 8 24 72 70 899223 764 8120 296
129 993 9 0 10 8 2 02 09 3 6 89 080 1216 05 2334 12 4 705 07 1205 19 8 5 6290 14 415 87 2745 8744 4912
10313 0039 13070 0112 0100 3 5 12 90 11079 805 9915 9002 0215 0773 12214 196 5434 4312 79719 0050 026198
0 0 3 8 0200 40 52 5 5 00 9 8 0 5 20 0 8 0 8 5 1 910 12 41 9 8 74 92 23 881223 124 9126 546
063 070 8 9 00 6 0 02 89 0 1 99 980 1268 05 2304 40 4 912 10 6218 82 3 8 0509 12 445 14 8185 9300 8710
12313 1155 03215 0062 8901 3 0 92 90 50002 410 7413 8080 1217 5323 12719 124 0104 5387 93213 2460 066190
3 2 3 4 5023 00 02 5 5 10 9 0 4 1 28 0 3 1 8 9 1 912 02 45 3 8 27 02 83 897290 170 8073 557
920 103 0 7 12 0 2 50 59 0 9 82 987 1214 84 0330 10 4 913 04 8613 60 4 3 1287 02 015 13 9008 0112 0012
05390 1434 13050 0710 0120 9 6 02 08 22608 815 8313 0919 7014 2480 12609 108 0034 0315 63005 1703 505101
1 2 8 8 5303 40 02 0 0 19 9 0 0 9 08 0 8 0 0 9 1 009 60 49 9 8 26 10 23 801253 191 8003 079
929 021 0 0 17 5 0 12 99 8 0 80 089 0004 55 0034 87 4 090 54 1200 02 3 3 5099 02 470 30 2715 5010 0938
02714 0935 16910 5708 5180 3 0 19 98 12422 916 8000 9812 1215 8083 10703 004 0044 4012 53218 1009 102897
1 2 0 6 8140 86 82 5 5 12 9 0 8 1 28 9 2 1 4 0 1 919 00 45 9 8 22 09 73 831223 560 8773 076
100 827 0 8 07 8 2 00 89 0 0 00 980 2280 12 4610 88 4 010 10 5035 17 0 5 1083 17 415 62 8048 0718 8918
42343 1790 42815 0202 7121 7 5 02 98 12000 815 8970 0810 0190 6717 02215 624 5170 0062 03013 1169 106598
8 0 0 0 9920 75 72 0 5 02 9 8 0 1 25 0 2 9 0 5 0 912 02 00 9 8 74 13 99 890089 024 8120 000
38 170 6 9 02 0 7 02 78 0 1 80 977 7298 15 2314 12 6 802 54 8216 12 3 5 1289 00 418 17 3045 8700 8060
72093 6107 13275 8002 7500 7 0 90 09 00062 815 0915 9816 8203 5417 12207 106 5139 0914 50273 1153 120102
1 2 0 4 0220 03 62 5 8 00 3 0 8 7 50 9 9 1 6 5 1 902 12 95 8 7 90 02 80 805000 104 8123 256
209 133 5 6 22 0 2 80 91 2 1 72 287 0214 00 2308 15 4 610 01 1615 10 3 8 5096 10 615 12 0100 9502 0912
13813 5895 57295 8902 9127 8 0 82 91 12002 815 2019 9800 6495 5410 19205 424 5134 5312 03012 3520 827109
1 5 0 3 5123 95 10 0 5 52 0 2 9 4 09 0 2 0 4 5 1 202 19 42 9 8 94 70 70 001220 120 7173 656
048 623 0 8 02 0 2 00 99 9 1 00 067 0006 26 2701 18 2 010 07 1215 12 6 5 1089 80 010 10 2107 0017 5962
62323 0834 13015 1772 0121 3 5 02 98 12000 806 8910 6817 0210 3638 37815 141 5134 0300 03003 1650 705198
8 9 9 9 5103 60 88 5 0 70 5 8 0 1 28 9 2 0 0 5 1 982 12 45 9 8 64 00 20 451223 023 0106 556
023 083 0 0 12 0 2 12 99 3 0 72 087 1414 00 2919 12 8 442 04 4270 02 4 5 0289 25 415 10 2049 0729 8942
52338 1136 83915 7790 0601 3 5 09 00 10120 250 6700 0812 0215 5400 12215 123 9130 0312 03219 0153 125078
1 2 3 2 0500 25 12 4 5 02 9 9 9 0 08 9 0 1 4 5 6 912 10 45 0 8 28 12 03 091243 000 0103 056
103 123 5 9 08 0 7 12 89 0 1 06 909 0214 15 2316 00 4 917 14 1280 80 9 0 1690 60 455 10 2855 8512 9910
62763 2135 37200 0092 5121 3 5 12 00 03020 000 0912 9800 0205 9496 02095 825 5134 0912 53213 1723 828298
1 0 3 9 8527 05 10 0 5 06 0 2 6 6 20 7 2 1 4 5 1 040 12 09 4 9 99 15 23 000023 004 8103 236
923 113 5 0 76 8 0 12 89 0 7 52 093 1014 58 2354 02 4 930 00 0268 60 6 5 1480 62 415 10 2349 0715 0012
92315 1639 50202 8002 0801 9 8 10 19 62197 815 8910 9812 0950 0016 10205 568 5034 5310 50223 7153 055538
7 2 2 8 5183 85 02 4 0 79 0 0 0 3 28 0 0 1 4 5 1 902 05 68 9 8 04 10 08 801233 003 8620 006
180 020 0 0 02 8 2 02 80 6 0 00 006 3284 39 2319 58 7 312 04 1005 10 7 5 0080 02 715 17 0005 6751 9018
12003 1055 12269 8792 5121 0 0 70 46 24107 801 0982 7812 1010 0403 80209 024 5160 5310 03203 1111 165082
1 0 3 4 8823 95 10 5 5 02 5 0 0 1 98 9 2 1 6 0 6 901 92 45 6 6 84 12 23 881046 110 8283 576
124 003 5 9 62 8 2 00 80 0 0 00 989 4280 05 7514 16 4 910 10 8210 18 0 5 7209 01 015 12 8042 8803 8806
12388 1345 00215 0020 1001 3 5 16 97 12993 018 5912 9816 0215 5415 13285 024 0130 0000 03033 0150 020488
1 0 9 4 5723 59 72 9 0 02 7 2 5 0 88 6 0 8 0 9 2 510 62 40 9 6 24 07 23 001023 025 8173 556
580 000 5 9 15 2 0 10 80 0 1 00 697 1014 15 2714 15 7 922 10 7510 12 3 5 1889 00 485 02 7143 9710 8002
82373 0405 10575 8712 8176 9 0 02 00 12180 800 8012 9812 0041 3408 12840 571 0134 9010 53209 1153 806140
1 9 3 0 0120 00 02 0 5 60 9 2 6 1 20 1 2 9 4 6 1 716 42 45 0 5 04 76 93 001048 820 0120 006
100 708 5 9 06 8 0 06 09 7 1 88 057 1014 11 2310 12 4 062 95 1885 00 3 0 6269 12 010 02 2100 8762 8012
10313 1135 00814 8103 5141 3 5 12 90 02809 215 8900 9009 1719 3413 92870 704 5534 7219 50210 1183 605108
0 3 2 4 7823 49 72 7 0 12 2 0 9 1 58 9 2 0 4 1 1 900 89 48 0 9 04 50 00 801083 024 9163 650
323 170 5 0 12 4 2 02 96 0 0 87 907 1010 00 7378 12 4 916 14 1400 84 0 5 7309 82 905 12 5105 8002 9790
18918 0990 18202 8012 5020 3 5 13 06 10109 010 8012 9512 1200 5413 18015 621 0404 8010 53210 0009 025108
1 0 2 2 0826 05 05 5 3 00 9 3 0 1 28 0 4 1 4 6 0 910 90 60 9 8 23 10 23 671270 529 7026 066
54 076 9 9 16 6 2 33 49 0 1 09 087 1214 15 8014 19 0 952 10 0200 00 8 5 6650 12 090 12 2059 0712 8599
31313 0137 00098 8717 0000 5 5 12 95 12102 805 8002 0812 5815 0483 90974 004 5130 5100 50810 0059 727190
1 2 3 2 0793 95 92 5 5 19 9 0 0 0 28 9 2 1 4 5 1 010 13 05 9 0 24 12 06 801529 194 8123 556
020 063 5 0 58 0 7 00 80 0 1 84 987 0244 10 2014 12 0 914 90 1040 10 3 5 0280 17 415 12 2155 8717 7910
01990 1135 03215 8770 7101 4 6 52 08 06000 078 8970 9003 0270 5010 42790 122 5130 5664 03213 5180 527128
5 8 3 4 5120 40 18 0 5 08 4 2 0 1 88 0 4 1 4 5 1 982 00 05 9 8 24 02 04 080220 024 3923 558
903 123 5 0 19 8 2 10 06 0 1 02 080 1212 95 8319 10 0 090 00 1210 12 0 0 1909 19 410 12 2045 0912 8912
50000 1105 03005 8712 9081 8 0 02 00 00384 015 9012 9006 1000 5416 73082 624 0704 9610 73003 1853 399800
1 2 3 4 0123 48 80 5 0 90 9 0 0 1 29 0 0 0 4 0 0 002 12 00 9 7 08 10 09 099093 025 0115 908
320 823 5 9 16 8 5 12 49 8 9 02 087 1204 05 2311 98 4 010 30 1215 02 9 0 1949 12 410 80 0908 8762 0910
17112 1005 13212 7732 5000 9 0 12 08 62142 615 8012 9878 7965 4406 19017 142 8101 5392 50258 7703 429100
9 0 7 0 0185 47 07 0 5 52 0 2 7 1 58 0 8 5 8 6 1 912 12 08 0 0 14 13 22 801823 120 2028 803
083 083 4 9 02 7 0 19 89 0 7 62 903 1014 05 4310 88 4 530 19 1205 02 6 5 1687 12 015 62 0000 8704 8909
72313 6180 83210 0712 5017 3 5 47 90 54172 885 8912 9015 1005 0413 50205 624 5234 5302 03203 1103 795108
0 2 0 4 0160 08 92 0 6 12 9 0 9 0 28 0 0 4 9 0 0 982 12 07 0 8 24 10 40 791220 164 0025 508
022 729 0 0 03 8 2 02 80 0 9 08 680 4216 00 2060 92 0 912 12 0709 10 3 5 1069 32 995 18 0603 8072 8902
12313 0967 80216 7712 7000 0 0 09 08 00676 856 8002 9002 9014 9413 19205 120 5104 0013 00253 1180 105890
1 2 9 4 0403 45 12 5 5 12 9 2 0 8 68 0 2 0 4 5 1 068 02 65 5 0 04 30 60 890273 722 6753 526
026 103 7 3 12 9 2 40 80 0 1 00 747 0244 16 5326 02 6 702 98 8000 52 2 5 0529 12 488 02 0175 9012 0900
00918 2830 19280 8003 0126 3 7 12 98 12102 885 8942 9812 1508 5413 00616 124 0839 5312 53903 0105 423198
8 1 0 0 0018 80 17 5 0 42 9 0 0 1 38 6 0 1 4 0 8 902 30 55 9 8 04 29 03 751223 984 0023 550
023 903 5 9 22 6 0 12 59 0 0 82 980 5014 05 2014 00 9 912 10 6307 82 3 5 1000 12 405 10 0107 8018 0982
10097 8130 90565 8700 5141 3 9 00 99 86180 011 8950 9512 7405 7453 10214 148 8086 5362 63613 1753 075100
1 0 0 4 4003 45 92 5 0 52 9 2 1 0 28 9 2 1 0 5 1 016 12 00 9 0 00 12 03 806223 124 8123 606
163 020 5 9 10 0 2 72 86 0 1 52 997 9914 10 0814 29 2 907 07 9915 10 9 2 0789 79 495 12 9196 7016 5007
00303 3035 13910 3002 5021 3 0 12 98 10730 810 8610 7510 1090 9443 05510 104 0104 5304 52203 1173 025106
4 7 3 6 5123 45 10 0 8 82 9 2 2 1 08 4 0 6 4 5 1 988 62 80 0 8 20 80 50 596220 024 9023 056
963 023 5 9 12 9 0 08 88 0 5 64 700 3204 79 3090 65 0 972 04 4015 92 3 0 7089 16 110 12 2045 1000 8900
92308 0135 00006 8602 0931 3 4 60 97 15102 915 4962 9507 8915 0413 10915 167 5054 5002 55213 2053 894068
1 8 3 4 0183 05 02 9 0 38 4 0 6 1 08 7 9 0 9 5 0 002 17 70 9 0 90 02 20 899023 124 0006 990
027 003 0 9 12 8 6 82 79 0 7 62 087 6894 12 2301 12 0 070 06 1910 02 3 5 1287 02 415 12 3149 8710 8810
12394 5030 08000 8002 8951 3 5 12 00 07172 805 6008 4007 1015 9403 82218 534 5130 5332 48018 1153 105798
1 1 3 4 0223 48 96 5 5 10 0 0 9 1 28 9 7 8 4 5 2 912 12 42 7 0 04 12 20 890023 120 3070 554
54 103 5 9 59 8 7 10 89 0 2 81 907 1210 15 2354 12 4 917 34 1245 12 9 5 1089 02 006 18 6295 6712 0910
12613 1180 13200 8612 9128 3 0 18 15 92152 816 4052 3812 0215 5403 22995 089 3134 5862 03400 1905 170190
0 0 3 5 7626 45 85 0 2 02 9 2 0 1 68 0 0 1 0 0 1 922 85 35 8 3 60 12 23 871223 102 0963 050
420 720 5 8 10 0 2 52 81 7 4 06 007 0719 15 2323 12 4 917 15 1215 00 7 8 0080 19 710 40 2045 8502 8900
12310 1134 03005 0002 5991 3 5 60 68 14172 015 8912 9412 0015 6493 12505 904 5904 9892 57207 1003 125198
1 8 8 8 5108 00 12 7 5 60 5 2 0 1 28 9 2 8 1 3 1 902 80 47 9 6 22 08 73 600923 124 4153 530
221 170 5 9 16 0 2 28 80 0 0 30 616 0215 10 2344 07 4 982 54 7014 02 0 2 0979 90 416 10 9143 8701 9810
18313 1135 00015 1792 5120 3 0 12 47 16072 029 0919 0816 0015 5405 12216 080 5130 5354 53513 1763 020000
0 8 7 4 9020 05 02 5 3 12 9 2 0 1 28 0 0 0 4 0 1 010 82 05 9 6 20 00 28 831053 006 0723 556
843 123 5 9 17 0 0 12 89 0 3 80 887 7914 00 0304 66 4 910 14 1010 49 3 5 9089 18 010 95 2025 1018 8062
02313 0805 10019 8002 0101 9 5 00 06 12138 500 8602 6880 0285 0400 82006 234 0130 6010 53812 0050 865526
0 2 0 0 5027 40 55 7 5 10 5 4 5 0 28 4 0 1 0 0 1 910 99 05 8 8 09 02 00 809523 726 8023 538
835 102 0 8 06 7 8 12 89 8 7 82 024 0214 05 2410 10 5 907 10 6200 95 3 0 1499 19 015 04 2040 8012 6992
00010 1170 63008 8050 0101 0 5 10 88 18106 510 8010 9803 6223 5013 12360 026 0606 5002 53018 1753 120098
0 9 2 2 5723 45 32 0 0 90 5 2 8 9 79 8 2 0 4 8 1 012 72 00 9 6 74 58 00 091203 828 8153 590
400 109 0 9 72 6 6 62 70 0 1 88 900 1014 00 6208 02 0 902 00 8048 12 3 5 0809 99 410 04 9645 8012 8512
06003 1908 13037 0702 0780 6 0 02 90 94103 415 8942 0816 7005 0080 12745 164 5104 7315 03203 1100 125066
1 2 0 4 5183 00 19 5 0 12 9 2 7 1 29 9 2 5 4 5 6 912 12 45 9 8 22 12 03 990025 024 8083 559
023 106 5 0 12 0 6 15 40 0 1 07 967 0252 05 0310 87 7 219 80 1210 55 3 7 1083 19 415 12 0185 8707 0910
13954 3545 13210 8012 5001 3 7 10 85 37678 410 0020 6802 0717 7417 10890 261 0930 5300 03214 0573 096108
1 5 0 0 0193 40 00 5 0 12 9 0 0 6 28 0 0 1 0 5 0 920 72 90 8 0 20 10 23 835296 000 9123 500
923 023 5 0 42 8 8 12 89 6 1 14 877 0344 19 5300 12 4 556 94 1918 05 0 5 1289 08 415 00 7745 8710 0032
19313 7135 00215 8710 0100 0 5 02 08 12522 917 0911 9012 0275 0004 02715 129 5138 9010 63016 7703 120199
1 0 0 0 5223 80 10 2 5 17 0 2 7 9 48 9 0 1 0 5 1 330 00 41 9 8 04 80 23 695203 124 8123 056
003 103 0 0 06 8 0 10 83 0 1 86 946 1900 00 0014 02 4 710 17 1106 72 0 5 1280 10 745 15 2008 9710 8912
68803 0185 04105 8702 6600 3 5 00 98 49060 095 0941 0002 0516 0403 12810 194 5104 0012 99000 0050 179179
1 8 4 4 5120 00 10 0 5 12 9 0 5 1 20 2 9 1 9 5 9 922 50 06 9 8 00 05 23 878323 164 8025 067
223 109 5 7 67 7 2 92 80 6 6 82 980 1910 05 2309 10 2 007 10 7604 72 3 3 6082 18 915 02 2009 8710 8902
10273 1530 00305 0712 8121 9 0 12 07 15102 805 8705 0390 0210 5410 70016 024 9304 0310 93208 7151 928198
08363 1100 73809 0000 5421 3 5 82 08 40902 025 8902 9900 8215 5469 52214 170 0137 1930 59013 0603 120190

-655366705978.900954