8 2 3 4 5403 05 00 0 5 01 9 0 9 1 29 9 2 5 4 5 3 900 08 02 9 0 94 14 28 001229 197 0122 506 
595 088 5 9 03 7 0 19 00 9 1 70 484 1014 08 8214 89 1 912 17 1215 19 2 3 0288 80 408 12 7165 9102 8409
62613 0085 10215 6719 9741 3 1 02 90 10109 815 9000 5817 1055 0800 00215 134 5134 5317 53033 0153 827168
7 2 3 4 0503 46 02 5 9 12 9 2 7 7 50 4 5 9 0 9 9 903 15 05 9 8 00 10 23 081763 178 8123 553
30 926 7 6 09 8 2 12 89 0 4 92 080 1514 00 2300 31 4 902 13 1255 10 3 0 1209 90 410 90 0140 8712 8972
66840 0789 13019 8518 5179 7 0 12 98 09192 615 0902 8803 1205 5313 40070 224 5664 0010 07250 4153 050000
0 2 0 4 0883 40 12 7 5 07 9 2 4 6 08 0 9 8 4 5 4 950 12 43 9 7 00 15 23 099260 000 9323 500
823 823 5 9 60 8 9 12 84 0 6 00 077 1210 00 2310 08 9 092 88 1213 12 3 9 1088 12 090 72 2145 9712 0010
12310 9130 13212 8308 5002 3 2 10 98 18106 945 0002 9800 9507 5412 12040 724 0103 0318 57900 0053 002990
1 2 3 0 5123 35 10 5 7 00 0 2 7 0 08 9 6 1 4 5 8 922 22 00 8 8 24 33 23 094240 824 8160 086
623 106 5 3 12 0 2 17 00 3 1 92 707 1234 08 2310 12 0 407 14 8220 12 7 9 0274 72 915 10 0143 8010 8012
17003 8930 10965 0702 5005 0 0 12 98 38092 015 9900 9782 1209 0400 80150 124 0910 8310 00210 1000 955188
8 2 5 4 5121 40 17 9 0 52 0 0 7 0 28 9 2 7 4 0 1 200 00 05 9 0 24 10 23 801263 164 9120 207
194 120 9 6 89 8 6 12 53 5 9 82 907 1004 44 0368 10 4 902 50 1210 50 0 1 5089 02 419 17 8075 8712 8582
16310 8000 96215 5800 5051 0 5 00 59 12002 095 8012 0876 2907 7403 10085 104 5139 5515 08033 1053 225105
7 2 3 0 5100 05 00 0 5 10 9 2 9 1 28 9 2 5 9 5 0 012 12 49 6 0 05 12 20 801206 106 1629 850
009 120 5 8 16 7 9 82 89 0 0 82 007 1210 18 2154 80 0 900 54 1247 99 0 5 7787 12 415 18 0945 2718 0902
12313 1102 30210 8712 5121 7 7 80 98 72102 850 0962 1840 8095 0483 00215 007 0130 5012 03203 1953 003118
1 2 5 0 7128 95 09 5 9 12 0 0 0 0 00 7 8 0 4 5 6 902 02 45 1 8 20 10 20 001703 004 0103 556
050 120 9 9 12 7 7 10 79 0 1 02 605 1010 15 0304 32 6 910 71 0016 12 6 5 0219 02 415 15 9140 0772 0977
70007 0165 23610 8716 5621 3 5 06 78 10192 846 0032 9311 1012 0500 08215 024 0490 0017 50260 0190 169680
3 0 0 0 9921 99 10 9 5 12 8 7 8 1 00 9 4 1 4 5 0 913 12 47 9 8 24 78 13 071223 604 3020 886
526 803 5 9 18 8 2 14 05 0 1 42 987 1200 10 0332 57 9 912 00 1200 02 3 5 0079 02 415 12 9075 0492 8360
22303 1105 58207 9810 6020 3 5 80 52 07802 215 1089 9800 3210 9419 82998 764 5104 0418 66203 7103 805497
6 2 3 2 5623 05 17 9 0 10 0 1 0 1 08 9 2 1 4 0 0 905 10 05 0 8 45 00 23 801223 124 0009 401
193 003 9 0 06 4 2 32 80 0 1 86 907 0218 03 0330 02 6 100 04 1152 92 0 3 0268 02 810 11 0043 0702 8018
42313 0049 03085 8002 6981 5 0 00 49 02070 605 5010 9015 0200 8493 10000 124 8000 0080 53973 1406 925598
6 2 6 0 5121 90 12 0 5 17 0 2 0 1 57 9 8 1 4 5 3 002 62 45 9 0 04 06 83 065203 120 8723 000
123 023 0 9 84 8 9 20 94 0 1 00 087 1219 19 0310 82 4 910 04 1000 02 0 0 1280 50 115 12 9142 8202 8012
62300 9565 03915 8710 5920 0 0 10 78 15178 015 8310 9819 0105 0413 12295 144 2642 5312 50213 0150 158196
9 2 3 6 0820 45 95 0 0 00 9 5 9 7 90 9 0 1 4 0 1 012 40 00 9 8 20 16 25 604260 104 6157 780
163 100 0 0 12 0 7 02 80 4 9 02 940 8017 19 3000 15 9 702 94 8215 12 8 0 1207 12 405 10 0945 4710 1319
1 2 0 4 8601 48 72 0 5 00 6 2 9 4 98 0 0 1 8 0 0 916 80 08 6 0 83 69 23 400203 124 8023 503
120 130 3 4 02 7 2 12 06 0 1 06 980 1814 12 0314 66 2 912 04 2815 19 3 0 6289 15 405 18 0740 0712 0712
72046 1335 59215 0712 5002 9 0 82 98 02876 715 8982 9802 4850 5403 62085 105 5030 4002 83291 0150 680178
1 2 6 0 5723 45 17 5 0 02 0 2 7 1 28 9 2 0 0 0 1 960 12 65 0 0 74 12 21 392025 024 0133 540
55 103 0 9 12 7 0 18 09 0 1 41 707 1110 05 2510 76 0 605 14 4030 00 0 0 0244 02 410 12 2105 0062 0900
12313 5025 00675 0900 5101 3 8 18 58 12102 889 8712 9082 1010 5400 10615 304 0004 4308 99663 0493 005199
8 9 3 4 0133 44 50 7 0 12 9 0 0 0 88 9 2 1 4 0 6 910 65 49 9 7 20 10 23 098077 900 9003 506
089 070 5 0 80 0 0 88 39 0 6 08 970 0214 15 2014 22 4 900 84 0265 08 0 4 6229 17 435 60 2055 8712 8001
12310 1004 60816 8720 5006 0 0 82 58 88140 815 8706 9818 0095 5483 02210 106 5100 9313 53207 2150 925894
8 0 0 6 5120 45 40 5 0 90 0 2 4 1 00 9 0 1 8 4 8 900 14 45 6 8 60 42 23 891208 190 8333 054
123 820 5 0 10 8 8 89 04 0 1 52 904 0010 15 8300 90 4 911 07 1010 09 3 8 9080 92 415 10 9175 8314 8982
13013 9605 03245 0719 5020 3 5 12 68 02002 416 5909 0518 1214 5510 16015 109 5704 0380 06003 0155 825890
3 2 3 5 0820 45 08 5 5 61 8 1 0 1 28 9 6 9 7 5 9 017 06 08 9 8 28 87 90 890703 624 0183 446
153 040 5 0 02 8 7 02 09 0 1 02 085 1540 15 2300 18 4 069 34 1215 82 3 0 1080 58 046 10 2100 0735 8917
12016 1105 50710 8817 0884 3 9 17 08 92003 895 0900 9002 7215 7413 12210 123 6004 0902 53213 3150 509107
1 0 3 4 8003 05 70 8 5 59 9 9 0 3 88 9 0 9 0 5 1 902 12 65 9 8 24 12 20 891026 125 9100 506
057 000 0 6 10 8 5 02 87 8 1 82 987 8000 15 7010 12 4 916 04 5215 10 6 5 1280 12 085 10 2145 8702 0914
94318 8740 00000 9630 0821 3 0 52 93 12105 810 8900 9010 1074 5090 10635 080 2134 0315 13624 0153 128108
1 6 3 0 5143 46 06 5 0 00 8 2 9 1 00 0 0 0 4 5 4 917 12 05 9 8 22 42 00 020028 894 8160 550
103 000 0 9 09 8 2 40 70 3 3 92 107 2276 10 7614 10 7 972 10 1210 12 3 5 5089 12 400 12 0129 8212 0010
12333 1830 10988 7000 5120 3 5 62 50 01102 819 9012 5012 0415 5480 50005 604 5040 5014 00010 0153 935018
3 0 0 4 5120 61 12 8 5 12 4 8 5 1 28 0 0 1 4 5 8 900 02 46 9 0 24 60 03 891020 104 0153 256
104 020 5 9 02 8 2 15 85 0 9 02 950 1206 10 5314 09 4 010 17 7217 00 8 7 0209 00 000 10 3805 8070 0072
42000 7405 10395 8718 5121 3 9 12 99 90132 885 8912 5402 5910 5713 12019 120 5104 5312 03259 0153 940097
9 2 0 2 0123 40 12 5 5 00 0 2 0 1 28 8 2 1 7 0 1 912 35 49 8 9 24 42 00 895223 753 8120 500
007 403 5 9 10 8 0 16 39 7 1 62 989 0974 10 8300 92 1 912 18 9017 10 6 0 2280 15 495 02 2050 6716 8112
00013 0125 13010 8702 5003 3 0 62 00 90632 815 8735 5190 7207 5470 34210 020 0234 5302 50243 9053 154198
1 2 0 0 5064 45 10 0 6 12 0 7 9 0 29 9 7 1 8 5 1 912 03 40 8 3 20 00 23 981023 924 8103 856
121 103 5 5 12 8 2 80 89 0 7 82 601 0210 47 8311 18 4 518 04 1055 12 3 9 7009 17 495 09 7175 6710 8910
14312 1130 13295 0615 5100 0 6 10 78 40190 000 8012 0912 1015 5410 10065 104 0400 0372 03216 8350 000097
1 2 3 4 5923 45 02 0 8 10 8 2 0 1 20 9 0 8 4 5 1 010 10 05 9 0 24 12 27 698220 629 0023 506
120 023 5 9 12 7 6 02 39 5 0 74 980 3214 10 0314 02 9 990 10 0765 02 3 6 7286 02 200 13 2440 3714 9900
02613 1139 18206 0700 5030 6 0 10 78 70092 815 0970 9000 0215 8403 12595 824 5034 4052 53313 1190 100188
1 0 0 4 0113 35 12 7 4 16 7 1 6 2 20 9 9 0 4 5 9 792 30 43 0 8 04 40 20 090923 824 5503 058
024 023 5 5 75 0 5 02 09 8 6 82 987 1264 15 7019 00 0 912 04 1085 88 3 5 1280 12 410 06 2005 0773 9060
12310 0135 03310 8840 5120 6 0 12 00 32607 965 0972 9852 1618 5713 10015 800 0134 0038 63206 0053 912463
0 0 3 0 5023 05 14 3 8 88 6 2 0 0 48 0 0 7 4 0 1 902 97 05 9 0 70 02 03 806208 024 0126 650
58 128 6 9 50 9 2 14 19 5 1 80 980 0814 15 2384 12 4 015 08 0010 47 4 5 1008 10 380 10 2075 0012 8912
90853 1083 13200 6920 5101 0 0 35 98 00008 805 0910 0800 4045 9400 12709 140 0504 0016 54283 0990 915002
9 0 0 4 5123 44 12 0 5 17 9 6 0 1 20 9 2 1 3 5 1 912 14 40 9 8 24 32 23 805203 166 8676 306
153 123 5 0 12 7 2 12 49 6 1 88 987 1114 15 2900 92 4 010 18 7005 10 9 5 1289 02 410 18 2944 7010 6880
98313 1033 10205 0012 5970 3 0 12 90 12092 015 8009 4919 1417 0403 12215 104 9434 9002 53647 0103 120108
1 7 3 7 5023 45 12 5 5 26 9 2 7 0 00 9 2 0 8 5 1 812 05 45 0 7 24 12 93 844228 126 8724 546
103 813 2 9 43 0 2 80 80 9 0 00 279 3016 05 4324 72 4 812 14 1400 60 8 5 1689 10 145 12 2145 2002 2929
52363 4105 19910 6712 5007 3 5 12 08 02122 815 7974 7812 0707 4433 10295 124 5013 6002 53216 1053 120008
0 0 0 8 0153 45 10 5 5 00 9 0 5 1 28 7 0 1 0 0 1 942 52 05 0 8 24 06 90 881523 054 0827 506
523 123 3 9 62 9 5 12 09 0 0 01 980 0219 15 2317 02 0 910 14 1213 62 9 5 1289 02 068 02 2905 3792 0964
12763 0037 10217 8900 5020 3 5 16 98 18903 875 8000 9610 8267 0313 52250 107 0144 2472 63017 5902 185190
1 2 3 9 5100 47 12 5 5 80 0 2 1 1 20 9 2 1 0 5 1 912 00 05 9 0 24 02 23 891223 164 8020 550
730 063 2 9 07 8 2 12 90 0 3 22 002 1000 10 0313 78 4 712 07 7289 12 3 8 8239 10 515 10 2000 8712 8912
00083 1180 03260 0719 9120 3 6 80 08 50142 805 0910 0810 7215 5413 05249 024 5134 4062 65913 5503 107004
0 0 0 7 5126 95 09 5 0 82 9 2 6 5 68 9 2 1 4 6 1 002 12 40 9 8 27 04 09 003633 727 8198 400
063 123 0 9 10 8 2 80 89 0 9 82 997 9204 05 8690 94 0 912 19 8080 12 3 5 0289 02 410 10 2430 0702 4972
14043 1674 19210 8004 6326 3 0 90 98 02802 505 8659 0700 0270 5114 32215 009 0584 5902 03233 1153 525100
1 2 0 4 0020 45 82 5 5 12 0 2 0 1 20 5 2 1 4 0 1 915 66 40 6 0 98 12 03 841003 023 8809 606
124 103 4 9 12 8 0 82 00 9 6 89 980 3217 15 2304 03 4 916 10 1254 12 3 5 1580 12 414 80 0348 8562 0917
10370 0176 51010 0712 1061 9 5 12 00 82180 815 8004 0882 0019 5418 18015 824 9000 6702 50003 1153 105198
1 8 8 4 9003 00 12 7 5 10 9 1 0 1 28 9 8 6 0 3 3 916 08 45 0 0 04 22 50 890023 006 0823 000
020 024 5 9 12 8 4 02 89 0 0 80 985 1050 04 2904 12 8 502 14 9215 10 7 9 1209 12 415 10 0575 0712 8012
10313 1135 53210 5710 5145 7 5 17 60 10100 860 0912 0410 0210 5210 12015 105 0134 0512 03003 1303 049148
1 0 3 4 5873 00 12 4 8 00 9 0 0 6 04 2 3 2 4 5 0 952 02 45 9 8 24 09 40 801200 120 8020 507
103 400 3 9 10 4 7 02 89 7 1 86 007 0914 00 0310 16 7 702 14 1417 12 3 5 3286 12 407 72 3109 5312 8750
12863 1175 06215 8702 4121 3 5 96 80 02799 810 0412 9802 0204 0007 72215 820 9140 6318 03503 0158 100108
0 2 8 5 5160 45 22 5 0 02 9 0 7 4 08 0 2 0 4 5 1 702 12 90 0 5 90 62 73 068223 350 8005 040
743 123 0 9 89 7 2 00 49 5 1 82 907 0210 15 2370 92 4 902 14 1808 72 0 2 1280 60 710 10 0107 0710 8006
82093 1030 63218 0710 0151 0 0 18 56 12000 800 8902 9562 1750 1713 00908 207 5934 5010 03203 0870 191698
1 2 3 4 5003 48 10 6 3 18 9 9 0 1 20 0 2 6 0 6 2 695 10 45 9 8 28 16 00 861505 500 0157 056
990 523 5 9 62 0 2 12 86 2 1 60 077 1617 10 2714 10 6 942 18 1210 12 6 6 1879 10 413 19 2107 0303 8900
70489 3435 43213 8022 5101 3 0 00 66 52102 805 0622 8815 1095 5003 82270 804 5139 5710 00503 1050 040197
0 0 0 4 5004 03 02 0 0 02 0 9 0 2 07 6 0 1 4 0 1 082 02 49 9 8 24 70 23 429065 604 8128 550
30 420 6 4 12 0 5 15 80 0 0 02 657 0257 15 2304 52 7 012 10 1485 07 0 5 0289 02 000 12 8144 8719 8712
32313 1630 10015 8389 5125 3 0 12 64 87192 818 4950 9810 1270 0017 11705 720 5080 5392 53214 4003 660090
0 8 5 0 0163 45 12 5 5 14 9 2 0 6 29 0 2 6 8 9 1 015 12 40 9 8 04 12 27 890223 710 0120 097
120 103 0 1 42 9 9 05 80 0 6 82 587 0014 14 2605 18 4 908 69 1025 95 3 6 1280 10 892 12 6160 0718 8232
12210 1135 01310 8512 6160 3 5 16 98 12090 855 8904 0064 9219 5480 22768 000 4139 5370 53213 8703 956598
1 2 0 0 5120 02 02 8 5 12 9 0 3 1 25 9 6 6 4 5 7 887 92 45 2 8 24 02 23 091006 804 8770 706
020 101 3 9 02 8 8 02 89 7 0 32 300 0285 05 0000 02 4 910 10 1915 17 0 0 1089 10 465 19 8105 8700 8918
00080 8177 17500 8578 0721 9 5 10 78 04250 705 7012 0810 2245 5074 04215 120 0158 5802 93210 7508 123390
6 6 2 5 6003 80 12 5 0 02 8 9 0 1 20 4 2 1 9 5 1 432 52 45 0 4 24 19 33 293023 664 8003 050
026 198 5 9 09 2 2 12 88 0 1 85 980 1000 00 4912 16 4 810 18 1205 22 0 5 0288 15 099 09 2041 8707 5900
62383 0109 83212 8719 5771 0 0 12 00 00002 010 8014 9380 1285 5713 12640 208 8704 5317 39210 1159 100090
0 2 0 7 0229 40 12 0 2 16 9 0 0 0 28 9 5 1 0 5 1 010 12 46 9 3 20 82 83 891022 128 9405 506
103 109 5 5 10 8 2 07 89 5 0 82 377 0910 05 0350 09 4 412 10 0059 36 0 5 0739 12 905 00 2142 8090 8102
00303 0060 10065 0870 5080 9 8 07 10 16192 315 3312 9202 0015 7463 12010 000 0134 0808 03970 0183 095808
9 0 3 8 0070 85 11 5 5 10 9 2 0 0 28 9 0 0 9 0 8 964 58 45 7 7 28 80 26 891209 124 8900 009
100 623 5 9 10 8 0 19 09 9 1 83 000 0509 15 2000 32 9 612 19 1079 60 3 5 1200 40 410 40 6060 6032 8912
42303 0100 49670 8710 5090 3 0 96 91 99602 414 9924 9812 6515 8419 32213 144 4134 5302 53057 0869 005198
1 2 3 4 5208 20 12 5 6 12 9 0 7 1 08 9 2 1 0 5 9 900 10 26 4 8 34 12 25 091003 120 7123 589
089 103 0 0 12 0 9 07 80 0 1 82 907 7014 05 2794 50 4 992 14 9218 10 0 0 0080 10 415 02 2100 8412 8706
12040 1135 10110 9780 5126 0 9 28 78 30080 800 0209 0800 9017 5410 68500 004 5039 5312 64307 1150 129200
6 0 3 0 5183 40 17 4 5 10 9 2 6 1 28 6 2 1 4 0 1 908 19 98 7 5 50 32 20 071029 420 8423 056
120 926 0 9 02 8 2 20 89 9 0 00 980 1004 10 0914 05 6 989 19 1816 05 5 0 1889 05 408 12 7140 2802 6912
02014 7105 43267 0712 3103 3 9 02 90 12162 802 6702 9810 5015 9000 00015 104 5130 0308 00013 1103 867008
0 2 8 0 4111 95 12 5 8 16 9 0 0 7 00 9 9 1 0 0 1 915 02 05 9 8 24 82 53 860023 304 0123 550
027 473 1 9 10 6 2 16 00 8 0 87 077 0014 95 2014 16 8 996 14 8215 10 3 5 2388 92 605 14 2145 0702 0914
80313 1035 03210 8612 7800 5 0 59 08 82142 005 0610 9800 1615 5017 34009 164 0134 6207 29033 0050 005120
0 0 9 4 5103 45 30 5 0 15 6 3 5 1 78 0 0 1 4 5 1 912 12 75 9 0 23 12 26 856783 744 6123 557
413 229 5 0 62 3 8 10 84 0 1 75 907 1015 15 0024 89 4 912 78 5005 50 3 0 1209 10 469 00 2797 0017 5912
05080 1605 10705 8010 5427 7 7 20 28 02902 880 8002 9518 7012 5493 72510 129 5184 0042 34273 1103 120195
1 0 3 0 7820 42 32 0 0 02 8 0 0 1 48 8 2 9 4 6 1 810 08 77 9 0 70 00 23 091202 904 6123 550
123 100 0 0 12 8 2 12 00 5 9 80 980 1216 95 0314 28 6 482 46 0215 00 3 5 8009 02 415 30 2438 8700 0902
50003 5457 12075 8709 5121 3 5 00 90 00900 719 1998 8000 1225 0013 14015 124 9137 5312 60203 1054 109090
0 0 3 4 0723 40 20 9 0 12 7 9 0 0 90 9 2 1 4 5 6 702 10 47 0 6 24 82 73 800203 404 8123 556
03 113 0 9 12 8 2 12 09 8 0 82 907 1875 75 2394 19 4 912 50 1510 10 3 0 1889 10 000 07 0172 5250 0989
86003 0395 13514 8712 8421 3 9 02 00 12112 310 0912 9610 1205 5003 18015 174 5134 0315 85803 0150 805068
1 2 3 0 8130 90 72 0 5 62 9 2 0 4 20 2 2 1 6 0 1 092 90 00 9 7 24 92 93 696973 244 8123 056
023 090 5 0 12 8 6 02 89 0 1 00 180 1404 10 2364 77 8 917 96 0086 12 0 5 1689 47 400 16 6040 8012 0952
12313 0135 53705 8265 6591 3 5 00 68 02968 800 0902 9800 1210 0413 08200 105 0335 8412 00610 1550 525594
0 3 3 4 5160 45 92 5 0 07 0 2 0 0 20 0 0 1 4 9 1 630 32 85 8 0 29 40 23 890263 808 0955 556
190 820 5 9 05 8 6 12 55 0 2 02 683 8214 80 2314 12 0 907 15 5205 16 3 0 7440 12 710 06 2745 0702 0922
10363 1839 89005 5715 0121 3 0 02 96 42702 805 1312 9602 0205 5024 18800 124 9630 3072 08283 1653 155690
0 2 3 4 5707 44 12 0 5 12 4 8 0 1 70 9 0 1 4 5 0 980 02 85 9 5 74 82 27 891013 024 8023 550
100 943 5 9 00 9 2 12 09 4 1 00 482 0200 05 8304 86 0 902 10 1914 12 3 5 1680 10 455 92 8100 0867 0010
00400 1095 13419 8910 5921 3 6 12 08 19482 000 0900 8002 9015 4590 12005 134 5100 5312 53473 5155 025638
1 2 3 0 5629 33 12 0 3 12 9 2 0 0 90 0 2 1 4 5 1 010 50 40 0 8 04 11 29 871400 729 8229 506
060 160 5 0 19 0 6 12 80 6 0 09 487 1010 90 2000 19 4 010 74 0214 12 3 9 1280 05 011 00 2065 0710 0019
12323 0738 48215 0010 0020 9 6 09 88 15147 810 8819 9810 1210 5493 10015 124 8134 5302 52648 1173 125008
0 9 3 4 5704 45 46 5 9 18 9 2 2 1 28 9 6 0 2 9 3 002 10 65 0 8 26 17 00 091205 170 8193 566
123 073 5 9 15 8 9 12 69 5 0 80 980 7213 10 5010 02 4 702 14 8015 12 0 5 0209 17 415 12 2105 8612 0192
42013 4145 20085 8612 7121 3 0 32 08 19892 010 0901 5600 0670 7209 09256 579 5000 0350 53210 0466 825100
1 3 7 4 0103 40 16 0 0 12 9 0 8 0 98 0 0 1 4 8 1 912 38 43 2 8 07 82 00 091227 104 0103 567
183 126 6 7 52 8 8 02 99 0 1 84 917 0290 10 2104 35 9 912 10 9015 16 9 5 4089 89 945 12 2175 6790 8617
52060 0305 03249 8770 5620 7 5 90 70 14500 015 0818 0810 7213 5643 00210 814 5604 8300 50019 1080 105805
0 2 3 0 5701 06 12 0 5 11 9 8 0 0 08 0 2 0 9 6 0 010 12 96 9 8 04 19 03 878920 164 8120 550
123 120 5 9 10 8 2 12 80 0 0 08 807 1114 16 2074 30 4 972 10 0005 14 3 5 7100 19 015 10 2045 4772 8918
12387 5135 10716 8003 5020 3 5 10 00 12002 815 8010 0032 1205 0013 12215 704 9580 5780 53208 1103 105098
7 0 3 0 5565 40 00 5 5 12 9 2 1 8 08 9 2 1 4 0 1 902 00 40 9 6 64 18 25 870273 924 8609 730
100 103 5 9 01 8 7 10 09 6 6 01 900 1004 15 2304 12 6 900 05 8015 02 9 5 1096 12 410 12 2140 4812 0700
18393 3671 13400 8712 5120 7 5 12 98 10102 860 0962 8049 7015 5413 16250 824 5184 5012 53213 1590 095797
1 2 7 4 5803 05 12 5 5 07 0 7 6 1 08 8 2 3 4 0 4 190 12 45 0 4 00 19 08 990223 129 0027 506
123 103 9 9 12 6 0 12 82 6 1 88 989 1713 27 2806 92 0 000 16 1207 10 1 6 1289 00 715 55 2155 8012 0903
02850 1548 60000 8542 0125 3 7 19 99 78102 814 8910 9977 9284 0713 04575 104 0034 6310 53283 1190 125100
8 2 3 9 0124 96 49 5 5 62 9 0 9 0 27 9 2 1 0 0 8 580 12 40 0 3 24 10 83 009521 420 7173 150
008 170 5 9 00 8 6 19 99 9 1 00 086 5204 65 1310 12 6 402 17 0255 72 4 0 1080 00 450 08 2905 8710 8916
12614 1109 15215 0716 5121 5 5 07 98 12106 000 8910 9800 0272 9419 12035 905 5170 1612 59600 1653 105160
0 0 3 4 5198 40 15 5 5 19 0 2 0 6 64 6 6 1 4 5 6 900 02 48 9 8 24 80 23 040720 119 8653 956
50 080 6 9 00 1 2 50 67 0 0 84 787 1200 10 0364 10 4 912 14 1090 12 3 0 1085 12 070 92 4445 8082 8947
12300 1075 93050 8782 0200 3 0 12 95 16100 070 0908 9802 7117 5410 02210 124 0030 5309 59203 9090 100148
1 2 3 5 0108 00 42 0 0 12 0 0 8 1 28 0 0 5 4 4 0 132 09 65 3 0 92 07 27 801263 194 4700 750
170 002 5 2 06 0 2 08 89 0 0 82 900 7214 80 0425 93 5 045 02 5008 07 3 5 6077 12 415 02 2188 8037 8482
12013 1005 17209 8700 2489 3 0 14 90 12002 065 8717 0810 0050 5813 10270 058 5130 9012 03413 1153 175508
1 2 8 4 5020 55 31 5 4 19 4 0 8 0 28 0 2 9 4 5 1 410 02 95 0 8 04 12 23 891223 126 8020 800
525 223 0 9 50 8 2 00 06 0 8 08 987 1584 00 8084 38 4 912 30 0095 00 0 5 0279 15 405 10 7345 0702 8412
94413 0205 73205 8750 5126 3 0 12 98 10020 877 0902 1011 0810 5413 08510 874 0143 5010 54900 8053 800198
1 9 3 4 0023 45 10 0 0 32 9 9 8 0 04 9 7 1 6 5 0 912 10 70 9 8 76 19 23 401200 824 8820 054
833 125 5 9 15 4 2 00 07 9 1 90 087 1218 16 2884 75 7 918 14 1935 92 0 0 7268 10 015 13 2005 0778 0914
82313 1135 83270 0708 5621 3 5 73 98 54903 865 0912 0812 8312 5053 11205 004 0134 5302 00840 0156 100199
1 2 7 4 6103 45 02 0 0 02 0 2 0 0 29 8 2 7 0 5 1 802 12 45 0 0 47 02 28 891063 098 0023 500
673 920 5 9 17 0 0 40 89 0 2 52 680 0200 15 0017 12 4 013 14 1615 07 9 5 1289 15 070 10 4195 8814 8930
52310 1150 10810 8002 5041 3 0 03 07 30060 815 0908 9712 0210 5783 14115 100 0138 8382 93004 9103 105198
1 9 3 4 0023 65 12 7 5 02 9 2 4 9 88 3 2 7 0 0 1 942 80 05 9 8 99 87 45 631500 009 2125 550
129 090 5 9 02 8 0 12 87 7 5 82 858 2816 10 0314 02 4 716 08 1050 02 8 5 5889 82 015 12 2376 4700 5912
02013 0537 19007 0700 5722 3 5 12 02 01162 519 8926 9802 1500 7410 08210 474 8139 5309 53803 1158 025170
0 8 0 0 5123 46 50 5 0 10 9 2 0 0 02 8 0 4 8 5 0 992 17 45 4 0 40 10 20 808047 170 5123 507
157 735 5 9 60 0 2 12 77 9 1 09 904 1000 19 1000 17 4 410 18 7035 02 0 4 0289 52 044 02 4560 8710 9910
12010 1937 33000 0022 9146 3 5 12 99 10458 703 0912 0805 1219 5703 10985 124 0830 5310 53083 1403 125198
1 2 0 2 5188 69 00 5 0 00 0 7 9 1 98 9 2 1 4 5 1 810 82 95 0 0 00 04 03 096206 154 8593 500
024 902 0 9 02 0 2 12 80 0 1 86 989 1210 19 2350 12 0 519 25 1215 80 3 5 1089 02 415 02 2347 9702 0922
10310 1136 49270 0782 4221 8 5 12 08 98160 815 7902 3818 7215 5419 12913 756 6694 5062 99010 1158 009000
1 2 5 0 9120 28 08 0 8 12 0 8 9 2 28 9 0 0 4 5 1 550 42 25 9 8 70 19 06 801920 124 8123 906
109 133 9 8 03 0 2 10 60 0 1 82 900 1206 62 0000 10 0 002 16 1015 10 3 0 2238 02 815 92 8140 5610 8002
80304 1100 33215 6712 0001 0 4 10 98 12052 819 5312 9806 1263 5450 09215 024 9504 3002 93013 4053 005196
1 2 5 8 5020 95 00 0 5 20 9 9 6 1 28 4 2 1 4 5 5 999 32 30 5 8 00 10 23 810220 990 8703 556
223 026 0 9 02 8 0 82 89 6 0 00 980 1514 00 0314 12 0 900 16 1215 10 9 6 8209 06 010 17 2905 9739 8912
10080 0135 10215 3702 5021 3 5 10 96 10002 805 8910 0012 0865 5400 02204 128 5084 5403 03803 0053 154808
6 2 3 1 9123 03 02 5 5 66 9 2 4 0 27 7 2 0 5 5 0 512 46 00 0 8 20 02 23 001224 133 8063 080
823 069 0 8 92 7 8 00 09 7 7 87 980 1210 15 6318 09 0 912 15 1215 12 3 0 0408 90 400 15 8105 0060 5918
62010 0130 43215 9042 5021 6 5 12 98 02100 810 6910 9892 0215 9400 40217 101 5834 5859 55814 1193 121108
7 0 9 4 6123 00 52 5 5 05 6 2 8 0 28 0 2 5 9 2 1 910 10 60 9 7 34 18 54 800203 000 8330 056
50 101 5 9 14 0 2 92 89 0 1 42 988 1213 15 2310 19 0 916 10 6915 10 3 0 4299 00 411 92 0040 8710 8680
12300 0047 10215 8070 0621 3 0 12 08 12102 075 8706 0802 1218 3010 19235 100 5332 0010 53801 1043 827886
3 5 0 0 0093 55 00 9 5 00 9 8 8 1 88 7 2 7 4 0 9 017 32 50 2 8 54 00 23 001269 709 0194 059
953 123 5 9 12 8 8 08 69 0 5 80 988 0012 05 2300 00 4 902 98 1205 02 3 5 5239 00 918 02 2100 6090 0942
19310 9005 73005 0600 0428 3 5 02 98 02887 810 8016 5890 0010 9400 00207 004 5134 0310 33704 4155 005198
6 0 3 4 0720 45 02 0 0 90 8 2 3 1 30 7 2 1 4 5 1 002 00 00 0 0 20 12 23 800603 177 8256 550
161 005 5 0 16 8 0 10 50 0 6 40 058 1214 10 6374 02 0 992 80 0070 98 0 5 1589 19 915 13 2245 8710 8812
12703 1005 70210 8010 0021 3 5 00 98 07172 009 0902 6450 1515 8403 12110 024 5034 5992 08213 1000 828892
9 2 0 2 7173 45 60 5 9 80 9 6 0 1 20 6 0 1 4 5 0 912 68 05 0 8 04 15 23 900023 120 0000 553
823 692 0 0 09 9 0 12 80 7 1 02 980 6288 15 2314 74 4 002 10 9215 60 0 5 0079 37 478 48 8075 9730 8912
19356 1070 03075 0702 5405 3 7 00 97 10142 808 8900 9077 0649 0013 19205 174 0130 0570 53043 2698 105098
0 0 0 3 9020 43 16 5 5 02 2 1 0 0 20 5 2 5 4 3 0 292 10 40 0 7 24 12 63 801203 027 8120 505
106 123 5 9 25 2 0 52 69 4 0 76 999 3400 15 8043 02 4 908 92 1000 97 0 0 1609 02 118 80 0008 8702 3900
02313 0534 17005 5719 0171 8 5 10 96 12980 810 8999 0912 1875 5984 03765 124 5064 5804 70013 0153 095198
1 9 3 0 0030 45 08 5 5 12 8 2 5 1 08 9 0 1 4 5 5 970 72 45 6 4 04 64 23 091223 124 0920 505
963 003 5 9 68 9 0 10 99 0 1 40 903 1015 05 2304 52 9 210 50 1015 17 3 0 0289 32 030 02 2130 8710 4862
12316 0686 03000 8702 0065 4 5 19 98 10670 417 8532 9816 8005 0490 32616 124 5120 7217 53010 1153 129103
0 2 3 9 5823 85 10 5 0 12 9 9 0 1 20 9 5 2 4 5 1 402 22 46 9 8 24 82 03 091003 258 8300 550
103 100 5 7 15 0 8 32 49 6 1 02 987 1778 18 2812 11 1 012 44 7715 42 0 0 8279 02 092 02 2045 0012 1910
02068 1835 13215 0038 9161 3 0 82 98 69108 000 8900 8812 0210 4033 02215 124 0034 5310 53213 0153 171798
0 2 9 4 0123 47 22 5 5 12 9 0 0 1 46 9 2 1 0 9 0 602 19 37 0 5 24 10 00 092623 827 8623 090
123 100 5 9 82 9 0 02 08 6 1 01 007 7004 05 0610 00 0 902 17 3690 12 7 6 1280 12 000 10 2045 6792 0918
16703 5060 03204 8713 0421 3 0 02 99 12102 415 8910 9814 0210 0010 05905 124 0134 8412 53227 1159 095809
1 2 5 6 5023 20 10 0 5 12 0 2 7 0 28 0 0 1 0 5 9 922 05 40 9 8 20 12 20 891003 106 8128 895
123 120 5 0 12 8 2 53 89 9 9 82 987 7214 19 2010 00 1 912 01 1014 12 0 5 1580 12 805 45 2106 8770 0019
62340 0180 03215 9000 5100 6 0 43 90 00238 006 8912 0812 1265 5023 10205 000 9130 0012 03213 4407 193878
6 2 6 8 1000 40 02 0 8 02 0 0 0 1 78 4 4 0 4 1 1 518 10 45 9 8 26 12 03 091045 100 8103 556
007 020 5 9 00 6 2 00 80 6 1 02 387 1644 05 0034 10 4 119 40 8287 52 5 3 6089 12 015 62 8045 2919 0002
00013 0735 13275 8702 0827 0 5 98 08 10109 800 5682 0000 0215 5013 18209 104 5137 5313 53010 1003 040598
1 0 2 4 0123 95 00 5 8 17 6 2 8 1 08 0 2 0 8 5 1 910 10 40 6 2 24 51 29 091793 304 0220 056
170 023 7 2 13 2 2 12 99 6 9 89 900 1215 85 2718 18 7 972 00 4206 02 3 8 1880 12 455 60 0015 6718 0912
00615 7838 13710 0705 5121 0 4 72 88 02172 805 3312 9816 1905 5403 19012 124 5903 5402 50813 9173 125098
0 0 3 9 5020 00 16 3 9 12 9 0 7 1 06 9 2 0 4 2 0 992 72 05 6 8 44 82 23 777723 026 8884 504
10 173 0 0 12 0 2 02 09 0 1 40 927 1014 00 2314 12 4 912 82 1217 09 0 8 1050 12 095 16 2145 8702 0916
12380 5036 03210 8715 5100 3 5 12 95 01102 718 7952 9200 6215 5443 92810 127 5034 5118 03230 4170 069198
0 2 3 4 5100 45 16 5 0 13 0 9 1 0 20 0 2 1 2 5 0 916 50 25 4 9 20 82 26 800220 124 8003 558
380 123 9 9 12 8 9 12 09 4 9 06 107 0214 00 2704 22 5 942 10 1470 18 3 5 0089 03 406 29 4005 7728 8912
17303 0130 03479 8080 5120 0 0 22 20 12006 815 8922 9800 1810 5066 02002 129 0100 5302 53200 1103 100028
1 2 9 4 7727 95 70 5 0 19 3 0 1 1 28 0 0 1 6 5 1 912 10 40 4 4 04 08 48 894253 026 7023 950
100 087 2 6 52 3 2 10 00 0 1 85 987 0714 08 0814 92 4 819 02 0210 12 3 8 0050 70 411 18 0645 0700 0515
12616 0135 13200 8750 5523 9 5 16 38 00062 015 0902 0863 0015 5403 01015 004 2100 5019 63213 0853 106800
6 9 3 0 6833 40 12 5 9 01 3 0 5 1 28 9 0 5 1 8 5 512 62 45 0 8 84 10 73 731283 127 5120 556
023 139 0 9 72 0 4 40 80 6 1 08 007 7704 05 2313 10 4 012 50 0208 17 0 0 7089 86 810 10 9903 8702 8000
02483 8005 00205 7782 5120 3 0 07 93 19902 030 8956 9878 2095 6438 00210 100 0134 5022 53215 1054 035108
1 2 2 4 0120 49 10 8 5 26 4 3 0 1 26 9 2 8 4 0 1 092 12 40 7 8 64 00 27 840205 024 8083 086
820 123 5 0 07 0 0 19 59 9 9 00 807 1004 95 7010 10 0 060 74 1215 12 3 5 4589 10 088 00 1843 8702 8913
17914 0135 10215 5712 0171 2 5 42 00 72572 816 8602 9892 4219 5445 02235 924 5190 5000 03293 0420 025908
0 2 0 4 0105 93 92 5 1 00 9 2 4 5 20 0 2 0 4 5 1 900 13 95 4 8 04 06 00 891023 100 4750 556
090 703 0 9 12 0 2 16 59 0 0 82 000 4204 19 0714 12 4 013 14 1215 12 0 5 1000 15 414 20 2145 7702 0000
10803 1035 10205 8719 9311 0 5 86 28 10172 895 3080 9080 0290 0716 18205 700 5134 5302 55200 8400 105098
0 0 0 0 0123 45 12 9 0 72 7 2 0 1 28 9 7 1 4 0 0 015 10 45 9 8 24 82 20 840203 000 2198 551
023 624 0 6 52 9 2 26 29 0 1 62 790 0294 94 2304 10 4 012 19 1215 02 0 5 9780 52 035 10 2594 0112 8962
02317 8705 10215 9072 0186 0 5 19 98 15160 840 8900 0819 1012 9407 62015 128 8134 5010 68209 9608 125189
0 2 3 0 6128 07 12 5 6 16 7 0 0 1 08 9 2 1 4 5 3 982 38 49 8 0 24 99 00 601953 100 0120 580
022 023 5 9 90 8 0 09 69 9 1 70 080 0210 60 2316 20 2 600 10 1077 92 3 5 1689 18 422 62 2045 0018 0002
03313 8100 04215 5712 1101 3 0 10 98 90186 018 0012 0802 9212 3010 18809 104 0133 8832 40213 8102 920098
0 2 3 4 5825 45 72 5 5 00 9 2 2 1 28 9 0 0 4 6 1 002 12 08 4 8 29 12 29 098269 690 8883 386
133 528 2 3 02 9 2 10 69 0 8 00 900 9260 15 2314 12 9 719 10 6815 60 0 0 1276 00 070 68 0177 0709 6080
50480 0133 16015 8710 5420 3 5 12 93 12192 305 6992 7810 3915 5400 62635 104 5138 8002 51713 1407 585906
1 0 3 0 5170 45 12 5 5 16 9 9 6 2 28 9 2 1 0 9 1 010 12 45 5 8 02 00 93 860540 620 0103 746
923 123 4 7 19 7 9 19 70 0 1 82 935 1819 10 2390 40 4 003 67 1075 22 3 4 0983 12 415 72 5175 8812 8702
14043 1106 30275 8012 5201 3 9 19 08 00950 813 8001 9809 1915 5413 12212 020 5104 0895 53003 8953 050698
1 2 0 4 5003 40 16 0 0 10 9 2 7 1 30 9 1 9 4 7 1 972 12 42 9 8 63 00 23 040023 620 8133 400
029 150 5 9 46 8 2 00 89 2 1 82 080 0994 15 2758 18 4 914 34 0207 00 0 0 9009 10 443 02 2180 8910 0606
00350 1108 53275 0712 5108 0 5 84 98 12851 015 8003 9805 7218 5413 64705 607 0830 0350 57013 1109 025908
1 9 9 8 6123 05 12 0 0 10 0 8 0 1 25 0 3 1 0 5 8 010 12 05 4 8 40 19 23 890083 424 0404 056
18 120 5 9 09 3 2 12 80 0 0 83 090 1214 07 2304 10 5 910 49 4610 16 3 0 1000 52 415 10 0045 0712 8970
02073 0035 13700 4700 5191 0 5 82 50 12172 815 0090 9412 1215 6410 02415 924 5158 0312 55703 6190 165655
5 0 3 0 0009 55 92 0 5 92 9 2 0 1 28 9 2 6 8 5 9 012 92 75 5 0 20 12 83 008729 104 8123 500
330 138 0 4 00 8 2 04 80 0 1 04 080 1214 15 8304 10 4 912 04 1080 00 6 9 0289 06 417 17 9700 8702 8902
10050 5130 14210 0712 0162 3 0 62 08 50008 019 0902 9819 0225 9413 89939 004 5800 5012 50583 1070 100198
0 0 0 4 5123 05 92 5 5 02 8 2 7 0 20 5 0 0 5 0 0 602 22 65 9 0 24 12 63 091920 129 8309 556
123 103 5 9 52 8 0 12 09 0 1 80 930 1204 80 2306 09 0 012 10 9215 92 0 5 7609 10 015 84 6105 0012 8800
10770 1100 18275 0710 5007 3 0 02 98 02077 810 8313 9830 1205 5413 02428 520 0034 5912 78630 0653 776178
8 0 0 8 5123 40 18 5 7 71 0 0 4 1 20 9 2 0 9 0 3 910 02 45 9 8 20 02 27 800229 128 0223 503
103 123 5 9 90 0 0 08 85 0 1 09 994 7200 15 8391 02 4 906 03 1015 62 8 8 9689 82 410 92 2025 0792 6914
90016 1005 13210 7010 5101 5 9 12 08 10182 885 0912 8612 0274 5417 12716 126 0100 5302 50015 9155 125198
1 2 3 4 5123 45 10 5 5 10 6 4 5 9 58 0 2 0 8 0 0 012 12 90 5 8 10 53 46 691207 124 6390 936
003 669 0 7 92 8 9 02 89 0 2 82 090 1615 37 2004 12 4 919 18 5217 12 0 5 5289 60 005 13 2140 0742 8805
00313 1130 03215 8042 0189 3 5 30 95 08052 810 0902 3007 1290 0413 00915 090 0639 5010 53213 1150 128208
1 0 5 9 6063 80 12 5 6 00 9 0 0 0 28 9 2 0 8 4 5 410 12 45 9 8 04 02 63 890203 994 8143 500
746 420 5 0 14 7 2 12 90 3 1 62 997 6710 15 0214 76 4 712 30 1214 72 0 0 0029 12 785 25 8145 6702 8402
02313 1805 19308 8303 5051 3 5 10 98 02100 814 8690 9352 1605 0003 03910 104 5106 1312 63210 1003 125319
5 0 5 4 5053 05 62 0 8 18 0 2 9 6 28 9 0 1 4 5 1 968 05 85 9 8 04 87 23 891020 004 0070 656
053 820 6 0 12 0 2 74 89 0 7 82 954 1280 10 0004 52 4 002 84 0110 12 0 0 0289 04 400 02 2290 8002 8950
10613 1300 13078 7062 0301 0 5 22 30 87155 815 0970 9098 6215 8419 03009 124 5135 5300 53223 4153 335898
1 0 3 4 0673 45 07 5 9 12 0 2 0 1 98 4 7 3 4 5 1 042 12 05 9 0 44 02 23 890003 100 8009 550
700 840 5 7 10 6 2 19 04 0 1 05 098 9014 15 0009 10 4 002 54 6010 12 3 8 2289 06 445 10 2040 7707 5990
02313 1195 03213 8705 5070 0 6 83 08 92170 095 2777 4812 1513 5683 76985 144 0146 5300 53211 0153 002108
2 2 5 4 5164 45 10 5 4 12 8 8 4 4 92 6 2 1 0 5 1 018 12 75 9 8 80 46 76 601907 824 8528 000
823 024 1 9 00 0 2 08 19 0 2 80 087 1246 05 0304 12 4 982 10 8005 42 0 0 1089 12 435 10 7070 8713 4906
89333 1735 13265 0072 5167 0 5 12 98 18759 800 0012 9817 0010 0439 12000 404 0134 5012 57008 1553 120190
1 2 0 4 5065 87 10 4 5 70 1 2 7 1 20 3 2 9 0 5 1 002 18 00 9 5 24 12 23 091220 127 8087 890
020 509 5 7 10 0 0 59 97 6 0 88 099 1210 75 8390 00 7 870 04 1015 14 3 8 6279 02 410 62 2741 1235 9909
10313 1130 13265 8702 8809 8 5 14 20 57104 014 8002 9000 1215 0498 00940 100 5034 5716 93013 0153 170160
16043 7535 03209 2002 0760 3 5 02 68 79102 810 8512 9896 0200 5413 10015 121 5734 5608 03483 1483 115068
5 2 0 4 5520 40 10 5 7 15 6 2 0 0 08 0 2 6 2 3 2 709 78 00 8 7 99 00 29 891290 100 8216 706
020 177 8 7 02 8 2 10 89 0 1 92 080 1417 05 2004 17 4 002 74 0885 18 3 5 0052 10 010 02 2755 7602 3950
02373 0166 83235 7012 2181 5 5 72 98 62140 800 8992 9810 7099 5413 00305 100 5037 0392 63230 1159 125496
0 5 3 0 5108 05 12 5 6 12 9 0 0 1 00 7 8 1 4 5 1 952 60 45 9 0 54 20 00 801026 024 9163 568
50 129 0 0 06 8 2 90 00 1 1 03 087 0410 10 2394 00 4 912 74 1017 72 3 5 4563 00 415 16 9800 8782 8910
10010 0105 33255 0700 9780 3 5 02 60 19502 895 8912 9810 8205 5804 80060 144 5637 5000 00913 1533 000195
1 9 3 0 7123 45 59 5 5 69 9 0 0 1 28 4 0 0 0 5 1 077 02 40 9 8 02 12 26 091099 624 8120 556
120 523 5 0 12 8 9 10 09 5 1 80 307 0014 14 2374 10 4 010 14 4015 02 3 0 1009 82 010 02 2145 0812 0912
10500 9635 83815 6010 5746 0 0 06 69 10192 000 0212 9802 0203 0413 10215 120 5254 5702 69910 5053 605898
1 2 0 6 5023 46 14 5 5 34 4 0 8 9 88 4 7 5 4 5 0 902 10 05 9 0 25 18 25 871028 005 8123 558
723 109 0 0 12 8 2 42 89 0 1 69 978 1904 17 2904 72 8 910 86 4202 52 3 4 1009 42 015 10 0060 1002 0082
58013 5178 90405 8010 5120 0 5 02 95 12103 819 8912 8865 8000 9413 52207 924 4738 5312 01213 9153 125199
5 0 3 0 0190 00 90 5 0 12 0 0 9 1 90 5 2 8 4 4 0 910 00 45 0 0 21 00 23 601283 104 8029 551
029 103 5 9 02 7 2 10 09 2 0 00 484 0027 05 0714 12 4 812 16 0525 02 9 0 1084 00 420 00 2104 7752 0982
07900 9930 82218 0019 8088 8 7 01 88 00845 965 8318 9212 1210 0483 12299 704 5000 0032 00013 1100 705798
1 0 3 0 3820 44 13 5 0 10 4 2 3 1 28 9 2 8 4 5 8 900 12 45 9 0 25 02 93 859328 108 8020 606
120 103 5 9 12 0 3 12 89 0 7 92 007 2410 05 2813 02 4 010 16 1415 90 3 5 0289 12 415 02 0100 8010 6980
02313 7105 16278 3792 9168 5 5 78 09 19192 010 8010 9610 0207 5011 12510 324 0034 5310 53013 1058 120108
9 2 6 4 5023 45 40 7 5 12 9 7 5 1 23 9 4 8 0 5 1 912 82 05 9 9 04 12 03 990623 124 0103 056
103 107 5 9 17 8 0 62 89 0 0 04 970 0214 15 8364 67 4 808 65 0275 15 3 7 1289 92 815 02 0145 8916 8910
18063 0195 73215 8702 0021 0 0 12 06 10892 804 8982 0412 0015 5910 15970 044 5070 5352 53263 3850 127698
1 0 4 4 5003 40 88 0 5 14 0 0 5 0 20 9 2 1 4 0 1 012 52 30 9 0 64 08 68 878220 163 8020 916
123 122 8 9 12 7 2 80 88 0 1 82 072 8504 15 0380 92 0 812 00 2210 19 4 0 1299 02 416 02 0100 8712 9815
10017 9130 00217 8032 8181 3 5 12 08 30198 805 8692 9312 1245 5013 10212 094 5130 9318 50289 1153 067108
4 7 0 7 5120 40 00 0 5 80 7 8 8 1 20 9 0 0 7 0 0 010 10 45 9 0 44 22 03 801413 190 8003 546
083 183 5 8 12 0 0 00 59 0 3 90 907 1914 00 0010 10 4 092 07 1013 00 8 8 7269 50 715 82 8007 0702 8414
30342 1135 03605 0619 0028 3 5 62 98 12662 895 8592 2012 0615 0703 12290 920 5165 6396 03203 7190 125378
0 2 3 7 0025 45 06 9 5 19 0 6 0 1 28 9 0 1 0 0 1 800 92 45 9 8 23 12 21 894020 424 0060 780
083 843 5 9 26 9 5 03 89 7 0 89 344 0490 99 5228 12 9 082 12 0205 12 3 7 0209 15 085 10 0145 8708 6910
19000 1804 003 4 0103 90 17 0 5 10 9 2 6 2 33 9 0 1 0 1 6 950 70 05 9 0 04 70 20 807200 120 8103 556
403 013 0 9 00 8 2 10 80 6 1 52 297 0004 70 2304 12 0 572 14 1755 12 3 5 1259 10 417 25 6105 8410 6960
98582 1135 10015 8700 5191 0 5 10 98 80082 413 8912 0870 0269 5600 80675 006 0137 0912 03280 1159 302608
1 0 3 0 9073 04 12 0 5 02 0 2 8 1 28 0 2 1 4 0 5 010 12 45 0 8 24 17 46 891203 124 9160 047
128 524 5 0 10 0 9 12 89 0 0 82 987 0864 10 2714 92 0 570 04 0275 00 6 5 8287 03 000 16 0105 8712 8410
92073 0508 13215 9000 5021 3 5 12 00 12602 765 8900 0000 9205 0010 12010 028 6104 5385 99203 1150 025098
1 2 3 0 6963 45 12 5 4 12 9 2 0 4 20 0 2 6 0 0 7 902 12 45 9 8 24 00 00 861221 514 5623 554
120 329 6 9 02 0 2 02 89 0 0 89 087 0814 15 2000 12 4 913 09 1160 92 0 0 0280 02 565 02 0145 9600 0582
12003 1735 10015 8707 9120 3 5 02 76 02170 995 6902 9017 1048 0785 02090 624 5204 7900 53009 0177 110100
1 2 3 4 8323 05 82 0 0 18 9 2 4 3 20 9 2 1 0 0 5 812 02 98 9 8 24 70 89 830200 525 8103 156
30 133 5 8 42 0 2 66 80 0 0 85 987 7237 25 5344 12 0 912 60 4805 12 7 7 0287 18 850 00 2149 0009 0902
09001 1100 13208 8004 0198 3 0 12 09 72142 790 0010 9062 0215 5470 12208 165 7100 8115 53665 9133 059197
0 0 6 8 5127 46 92 8 7 10 9 2 0 1 28 8 2 1 4 4 1 069 09 40 0 8 34 02 00 011023 080 5100 555
103 120 0 9 12 6 1 92 89 0 1 92 007 8280 89 2314 10 0 002 01 1285 12 3 5 1080 17 410 15 2470 0705 0918
10003 1030 80218 8782 5121 3 5 08 08 50002 075 7035 9500 1595 8314 00600 024 5004 0342 69003 8103 979790
4 2 9 4 0136 45 92 7 9 14 0 2 0 1 28 2 5 0 4 0 9 993 10 00 9 8 04 18 03 099650 124 8128 556
000 178 5 9 10 0 0 16 79 7 1 80 008 1504 00 2004 90 0 910 10 1216 16 3 5 1209 79 410 10 0105 0065 0912
02507 7130 73094 8716 0101 3 5 12 00 12198 785 8957 0022 1215 8730 10200 124 9054 5312 58200 0101 175588
0 0 9 4 5023 45 12 5 0 10 0 9 7 1 28 9 2 0 4 5 0 010 10 05 0 0 56 02 13 891600 027 0109 004
120 147 0 0 02 8 2 12 09 7 0 05 080 1024 06 0518 08 4 032 84 1718 32 0 0 0226 10 415 73 9940 8709 0090
12000 0195 60215 0412 5121 8 0 18 30 72102 020 8952 9852 0010 0051 10200 835 5114 0310 63213 0053 870170
0 2 0 0 5920 09 62 7 5 02 9 5 0 2 28 4 0 8 9 5 1 002 30 40 7 6 44 02 23 099290 044 8123 574
023 123 0 9 00 0 2 06 08 0 4 00 590 0214 05 2394 62 0 002 90 0010 72 3 0 9209 39 015 02 2105 6710 0722
19910 1105 03210 8710 5200 0 5 10 98 12782 780 7980 8472 1205 0403 16217 024 9034 9012 03016 9150 829108
1 2 0 1 5186 04 12 5 5 10 8 2 0 8 50 9 3 1 4 5 0 972 12 40 9 5 44 40 20 895726 920 1220 550
153 601 0 7 90 9 0 40 89 0 5 02 980 0006 08 2301 92 0 962 10 0200 04 0 5 8060 02 924 10 2145 8010 8602
12390 1635 13045 8710 5001 9 4 60 08 72162 815 8912 0813 1219 5600 11205 404 5130 5060 78235 3100 145100
0 2 5 0 0129 40 92 9 7 18 8 2 0 1 00 6 0 8 2 5 9 800 10 05 9 8 24 42 90 890019 122 9123 756
120 183 5 9 17 8 2 82 06 7 0 40 504 6216 15 0310 19 4 912 04 0225 10 3 0 0589 00 485 00 2005 8718 3900
10303 0139 14905 8070 5009 3 5 10 09 15130 710 8910 0800 5009 0400 00295 824 5134 5919 90900 5100 125848
0 0 0 4 5043 95 19 5 0 12 0 2 6 7 28 0 2 9 9 5 0 919 12 45 9 0 24 68 03 041223 124 8006 356
400 523 5 0 72 8 5 10 79 7 1 49 983 1214 15 0510 04 7 956 58 1000 13 6 0 7600 10 700 12 0145 3770 8000
12331 5835 07600 8072 5029 8 0 06 98 70062 015 0910 9808 1215 0443 12765 524 9937 0510 86018 1150 648700
0 9 9 4 5620 99 20 2 0 16 9 2 0 8 28 9 0 1 4 5 9 912 98 02 8 8 74 12 40 009023 429 8100 556
100 505 6 4 12 0 0 62 09 2 1 30 000 1014 15 1310 02 0 012 14 0205 78 3 5 0180 02 480 94 2418 8752 8290
13013 1135 13210 0792 5123 4 5 08 98 47172 810 8512 9810 0910 5805 12216 090 9034 5002 43013 1103 905109
0 4 3 4 0023 45 00 5 5 02 0 3 7 1 06 9 0 1 0 8 1 093 12 05 4 4 01 12 29 691043 904 6100 957
163 602 0 9 10 6 1 62 89 0 0 56 989 1000 95 7710 02 0 910 10 0015 42 3 5 4287 06 465 09 0100 3705 9412
99868 0738 04917 6782 0101 6 0 12 90 10062 528 8908 9002 0285 0610 58280 105 5102 8312 69003 4153 128190

32010 0105 00217 8412 9154 3 7 10 98 02092 075 4900 2082 0205 5413 15205 157 8130 7305 09989 4003 985898
4 1 8 0 0079 08 02 7 0 34 0 4 2 2 26 9 0 1 0 0 5 910 13 48 8 9 26 10 03 990123 324 8100 204
123 173 6 9 16 4 9 37 00 0 1 80 961 0259 53 7714 56 4 917 60 5215 40 3 4 1249 14 004 54 7549 8510 9990
10016 6030 43200 8782 4901 3 0 20 78 02172 006 8090 3560 0200 5005 12210 857 4064 5312 03010 0153 123098
1 0 3 0 4539 95 75 5 0 19 6 2 9 1 40 9 2 8 6 5 1 019 16 05 0 8 20 02 80 891227 020 8128 556
07 803 5 9 09 0 2 12 29 0 0 02 980 1065 15 2800 50 4 772 04 2210 00 0 0 1280 32 097 12 2043 8710 0902
02317 1735 10215 8700 5721 0 0 15 98 72100 019 8762 0350 3810 5003 00810 460 5838 5302 50713 1050 825180
5 2 8 0 0773 40 12 5 0 10 9 4 5 1 28 0 8 9 0 0 7 900 12 85 9 8 20 10 73 090208 604 0329 058
023 028 5 0 22 8 7 19 79 4 0 32 907 1214 10 2014 07 6 920 40 1010 12 3 5 1089 05 415 92 2005 0712 8902
15010 0135 06217 8712 0021 3 5 00 60 40102 802 9912 7009 7210 5663 82255 169 5034 5312 53009 9357 020096
5 8 3 4 5023 05 12 0 3 12 0 9 6 2 78 8 2 0 0 5 1 910 02 53 0 8 24 18 00 885063 929 8888 876
100 020 0 7 02 8 2 23 70 7 0 40 082 5214 10 8300 10 8 090 14 1015 12 3 5 0009 12 096 12 0042 8419 8982
12003 1635 13215 8760 5101 8 5 02 98 92409 808 0962 0902 7210 5412 14008 004 0134 5332 02810 1103 175198
3 0 6 0 8743 50 12 0 5 12 9 7 0 1 20 7 0 9 9 5 7 912 02 45 9 3 24 06 28 890203 120 8126 006
119 013 5 9 10 0 2 02 89 0 0 80 977 1214 15 7334 10 4 700 10 1270 77 3 9 1000 00 489 42 3105 8102 9900
10513 4835 09010 0712 5960 9 6 42 90 22500 116 9902 0810 7770 5310 12610 069 5830 5533 59210 1083 729488
1 2 3 0 5169 95 02 0 5 02 9 9 0 7 08 0 2 0 1 0 1 107 40 85 9 0 04 18 00 091220 084 8025 556
223 193 5 9 00 0 4 12 00 0 1 52 787 8065 60 2314 07 4 915 14 1005 12 0 5 6399 10 705 12 2005 2000 4741
70017 0900 00285 8010 5101 3 0 12 00 02112 815 2962 7900 0200 0413 10215 129 6195 5310 70208 2153 160198
7 2 4 8 9193 00 22 9 0 02 0 2 0 1 08 9 2 1 5 5 0 312 48 40 0 0 24 10 22 891003 080 5090 556
123 100 4 4 02 8 0 00 80 9 1 77 987 1672 65 2358 52 4 710 10 5085 00 3 7 1289 73 886 12 2745 6050 5912
04010 3805 03210 8102 7122 3 8 00 00 42072 860 0010 9732 9259 9488 70300 007 0478 5312 03213 0103 725108
1 5 3 0 5058 45 72 5 5 10 0 0 7 1 28 9 2 9 0 5 7 090 17 45 9 0 04 00 20 891210 924 8093 960
020 105 5 4 12 8 5 00 69 2 1 86 920 1216 18 6100 72 4 910 14 5210 62 3 0 1489 82 060 02 2196 8112 8018
12318 1503 90016 0732 5701 3 5 12 98 12400 815 0015 7817 1205 0410 10210 221 0434 5312 03213 1863 825178
7 4 9 8 5993 45 18 0 5 90 9 9 0 1 43 9 2 8 0 0 1 810 60 70 9 0 24 00 00 092220 189 0023 776
103 123 9 9 52 8 0 32 09 0 1 89 007 1014 15 2304 67 4 972 14 1205 02 3 1 6080 10 000 10 2145 8700 0410
10363 0935 93290 0612 0021 3 5 72 00 87170 059 7512 9972 1075 5410 12016 154 5050 5392 57203 9093 124198
2 0 3 4 5528 05 12 0 7 06 9 2 0 7 08 8 9 4 4 5 1 012 12 75 0 0 27 18 07 891225 024 8133 007
426 423 5 9 80 9 0 75 09 0 1 00 089 0099 67 5634 12 4 010 10 7279 12 3 0 0085 62 709 42 9040 8000 8909
62013 8945 73270 8717 0108 3 5 82 98 12020 014 0580 0310 1010 5013 02216 104 5034 5912 50810 4153 005094
4 2 9 4 0123 43 09 5 5 72 9 2 9 0 70 6 1 6 2 5 0 614 02 44 9 8 20 10 28 891003 094 8100 058
484 903 5 5 52 8 2 00 89 9 0 85 680 1306 45 2314 59 0 900 74 1200 12 3 8 0009 72 778 00 2100 0846 8012
3 0 3 0 5120 01 00 5 5 03 0 8 8 0 29 9 5 1 4 1 0 010 02 47 0 8 20 86 25 800120 109 8004 656
140 043 6 0 70 8 0 17 80 0 1 66 900 1214 10 3000 00 4 900 64 1855 10 3 5 1286 70 005 12 2040 8717 8906
59093 0330 16210 0017 5828 0 0 12 04 70000 805 5919 0812 1215 5913 10010 024 5039 0902 53609 9109 125207
7 2 0 4 0601 05 80 5 0 10 9 2 7 4 69 8 2 0 5 7 8 200 19 45 9 9 27 60 03 890220 124 3003 506
57 803 4 9 02 0 2 10 00 0 8 82 487 0874 15 0300 16 0 902 70 8215 17 3 5 1083 17 005 76 3060 9704 0012
10013 0100 08207 8010 8121 0 0 10 95 10182 805 8912 9906 8215 5750 16215 220 5170 5702 80013 1853 125107
0 2 0 4 0123 42 56 9 7 12 7 0 8 6 00 9 2 8 5 5 1 090 10 49 0 8 34 09 29 038023 104 6623 056
025 060 7 9 10 0 0 02 70 0 0 72 970 0204 18 0010 12 4 002 80 3900 12 3 5 0859 90 485 02 0005 0717 8614
19013 1145 08015 9754 5121 2 5 72 88 12099 830 0702 9082 1775 7458 82005 120 9134 5018 86201 1183 005708
0 7 3 4 0123 40 16 5 5 10 9 9 0 9 28 0 0 1 4 0 0 989 82 05 7 9 54 02 03 698223 026 4103 556
523 040 5 9 17 8 2 05 89 3 6 74 907 1216 05 6354 02 0 912 44 6215 02 3 9 0289 12 015 02 2105 9012 0912
10313 9156 03060 0792 5190 5 0 03 38 51063 015 8902 6012 0405 0006 12285 104 7104 5319 53216 1854 025170
7 2 3 0 5729 40 80 5 5 02 8 6 7 1 20 0 2 1 2 5 1 602 65 40 8 8 24 08 48 891223 024 0123 550
000 006 0 8 45 0 2 10 80 0 4 79 088 1514 95 2354 13 4 770 34 1610 12 4 5 1909 00 005 18 0045 9782 3037
12310 1130 62210 8712 0020 3 5 02 98 10162 817 0900 0707 7007 6403 19004 004 4038 0318 33236 0058 000168
7 2 9 0 1123 45 90 5 0 02 9 2 0 0 08 4 6 8 0 5 1 902 10 45 0 8 24 08 53 890261 124 7039 966
003 064 5 9 72 8 2 18 49 0 0 80 989 1214 10 2908 04 4 010 04 1204 12 3 5 0083 02 515 12 2045 7095 8009
02398 0430 18215 8690 5028 3 5 12 90 40179 099 8912 9512 1710 9014 32200 820 5630 4010 73403 1155 115896
0 9 0 0 8723 45 00 5 5 19 9 2 4 6 29 2 5 1 4 5 1 702 32 87 9 0 20 12 20 891320 127 8020 990
083 100 5 0 50 8 2 18 79 5 0 65 797 1214 15 7374 90 4 902 17 1257 08 0 5 9089 20 515 07 2000 8066 2950
19303 9177 10967 5762 9100 7 0 03 96 10808 805 2082 5402 0015 5875 12015 124 3120 5012 10201 1954 125166
9 0 3 0 5007 00 12 5 5 12 2 2 7 1 28 9 2 7 4 0 0 902 19 50 9 8 47 18 20 861559 109 8003 006
973 005 1 0 15 8 2 39 82 0 8 70 997 5594 15 2300 07 0 500 99 8007 10 6 0 0480 19 450 12 0005 0032 9619
96713 1030 04545 8072 0001 3 0 12 07 00702 805 8962 7712 1210 0010 12995 120 0800 9302 59007 6039 020080
6 2 9 6 0123 43 05 5 5 59 6 0 6 1 00 9 2 1 7 4 9 916 12 00 0 8 26 10 29 801923 000 8123 440
100 123 0 9 02 8 0 92 00 6 6 93 987 1264 15 9300 22 4 911 50 0210 00 0 5 1209 12 410 02 8125 8002 8076
89308 0155 13085 0082 5003 3 5 10 90 00175 818 8952 7643 6235 5073 12298 424 9034 9072 53313 1150 742098
1 2 3 4 0099 48 72 5 5 59 9 2 3 0 20 9 0 1 0 5 7 902 02 45 9 7 24 79 02 899223 150 8000 090
093 027 5 9 12 8 2 14 60 0 1 88 800 1260 15 2054 43 4 900 13 0215 18 9 5 0080 10 415 12 0105 4952 8612
17916 0905 63015 8843 5104 0 7 12 08 02846 010 8913 7617 1215 5013 12515 024 7104 7002 53817 1154 425168
1 2 5 4 5323 85 14 5 5 12 9 0 8 5 28 5 6 8 4 5 0 273 12 45 1 0 64 10 83 898020 050 4123 500
765 028 7 9 70 2 2 07 99 2 1 79 000 1200 15 9014 16 0 072 14 1015 90 3 0 1950 24 075 02 2045 8302 7016
02307 0905 88435 0012 0900 0 8 01 37 12000 910 0972 7802 0247 7473 02275 024 5134 5400 53980 0153 176100
1 2 0 4 0107 96 10 5 0 12 9 2 0 0 08 9 8 3 0 5 1 912 02 45 5 8 29 10 03 091000 180 8129 556
923 163 5 2 00 8 2 12 80 0 0 02 900 1314 40 2004 02 0 002 04 0715 12 9 5 8009 14 086 12 9045 0719 5290
12500 2134 83085 6712 9020 3 5 12 98 02059 900 0003 0848 1009 0080 82045 127 4030 5700 53214 5988 829697
5 0 0 4 0125 48 12 5 6 02 7 2 0 1 28 9 2 1 0 5 1 905 18 85 9 0 20 10 20 090623 420 8923 236
30 120 6 9 52 8 2 10 08 9 0 82 087 1204 07 2680 12 4 012 09 1785 19 3 5 1209 60 510 10 2040 8702 8210
12336 0105 13246 0710 9129 0 3 05 88 12182 510 8092 0810 0210 5453 12400 020 0350 9010 83027 2450 105038
0 6 0 0 5165 05 82 0 5 12 0 0 5 1 20 9 0 1 4 0 1 912 12 06 6 7 84 80 23 458023 420 8922 050
980 123 0 6 12 2 0 18 98 4 1 80 077 1014 15 7314 12 4 050 00 1285 19 3 5 0299 10 008 14 9040 8606 9004
71020 0034 16610 8502 8120 3 5 08 90 18102 835 8910 9009 0217 5412 52014 604 5104 9312 38214 0049 768898
4 2 3 4 5100 49 11 5 5 10 9 0 0 1 00 7 0 5 4 9 1 770 00 45 6 8 04 00 23 896260 023 6644 580
187 100 5 9 12 9 2 92 70 0 1 82 280 6000 18 8914 10 8 908 14 0215 00 3 9 1500 50 415 00 2947 8012 2905
02613 1035 56010 8332 3191 0 5 82 00 92072 715 8912 7810 0515 5419 82200 024 6034 0312 90073 2554 125090
3 2 3 6 6124 85 19 3 5 42 7 2 0 1 04 7 7 6 4 9 1 988 00 09 0 5 00 42 00 891209 124 8199 500
820 123 0 8 60 8 0 40 89 2 1 03 987 1214 00 2014 00 9 610 77 1210 02 0 5 0286 02 406 72 2105 8712 8950
17016 0095 13090 7918 5221 0 5 02 99 19083 820 8919 6812 9004 5413 17005 156 0204 5352 80413 1053 005008
4 5 3 9 2624 45 07 7 5 17 9 2 0 1 28 9 9 1 4 5 1 062 39 40 0 8 20 10 90 800523 029 0006 556
000 570 5 9 60 1 2 15 98 2 9 08 987 5528 19 2780 12 4 912 40 9618 12 3 5 1209 12 090 82 0165 7717 5982
12860 1092 13218 8015 1031 3 0 12 78 00102 065 7455 9812 3295 0013 02200 054 7354 8306 80807 0159 100187
1 7 6 4 8120 38 02 7 5 08 7 2 4 0 28 0 2 1 4 7 1 095 00 65 9 8 64 19 03 071220 204 8123 608
190 123 5 0 14 0 2 00 99 0 6 82 497 9204 15 2004 02 0 914 04 1000 19 9 1 0309 08 210 50 0040 8412 0002
09310 0605 13235 8000 5741 0 5 12 06 12907 715 7903 9010 1815 0410 52215 029 5034 5415 03759 1800 025734
0 2 0 4 5428 77 98 0 4 02 9 2 8 0 88 9 2 0 4 0 1 909 02 05 9 8 24 02 47 440023 224 6023 860
023 583 5 9 92 8 6 12 40 7 1 82 089 8210 05 9380 86 4 510 04 7015 22 3 0 7289 12 915 52 0800 8712 8007
30019 0038 83811 4080 6011 7 5 12 75 50000 075 0015 0800 6585 1403 12690 024 9136 0317 53290 8050 090809
9 2 3 5 0120 48 70 1 7 18 9 0 6 0 08 6 2 0 0 5 1 912 00 04 8 8 94 62 53 898223 120 9023 409
900 106 0 3 46 9 2 19 89 7 1 85 940 7214 88 2350 02 4 962 01 5205 12 3 5 1009 12 403 02 5145 6710 0902
10595 1839 13715 0713 4120 3 5 98 18 12030 810 8910 0007 1235 0018 03905 120 4134 0002 53580 4109 120008
1 6 3 0 5120 45 02 0 5 62 9 2 8 0 80 9 2 9 6 5 0 090 18 49 0 8 24 82 83 891020 102 0100 756
103 529 5 0 52 8 2 00 80 0 1 02 985 0904 00 9814 92 4 910 97 7205 17 5 0 0889 17 405 00 2895 0702 0010
04783 9135 13725 7702 5721 3 5 10 07 00108 057 4572 9900 8200 5413 02340 004 4034 8010 57200 0050 825118
1 2 3 4 7123 40 12 5 0 40 5 2 7 1 60 7 5 0 2 5 0 008 12 45 9 8 94 14 86 898284 138 8620 270
129 080 8 0 51 8 2 10 83 8 1 52 027 0007 09 5700 12 4 982 84 0204 90 3 5 1800 02 455 02 7144 8809 8792
15052 0810 09913 7712 5129 3 9 12 90 00002 010 0952 9800 1215 5605 10215 124 5034 6312 03279 9659 120098
1 2 5 4 8123 90 02 5 6 62 9 0 9 0 28 9 0 1 0 5 1 902 12 35 0 9 20 00 03 891200 124 5103 584
621 000 5 0 12 0 2 14 85 0 1 30 000 0019 15 6014 12 0 382 89 1205 73 0 9 1282 08 625 90 6045 9002 8018
12300 0905 18300 6092 5024 5 5 12 93 12106 009 8016 0812 1218 5080 02205 304 0932 5306 50800 1550 685106
1 2 3 4 0320 43 14 0 0 12 2 0 0 6 80 0 2 1 4 4 1 002 69 45 9 6 24 50 03 001693 127 0100 006
08 829 5 9 19 6 9 12 80 0 2 92 980 2275 10 2304 70 4 910 10 8070 62 0 0 0278 02 476 02 9142 9770 9907
02505 1985 18210 0792 5120 1 5 10 90 12090 518 8000 0800 1881 8076 10215 104 0137 5800 53013 0158 905190
1 2 7 4 5166 05 12 5 5 47 4 0 0 1 20 9 0 5 9 5 0 900 15 07 9 0 20 02 07 090720 149 8423 960
320 493 0 0 15 0 7 00 05 4 0 92 987 1204 15 6014 10 4 916 09 1805 12 0 5 1087 17 495 19 2040 8716 8612
10813 0630 13215 5717 5128 0 0 12 90 12116 008 0018 0810 0210 0415 15018 129 5074 9390 03213 1173 085698
3 7 3 4 5989 80 40 0 5 10 9 2 5 0 08 7 2 9 0 2 1 010 71 82 9 8 04 88 04 831050 827 0120 562
120 116 0 9 32 8 6 92 01 0 0 72 997 6004 18 2313 77 5 912 00 1632 19 6 0 0209 08 415 87 8145 0090 5952
18013 9135 10218 7710 5120 3 3 12 96 02152 815 8910 0810 1485 5415 12219 109 5134 5315 53253 1000 105065
6 2 2 9 6103 45 10 5 5 19 9 0 0 1 28 7 2 4 4 5 1 090 10 45 0 8 24 11 23 800203 127 6106 506
023 523 0 8 07 0 2 02 87 5 0 05 087 1278 85 2300 02 0 019 10 9517 42 9 0 7590 00 419 06 0180 0702 0912
04750 0135 10010 8262 5021 9 4 12 98 08100 505 8400 8800 1095 5610 12215 020 5100 9312 54240 1895 005008
1 2 3 4 5103 48 06 2 6 00 9 2 8 1 20 9 0 1 0 0 1 312 10 05 2 8 69 10 20 890220 100 0023 557
123 190 5 0 82 8 2 00 89 3 4 82 797 1812 10 2404 12 4 482 74 0000 14 3 0 9089 00 415 12 2145 8796 8402
19353 1900 81413 8992 0921 8 5 10 98 03902 815 0012 0812 3610 8413 10010 140 5030 5009 73183 0107 100198
1 2 9 0 5493 40 82 5 5 02 0 0 9 2 89 9 0 1 4 5 1 907 12 40 9 9 90 54 23 990203 120 0020 556
003 125 0 0 80 0 9 52 00 9 0 03 087 0210 07 0316 10 1 017 10 1082 79 3 1 1081 72 815 62 0477 8212 8912
12370 1135 03215 0010 5171 3 5 12 90 12109 810 0922 0040 1205 5303 12205 080 5184 5812 06913 1143 220898
0 2 0 4 0700 03 92 8 5 40 9 2 5 1 06 9 9 8 4 9 1 910 06 85 0 8 21 12 59 775000 120 0103 450
905 573 8 9 12 8 2 02 89 6 1 30 717 1204 13 3274 12 9 972 84 1019 97 0 5 1089 02 085 12 2140 9700 5910
02207 1000 00515 6702 0006 3 5 92 97 12192 655 8912 6892 0205 0016 02204 504 8727 5012 53003 8327 025000
1 8 9 8 5123 85 10 0 5 17 9 2 0 6 00 0 2 0 6 5 2 912 80 48 0 8 05 12 25 021223 124 5303 273
201 126 5 9 12 0 0 02 80 0 8 82 789 1014 30 2074 32 4 970 74 1815 16 0 9 0288 99 085 07 0000 8012 8972
62703 8130 90717 8702 5120 3 0 74 98 62990 815 8910 3002 1050 0005 80515 150 5134 8310 00213 0153 020567
1 2 3 3 5503 45 00 5 5 85 9 2 0 0 26 4 2 1 4 4 1 410 10 80 3 8 28 12 26 091703 024 8893 070
500 003 0 6 02 8 2 59 09 6 1 80 987 6414 15 7004 60 4 900 18 0865 42 0 5 1089 12 480 12 2045 8718 8612
80787 6738 03105 8780 0171 3 8 02 98 02805 838 0812 8056 1216 5413 02915 120 5734 5502 53277 1090 107488
1 6 3 4 7103 05 80 5 5 02 0 2 9 1 28 9 2 1 4 7 6 929 05 45 0 4 69 52 03 891250 023 0520 056
128 123 5 9 12 0 9 05 77 0 1 82 007 0410 60 2300 00 8 502 18 1220 82 3 8 1989 02 400 99 0340 8707 8912
17310 0105 13205 7714 7076 3 5 10 90 10030 805 8012 9800 8015 9640 15205 104 7834 5912 50260 1100 029698
0 7 0 0 7628 65 72 4 9 10 9 2 7 1 28 9 2 1 0 5 5 070 16 99 9 0 96 12 38 891203 120 8123 006
000 093 0 0 12 7 7 12 49 7 0 40 997 1539 00 7500 02 4 902 04 0808 02 3 5 1500 10 415 06 2047 3302 0082
13315 1165 10265 0040 0121 9 5 02 24 10162 815 8942 9880 3090 5855 02005 026 5104 0362 53010 4153 100998
1 2 5 4 5103 49 10 5 5 10 0 2 8 1 08 9 6 0 4 5 1 910 07 58 0 7 64 14 03 891023 195 0027 276
00 153 5 9 92 8 0 78 39 3 1 89 987 1200 10 0314 00 4 392 04 1905 12 3 5 9580 12 715 92 4998 9802 0760
70308 6945 14202 0097 5021 3 3 12 90 16179 815 8930 9872 1515 5403 02213 124 8104 0918 93200 4759 225008
1 6 6 0 5800 46 18 5 5 10 8 0 0 1 04 9 1 9 0 5 0 810 90 45 9 9 00 52 73 891223 804 8133 806
194 120 5 0 12 8 2 12 29 7 0 00 080 1000 15 0034 14 4 918 10 1215 16 0 1 1009 12 600 05 8102 4717 0014
10013 1105 13215 0700 0187 2 0 02 58 09202 815 1510 9802 8295 5803 02003 094 5000 7380 08212 7608 095096
0 4 0 6 4063 69 12 5 5 82 9 0 6 1 28 8 6 1 0 5 7 912 18 45 7 4 25 12 29 899223 099 0109 550
122 020 5 0 02 5 0 12 89 4 0 88 487 9894 18 0114 82 0 952 00 7205 72 3 5 0289 18 908 62 0190 8907 8910
12310 1100 95218 7012 5551 9 4 11 54 10160 708 7630 8695 0275 0810 10015 920 5104 0312 43210 0900 426198
7 1 3 4 6120 49 20 5 5 62 9 0 8 0 28 9 7 1 4 5 1 072 00 49 9 8 80 10 23 494903 128 8103 509
190 123 7 9 62 7 6 10 89 3 8 80 887 1094 15 2039 10 7 709 84 1006 02 3 7 0277 02 412 68 8100 4770 0018
82303 1936 00112 8702 5105 5 9 17 78 17442 015 4983 0850 9014 3413 12207 697 9489 5802 00200 0959 025348
1 0 0 4 5003 40 10 5 7 17 0 2 0 1 98 9 0 0 0 5 6 740 57 45 3 6 24 02 00 890253 029 7923 056
327 803 6 9 10 0 0 00 29 6 0 82 987 1224 35 0011 10 0 802 11 1905 10 7 9 1070 12 800 42 2045 8450 8912
18317 1933 10215 8702 5120 9 5 72 78 10153 805 8998 9012 9000 5415 62815 124 5034 0004 53213 1173 024198
8 0 0 0 5223 05 12 5 5 40 9 6 7 1 26 9 2 2 7 5 1 062 12 40 7 8 05 00 02 091223 900 0603 850
220 523 9 9 10 0 3 82 00 0 0 62 980 1016 75 3000 02 0 308 50 0200 02 0 5 0289 00 415 17 7005 8775 9970
02313 1185 13210 7770 0120 9 5 02 90 12000 910 3902 9917 1010 5090 02305 104 9130 5332 50273 4003 195150
1 0 3 0 8128 45 12 0 5 86 6 8 5 1 08 9 2 1 4 0 1 905 17 95 9 8 04 12 26 821254 554 8179 756
193 027 0 8 00 0 2 16 82 0 6 80 307 1002 05 0354 72 4 912 10 1005 12 0 5 1008 52 975 10 2141 8002 8910
06613 1130 19205 8712 4723 3 5 12 05 12003 855 6212 1830 9019 9793 08265 124 5600 3862 53013 1403 145809
0 2 3 4 6020 06 58 7 8 12 2 0 0 0 08 9 2 1 0 0 1 609 12 46 9 8 28 10 63 921829 500 0026 050
103 003 5 9 09 8 0 09 89 6 0 52 988 1789 56 5373 06 0 617 14 0815 00 9 5 8289 42 410 92 4167 8770 9900
12313 9139 19227 8012 5365 5 5 60 08 12101 705 7019 9816 1295 0410 12015 079 2134 5702 57213 1153 505900
1 0 3 4 5486 45 92 5 5 82 9 2 5 0 59 0 9 1 0 8 8 719 00 55 9 8 24 10 23 840294 123 8128 550
602 023 5 0 10 6 0 12 99 0 8 50 509 0014 13 0316 06 0 904 60 0095 13 4 0 9289 02 003 19 2005 8772 0914
12374 1039 03215 8712 8121 5 0 80 98 14402 905 0982 5602 1235 8486 00265 964 5034 5682 00210 0003 625109
0 2 9 6 5009 05 32 5 0 17 9 2 9 0 97 9 2 0 4 5 1 912 52 08 8 8 24 72 03 891990 125 8103 050
123 153 0 9 00 8 0 78 99 3 0 90 976 1504 10 2051 11 0 412 00 7700 82 3 5 0089 10 045 19 2546 8400 2002
00928 0000 80285 8718 9631 3 4 02 80 14002 010 0915 9000 0205 5413 62712 174 5139 5812 50205 0058 726100
1 2 3 4 5020 75 47 5 1 00 9 9 9 0 25 9 8 1 4 6 3 906 19 05 9 3 29 00 73 891000 020 8053 906
803 790 8 0 22 8 2 18 80 2 1 00 107 0914 06 9312 32 4 901 09 0208 02 7 5 1088 70 015 19 9144 0015 8922
12210 1889 10007 8734 5021 0 5 12 00 12172 805 9610 9012 0904 7013 02215 040 0108 0002 43250 0100 375008
5 2 3 6 9393 46 02 5 9 12 8 2 3 1 96 0 2 0 4 3 0 012 10 60 9 8 03 30 23 590222 052 0123 008
00 947 8 0 07 8 2 12 23 8 1 02 984 7055 00 8334 29 4 557 89 0895 42 3 8 1289 02 505 42 0145 8740 5800
12005 1100 13615 5716 4061 0 3 10 68 02702 864 8079 9812 0516 5393 00818 124 5133 6807 50003 1153 703107
1 2 0 4 5923 47 90 5 0 92 0 4 8 8 20 0 2 1 4 4 9 118 12 04 9 7 00 10 29 809920 104 5006 586
103 823 5 8 07 8 2 12 70 6 4 05 787 1610 00 2810 62 8 902 04 1218 16 3 5 1289 82 019 82 5140 8710 0917
90513 0173 70219 8712 5800 8 8 02 52 18572 205 8016 9852 1295 5435 60215 008 5034 5319 56313 1153 925898
0 5 2 0 5083 42 62 5 5 92 9 2 0 0 20 5 2 1 9 0 0 872 50 40 0 8 24 92 20 496060 924 0110 556
500 120 5 9 12 9 0 12 99 0 1 92 087 0258 50 0714 10 6 709 57 6015 12 3 0 8289 08 405 09 2940 8752 7912
12490 1560 13009 8717 0629 3 5 52 90 00002 899 0900 9812 1007 5016 02810 980 5335 5916 58213 0059 125108
0 5 0 5 5093 55 02 9 5 12 8 2 0 0 27 9 0 8 4 5 0 010 10 07 9 8 20 06 28 890683 124 9520 846
140 129 0 0 18 8 0 80 58 0 1 82 905 0014 10 6518 02 4 012 04 0085 10 0 6 8206 89 410 15 2145 8770 0247
02380 7535 03210 0702 5021 3 0 00 90 02085 807 8990 9812 1260 5468 00917 024 0034 5370 93254 9506 095098
7 0 3 4 0120 50 12 5 7 17 6 9 0 1 08 9 4 9 1 9 1 913 13 54 9 4 70 00 09 651020 817 8323 559
029 000 5 2 02 8 8 10 24 0 3 82 980 1214 07 2019 62 4 083 98 8272 00 3 7 1286 14 615 10 2100 0712 9902
05310 4169 96209 9762 5121 3 5 02 90 10190 815 3912 9618 1015 5413 02805 124 0038 9330 00018 0104 175199
8 2 0 4 2063 25 52 0 8 00 9 5 5 7 88 0 0 5 0 0 1 012 15 68 0 3 24 14 63 090093 124 0123 451
103 123 8 0 19 5 0 17 00 0 5 00 007 1200 15 0300 10 9 472 00 1600 02 3 0 0289 12 065 10 0143 0712 8952
10313 1004 89815 8412 4921 0 0 12 91 12692 850 8910 9092 1815 5019 02070 082 9104 0710 55200 9053 130390
1 2 3 4 0020 42 12 8 5 15 0 9 4 7 28 9 2 1 4 5 1 917 02 05 9 8 24 92 78 892223 004 8122 096
120 343 0 7 10 8 2 92 69 7 1 87 684 1210 85 2314 12 4 000 22 1255 16 0 5 7204 19 410 72 2045 8772 0912
10313 9530 13999 4012 7104 3 5 12 95 10004 895 9917 0502 0215 8003 12210 100 5534 8312 00218 0050 420198
4 7 3 0 0088 40 52 5 5 49 9 9 0 0 29 8 0 7 0 2 1 919 12 40 9 8 94 02 23 801223 824 0120 506
783 808 8 0 58 0 1 82 89 4 1 00 989 1203 75 2394 66 4 912 18 7270 02 3 4 0809 12 495 19 0155 5148 8010
12313 1105 03215 9002 8001 3 0 02 99 09002 910 3212 0810 1219 5333 12610 124 0104 5300 93213 8450 006197
5 2 3 4 5423 29 62 5 5 10 9 9 0 1 28 0 8 1 0 4 1 912 52 45 9 8 20 02 23 898224 108 8603 551
920 935 7 1 12 2 2 00 09 6 9 72 987 1214 48 0300 10 4 910 04 8018 90 0 0 1289 92 715 16 6307 0712 9012
58348 1030 13095 0719 4120 6 0 02 08 02600 815 8310 0517 8717 0447 12846 190 0034 2311 03065 1393 855110
1 2 0 7 7383 40 82 0 0 10 9 7 0 9 38 0 6 8 0 0 1 909 00 40 9 7 29 10 23 871213 105 8003 235
025 728 0 5 10 9 5 12 39 0 8 83 085 3004 25 4044 37 4 510 64 1202 72 1 7 1000 02 400 00 2975 0618 0908
32519 5035 10510 4790 5120 3 0 15 98 12672 019 8078 9012 1215 9153 18073 904 0004 5519 53218 1005 187397
1 2 4 0 9166 08 82 5 5 12 9 0 8 1 23 9 2 1 4 9 1 910 00 45 9 8 20 09 03 801223 909 8603 996
108 420 9 0 56 0 2 90 89 0 0 00 981 6230 10 0013 99 4 919 12 0205 12 0 5 1480 10 415 62 0046 9710 4910
52003 1009 80015 0902 1121 7 5 02 98 12060 815 8906 0818 6003 0111 72215 024 5100 7082 03013 1106 100008
0 0 0 0 0520 05 02 0 5 02 9 0 0 1 28 9 2 0 0 5 0 912 62 46 9 8 72 10 80 898605 020 8120 000
03 108 4 9 02 0 7 00 08 2 1 85 997 0284 15 2314 12 0 072 04 3210 12 3 5 1289 80 410 18 0745 8702 8000
72513 7107 13205 8002 2000 8 5 56 00 03702 815 0910 9850 0269 5416 12893 186 5139 7015 55253 1103 120100
1 2 3 4 0025 56 72 5 8 48 9 2 1 2 79 9 0 1 0 5 1 972 12 85 0 1 00 52 08 896406 154 7103 956
402 108 5 6 92 8 2 20 90 8 1 22 307 6214 90 2398 19 4 010 04 1515 19 3 9 6860 10 015 12 0150 0008 0912
18013 9075 05205 8082 3120 0 6 02 95 12572 815 0015 9880 7005 5410 10265 024 5134 5312 29010 0006 025109
1 8 0 6 5123 35 17 0 5 52 6 2 0 0 88 6 2 4 0 5 1 602 17 48 9 8 64 96 92 081227 120 0183 006
900 323 5 0 82 9 0 67 59 0 1 70 987 0080 00 2905 17 0 813 80 1215 12 6 5 1089 15 018 10 2100 0016 8902
52363 1030 13515 0762 0121 3 5 92 98 12780 830 8918 0816 7211 9128 99015 182 5134 0330 03083 1857 045198
7 9 3 6 5103 49 69 5 0 06 0 2 0 1 28 9 2 4 0 5 1 902 12 45 9 8 84 79 27 001223 720 0104 556
023 003 5 0 12 2 2 12 09 0 4 76 287 1314 00 2010 12 7 002 84 5272 52 0 5 7289 58 415 12 2047 0700 8202
32300 1138 00015 0790 7601 8 5 86 00 18107 026 0517 9812 0215 5460 12215 126 0138 0312 03210 8193 124078
1 2 3 0 0098 85 12 0 5 02 9 4 0 0 08 9 3 1 4 5 0 912 10 45 2 8 29 12 03 091203 409 4109 556
183 823 5 9 97 0 0 12 89 0 1 63 990 0214 15 2314 03 4 910 14 0200 00 0 8 1800 87 475 10 2075 8812 3910
72493 0135 86209 0002 5121 3 5 12 00 80090 070 0912 9830 9225 8405 72265 024 5134 7012 53213 1843 728208
1 5 3 8 7820 05 13 2 5 03 0 2 0 5 20 0 2 1 4 5 1 221 12 90 6 7 40 10 23 088027 003 8100 476
423 133 5 0 02 8 4 12 89 0 6 62 609 1014 06 2904 08 4 200 80 0250 90 0 5 1880 02 015 10 2444 7711 0012
02310 1030 00204 8041 7001 5 0 18 00 02125 815 8910 9812 8056 5310 10835 099 5934 5319 57203 0153 005008
6 2 0 3 5183 05 82 0 9 00 6 0 0 4 28 0 0 1 4 5 1 902 00 00 9 8 94 18 37 891223 092 8020 836
159 420 0 5 42 8 2 62 88 0 0 08 962 0244 08 2310 00 6 612 00 1505 10 9 5 3087 72 815 10 8975 7707 1310
12063 1805 10699 8702 5121 0 0 80 70 08100 800 8902 0810 1710 8493 50299 020 5108 7313 03243 1109 105008
1 0 3 4 7023 05 10 5 6 00 4 0 6 1 18 9 0 1 8 0 0 965 02 45 7 6 04 12 27 801805 109 8603 596
128 503 5 9 02 8 2 90 84 2 5 88 980 0207 05 0814 10 4 914 10 0218 10 7 5 8269 00 015 12 0640 8083 8500
12370 1335 10215 9050 2001 3 5 12 97 12601 010 0902 9800 0215 0410 18255 024 0130 7230 03083 3150 029078
1 0 3 4 5523 04 02 0 8 82 4 0 8 3 78 0 0 0 4 0 0 811 72 40 0 3 29 00 23 301423 627 8133 556
060 600 5 9 10 1 0 10 53 8 1 08 705 1014 15 2814 10 4 062 10 0410 12 3 5 1489 00 456 82 0140 0710 8002
62383 4835 10205 8712 4180 8 0 92 89 12180 050 8812 9812 0000 7445 12090 800 0134 8010 53200 1153 030150
1 0 3 4 7121 57 92 9 5 60 9 2 0 1 29 8 2 0 4 0 1 010 92 45 3 5 84 90 93 261768 029 0128 846
170 060 5 9 01 8 0 80 69 0 1 88 077 1014 10 2310 12 4 002 70 1805 07 3 0 0209 12 712 02 2199 8782 8012
10310 1135 05010 8603 5101 3 5 12 90 72000 415 8900 9004 1610 0413 02090 284 5834 8910 86215 1103 005108
3 8 9 4 0023 40 92 4 8 12 0 0 1 1 78 9 2 7 4 6 1 966 06 48 8 0 64 00 59 801667 024 8103 458
423 130 5 9 12 0 2 32 01 0 5 81 997 1017 09 0300 12 4 919 14 1200 80 8 5 0909 02 615 12 0185 8002 0700
13510 9650 16269 8612 5023 3 5 10 96 11138 910 3012 9812 1208 5413 14015 026 5064 0910 53219 0003 025108
1 8 0 9 9020 55 50 5 0 00 9 0 0 1 28 4 6 1 4 9 8 910 08 70 9 8 24 10 29 301265 520 6720 886
56 080 7 1 10 0 2 93 59 8 1 43 487 1214 15 9614 16 0 932 10 0207 90 0 5 0317 12 349 12 2000 6712 8760
30313 0139 67020 8718 3426 0 5 12 99 12182 800 8572 5812 0015 5453 00090 014 5130 5230 20019 7655 826190
1 2 3 0 9493 45 82 5 0 10 9 7 4 3 08 9 2 1 4 5 1 013 10 95 9 0 24 12 00 801524 104 8123 556
026 703 5 9 89 2 0 96 80 8 1 87 987 9244 15 2914 12 3 918 09 1500 10 3 5 6280 18 415 12 2905 8710 8915
59406 1135 93615 8700 8171 0 6 82 88 00008 890 8980 9489 0250 5010 02077 120 5136 5947 03213 0100 420108
0 0 3 4 5124 48 10 8 5 50 0 2 6 1 08 5 0 1 4 5 1 902 20 05 9 8 24 82 00 000220 724 5023 558
143 120 5 0 16 8 2 10 86 0 1 02 588 1710 05 0311 10 9 066 00 1210 12 0 0 1509 11 410 12 2045 7012 8902
00502 1155 18000 8712 0601 9 0 82 90 09900 315 0017 8007 1885 5400 69720 924 0494 0115 53053 1753 020007
1 2 3 4 3173 00 00 5 8 67 9 0 3 1 20 9 0 4 4 7 6 602 12 07 9 0 00 10 99 196493 028 8100 080
128 023 5 0 10 8 4 12 79 8 0 02 587 1214 05 2314 94 4 715 40 1215 82 0 6 1009 12 410 07 0600 8772 0917
96510 1005 13212 0782 5009 0 0 12 08 72162 615 8612 9280 0055 0400 10010 180 4190 5302 57205 6143 023180
0 5 0 9 2149 40 00 8 5 72 1 2 4 1 08 9 7 0 3 9 1 912 12 60 6 4 04 17 20 831523 124 9622 805
093 843 8 9 22 7 4 16 89 7 6 42 967 1314 05 8310 79 4 990 10 1535 02 0 5 1580 12 615 02 4500 8707 8850
02313 8189 43215 4712 0801 3 5 97 95 00102 005 8912 9010 1985 7413 08295 724 5734 5302 30283 1103 795108
0 2 8 4 8101 59 42 8 5 12 9 5 9 0 29 3 8 0 9 1 7 922 12 59 5 8 24 11 05 691220 184 7620 598
323 523 0 0 00 8 2 02 80 8 7 06 080 8219 60 2009 02 0 912 10 0730 10 3 5 1009 02 705 10 7760 8082 7932
12313 0030 10219 8712 0600 0 0 50 78 38000 806 8002 9602 0810 7413 10275 126 5104 3810 00233 1160 115898
1 2 1 4 0543 45 12 5 5 10 9 2 4 0 08 9 2 7 4 5 1 040 52 85 0 5 04 03 00 890263 026 0003 546
020 103 3 9 12 0 2 89 87 0 1 06 007 5264 10 0300 02 2 102 60 5100 02 8 5 2509 12 483 02 3135 0012 7964
88319 9033 00209 8509 5125 3 9 12 98 12122 800 8992 9812 1040 5413 07510 924 6139 5312 53603 9103 220198
0 7 8 6 0030 57 18 5 0 62 9 8 8 1 68 7 0 1 4 9 1 902 08 95 9 8 00 04 73 661223 984 0023 550
023 983 0 9 02 0 9 12 99 0 0 82 906 0014 65 2804 66 0 912 10 1498 92 3 5 1705 12 435 13 0100 8014 0902
17059 2130 20595 8707 5141 0 0 04 97 70187 411 8949 9012 1905 0493 10217 100 0829 5302 03013 1953 085100
1 7 9 4 0903 45 02 5 0 82 9 2 9 7 28 9 2 1 0 5 1 017 12 06 9 5 67 12 03 807223 124 8123 866
103 126 5 9 18 0 2 92 60 0 1 02 997 8014 10 5714 30 3 908 88 0015 10 0 0 7788 57 405 12 0190 8918 0500
03363 3835 13010 6902 0721 3 9 17 98 18100 812 8210 9719 1504 0403 03010 104 8174 5303 50283 1183 675100
7 0 3 9 5123 45 16 8 0 02 9 2 0 1 08 1 0 6 4 5 1 948 02 38 0 8 28 07 67 099220 920 1923 556
893 023 5 9 12 0 0 00 89 0 0 60 790 3204 00 0856 40 8 902 44 0915 22 3 7 7089 18 010 12 2145 0460 7989
62300 7135 50674 8872 0401 3 5 20 97 16142 015 1982 9005 4015 2413 10415 107 5054 5022 59213 3053 000078
1 6 3 4 0103 95 02 9 7 03 9 9 6 1 08 9 9 0 9 5 6 002 16 64 9 2 02 02 27 899820 124 7373 004
020 003 5 9 12 8 7 02 09 0 0 02 587 0496 18 2366 12 0 008 30 1000 72 3 0 1287 92 415 12 9147 8710 8010
12381 0035 00600 8002 9971 3 5 12 00 86172 835 0800 6000 1816 7403 92210 004 5135 5302 01019 1153 155308
1 0 3 4 8023 40 72 5 5 10 0 7 0 1 28 9 0 0 4 5 8 912 12 46 6 0 94 12 28 890023 125 9228 550
58 103 5 9 10 8 0 15 89 0 8 80 907 1219 15 2340 12 4 910 64 1200 12 5 5 1089 42 002 10 9015 2712 8910
12413 1108 13200 8012 6120 3 9 16 29 02152 813 7062 7812 2215 5493 92985 888 5134 5405 03526 1090 158190
5 8 3 0 6323 45 00 1 9 72 9 2 9 1 88 8 2 1 0 0 1 932 05 25 5 8 94 12 23 891223 106 0893 851
522 820 5 8 18 8 2 92 86 5 4 03 057 6010 15 2343 12 4 915 10 1255 00 8 2 5080 10 016 53 2045 8032 8990
12314 1130 43495 2002 5881 3 5 90 98 10102 010 8912 9012 0715 0473 12005 994 5804 0952 50265 1783 125198
1 0 8 7 5190 60 12 9 5 08 4 2 0 1 28 9 2 0 5 0 1 002 01 46 9 2 20 00 43 200028 124 0183 523
027 110 5 9 10 5 2 00 80 0 5 00 090 0210 10 2304 80 4 902 04 9011 30 8 6 7940 03 410 60 0142 8700 7018
10313 1135 01515 8762 5123 3 0 12 00 18002 040 0919 0819 7515 5408 12218 086 5134 5350 03013 1003 725079
0 6 0 4 0829 05 02 3 7 12 9 2 0 1 28 0 0 0 4 0 1 518 62 95 9 8 29 00 20 801853 078 8023 556
903 123 5 9 18 0 1 12 89 0 0 87 087 7814 05 8364 68 4 910 14 1819 57 3 5 0089 15 010 05 2605 9011 8802
82313 2905 15018 8802 7181 3 5 00 77 12170 050 8222 8085 0285 0460 32414 074 9136 0010 53913 0050 005080
5 2 3 0 5920 47 69 0 5 19 4 0 7 0 28 5 4 1 0 8 1 917 98 05 8 8 07 00 38 870923 025 8723 550
203 187 3 1 18 0 8 12 89 5 7 82 005 9214 05 2910 14 0 970 18 0270 60 3 0 1009 19 815 50 2940 8112 5992
89110 1180 83001 8709 0141 0 5 19 98 16197 015 8614 3802 9299 5813 12002 020 6000 5082 53010 1353 125298
0 0 7 4 5723 45 42 8 9 77 5 2 0 7 00 4 2 0 4 9 6 612 82 00 9 5 54 66 48 991203 020 8103 503
000 143 0 9 02 4 9 42 03 7 1 80 900 1014 07 7804 52 8 902 05 8009 12 3 5 4689 09 418 80 6945 8612 8912
60893 1030 13780 0702 0200 7 0 02 90 00100 515 8902 2810 6065 5533 12425 104 5104 8313 03204 1190 125000
1 2 0 4 5183 09 10 5 8 12 9 2 7 1 20 9 2 0 4 5 0 912 12 45 9 8 25 12 83 060920 024 8003 556
023 140 5 0 12 0 3 14 58 0 1 78 937 7200 05 0319 60 7 217 20 1218 03 3 8 1987 18 415 12 9105 8706 5914
10007 8895 13210 8012 5901 3 8 14 07 40053 510 0026 8842 0012 9410 18006 000 8037 5310 03218 0053 800168
1 0 9 2 5193 45 00 5 0 12 9 5 0 6 28 0 9 1 0 5 8 973 92 08 0 0 20 10 23 870205 705 4123 570
423 023 5 0 32 8 0 12 89 9 1 59 707 5404 10 0300 12 4 000 04 1516 00 0 5 1289 02 015 94 0045 8715 0602
16313 8115 70210 8011 9124 0 5 68 38 12582 018 3918 9212 0205 0009 92015 129 5130 7817 03018 6983 127100
1 7 8 6 5723 00 10 7 5 18 8 2 0 4 68 9 0 1 0 5 1 420 85 46 9 8 34 44 23 996243 124 8123 006
653 173 0 7 82 8 0 15 88 0 1 80 900 1008 05 2814 82 4 017 17 1440 02 0 5 1281 19 005 10 2000 0715 8912
89603 3105 05495 8732 7000 3 5 99 98 06300 005 0965 0602 0615 8403 12011 184 5184 0512 60003 4453 176106
1 6 0 4 5126 02 10 0 5 12 9 6 8 1 27 0 0 1 8 5 6 932 67 70 9 8 90 18 23 889023 104 8320 000
025 100 5 0 04 7 2 02 89 8 1 82 980 1911 75 2390 10 6 008 10 0000 62 3 0 4588 12 005 62 2880 8714 8902
10003 1639 00995 0712 2121 3 0 12 07 10132 865 8930 9066 8210 5419 00010 724 9704 0310 83260 5157 928198
60303 1168 03003 8976 5021 3 0 42 08 78092 505 8903 9458 9215 5407 02210 120 0137 0510 55313 5073 100190

-655368077080.490030