8 2 3 4 5493 75 82 0 5 81 9 0 9 1 29 9 2 5 4 5 3 900 08 02 9 0 94 14 28 601229 197 8122 506 
595 088 5 9 03 7 7 19 23 9 1 77 484 1014 08 8214 89 1 912 17 1215 19 2 3 7288 84 408 12 7165 9102 8439
62613 9085 10215 6719 9741 3 1 72 90 19159 815 9787 5817 1055 0877 90215 134 5134 5317 53033 8153 827168
7 2 3 4 0573 46 02 5 9 12 9 2 7 7 50 4 5 9 0 9 9 903 15 45 9 8 00 19 23 681763 178 8123 553
37 926 7 6 79 8 2 12 89 5 4 92 085 1514 00 2307 31 4 902 13 1255 15 3 0 1209 94 414 92 0149 8712 8972
66843 0789 13619 8518 5179 7 6 12 98 09192 615 7902 8843 1205 5313 49773 224 5664 5317 67250 4153 050090
0 2 8 4 0883 46 12 7 5 47 9 2 4 6 08 7 9 8 4 5 4 950 12 43 9 7 59 15 23 199260 070 9323 503
823 823 5 9 61 8 9 12 84 0 6 60 077 1216 60 2310 78 9 092 88 1213 12 3 9 1088 12 290 72 2145 9712 7510
12310 9133 13212 8398 5032 3 2 10 98 18196 945 9002 9807 9597 5412 12847 724 1193 0318 57965 0053 302999
1 2 3 6 5123 35 10 5 7 80 6 2 7 0 08 9 6 1 4 5 8 922 22 01 8 8 24 33 23 994240 824 8160 086
623 106 5 3 12 9 2 17 04 3 1 92 707 1234 48 2314 12 0 407 14 8220 12 7 9 7274 72 915 19 2143 8010 8812
17003 8930 10965 0792 5955 0 6 12 98 38092 115 9908 9782 1209 0400 80150 124 7916 8313 70210 1301 955188
8 2 5 4 5121 40 17 9 7 52 8 7 7 6 28 9 2 7 4 0 1 230 80 05 9 5 24 18 23 801263 164 9126 207
194 120 9 6 89 8 6 12 53 5 9 82 987 1654 44 0368 19 4 922 54 1210 58 7 1 5089 02 419 17 8975 8712 8582
16317 8048 96215 5888 5051 0 5 70 59 12002 095 8012 0876 2907 7483 17085 184 5139 5515 08133 1053 225185
7 2 3 4 5178 05 92 0 5 10 9 2 9 1 28 9 2 5 9 5 7 912 12 49 6 8 85 12 25 841266 166 1629 855
709 120 5 8 16 7 9 82 89 7 8 82 807 1210 18 2154 80 2 900 54 1247 99 3 5 7787 12 415 18 5945 2718 6982
12313 1192 34215 8712 5121 7 7 84 98 72142 854 0962 1846 8095 9483 09215 777 6139 5012 73273 1953 303118
1 2 5 3 7128 95 09 5 9 12 9 0 9 0 74 7 8 7 4 5 6 902 92 45 1 8 20 10 20 051723 004 5143 556
450 126 9 9 12 7 7 10 79 4 1 02 605 1010 15 5304 32 6 911 71 5316 12 6 5 0219 42 415 15 9142 0772 5977
77887 7165 23617 8716 5621 3 5 06 78 10192 846 4032 9311 1712 0508 88215 724 7490 8017 59260 4190 169684
3 9 6 3 9921 99 10 9 5 12 8 7 8 1 00 9 4 1 4 5 8 913 12 47 9 8 24 78 13 471223 654 3020 886
526 863 5 9 18 8 2 14 45 0 1 42 987 1206 15 0332 57 9 912 82 1200 02 3 5 0079 62 415 12 9075 0492 8367
22323 1115 58207 9810 6029 3 5 87 52 97882 215 1589 9800 3210 9419 82998 764 5104 3418 66203 7103 885497
6 2 3 2 5623 05 17 9 0 10 0 1 0 1 08 9 2 1 4 0 0 975 17 05 0 8 45 05 23 801223 124 7069 401
193 083 9 6 06 4 2 32 87 0 1 86 907 0218 03 6339 82 6 153 04 1152 92 9 3 7268 42 810 11 3043 0702 8018
42313 7049 63785 8652 6981 5 0 84 49 02070 675 5810 9815 6200 8493 17059 124 8072 0081 53973 1406 925598
6 2 6 9 5121 97 12 1 5 17 0 2 9 1 57 9 8 1 4 5 3 002 62 45 9 6 04 66 83 665253 120 8723 094
123 523 7 9 84 8 9 25 94 0 1 00 887 1219 19 7317 82 4 914 74 1004 92 0 4 1280 50 115 12 9142 8262 8812
62380 9565 03915 8710 5920 8 0 10 78 15178 915 8315 9819 0115 9413 12295 144 2642 5312 50213 5155 158196
9 2 3 6 0820 45 95 8 9 90 9 5 9 7 99 9 4 1 4 3 1 112 40 57 9 8 28 16 25 604268 194 6157 787
163 107 9 8 12 7 7 02 85 4 9 02 948 8917 19 3000 15 9 702 94 8215 12 8 9 1207 12 485 10 9945 4719 1319
1 2 9 4 8681 48 72 4 5 30 6 2 9 4 98 0 6 1 8 4 0 916 80 78 6 8 83 69 23 480283 124 8023 563
125 135 3 4 02 7 2 12 76 0 1 06 988 1814 12 0314 66 2 912 84 2815 19 3 0 6289 15 405 18 0742 0712 2712
72046 1335 59215 0712 5002 9 0 82 98 02876 715 8982 9822 4850 5403 62085 105 5030 4952 83291 9153 680178
1 2 6 0 5723 45 17 5 4 22 0 2 7 1 28 9 2 5 0 6 1 969 12 65 8 0 74 12 21 392025 024 6133 540
55 173 0 9 12 7 4 18 99 2 1 41 707 1113 05 2510 76 4 605 14 4638 00 6 5 9244 42 418 12 2135 0762 8926
12313 5025 04675 0900 5171 3 8 18 58 12102 889 8712 9082 1210 5490 17615 304 9744 4388 99663 5493 605199
8 9 3 4 5133 44 50 7 0 12 9 0 0 9 88 9 2 1 4 0 6 910 65 49 9 7 20 19 23 098677 980 9343 506
089 873 5 0 89 0 0 88 39 0 6 68 970 0214 15 2614 22 4 974 84 2265 98 9 4 6229 17 435 65 2055 8712 8921
12319 1974 60816 8721 5006 0 9 82 58 88149 815 8746 9818 0095 5483 72218 176 5107 9313 53237 2150 925894
8 4 0 6 5127 45 40 5 0 99 0 2 4 1 00 9 4 1 8 4 8 980 14 45 6 8 60 42 23 891298 192 8333 754
123 822 5 4 19 8 8 89 84 0 1 52 924 9010 15 8319 90 4 911 07 1917 09 3 8 9080 92 415 14 9175 8314 8982
13413 9605 33245 0719 5820 3 5 12 68 62202 416 5999 0518 1214 5510 16915 199 5704 0388 06793 9155 825899
3 2 3 5 8821 45 88 5 5 61 8 1 5 1 28 9 6 9 7 5 9 817 06 08 9 8 28 87 90 890703 624 0183 446
153 040 5 8 02 8 7 92 09 9 1 42 085 1545 15 2300 18 4 469 34 1215 82 3 9 1288 58 046 16 2100 0735 8917
12016 1105 56714 8817 0884 3 9 17 08 92073 895 7907 9742 7215 7413 12210 123 6304 0902 53213 3157 539107
1 0 3 4 8323 55 70 8 5 59 9 9 3 3 88 9 9 9 1 5 1 982 12 65 9 8 24 12 20 891026 125 9109 506
057 082 0 6 10 8 5 02 87 8 1 82 987 8680 15 7016 12 4 916 74 5215 10 6 5 1280 12 085 10 2145 8782 6914
94318 8740 06350 9630 9821 3 0 52 93 12105 816 8980 9318 1074 5090 17635 080 2134 5315 13624 0153 128108
1 6 3 0 5143 46 36 5 0 52 8 2 9 1 50 0 0 6 4 5 4 917 12 05 9 8 22 42 70 929928 894 8168 550
143 000 8 9 09 8 2 47 77 3 3 92 187 2276 19 7614 19 7 972 10 1210 12 3 5 5589 12 400 12 6129 8212 6017
12333 1838 18988 7502 5127 3 5 62 50 41102 819 9512 5012 0415 5480 58025 604 5948 5114 04019 0153 935018
3 1 0 4 5128 61 12 8 5 12 4 8 5 1 28 3 8 1 4 5 8 946 82 46 9 9 24 67 03 891920 144 0153 256
104 020 5 9 92 8 2 15 85 8 9 02 959 1206 16 5314 99 4 519 17 7217 82 8 7 0299 00 560 10 3895 8070 0572
42077 7405 10395 8718 5121 3 9 12 99 96132 885 8912 5432 5910 5713 12019 127 5104 5312 43259 0153 949697
9 2 1 2 0123 48 12 5 5 07 9 2 4 1 28 8 2 1 7 0 1 912 35 49 8 9 24 42 11 895223 753 8124 506
807 403 5 9 18 8 0 16 39 7 1 62 989 4974 15 8379 92 1 912 18 9617 10 6 3 2289 15 495 02 2750 6716 8112
05013 0125 13017 8702 5493 3 0 62 00 94632 815 8735 5193 7247 5479 34219 320 9234 5302 56243 9453 154198
1 2 6 4 5064 45 19 4 6 12 8 7 9 9 29 9 7 1 8 5 1 912 83 40 8 3 25 03 23 981323 924 8113 856
121 103 5 5 12 8 2 80 89 0 7 82 601 8215 47 8311 18 4 518 04 1155 12 3 9 7119 17 495 09 7175 6715 8910
14312 1135 13295 0615 5118 5 6 16 78 40190 800 8012 0912 1015 5417 14065 104 9400 0372 33216 8357 000497
1 2 3 4 5923 45 92 9 8 10 8 2 0 1 24 9 8 8 4 5 1 812 19 05 9 6 24 12 27 698220 629 8023 506
125 623 5 9 12 7 6 82 39 5 0 74 980 3214 16 4314 02 9 998 14 5765 52 3 6 7286 02 276 13 2440 3714 9900
62613 1139 18206 0705 5030 6 7 18 78 71792 815 7970 9607 4215 8423 12595 824 5434 4252 53313 1195 150188
1 0 6 4 5113 35 12 7 4 16 7 1 6 2 25 9 9 8 4 5 9 792 30 43 0 8 74 40 24 498923 824 5503 058
624 023 5 5 75 0 5 02 09 8 6 82 987 1264 15 7019 50 3 912 04 1085 88 3 5 1282 12 410 06 2025 0773 9067
12310 3135 03317 8840 5129 6 6 12 48 32627 965 8972 9852 1618 5713 16015 880 7134 8838 63206 7853 912463
9 0 3 7 5123 45 14 3 8 88 6 2 0 4 48 2 0 7 4 7 1 902 97 75 9 0 70 42 63 806208 424 8126 650
58 128 6 9 50 9 2 14 19 5 1 80 982 5814 15 2384 12 4 615 88 5010 47 4 5 1708 17 384 10 2075 0012 8912
90853 1883 13270 6928 5101 6 0 35 98 03008 805 0910 0867 4945 9400 12709 147 6554 9016 54283 8995 915802
9 0 0 4 5123 44 12 6 5 17 9 6 9 1 25 9 2 1 3 5 1 912 14 40 9 8 24 32 23 805203 166 8676 336
153 123 5 0 12 7 2 12 49 6 1 88 987 1114 15 2958 92 4 017 18 7185 10 9 5 1289 02 413 18 2944 7010 6888
98313 1633 14285 6612 5979 3 0 12 98 12092 615 8069 4919 1417 9473 12215 194 9434 9802 53647 1183 126158
1 7 3 7 5923 45 12 5 5 26 9 2 7 0 06 9 2 4 8 5 1 812 95 45 0 7 24 12 93 844228 126 8724 546
103 813 2 9 43 4 2 80 80 9 8 00 279 3016 05 4324 72 4 812 14 1404 66 8 5 1689 16 145 12 2145 2002 2929
52363 4175 19910 6712 5087 3 5 12 08 02122 815 7974 7812 0727 4433 16295 124 5613 6092 53216 1053 120008
0 0 1 8 6153 45 19 5 5 00 9 8 5 1 28 7 8 1 3 9 1 942 52 95 9 8 24 36 90 881523 054 0827 506
523 123 3 9 62 9 5 12 79 9 5 01 987 9219 15 2317 62 6 910 14 1213 62 9 5 1289 02 868 82 2905 3792 9964
12763 4437 16217 8995 5323 3 5 16 98 18903 875 8695 9610 8267 0313 52253 197 7144 2472 63817 5972 185197
1 2 3 9 5108 47 12 5 5 89 0 2 1 1 20 9 2 1 8 5 1 912 09 05 9 0 24 72 23 891223 164 8920 559
730 063 2 9 07 8 2 12 95 7 3 22 052 1004 12 0313 78 4 712 07 7289 12 3 8 8239 19 515 10 2076 8712 8912
34983 1180 63260 0719 9120 3 6 80 08 50142 835 0910 0815 7215 5413 35249 424 5134 4062 65913 5593 107974
9 0 0 7 5126 95 59 5 2 82 9 2 6 5 68 9 2 1 4 6 1 002 12 45 9 8 27 04 09 003633 727 8198 400
063 123 5 9 10 8 2 80 89 9 9 82 997 9204 05 8699 94 0 912 19 8080 12 3 5 0289 02 415 10 2430 9782 4972
14643 1674 19218 8904 6326 3 5 90 98 82882 505 8659 0708 7270 5114 32215 099 9584 5902 03233 1153 525197
1 2 7 4 0920 45 82 5 5 12 3 2 3 1 22 5 2 1 4 0 1 915 66 40 6 0 98 12 73 841153 623 8809 606
124 103 4 9 12 8 6 82 00 9 6 89 982 3217 15 2394 43 4 916 17 1254 12 3 5 1580 12 414 88 0348 8562 0917
10378 0176 51012 9712 1061 9 5 12 50 82188 815 8604 3882 8319 5418 18515 824 9000 6702 56003 1153 185198
1 8 8 4 9033 02 12 7 5 14 9 1 8 1 28 9 8 6 4 3 3 916 08 45 9 4 04 22 57 894223 086 2823 000
020 024 5 9 12 8 4 42 89 0 6 88 985 1057 04 2984 12 8 562 14 9215 17 7 9 1249 12 415 10 9575 6712 8012
15313 1135 53216 5715 5145 7 5 17 68 18187 860 9912 0410 9210 5210 12415 105 9134 0512 93903 1363 649148
1 0 3 4 5873 46 12 4 8 00 9 6 5 6 74 2 3 2 4 5 0 952 02 45 9 8 24 09 47 841220 124 8020 537
193 480 3 9 19 4 7 02 89 7 1 86 767 8914 40 0318 16 7 762 14 1417 12 3 5 3286 12 477 72 3179 5312 8750
12863 1175 16215 8752 4121 3 5 96 86 02799 818 0412 9802 0204 5007 72215 828 9140 6318 03553 9158 189108
0 2 8 5 5166 45 22 5 0 02 9 7 7 4 08 6 2 5 4 5 1 712 12 90 8 5 90 62 73 468223 354 8305 045
743 123 0 9 89 7 2 80 49 5 1 82 997 0216 15 2377 92 4 902 14 1808 72 5 2 1285 60 710 17 5107 6710 8006
82093 1536 63218 9718 6151 0 3 18 56 12567 898 8902 9562 1750 1713 02908 207 5934 5910 03273 6870 191698
1 2 3 4 5573 48 10 6 3 18 9 9 5 1 23 0 2 6 0 6 2 695 10 45 9 8 28 16 90 861565 575 8157 956
998 523 5 9 62 0 2 12 86 2 1 60 077 1617 10 2714 10 6 942 18 1218 12 6 6 1879 16 413 19 2177 0303 8909
79489 3435 43213 8022 5171 3 4 00 66 52182 805 7622 8815 1095 5003 82270 844 5139 5719 00583 1850 440197
0 5 0 4 5004 73 02 6 6 02 5 9 9 2 87 6 2 1 4 0 1 782 52 49 9 8 24 70 23 429065 604 8128 550
34 420 6 4 12 0 5 15 80 0 9 02 657 9257 15 2304 52 7 012 18 1485 07 0 5 6289 12 007 12 8144 8719 8712
32313 1634 18215 8389 5125 3 8 12 64 87192 818 4950 9810 1270 0017 11705 723 5582 5392 53214 4093 660099
0 8 5 0 7163 45 12 5 5 14 9 2 0 6 29 9 2 6 8 9 1 015 12 48 9 8 54 12 27 896223 710 5129 497
120 103 4 1 42 9 9 05 82 8 6 82 587 7714 14 2605 18 4 908 69 1225 95 3 6 1282 10 892 12 6166 6718 8232
12216 1135 01310 8512 6160 3 5 16 98 12590 855 8904 3064 9219 5480 22768 930 4139 5371 53213 8703 956598
1 2 0 9 5128 02 02 8 5 12 9 9 3 1 25 9 6 6 4 5 7 887 92 45 2 8 24 32 23 891066 884 8776 706
026 131 3 9 52 8 8 02 89 7 0 32 390 9285 05 7010 62 4 910 10 1915 17 5 4 1889 18 465 19 8195 8708 8918
49780 8177 17589 8578 0721 9 5 13 78 84256 705 7612 8810 2245 5374 04215 122 1158 5802 93210 7538 123399
6 6 2 5 6803 83 12 5 0 02 8 9 8 1 20 4 2 1 9 5 1 432 52 45 7 4 24 19 33 293123 664 8833 951
726 198 5 9 09 2 2 12 88 0 1 85 980 1000 36 4912 16 4 810 18 1205 22 6 5 0288 15 099 09 2341 8707 5990
62383 7109 83212 8719 5771 7 8 12 64 90062 917 8014 9380 1285 5713 12640 288 8774 5317 39210 1159 109096
1 2 0 7 0229 40 12 0 2 16 9 0 4 0 28 9 5 1 0 5 1 019 12 46 9 3 20 82 83 891022 128 9405 506
123 109 5 5 17 8 2 37 89 5 0 82 377 0910 95 0358 09 4 412 18 7159 36 8 5 9739 12 945 53 2142 8096 8102
40393 0860 10765 8870 5989 9 8 07 12 16192 315 3312 9202 0915 7463 12011 609 7134 0858 03975 2183 995808
9 4 3 8 0576 85 11 5 5 14 9 2 8 0 28 9 0 5 9 3 8 964 58 45 7 7 28 80 26 891279 124 8901 639
167 623 5 9 17 8 0 19 09 9 1 83 760 0509 15 2385 32 9 612 19 1779 64 3 5 1257 46 418 40 6767 6532 8912
42393 6150 49678 8710 5898 3 7 96 91 99682 414 9924 9812 6515 8419 32213 144 4134 5302 53057 7869 085198
1 2 3 4 5208 20 12 5 6 12 9 0 7 1 08 9 2 1 0 5 9 920 14 26 4 8 34 12 25 891913 127 7123 589
089 103 1 0 12 0 9 07 83 0 1 82 987 7014 05 2794 56 4 992 14 9218 10 2 0 8080 19 415 62 2177 8412 8766
12843 1135 19117 9789 5126 4 9 28 78 30489 808 0229 8805 9117 5412 68560 034 5039 5312 64317 1159 129200
6 0 3 7 5183 40 17 4 5 19 9 2 6 1 28 6 2 1 4 3 1 978 19 98 7 5 50 32 27 071929 420 8423 756
120 926 0 9 62 8 2 24 89 9 0 80 980 1054 15 0914 25 6 989 19 1816 95 5 0 1889 75 408 12 7147 2802 6912
42514 7145 43267 0712 3193 3 9 02 90 12162 802 6702 9814 5015 9007 02915 104 5130 0308 00813 1193 867048
0 2 8 0 4111 95 12 5 8 16 9 7 8 7 00 9 9 1 5 8 1 915 92 75 9 8 24 82 53 869023 354 3123 550
727 473 1 9 16 6 2 16 70 8 0 87 077 7014 95 2914 16 8 996 14 8215 19 3 5 2388 92 605 14 2145 0772 2914
89313 1035 53214 8612 7800 5 0 59 98 82142 965 0610 9856 1615 5017 34609 164 8134 6297 29933 0058 005120
3 0 9 4 5153 45 30 5 2 15 6 3 5 1 78 7 0 1 4 5 1 912 12 75 9 5 23 12 26 856783 744 6123 557
413 229 5 5 62 3 8 10 84 6 1 75 977 1015 15 0024 89 4 912 78 5005 58 3 6 1209 15 469 00 2797 9017 5912
65589 1605 18765 8017 5427 7 7 24 28 12902 880 8452 9518 7012 5493 72510 129 5184 0042 34273 1183 120195
1 0 3 6 7826 42 32 7 9 02 8 8 0 1 48 8 2 9 4 6 1 810 88 77 9 8 74 00 23 391202 994 6123 557
123 101 7 7 12 8 2 12 00 5 9 87 980 1216 95 0314 28 6 482 46 0215 07 3 5 8969 72 415 37 2438 8702 0902
50963 5457 12675 8709 5121 3 5 07 90 09900 719 1998 8890 1225 0013 14715 124 9137 5312 69283 1254 159090
6 7 3 4 9723 40 27 9 5 12 7 9 3 0 99 9 2 1 4 5 6 712 19 47 5 6 24 82 73 830293 404 8123 556
93 113 7 9 12 8 2 12 39 8 0 82 907 1875 75 2394 19 4 912 58 1510 13 3 0 1889 10 080 17 0172 5257 9989
86053 0395 13514 8712 8421 3 9 02 37 12112 316 5912 9617 1205 5903 18015 174 5134 8315 85873 9150 805068
1 2 3 0 8132 90 72 3 5 62 9 2 0 4 28 2 2 1 6 9 1 692 90 80 9 7 24 92 93 696973 244 8123 756
023 999 5 0 12 8 6 02 89 0 1 00 180 1484 18 2364 77 8 917 96 0586 12 0 5 1689 47 484 16 6649 8012 7952
12313 5135 53715 8265 6591 3 5 05 68 52968 800 0902 9882 1217 6413 08288 175 0335 8412 60616 1558 525594
0 3 3 4 5160 45 92 5 0 77 8 2 8 0 22 1 4 1 4 9 1 630 32 85 8 0 29 42 23 891263 878 8955 556
198 829 5 9 05 8 6 12 55 9 2 02 683 8214 80 2314 12 0 977 15 5205 16 3 7 7440 12 710 06 2745 7772 0922
10363 1839 89905 5715 8121 3 6 42 96 42752 895 1312 9602 2275 5024 18808 124 9630 3672 78283 1653 155692
5 2 3 4 5787 44 12 6 5 12 4 8 6 1 76 9 0 1 4 5 5 986 02 85 9 5 74 82 27 891013 024 8023 555
127 943 5 9 56 9 2 12 99 4 1 90 482 1206 85 8364 86 0 902 10 1914 12 3 5 1688 10 455 92 8100 0867 0715
47409 1095 13419 8910 5921 3 6 12 98 19482 000 7979 8002 9015 4599 12055 134 5100 5312 53473 5155 025638
1 2 3 0 5629 33 12 0 3 12 9 2 0 8 97 0 2 1 4 5 1 010 50 48 0 8 74 11 29 871410 729 8229 506
960 166 5 0 19 0 6 12 80 6 0 09 487 1710 98 2908 19 4 010 74 0214 12 3 9 1280 05 911 57 2365 3717 0719
12323 5738 48215 5616 5027 9 6 09 88 15147 810 8819 9810 1210 5493 10115 124 8134 5362 52648 1173 125868
6 9 3 4 5724 45 46 5 9 18 9 2 2 1 28 9 6 8 2 9 3 502 12 65 9 8 26 17 07 091265 176 8193 566
123 373 5 9 15 8 9 12 69 5 4 88 980 7213 15 5010 92 4 752 14 8015 12 0 5 6249 17 415 12 2175 8612 5192
42113 4145 28085 8612 7121 3 0 32 08 19892 910 6961 5650 9678 7269 69256 579 5020 0354 53215 8466 825109
1 3 7 4 0103 40 16 9 0 12 9 3 8 9 98 0 0 1 4 8 1 912 38 43 2 8 97 82 62 991227 114 8103 567
183 126 6 7 52 8 8 02 99 0 1 84 917 4290 19 2104 35 9 912 15 9015 16 9 5 4389 89 945 12 2175 6790 8617
52060 9305 93249 8773 5626 7 5 99 78 14595 615 0818 0810 7213 5643 98210 814 5604 8380 50819 1080 175805
0 2 3 5 5781 06 12 4 5 11 9 8 4 0 08 9 2 0 9 6 9 010 12 96 9 8 64 19 03 878920 164 8128 550
123 129 5 9 18 8 2 12 86 8 0 68 827 1114 16 2774 30 4 972 10 0775 14 3 5 7100 19 615 10 2045 4772 8918
12387 5135 10716 8803 5029 3 5 18 90 12792 815 8016 3932 1285 0013 12215 704 9588 5780 53268 1103 105298
7 5 3 0 5565 40 58 5 5 12 9 2 1 8 08 9 2 1 4 8 1 982 04 43 9 6 64 18 25 870273 924 8669 739
100 153 5 9 01 8 7 10 09 6 6 01 980 1904 15 2364 12 6 900 65 8015 02 9 5 1996 12 412 12 2148 4812 0706
18393 3671 13468 8712 5120 7 5 12 98 10172 869 0962 8249 7715 5413 16250 824 5184 5912 53213 1599 095797
1 2 7 4 5863 05 12 5 5 37 8 7 6 1 08 8 2 3 4 9 4 199 12 45 4 4 79 19 08 998223 129 0027 576
123 173 9 9 12 6 4 12 82 6 1 88 989 1713 27 2806 92 0 003 16 1207 10 1 6 1289 40 715 55 2155 8012 9973
02856 1548 61091 8542 4125 3 7 19 99 78102 814 8915 9977 9284 0713 04575 104 0734 6319 53283 1197 125100
8 2 3 9 5124 96 49 5 5 62 9 0 9 8 27 9 2 1 9 0 8 580 12 47 7 3 24 12 83 989521 420 7173 155
068 170 5 9 99 8 6 19 99 9 1 04 586 5284 65 1318 12 6 432 17 7255 72 4 0 1380 66 450 68 2905 8714 8916
12614 1199 15215 0716 5121 5 5 27 98 12196 809 8916 9800 3272 9419 12035 905 5170 1612 59689 1653 105160
5 9 3 4 5198 48 15 5 5 19 0 2 2 6 64 6 6 1 4 5 6 900 92 48 9 8 24 87 23 040724 119 8653 956
56 888 6 9 57 1 2 59 67 0 6 84 787 1200 10 0364 13 4 912 14 1099 12 3 5 1085 12 679 92 4445 8082 8947
12386 1375 93950 8782 0200 3 0 12 95 16100 874 0978 9802 7117 5410 02214 124 9337 5339 59203 9996 100148
1 2 3 5 0138 98 42 6 4 12 3 9 8 1 28 9 4 5 4 4 9 132 89 65 3 0 92 07 27 801263 194 4760 755
177 752 5 2 66 8 2 78 89 0 9 82 900 7214 86 0425 93 5 545 02 5098 97 3 5 6077 12 415 12 2188 8837 8482
12013 1915 17209 8700 2489 3 0 14 97 12872 065 8717 0819 6050 5813 14279 758 5139 9012 63413 1153 175588
1 2 8 4 5020 55 31 5 4 19 4 2 8 0 28 0 2 9 4 5 1 417 02 95 6 8 64 12 23 891223 126 8820 807
525 223 9 9 50 8 2 28 76 6 8 98 987 1584 09 8084 38 4 912 37 0095 42 4 5 8279 15 425 15 7345 6762 8412
94413 0235 73255 8757 5126 3 0 12 98 16020 877 2902 1011 0810 5413 08510 874 0143 5012 54960 8753 800198
1 9 3 4 0823 45 14 6 0 32 9 9 8 5 94 9 7 1 6 5 0 912 10 70 9 8 76 19 23 421200 824 8820 954
833 125 5 9 15 4 2 42 87 9 1 96 087 1218 16 2884 75 7 918 14 1935 92 0 0 7268 18 915 13 2005 9778 5914
82313 1135 83270 7758 5621 3 5 73 98 54903 865 6912 8812 8312 5853 11205 494 6134 5382 70846 0156 100199
1 2 7 4 6103 45 02 0 3 02 0 2 7 0 29 8 2 7 7 5 1 802 12 45 0 0 47 82 28 891063 098 7023 550
673 920 5 9 17 0 6 48 89 5 2 52 680 9280 15 0017 12 4 013 14 1615 57 9 5 1289 15 570 13 4195 8814 8937
52314 1150 10819 8002 5041 3 0 03 77 36066 815 3908 9712 9218 5783 14115 100 0138 8382 93004 9153 145198
1 9 3 4 0023 65 12 7 5 72 9 2 4 9 88 3 2 7 0 0 1 942 87 05 9 8 99 87 45 631540 709 2125 550
129 093 5 9 02 8 5 12 87 7 5 82 858 2816 10 0314 02 4 716 08 1658 02 8 5 5889 82 215 12 2376 4790 5912
82513 0537 19867 0788 5722 3 5 12 72 51162 519 8926 9872 1509 7410 98210 474 8139 5369 53833 1158 225174
8 8 0 5 5123 46 50 5 0 19 9 2 0 5 02 8 0 4 8 5 3 992 17 45 4 2 40 10 20 808047 177 5123 557
157 735 5 9 62 9 2 12 77 9 1 59 974 1917 19 1008 17 4 418 18 7535 72 6 4 5289 52 744 02 4560 8713 9910
12315 1937 33829 0922 9146 3 5 12 99 10458 703 5912 9805 1219 5703 15985 124 0830 5319 53083 1463 125198
1 2 0 2 5188 69 60 5 0 05 0 7 9 1 98 9 2 1 4 5 1 817 82 95 0 0 70 04 03 296206 154 8593 577
724 902 9 9 92 0 2 12 88 8 1 86 989 1219 19 2355 12 0 519 25 1215 89 3 5 1589 92 415 02 2347 9702 3922
18319 1136 49270 4782 4221 8 5 12 78 98160 815 7902 3818 7215 5419 12913 756 6694 5062 99810 1158 929099
1 2 5 9 9123 28 98 0 8 12 0 8 9 2 28 9 0 6 4 5 1 552 42 25 9 8 70 19 16 821920 124 8123 906
189 133 9 8 13 7 2 19 60 0 1 82 902 1226 62 0484 10 0 002 16 1815 18 3 8 2238 62 815 92 8140 5610 8002
86384 1100 33215 6712 0841 2 4 10 98 12952 819 5312 9806 1263 5450 99215 024 9574 3582 93113 4753 335196
1 2 5 8 5825 95 00 9 5 20 9 9 6 1 28 4 2 1 4 5 5 999 32 37 5 8 00 10 23 814220 993 8703 556
223 026 0 9 02 8 0 82 89 6 7 00 980 1514 60 0314 12 0 940 16 1215 19 9 6 8279 26 810 17 2915 9739 8912
10980 0135 10215 3702 5121 3 5 10 96 17702 805 8919 8012 4865 5450 02204 128 5784 5403 43863 3953 154898
6 2 3 1 9123 33 72 5 5 66 9 2 4 0 27 7 2 0 5 5 2 512 46 00 8 8 27 32 23 041224 133 8063 580
823 069 8 8 92 7 8 20 09 7 7 87 986 1210 15 6318 09 7 912 15 1215 12 3 5 4408 94 473 15 8185 0060 5918
62210 8136 43215 9042 5021 6 5 12 98 82190 810 6914 9892 0215 9400 44217 101 5834 5859 55814 1193 121178
7 8 9 4 6123 09 52 5 5 05 6 2 8 3 28 4 2 5 9 2 1 910 17 64 9 7 34 18 54 808273 260 8332 056
59 101 5 9 14 8 2 92 89 0 1 42 988 1213 15 2317 19 0 916 10 6915 10 3 0 4299 98 411 92 7842 8710 8687
12306 3747 10215 8776 9621 3 1 12 88 12162 775 8706 6872 1218 3015 19235 100 5332 0019 53841 1043 827886
3 5 0 6 6593 55 08 9 5 90 9 8 8 1 88 7 2 7 4 7 9 417 32 50 2 8 54 26 23 801269 789 6194 759
953 123 5 9 12 8 8 98 69 0 5 89 988 5012 65 2307 90 4 902 98 1295 22 3 5 5239 60 918 02 2190 6799 0942
19310 9085 73085 9659 0428 3 5 82 98 02887 810 8016 5899 0010 9499 00297 734 5134 6317 33704 4155 485198
6 2 3 4 1727 45 92 0 0 98 8 2 3 1 30 7 2 1 4 5 1 892 80 80 0 0 20 12 23 857603 177 8256 550
161 005 5 1 16 8 0 10 50 3 6 40 058 1214 10 6374 02 0 992 88 4077 98 1 5 1589 19 915 13 2245 8710 8812
12743 1005 70210 8019 8021 3 5 57 98 47172 159 0992 6450 1515 8483 12118 024 5834 5992 28213 1056 828892
9 2 5 2 7173 45 60 5 9 80 9 6 2 1 20 6 8 1 4 5 8 912 68 05 3 8 64 15 23 960623 120 0630 553
823 692 0 0 39 9 9 12 86 7 1 92 988 6288 15 2314 74 4 502 13 9215 68 4 5 3079 37 478 48 8075 9737 8912
19356 1072 03075 6782 5405 3 7 00 97 18142 808 8988 9077 7649 3013 19275 174 0130 8570 53643 2698 105098
1 3 5 3 9829 43 16 5 5 42 2 1 0 0 22 5 2 5 4 3 0 292 17 45 7 7 24 12 63 801203 827 8126 565
186 123 5 9 25 2 0 52 69 4 0 76 999 3407 15 8043 02 4 948 92 1130 97 9 0 1609 02 118 83 0078 8702 3986
32313 8534 17005 5719 0171 8 5 10 96 12986 812 8999 0912 1875 5984 43765 124 5064 5894 73013 9153 995198
1 9 3 0 0030 45 08 5 5 12 8 2 5 1 68 9 0 1 4 5 5 970 72 45 6 4 64 64 23 391223 124 0920 565
963 803 5 9 68 9 0 16 99 0 1 44 953 1015 05 2334 52 9 218 54 1715 17 3 0 9289 32 030 62 2130 8710 4862
12316 0686 03700 8782 9065 4 5 19 98 17670 417 8532 9816 8005 5490 32616 124 5120 7217 53010 1153 129123
8 2 3 9 5823 85 15 5 0 12 9 9 0 1 20 9 5 2 4 5 1 402 22 46 9 8 24 82 03 791063 258 8320 555
193 168 5 7 15 9 8 32 49 6 1 82 987 1778 18 2812 11 1 012 44 7715 42 0 4 8279 82 092 32 2545 0012 1914
02868 1835 13215 0838 9161 3 0 82 98 69108 060 8930 8812 0210 4733 02215 124 3634 5315 53213 0153 171798
0 2 9 4 0123 47 22 5 5 12 9 0 0 1 46 9 2 1 1 9 5 662 19 37 3 5 24 10 80 092623 827 8623 099
123 125 5 9 82 9 7 92 28 6 1 81 397 7044 95 3610 70 8 982 17 3690 12 7 6 1285 12 000 10 2045 6792 0918
16793 5863 83204 8713 8421 3 0 82 99 12102 415 8917 9814 0210 0310 95905 124 3134 8412 53227 1159 495809
1 2 5 6 5923 20 19 6 5 12 0 2 7 0 28 9 5 1 0 5 9 922 05 45 9 8 20 12 24 891093 106 8128 895
123 125 5 0 12 8 2 53 89 9 9 82 987 7214 19 2012 08 1 912 01 1014 12 4 5 1580 12 835 45 2106 8776 7319
62346 9187 03215 9585 5180 6 0 43 90 06238 096 8912 6812 1265 5823 10225 004 9138 2812 43213 4407 193878
6 2 6 8 1002 41 02 7 8 62 7 0 0 1 78 4 4 3 4 1 1 518 10 45 9 8 26 12 33 091745 180 8163 556
077 028 5 9 00 6 2 00 80 6 1 02 387 1644 75 6034 17 4 119 48 8287 52 5 3 6089 12 215 62 8645 2919 8002
04013 9735 13275 8702 0827 3 5 98 08 10109 800 5682 0060 8215 5313 18269 174 5137 5313 53016 1083 640598
1 4 2 4 0123 95 86 5 8 17 6 2 8 1 08 5 2 9 8 5 1 910 13 40 6 2 24 51 29 091793 304 0228 356
170 423 7 2 13 2 2 12 99 6 9 89 906 1215 85 2718 18 7 972 28 4206 92 3 8 1887 12 455 60 9015 6718 0912
00615 7838 13718 5775 5121 9 4 72 88 22172 895 3312 9816 1905 5403 19012 124 5953 5482 54813 9173 125598
8 4 3 9 5020 60 16 3 9 12 9 0 7 1 16 9 2 9 4 2 7 992 72 55 6 8 44 82 23 777723 026 8884 504
18 173 6 8 12 0 2 72 69 0 1 48 927 1214 90 2314 12 4 912 82 1217 89 0 8 1857 12 095 16 2145 8782 0916
12380 5136 03210 8715 5150 3 5 12 95 71132 718 7952 9220 6215 5443 92816 127 5034 5118 03234 4170 969198
2 2 3 4 5170 45 16 5 0 13 7 9 1 0 28 7 2 1 2 5 9 916 58 25 4 9 24 82 26 800220 124 8003 558
389 123 9 9 12 8 9 12 09 4 9 66 177 9214 00 2704 22 5 942 10 1478 18 3 5 3089 23 406 29 4095 7728 8912
17383 0136 03479 8086 5120 0 0 22 20 12056 815 8922 9804 1818 5066 82002 129 3170 5302 53230 1193 160928
1 2 9 4 7727 95 72 5 8 19 3 9 1 1 28 8 0 1 6 5 1 912 18 40 4 4 04 08 48 894253 026 7023 954
156 987 2 6 52 3 2 16 80 0 1 85 987 7714 08 0814 92 4 819 02 0218 12 3 8 4051 70 411 18 4645 8706 9515
12616 0135 13208 8758 5523 9 5 16 38 70062 915 6902 3863 9015 5403 71915 064 2100 5019 63213 0853 176800
6 9 3 3 6833 40 12 5 9 81 3 1 5 1 28 9 7 5 1 8 5 512 62 45 0 8 84 10 73 731283 127 5122 556
823 139 6 9 72 0 4 45 87 6 1 08 007 7754 05 2313 19 4 612 55 4208 17 0 2 7689 86 812 19 9953 8702 8307
02483 8905 07265 7782 5120 3 6 67 93 19902 938 8956 9878 2995 6438 60210 130 9134 5022 53215 1854 335188
1 2 2 4 0120 49 14 8 5 26 4 3 7 1 26 9 2 8 4 6 1 892 12 42 7 8 64 98 27 849205 024 8083 386
822 123 5 0 87 0 9 19 59 9 9 00 897 1014 95 7419 18 0 060 74 1215 12 3 5 4589 10 088 06 1843 8702 8913
17914 9135 10215 5712 0171 2 5 42 80 72572 816 8622 9892 4219 5445 42235 924 5190 5080 03293 0420 925908
0 2 9 4 0105 93 92 5 1 00 9 2 4 5 20 8 2 0 4 5 1 908 13 95 4 8 04 76 06 891723 106 4755 556
990 793 0 9 12 0 2 16 59 5 0 82 860 4204 19 5714 12 4 013 14 1215 12 0 5 1019 15 414 21 2145 7702 9880
19873 1735 10275 8719 9311 0 5 86 28 10172 895 3780 9088 0293 6716 18205 700 5134 5382 55233 8400 165798
0 7 0 0 9123 45 12 9 6 72 7 2 6 1 28 9 7 1 4 8 0 515 10 45 9 8 24 82 27 849273 020 2198 551
023 624 9 6 52 9 2 26 29 9 1 62 790 0294 94 2394 16 4 912 19 1215 02 0 5 9789 52 635 17 2594 0112 8962
02317 8705 10215 9072 0186 5 5 19 98 15160 847 8980 4819 1012 9447 62215 128 8134 5012 68279 9668 125189
0 2 3 0 6128 07 12 5 6 16 7 7 0 1 58 9 2 1 4 5 3 982 38 49 8 0 24 99 90 601953 170 0120 580
022 023 5 9 90 8 0 09 69 9 1 74 088 8219 69 2316 20 2 688 18 1077 92 3 5 1689 18 422 62 2045 7618 4402
93313 8106 04215 5712 1101 3 7 10 98 92186 018 0012 0832 9212 3010 18849 104 1133 8832 40213 8182 920098
3 2 3 4 5825 45 72 5 5 80 9 2 2 1 28 9 7 9 4 6 1 592 12 08 4 8 29 12 29 098269 690 8883 386
133 528 2 3 62 9 2 10 69 7 8 06 930 9260 15 2314 12 9 719 10 6815 64 2 8 1276 10 070 68 0177 0729 6580
50480 0133 16515 8719 5429 3 5 12 93 12192 325 6992 7819 3915 5423 62635 194 5138 8672 51713 1467 585906
1 0 3 1 5174 45 12 5 5 16 9 9 6 2 28 9 2 1 9 9 1 918 12 45 5 8 82 07 93 862547 628 8163 746
923 123 4 7 19 7 9 19 79 0 1 82 935 1819 15 2392 48 4 033 67 1775 22 3 4 0983 12 415 72 5175 8812 8752
14043 1166 30275 8012 5201 3 9 19 38 03950 813 8301 9809 1915 5413 12212 820 5104 8895 53073 8953 350698
1 2 8 4 5993 45 16 1 9 19 9 2 7 1 30 9 1 9 4 7 1 972 12 42 9 8 63 50 23 640023 620 8133 406
529 157 5 9 46 8 2 00 89 2 1 82 680 0994 15 2758 18 4 914 34 0257 69 7 9 9009 17 443 02 2188 8919 7696
78353 1108 53275 9712 5108 1 5 84 98 12851 615 8313 9805 7218 5413 64775 607 4838 0358 57913 1189 025968
1 9 9 8 6123 05 12 6 3 10 2 8 0 1 25 0 3 1 0 5 8 010 12 55 4 8 40 19 23 895483 424 3404 056
18 120 5 9 09 3 2 12 80 0 0 83 896 1214 07 2304 10 5 911 49 4610 16 3 0 1040 52 415 10 8245 0712 8977
72073 0535 13700 4760 5191 8 5 82 50 12172 815 6896 9412 1215 6417 02415 924 5158 5312 55733 6191 165655
5 0 3 0 6509 55 92 0 5 92 9 2 7 1 28 9 2 6 8 5 9 912 92 75 5 0 20 12 83 198729 184 8123 538
330 138 4 4 80 8 2 04 80 2 1 04 580 1214 15 8394 18 4 912 04 1680 76 6 9 9289 06 417 17 9700 8762 8962
11050 5134 14216 8712 1162 3 9 62 08 50508 019 3902 9819 0225 9413 89939 004 5805 5812 58583 1070 180198
0 0 7 4 5123 95 92 5 5 72 8 2 7 4 20 5 6 4 5 5 8 652 22 65 9 0 24 12 63 991920 129 8309 556
123 103 5 9 52 8 5 12 09 0 1 80 930 1224 80 2306 09 0 012 17 9215 92 0 5 7609 10 015 84 6175 4012 8888
10779 1105 18275 0710 5847 3 0 72 98 02077 818 8313 9839 1275 5413 92428 529 0134 5912 78634 7653 776178
8 0 0 8 5123 49 18 5 7 71 0 0 4 1 24 9 2 9 9 0 3 910 82 45 9 8 20 02 27 800229 128 6223 543
103 123 5 9 90 0 0 08 85 6 1 09 994 7269 15 8391 02 4 966 93 1715 62 8 8 9689 82 410 92 2925 8792 6914
90416 1405 13210 7617 5161 5 9 12 08 10182 885 0912 8612 5274 5417 12716 126 0157 5352 54615 9155 125198
1 2 3 4 5123 45 17 5 5 10 6 4 5 9 58 4 2 0 8 0 0 912 12 92 5 8 10 53 46 691247 124 6399 936
073 669 1 7 92 8 9 02 89 3 2 82 099 1615 37 2694 12 4 919 18 5217 12 2 5 5289 66 855 13 2140 3742 8815
80313 1130 93215 8042 0189 3 5 30 95 08052 810 0912 3907 1294 8413 40915 090 6639 5910 53213 1150 128298
1 7 5 9 6463 87 12 5 6 50 9 6 4 8 28 9 2 9 8 4 5 415 12 45 9 8 94 92 63 898293 994 8143 500
746 420 5 6 14 7 2 12 94 3 1 62 997 6710 15 2214 76 4 712 30 1214 72 0 8 0829 12 785 25 8145 6792 8402
72313 1805 19348 8393 5951 3 5 10 98 82130 814 8699 9352 1605 0063 83915 194 5106 1312 63213 1603 125319
5 0 5 4 5053 05 62 0 8 18 0 2 9 6 28 9 0 1 4 5 1 968 05 85 9 8 74 87 23 891025 094 0970 656
753 820 6 7 12 7 2 74 89 8 7 82 954 1281 19 0034 52 4 982 84 0115 12 0 6 8289 04 408 02 2290 8072 8957
18613 1300 13078 7262 4351 9 5 22 38 87155 815 9970 9898 6215 8419 83599 124 5135 5303 53223 4153 335898
1 6 3 4 8673 45 27 5 9 12 0 2 3 1 98 4 7 3 4 5 1 042 12 05 9 7 44 82 23 890903 109 8439 550
756 841 5 7 12 6 2 19 04 3 1 55 998 9114 15 8009 10 4 002 54 6910 12 3 8 2289 06 445 10 2040 7707 5992
02313 1195 03213 8705 5070 5 6 83 08 92179 795 2777 4812 1513 5683 76985 144 0146 5370 53211 0153 022108
2 2 5 4 5164 45 16 5 4 12 8 8 4 4 92 6 2 1 0 5 1 118 12 75 9 8 86 46 76 681907 824 8528 472
823 924 1 9 00 2 2 68 19 0 2 81 387 1246 05 1324 12 4 982 10 8405 42 3 5 1289 12 435 13 7075 8713 4936
89333 1735 13265 0072 5167 7 5 12 98 18759 848 0012 9817 5219 5439 12007 434 0134 5812 57808 1553 120192
1 2 0 4 5065 87 10 4 5 73 1 2 7 1 20 3 2 9 0 5 1 902 18 50 9 5 24 12 23 091223 127 8887 890
728 509 5 7 10 6 1 59 97 6 9 88 799 1210 75 8399 70 7 872 04 1915 14 3 8 6279 02 413 62 2741 1235 9909
10313 1130 13265 8782 8809 8 5 14 20 57194 514 8802 9009 1215 2498 83940 180 5034 5716 93913 0153 174160
16743 7535 03299 2042 0769 3 5 02 68 79102 810 8512 9896 0209 5413 10015 121 5734 5678 83483 1483 115068
5 2 5 4 5529 48 13 5 7 15 6 2 0 8 08 1 2 6 2 3 2 709 78 00 8 7 99 80 29 891293 183 8216 746
427 177 8 7 02 8 2 10 89 0 1 92 486 1417 15 2004 17 4 002 74 9885 18 3 5 2052 16 010 02 2755 7602 3950
52373 6166 83235 7112 2181 5 5 72 98 62147 800 8992 9812 7099 5413 00375 172 5037 0392 63239 1159 125496
7 5 3 8 5198 05 12 5 6 12 9 0 0 1 86 7 8 1 4 5 1 952 60 45 9 9 54 20 09 801726 524 9163 568
50 129 5 3 76 8 2 99 00 1 1 53 687 8413 10 2394 00 4 912 74 1917 72 3 5 4563 80 415 16 9808 8782 8910
18719 7105 33255 0708 9780 3 5 92 60 19592 895 8912 9810 8285 5804 89062 144 5637 5008 05913 1533 690195
1 9 3 4 7123 45 59 5 5 69 9 9 9 1 28 4 1 0 0 5 1 077 72 47 9 8 82 12 26 391099 624 8120 556
123 523 5 9 12 8 9 10 09 5 1 85 307 0014 14 2374 10 4 010 14 4915 52 3 5 1009 82 013 02 2145 0812 0912
10570 9635 83815 6019 5746 6 0 06 69 10192 740 4212 9872 0293 0413 17215 128 5254 5782 69914 5753 685898
1 2 3 6 5223 46 14 5 5 34 4 0 8 9 88 4 7 5 4 5 0 992 10 05 9 0 25 18 25 871028 495 8123 558
723 109 0 2 12 8 2 42 89 2 1 69 978 1904 17 2974 72 8 918 86 4272 52 3 4 1099 42 415 10 9860 1872 6082
58013 5178 96445 8618 5129 0 5 02 95 12153 819 8912 8865 8680 9413 52297 924 4738 5312 71213 9153 125199
5 0 3 8 4190 80 91 5 8 12 8 3 9 1 95 5 2 8 4 4 8 919 00 45 8 8 21 02 23 651283 104 8029 551
829 103 5 9 32 7 2 10 69 2 0 06 484 6627 05 8714 12 4 812 16 0525 82 9 2 1684 00 420 74 2154 7752 8982
77970 9933 82218 7719 8788 8 7 91 88 00845 965 8318 9212 1210 8483 12299 704 5000 0932 90913 1100 755798
1 0 3 5 3820 44 13 5 0 19 4 2 3 1 28 9 2 8 4 5 8 999 12 45 9 0 25 92 93 859328 128 8720 606
126 183 5 9 12 4 3 12 89 0 7 92 877 2410 05 2813 72 4 710 16 1415 94 3 5 0289 12 415 52 0107 8914 6984
02313 7195 16278 3792 9168 5 5 78 09 19192 110 8018 9612 0237 5011 12519 324 0034 5310 53013 1958 121158
9 2 6 4 5523 45 40 7 5 12 9 7 5 1 23 9 4 8 0 5 1 912 82 05 9 9 04 12 03 990623 124 9193 256
183 107 5 9 17 8 0 62 89 0 0 04 970 4214 15 8364 67 4 838 65 0275 15 3 7 1289 92 815 02 9145 8916 8917
18063 0195 73215 8702 0021 5 8 12 06 15892 804 8982 9412 3415 5910 15975 044 5870 5352 53263 3857 127698
1 0 4 4 5303 40 88 0 5 14 6 7 5 2 20 9 2 1 4 5 1 312 52 30 9 0 64 08 68 878220 163 8027 916
123 122 8 9 12 7 2 80 88 0 1 82 072 8524 15 5386 92 0 812 00 2210 19 4 0 1299 92 416 62 8109 8712 9815
15417 9130 00217 8832 8181 3 5 12 88 30198 805 8692 9312 1245 5613 10212 094 5130 9318 50289 1153 067108
4 7 3 7 5128 40 49 0 5 84 7 8 8 1 28 9 7 9 7 0 0 010 10 45 9 0 44 22 03 801413 190 8863 546
083 183 5 8 12 6 9 06 59 0 3 96 997 1914 86 0010 17 4 592 87 1713 09 8 8 7269 50 715 82 8007 7792 8414
30342 1135 93605 0619 0528 3 5 62 98 12662 895 8592 2012 2615 0783 12294 920 5165 6396 03263 7190 125378
0 2 3 7 0125 45 56 9 5 19 4 6 4 1 28 9 0 1 7 1 1 804 92 45 9 8 23 12 21 894527 424 3660 788
183 843 5 9 26 9 5 03 89 7 5 89 344 1498 99 5228 12 9 082 12 0285 12 3 7 4209 15 085 10 0145 8758 6916
19046 1884 083 4 3193 99 17 0 5 10 9 2 6 2 33 9 6 1 0 1 6 950 70 45 9 0 04 74 20 897259 120 8103 556
483 813 2 9 70 8 2 17 80 6 1 52 297 0664 70 2304 12 8 572 14 1755 12 3 5 1259 16 417 25 6105 8419 6960
98582 1135 10015 8709 5191 0 5 10 98 80082 413 8912 0876 0269 5693 89675 606 0137 6912 03288 1159 302608
1 7 3 2 9173 04 12 8 5 92 9 2 8 1 28 7 2 1 4 5 5 019 12 45 3 8 24 17 46 891293 124 9160 047
128 524 5 0 10 0 9 12 89 0 3 82 987 5864 10 2714 92 6 572 04 9275 00 6 5 8287 83 000 16 0145 8712 8410
92073 0508 13215 9002 5621 3 5 12 89 12602 765 8991 7560 9235 7014 12916 028 6154 5385 99233 1155 025098
1 2 3 0 6963 45 12 5 4 12 9 2 0 4 27 8 2 6 0 0 7 902 12 45 9 8 24 00 40 861221 514 5623 554
125 329 6 9 32 6 2 92 89 2 9 89 787 9814 15 2823 12 4 913 89 1169 92 5 8 6280 72 565 02 0145 9680 0582
12083 1735 10015 8707 9120 3 5 62 76 02170 995 6902 9017 1748 0785 62093 624 5274 7990 53809 0177 119102
1 2 3 4 8323 05 82 8 0 18 9 2 4 3 20 9 2 1 1 0 5 812 02 98 9 8 24 70 89 830217 525 8153 156
39 133 5 8 42 7 2 66 86 0 9 85 987 7237 25 5344 12 7 912 60 4805 12 7 7 0287 18 850 00 2149 4579 0992
99551 1107 13278 8984 1198 3 9 12 69 72142 796 0010 9362 3215 5473 12288 165 7100 8115 53665 9133 759197
5 8 6 8 5127 46 92 8 7 17 9 2 0 1 28 8 2 1 4 4 1 869 99 40 0 8 34 02 06 011023 082 5176 555
183 120 0 9 12 6 1 92 89 0 1 92 667 8281 89 2314 19 0 022 01 1285 12 3 5 1980 17 414 15 2475 9715 9918
19003 1930 80218 8782 5121 3 5 58 58 50002 475 7035 9550 1595 8314 73600 124 5004 8342 69743 8113 979790
4 2 9 4 0136 45 92 7 9 14 0 2 0 1 28 2 5 6 4 5 9 993 14 60 9 8 74 18 33 799650 124 8128 556
076 178 5 9 10 9 9 16 79 7 1 85 458 1544 70 2084 92 0 916 15 1216 16 3 5 1289 79 410 17 0105 0165 4912
02507 7130 73394 8716 8101 3 5 12 09 12198 785 8957 0022 1215 8730 14260 124 9054 5312 58290 7151 175588
8 2 9 4 5823 45 12 5 0 17 5 9 7 1 28 9 2 0 4 5 0 019 19 65 0 0 56 92 13 891627 027 7199 084
123 147 5 0 52 8 2 12 09 7 4 95 189 1024 06 0518 08 4 032 84 1718 32 0 0 7226 12 415 73 9948 8709 4096
12077 0195 61215 0412 5121 8 0 18 30 72162 720 8952 9852 0410 9951 10200 835 5114 6310 63213 2053 878170
8 2 0 0 5920 79 62 7 5 82 9 5 0 2 28 4 6 8 9 5 1 902 30 40 7 6 44 82 23 099290 644 8123 574
023 123 5 9 96 0 2 66 58 9 4 00 590 7214 65 2394 62 2 092 97 0917 72 3 0 9209 39 915 62 2105 6710 9722
19910 1185 03210 8710 5258 7 5 10 98 12782 780 7980 8472 1205 0403 16217 024 9034 9012 83016 9150 829108
1 2 8 1 5186 84 12 5 5 16 8 2 9 8 59 9 3 1 4 5 9 972 12 49 9 5 44 40 26 895726 923 1226 550
153 691 7 7 90 9 0 46 89 4 5 62 980 4006 08 2361 92 0 962 10 0207 64 9 5 8769 82 924 18 2145 8019 8642
12399 1635 13745 8717 5031 9 4 67 48 72162 815 8912 0813 1219 5680 11255 404 5134 5060 78235 3164 145160
2 2 5 0 0129 40 92 9 7 18 8 2 0 1 00 6 0 8 2 5 9 829 10 95 9 8 24 42 90 890719 122 9123 756
129 183 5 9 17 8 2 82 06 7 0 48 534 6216 15 6318 19 4 912 04 0225 11 3 0 0589 60 485 66 2075 8718 3900
19313 0139 14905 8079 5009 3 5 18 79 15136 711 8912 6870 5579 0495 00295 824 5134 5919 95909 5100 125848
3 3 0 4 5943 95 19 5 0 12 0 2 6 7 28 0 2 9 9 5 6 919 12 45 9 5 24 68 73 941223 124 8306 356
450 523 5 9 72 8 5 10 79 7 1 49 983 1214 15 0518 94 7 956 58 1060 13 6 7 7606 10 786 12 6145 3770 8000
12331 5835 07690 8072 5929 8 9 06 98 70862 915 0919 9808 1215 5443 12765 524 9937 6510 86718 1153 648760
4 9 9 4 5620 99 20 2 5 16 9 2 0 8 28 9 0 1 4 5 9 912 98 02 8 8 74 12 40 009023 429 8120 556
100 505 6 4 12 8 6 62 39 2 1 31 108 1514 15 1318 82 1 012 14 9225 78 3 5 0189 82 480 94 2418 8752 8297
13613 1135 13210 6792 5123 4 5 78 98 47172 810 8512 9810 9910 5845 12216 093 9434 5582 43713 1103 985109
2 4 3 4 9823 45 07 5 5 32 7 3 7 1 06 9 0 1 5 8 1 893 12 05 4 4 01 12 29 691043 904 6180 957
163 682 3 9 15 6 1 62 89 9 0 56 989 1700 95 7712 02 9 912 18 0015 42 3 5 4287 86 465 09 0100 3705 9412
99868 9738 54917 6782 7101 6 0 12 95 10962 528 8928 9502 5285 7611 58280 185 5182 8312 69003 4153 128195

32819 0105 02217 8412 9154 3 7 10 98 02092 075 4980 2082 0205 5413 15255 157 8130 7305 09989 4053 985898
4 1 8 8 9179 18 02 7 7 34 7 4 2 2 26 9 4 1 8 0 5 918 13 48 8 9 26 19 03 990123 324 8100 204
123 173 6 9 16 4 9 37 00 0 1 89 961 0259 53 7714 56 4 917 60 5215 40 3 4 1249 14 024 54 7549 8514 9990
15716 6030 43268 8782 4921 3 6 20 78 02172 606 8099 3568 7280 5335 12214 857 4064 5312 03319 8153 123798
1 6 3 0 4539 95 75 5 2 19 6 2 9 1 47 9 2 8 6 5 1 019 16 75 0 8 29 02 87 891227 020 8128 556
07 843 5 9 49 4 2 12 29 0 0 82 989 1065 15 2806 51 4 772 04 2216 00 9 4 1281 32 797 12 2043 8716 9902
22317 1735 10215 8708 5721 6 0 15 98 72192 819 8762 5358 3819 5503 08818 460 5838 5392 57713 1050 825180
5 2 8 0 0773 47 12 5 0 10 9 4 5 1 28 0 8 9 0 0 7 908 12 85 9 8 28 17 73 093288 684 6329 858
023 028 5 0 22 8 7 19 79 4 0 32 967 1214 10 2414 27 6 921 40 1016 12 3 5 1089 05 415 92 2155 0712 8902
15915 8135 46217 8712 0621 3 5 91 61 40162 872 9912 7509 7210 5663 82255 169 5834 5312 53789 9357 520096
5 8 3 4 5423 05 12 0 3 12 7 9 6 2 78 8 2 7 9 5 1 918 82 53 5 8 24 18 57 885063 929 8888 876
100 824 6 7 32 8 2 23 71 7 0 49 082 5214 19 8350 10 8 898 14 1215 12 3 5 5069 12 096 12 7242 8419 8982
12573 1635 13215 8760 5191 8 5 52 98 92409 808 1962 0902 7215 5412 14978 084 8134 5332 82817 1193 175198
3 0 6 0 8743 53 12 0 5 12 9 7 3 1 20 7 0 9 9 5 7 912 02 45 9 3 24 06 28 893263 120 8126 806
119 813 5 9 10 0 2 02 89 0 0 80 977 1214 15 7334 10 4 703 10 1270 77 3 9 1096 90 489 42 3135 8162 9909
16513 4835 09010 0712 5960 9 6 42 90 22566 116 9982 0814 7775 5318 12610 969 5835 5533 59210 1283 729488
1 2 3 7 5169 95 92 1 5 02 9 9 3 7 18 9 2 3 1 0 1 167 40 85 9 0 44 18 88 891220 884 8025 556
223 193 5 9 06 0 4 12 73 0 1 52 787 8065 67 2314 47 4 915 14 1505 12 0 5 6399 10 705 12 2705 2043 4741
77417 8907 93285 8712 5161 3 0 12 84 62112 815 2962 7903 0200 0413 17215 129 6195 5316 76208 2153 160198
7 2 4 8 9193 35 22 9 5 42 4 2 0 1 08 9 2 1 5 5 7 312 48 47 2 2 24 15 22 891503 980 5797 556
123 106 4 4 02 8 0 00 80 9 1 77 987 1672 65 2358 52 4 717 17 5585 30 3 7 1289 73 886 12 2745 6850 5912
04010 3805 03218 8102 7122 3 8 28 64 42072 860 7010 9732 9259 9488 70350 037 6478 5312 43213 6123 725108
1 5 3 5 5958 45 72 5 5 10 2 7 7 1 28 9 2 9 0 5 7 990 17 45 9 7 04 05 29 891212 924 8593 960
020 105 5 4 12 8 5 09 69 2 1 86 927 1216 18 6142 72 4 918 14 5210 62 3 1 1489 82 560 02 2196 8112 8018
12318 1583 90616 3732 5701 3 5 12 98 12400 815 0015 7817 1205 7416 19210 221 7434 5312 03213 1863 825178
7 4 9 8 5993 45 18 9 5 90 9 9 0 1 43 9 2 8 0 0 1 818 60 72 9 9 24 03 00 792229 189 9023 776
193 123 9 9 52 8 7 32 69 0 1 89 067 1014 15 2384 67 4 972 14 1245 02 3 1 6080 19 000 15 2145 8780 6419
17363 0935 93290 8612 0921 3 5 72 80 87177 059 7512 9972 1075 5416 12916 154 5950 5392 57203 9093 124198
2 6 3 4 5528 05 12 5 7 06 9 2 0 7 38 8 9 4 4 5 1 612 12 75 8 5 27 18 57 891225 024 8133 607
426 423 5 9 80 9 8 75 49 8 1 00 089 8599 67 5634 12 4 910 10 7279 12 3 0 6385 62 709 42 9040 8009 8999
62013 8945 73279 8717 3198 3 5 82 98 12025 614 2580 8314 1717 5013 42216 114 5034 5912 50812 4153 005094
4 2 9 4 0123 43 09 5 5 72 9 2 9 0 70 6 1 6 2 5 0 614 02 44 9 8 27 18 28 891403 094 8100 058
484 943 5 5 52 8 2 08 89 9 9 85 680 1306 45 2314 59 8 980 74 1219 12 3 8 8609 72 778 74 2100 6846 8112
3 4 3 8 5120 01 40 5 5 93 7 8 8 0 29 9 5 1 4 1 7 016 42 47 1 8 27 86 25 829126 199 8824 656
140 343 6 0 77 8 1 17 80 6 1 66 902 1214 10 3080 27 4 937 64 1855 12 3 5 1286 77 005 12 2948 8717 8926
59093 7330 16210 9817 5828 0 0 12 24 70500 805 5919 0812 1215 5913 10310 024 5039 0972 53699 9149 125207
7 2 0 4 2601 95 89 5 3 10 9 2 7 4 69 8 2 7 5 7 8 209 19 45 9 9 27 60 03 898224 124 3023 506
57 803 4 9 12 9 2 15 05 0 8 82 487 3874 15 0360 16 0 982 76 8215 17 3 5 1883 17 025 76 3060 9774 7512
10613 6100 18207 8410 8121 4 0 10 95 15182 805 8912 9906 8215 5755 16215 220 5170 5782 80013 1853 125107
9 2 0 4 7123 42 56 9 7 12 7 0 8 6 02 9 2 8 5 5 1 496 10 49 4 8 34 09 29 038823 184 6623 156
425 760 7 9 13 0 0 02 70 4 0 72 979 8204 18 4915 12 4 912 89 3964 12 3 5 0859 90 485 92 0595 5717 8614
19013 1145 98815 9754 5121 2 5 72 88 12099 836 9772 9082 1775 7458 82605 120 9134 5318 86291 1183 645708
4 7 3 4 4123 48 16 5 5 19 9 9 0 9 28 7 0 1 4 0 0 989 82 35 7 9 54 92 03 698223 726 4183 556
523 642 5 9 17 8 2 05 89 3 6 74 927 1216 05 6354 82 0 912 44 6215 52 3 9 0289 12 015 22 2195 9912 0912
18313 9156 03760 2792 5199 5 0 03 38 51463 015 8902 6812 9495 4036 12285 104 7194 5319 53216 1854 925171
7 2 3 9 5729 49 89 5 5 02 8 6 7 1 24 9 2 1 2 5 1 682 65 40 8 8 24 08 48 891223 924 0123 559
000 706 2 8 45 3 2 10 87 0 4 79 788 1514 95 2354 13 4 777 34 1610 12 4 5 1909 00 505 18 0045 9782 3037
12319 1138 62210 8712 9027 3 5 72 98 10162 817 0900 0767 7007 6443 19574 004 4538 0318 33236 6058 070168
7 2 9 9 1123 45 97 5 7 62 9 2 4 7 58 4 6 8 0 5 1 992 10 45 0 8 24 08 53 890261 124 7239 966
603 264 5 9 72 8 2 18 49 0 5 83 989 1214 16 2978 44 4 015 74 1204 12 3 5 0483 02 515 12 2545 7095 8989
02398 0430 18215 8692 5028 3 5 12 97 40179 099 8912 9512 1710 9814 32262 827 5630 4015 73453 1155 115896
0 9 2 6 8723 45 00 5 5 19 9 2 4 6 29 2 5 1 4 5 1 702 32 87 9 3 21 12 20 891320 127 8029 990
683 136 5 7 58 8 2 18 79 5 5 65 797 1214 15 7374 90 4 932 17 1257 08 8 5 9789 26 515 07 2809 8866 2950
19373 9177 18967 5762 9108 7 4 83 96 10808 805 2082 5492 8015 5875 12715 124 3120 5312 19281 1954 125166
9 0 3 6 5017 50 12 5 5 12 2 2 7 1 28 9 2 7 4 6 7 902 19 51 9 8 47 18 20 861559 179 8463 006
973 005 1 9 15 8 2 39 82 7 8 71 997 5594 15 2303 07 6 596 99 8687 15 6 8 3487 19 458 12 0575 3032 9619
96713 1835 04545 8072 0461 3 6 12 77 73702 845 8962 7712 1210 3610 12995 120 8877 9362 59577 6739 928084
6 2 9 6 0123 43 05 5 5 59 6 3 6 1 07 9 2 1 7 4 9 916 12 88 7 8 26 13 29 811923 760 8123 440
109 123 8 9 42 8 0 92 90 6 6 93 987 1264 15 9335 22 4 911 50 0210 00 4 5 1269 12 410 72 8125 8402 8076
89308 0155 13385 0982 5003 3 5 18 98 49175 818 8952 7643 6235 5073 12298 424 9934 9072 53313 1150 742998
1 2 3 4 4099 48 72 5 5 59 9 2 3 0 26 9 5 1 5 5 7 992 02 45 9 7 24 79 02 899223 150 8000 090
093 927 5 9 12 8 2 14 65 7 1 88 800 1260 15 2354 43 4 900 13 4215 18 9 5 2480 10 415 12 0105 4952 8612
17916 0995 63015 8843 5194 7 7 12 88 42846 019 8913 7617 1215 5013 12515 024 7174 7572 53817 1154 425168
1 2 5 4 5323 85 14 5 5 12 9 0 8 5 28 5 6 8 4 5 5 273 12 45 1 7 64 10 83 898026 056 4123 580
765 028 7 9 70 2 2 27 99 2 1 79 020 1200 15 9314 16 9 872 14 1015 93 3 4 1950 24 075 02 2845 8392 7916
02307 8945 88435 7012 0901 0 8 01 37 12806 910 0972 7872 8247 7473 32275 924 5134 5499 53980 0153 176170
1 2 0 4 8107 96 10 5 0 12 9 2 8 0 08 9 8 3 0 5 1 912 92 45 5 8 29 15 03 691004 182 8129 556
923 163 5 2 09 8 2 12 80 0 5 62 907 1314 47 2324 72 0 502 54 6715 12 9 5 8899 14 986 12 9045 0719 5290
12570 2134 83585 6712 9029 3 5 12 98 02459 905 7093 1848 1909 0088 82845 127 4035 5709 53214 5988 829697
5 0 8 4 5125 48 12 5 6 42 7 2 0 1 28 9 2 1 6 5 1 995 18 85 9 0 27 10 20 090623 423 8923 236
38 127 6 9 52 8 2 10 08 9 9 82 087 1244 87 2686 12 4 812 09 1785 19 3 5 1209 60 510 10 2042 8772 8218
12336 0105 13246 1710 9129 0 3 05 88 12182 510 8092 0810 0210 5453 12400 028 4350 9019 83327 2450 195538
0 6 2 7 5165 85 82 0 5 12 0 0 5 1 23 9 0 1 4 9 1 912 12 06 6 7 84 80 23 458023 429 8922 856
980 123 6 6 12 2 6 18 98 4 1 86 077 1014 15 7314 12 4 850 10 1285 19 3 5 0299 19 458 14 9740 8606 9104
71026 8834 16619 8532 8129 3 5 08 99 18102 835 8919 9969 0217 5412 52014 674 5184 9312 38214 0249 768898
4 2 3 4 5180 49 11 5 5 19 9 9 4 1 07 7 7 5 4 9 1 770 04 45 6 8 04 09 23 896269 023 6644 580
187 100 5 9 12 9 2 92 79 7 1 82 286 6000 18 8914 10 8 998 14 0215 70 3 9 1508 55 415 09 2947 8012 2925
02613 1735 56410 8332 3191 6 5 82 00 92972 715 8912 7816 6515 5419 82209 224 6734 7312 93773 2554 125390
3 2 3 6 6124 85 19 3 5 42 7 2 0 1 04 7 7 6 4 9 1 988 00 99 7 5 01 42 00 891269 124 8199 506
822 123 0 8 60 8 6 40 89 2 1 03 987 1214 75 2014 98 9 614 77 1215 52 4 5 0286 32 406 72 2105 8712 8950
17716 6995 13090 7918 5221 4 5 02 99 19683 823 8919 6812 9024 5413 17005 156 5294 5352 80413 1553 065098
4 5 3 9 2624 45 07 7 5 17 9 2 8 1 28 9 9 1 4 5 1 062 39 48 9 8 27 10 90 850523 029 0006 556
850 579 5 9 60 1 2 15 98 2 9 08 987 5528 19 2784 12 4 912 40 9618 12 3 5 1209 12 090 82 7165 7717 5982
12867 1092 13218 8015 1931 3 9 12 78 28162 265 7455 9812 3295 0013 82205 754 7354 8306 86897 0159 100187
1 7 6 4 8120 38 22 7 5 08 7 2 4 0 28 6 2 1 4 7 1 095 00 65 9 8 64 19 83 071228 244 8123 658
190 123 5 0 14 4 2 00 99 6 6 82 497 9294 15 2004 72 8 914 74 1989 19 9 1 7399 98 210 50 0042 8412 4682
09316 0665 13235 8060 5741 0 5 12 06 12937 715 7903 9910 1815 0416 52215 429 5134 5415 03759 1883 325734
0 2 0 4 5428 77 98 0 4 02 9 2 8 0 88 9 2 9 4 8 1 909 02 05 9 8 24 02 47 446023 224 6023 869
023 583 5 9 92 8 6 12 44 7 1 82 289 8217 05 9382 86 4 513 04 7215 22 3 0 7289 12 915 52 7830 8712 8057
30019 9938 83811 4180 6011 7 5 12 75 55005 675 0815 0800 6585 1483 12690 024 9136 9317 53294 8650 997809
9 2 3 5 5125 48 73 1 7 18 9 0 6 0 08 6 2 0 0 5 1 912 88 04 8 8 94 62 53 898223 124 9523 469
990 106 4 3 46 9 2 19 89 7 1 85 940 7214 88 2351 72 4 962 01 5205 12 3 5 1089 12 403 82 5145 6719 8992
18595 1839 13715 6713 4120 3 5 98 18 12539 810 8915 0587 1235 8018 03905 123 4134 8042 53588 4109 122088
1 6 3 0 5121 45 72 6 5 62 9 2 8 9 80 9 2 9 6 5 9 599 18 49 6 8 24 82 83 891829 142 8199 756
123 529 5 1 52 8 2 00 80 8 1 02 985 1964 87 9814 92 4 911 97 7295 17 5 3 7889 17 445 02 2895 0702 6010
04783 9135 13725 7702 5721 3 5 18 07 92188 757 4572 9900 8278 5413 02344 034 4034 8110 57206 8050 825118
1 2 3 4 7123 43 12 5 0 40 5 2 7 1 60 7 5 0 2 5 5 098 12 45 9 8 94 14 86 898284 138 8629 279
129 980 8 4 51 8 2 13 83 8 1 52 027 0007 49 5780 12 4 982 84 0254 97 3 5 1870 02 455 62 7144 8839 8792
15052 0815 89913 7712 5129 3 9 12 99 00002 610 8952 9809 1215 5695 17215 124 5034 6312 93279 9659 128998
1 2 5 4 8123 90 92 5 6 62 9 8 9 7 28 9 0 1 7 5 1 902 12 35 0 9 24 08 43 891200 124 5103 584
621 050 5 4 12 0 2 14 85 9 1 30 848 0019 15 6914 12 1 382 89 1265 73 0 9 1282 08 625 90 6445 9052 8018
12382 9915 18380 6092 5024 5 5 12 93 12156 009 8816 7812 1218 5086 02265 374 6932 5306 50850 1555 685106
1 2 3 4 0321 43 14 2 0 12 2 7 8 6 87 7 2 1 4 4 1 902 69 45 9 6 24 50 03 061693 127 0195 056
78 829 5 9 19 6 9 12 80 3 2 92 980 2275 10 2304 70 4 910 18 8878 62 0 7 0278 02 476 02 9142 9770 9907
82515 1985 18210 9792 5120 1 5 10 90 12092 518 8937 0845 1881 8976 10215 164 0137 5849 53013 6158 995192
1 2 7 4 5166 05 12 5 5 47 4 0 5 1 29 9 0 5 9 5 4 900 15 57 9 5 20 72 77 090729 149 8423 960
327 493 0 0 15 0 7 00 55 4 9 92 987 1204 15 6914 10 4 916 09 1875 12 0 5 1887 17 495 19 2043 8716 8612
10813 8636 13215 5717 5128 3 0 12 91 12116 068 4218 4810 9210 8415 15518 129 5574 9390 73213 1173 085698
3 7 3 4 5989 80 40 9 5 19 9 2 5 4 68 7 2 9 5 2 1 010 71 82 9 8 04 88 04 831050 827 1120 562
120 116 0 9 32 8 6 92 01 7 0 72 997 6644 18 2313 77 5 912 80 1632 19 6 0 6209 08 415 87 8145 8093 5952
18013 9135 19218 7710 5120 3 3 12 96 02152 815 8919 2815 1485 5415 12219 109 5134 5315 53253 1820 175565
6 2 2 9 6153 45 18 5 5 19 9 9 0 1 28 7 2 4 4 5 1 790 10 45 6 8 24 11 23 869293 127 6146 506
223 523 9 8 67 0 2 82 87 5 5 35 087 1278 85 2300 02 0 319 12 9517 42 9 6 7592 50 419 06 1180 0702 6912
04753 0135 10019 8262 5021 9 4 12 98 98170 505 8490 8864 1095 5616 12215 620 5197 9312 54249 1895 005008
1 2 3 4 5143 48 06 2 6 04 9 2 8 1 20 9 7 1 9 2 1 312 14 05 2 8 69 15 27 890226 177 6323 557
123 190 5 0 82 8 2 50 89 3 4 82 797 1812 16 2464 12 4 482 74 9740 14 3 0 9389 74 415 12 2145 8796 8402
19353 1968 81413 8992 9921 8 5 13 98 03982 815 0912 0812 3616 8413 16010 142 5039 5099 73183 0147 100198
1 2 9 3 5493 40 82 5 5 92 0 0 9 2 89 9 0 1 4 5 1 907 12 40 9 9 98 54 23 994283 122 0320 556
783 125 0 3 80 2 9 52 90 9 6 93 087 0210 07 0316 10 1 717 10 1082 79 3 1 1781 72 815 62 6477 8212 8912
12379 1135 03215 7019 5171 3 5 12 98 12139 810 7922 9045 1205 5303 12205 780 5184 5812 96913 1143 227898
0 2 0 4 0747 93 92 8 5 45 9 2 5 1 66 9 9 8 4 9 1 915 96 85 8 8 21 12 59 775735 127 0103 453
905 573 8 9 12 8 2 62 89 6 1 30 717 1294 13 3274 12 9 972 84 1719 97 9 5 1089 92 085 12 2146 9700 5916
02287 1240 75515 6782 0006 3 5 92 97 12192 655 8912 6892 0205 0516 02204 504 8727 5012 53043 8327 025700
1 8 9 8 5123 85 13 2 5 17 9 2 0 6 70 6 2 0 6 5 2 912 87 48 2 8 05 12 25 021223 124 5303 273
271 126 5 9 12 4 7 52 80 3 8 82 789 1214 36 2974 32 4 970 74 1815 16 0 9 9288 99 085 07 0737 8012 8972
62733 8130 90717 8712 5120 3 5 74 98 62990 815 8910 3922 1650 0005 80515 159 5134 8310 06213 9153 620567
1 2 3 3 5533 45 04 5 5 85 9 2 4 8 26 4 2 1 4 4 1 410 12 80 3 8 28 12 26 891733 024 8893 179
550 613 0 6 02 8 2 59 99 6 1 80 987 6414 15 7804 65 4 906 18 0865 42 7 5 1989 12 489 12 2045 8718 8612
88787 6738 83125 8780 0171 3 8 22 98 02805 838 8812 8756 1216 5413 02915 120 5734 5562 53277 1097 107488
1 6 3 4 7133 85 80 5 5 82 4 2 9 1 28 9 2 1 4 7 6 929 05 45 0 4 69 52 93 891257 823 9526 956
128 123 5 9 12 0 9 05 77 5 1 82 007 3410 65 2300 05 8 502 18 1225 82 3 8 1989 02 400 99 8349 8757 8912
17310 6175 13205 7714 7276 3 5 15 98 15030 895 8512 9807 8815 9648 15205 114 7834 5912 58260 1100 029698
0 7 0 0 7628 65 72 4 9 16 9 2 7 1 28 9 2 1 2 5 5 377 16 99 9 0 96 12 38 891203 120 8123 056
006 393 0 0 12 7 7 12 49 7 7 47 997 1539 80 7500 82 4 902 94 2888 02 3 5 1580 10 415 86 2047 3372 7982
13315 1165 10265 8041 5121 9 5 02 24 10162 815 8942 9881 3999 5855 72465 026 5134 6362 53610 4153 108998
1 2 5 4 5153 49 10 5 5 16 0 2 8 1 08 9 6 8 4 5 1 919 07 58 0 7 64 14 03 891123 195 0927 276
79 153 5 9 92 8 9 78 39 3 1 89 987 1200 18 7314 70 4 392 74 1935 12 3 5 9587 12 715 92 4998 9892 8767
70388 6945 14252 0597 5621 3 3 12 95 16179 815 8939 9872 1515 5403 12213 124 8194 0918 93208 4759 225998
1 6 6 0 5859 46 18 5 5 19 8 5 3 1 04 9 1 9 4 5 0 815 90 45 9 9 80 52 73 891223 804 8133 866
194 123 5 2 12 8 2 12 29 7 4 80 083 1877 15 0334 14 4 918 10 1215 16 0 1 1709 12 600 05 8192 4717 0014
10013 1105 13215 6768 0187 2 9 92 58 39272 815 1510 9802 8295 5803 72903 094 5423 7380 08212 7678 895096
0 4 5 6 4063 69 12 5 5 82 9 8 6 1 28 8 6 1 0 5 7 912 18 45 7 4 25 12 29 899223 099 0109 559
122 928 5 1 02 5 4 12 89 4 0 88 487 9894 18 7114 82 8 952 00 7205 72 3 5 0289 18 958 62 2193 8967 8917
12318 1178 95218 7212 5551 9 4 11 54 10168 708 7639 8695 9275 6813 18415 920 5104 7312 43219 9980 426198
7 1 3 4 6123 49 20 5 5 62 9 6 8 7 28 9 7 1 4 5 1 872 05 49 9 8 82 16 23 494923 128 8133 589
190 123 7 9 62 7 6 10 89 3 8 80 887 1794 15 2639 14 7 759 84 1056 02 3 7 4277 42 412 68 8100 4779 0018
82373 1936 03112 8782 5105 5 9 17 78 17442 015 4983 9850 9014 3413 12207 697 9489 5802 58294 0959 325348
1 8 0 4 5843 40 18 5 7 17 0 2 8 1 98 9 6 0 9 5 6 740 57 45 3 6 24 02 47 890253 029 7923 856
327 853 6 9 10 0 0 67 29 6 0 82 987 1224 35 8811 16 4 862 11 1905 10 7 9 1070 12 880 42 2045 8455 8912
18317 1933 10215 8792 5120 9 5 72 78 15153 895 8998 9812 9000 5415 62815 124 5734 8024 53213 1173 724198
8 0 6 0 5223 05 12 5 5 47 9 6 7 1 26 9 2 2 7 5 1 062 12 41 7 8 05 87 02 291223 961 0613 850
220 523 9 9 16 6 3 82 04 0 0 62 985 1016 75 3580 32 0 308 55 5289 42 6 5 0289 90 415 17 7785 8775 9979
92313 1185 13213 7770 8120 9 5 12 98 12000 910 3942 9917 1319 5096 62305 174 9130 5332 50273 4003 195153
1 0 3 0 8128 45 12 0 5 86 6 8 5 1 08 9 2 1 4 0 1 985 17 95 9 8 04 12 26 821254 554 8179 756
193 627 0 8 62 4 2 16 82 0 6 89 337 1692 75 0354 72 4 912 10 1805 12 0 5 1068 52 975 15 2141 8802 8918
86613 1137 19205 8712 4723 3 5 12 75 12823 855 6212 1836 9819 9793 08265 124 5657 3862 53613 1403 145869
6 2 3 4 6828 06 58 7 8 12 2 0 5 0 68 9 2 1 9 5 1 659 12 46 9 8 28 16 63 921829 569 7526 050
103 003 5 9 89 8 0 79 89 6 0 52 988 1789 56 5373 06 7 617 14 4815 70 9 5 8289 42 410 92 4167 8770 9975
12313 9139 19227 8412 5365 5 5 66 08 12101 705 7919 9816 1295 0410 12215 079 2134 5762 57213 1153 505924
1 4 3 4 5486 45 92 5 5 82 9 2 5 3 59 2 9 1 0 8 8 719 74 55 9 8 24 19 23 840294 123 8128 550
602 023 5 0 15 6 0 12 99 6 8 52 509 3914 13 9316 06 0 994 65 0895 13 4 4 9289 62 903 19 2095 8772 4914
12374 1039 33215 8712 8121 5 0 88 98 14402 935 0982 5672 1235 8486 30265 964 5034 5682 82210 0833 625109
0 2 9 6 5839 05 32 5 0 17 9 2 9 7 97 9 2 7 4 5 1 912 52 68 8 8 24 72 03 891997 125 8173 959
123 153 5 9 00 8 7 78 99 3 8 90 976 1594 10 2451 11 1 412 07 7790 82 3 5 6789 10 045 19 2546 8400 2092
63928 0004 80285 8718 9631 3 4 22 89 14002 510 0915 9067 0295 5413 62712 174 5139 5812 53205 0658 726108
1 2 3 4 5020 75 47 5 1 04 9 9 9 5 25 9 8 1 4 6 3 986 19 05 9 3 29 08 73 891720 920 8553 906
803 790 8 0 22 8 2 18 80 2 1 00 167 9914 96 9312 32 4 951 99 2208 02 7 5 1088 70 015 19 9144 0715 8922
12218 1889 10077 8734 5021 2 5 12 99 12172 805 9610 9012 1994 7613 52215 540 0188 0032 43256 6108 375038
5 2 3 6 9393 46 82 5 9 12 8 2 3 1 96 0 2 7 4 3 0 012 10 60 9 8 43 30 23 590222 452 6123 888
80 947 8 6 57 8 2 12 23 8 1 92 984 7555 06 8334 29 4 557 89 8895 42 3 8 1289 52 505 42 9145 8740 5824
12045 1130 13615 5716 4861 5 3 10 68 32722 864 8079 9812 8516 5393 13818 124 5133 6877 53083 1153 713197
1 2 0 4 5923 47 99 5 0 92 5 4 8 8 21 8 2 1 4 4 9 118 12 04 9 7 69 10 29 899924 104 5706 586
183 823 5 8 07 8 2 12 75 6 4 75 787 1610 08 2810 62 8 902 84 1218 16 3 5 1289 82 019 82 5143 8710 0917
98513 8173 77219 8712 5870 8 8 72 52 18572 225 8916 9852 1295 5435 67215 908 5034 5319 56313 1153 925898
0 5 2 9 5083 42 62 5 5 92 9 2 2 3 20 5 2 1 9 0 0 872 52 40 4 8 24 92 29 496765 924 0119 556
500 120 5 9 12 9 7 12 99 0 1 92 887 6258 50 8714 17 6 799 57 6815 12 3 7 8289 98 405 09 2949 8752 7912
12499 1560 13009 8717 0629 3 5 52 95 00072 899 7997 9812 1007 5016 02815 984 5335 5916 58213 0059 125108
3 5 0 5 5593 55 72 9 5 12 8 2 0 0 27 9 0 8 4 5 0 016 13 07 9 8 25 76 28 890683 124 9524 846
146 129 6 6 18 8 7 84 58 7 1 82 945 0814 19 6518 02 4 012 74 0085 13 0 6 8206 89 415 15 2145 8775 5247
82384 7535 83210 7772 5021 3 0 00 90 02085 887 8998 9812 1260 5468 80917 224 8934 5370 93254 9546 695998
7 9 3 4 0127 59 12 5 7 17 6 9 9 1 08 9 4 9 1 9 1 913 13 54 9 4 76 00 19 651628 817 8323 559
929 001 5 2 52 8 8 13 24 0 3 82 989 1214 17 2019 62 4 083 98 8272 00 3 7 1286 14 615 17 2170 8712 9952
05310 4169 96209 9762 5121 3 5 82 90 10190 815 3912 9618 1015 5413 02805 124 5738 9336 01718 9114 175199
8 2 0 4 2063 25 52 9 8 40 9 5 5 7 88 0 7 5 5 4 1 912 15 68 5 3 24 14 63 090093 124 0123 451
153 123 8 0 19 5 0 17 08 0 5 09 817 1200 15 0306 12 9 472 79 1608 82 3 9 9289 12 865 16 0143 7712 8952
18313 1644 89815 8412 4921 0 4 12 91 12692 858 8910 9092 1815 5619 92378 082 9144 9710 55209 9853 135396
1 2 3 4 1920 42 12 8 5 15 6 9 4 7 28 9 2 1 4 5 1 917 42 65 9 8 24 92 78 892223 024 8122 496
123 343 0 7 18 8 2 92 69 7 1 87 684 1210 85 2314 12 4 024 22 1255 16 4 5 7204 19 410 72 2645 8772 6912
10313 9530 13999 4212 7184 3 5 12 95 13304 895 9917 0542 4215 8003 12219 102 5534 8312 00218 0056 420198
4 7 3 0 0988 40 52 5 5 49 9 9 4 0 29 8 0 7 7 2 1 919 12 41 9 8 94 52 23 801223 824 0127 596
783 838 8 4 58 0 1 82 89 4 1 17 989 1263 75 2394 66 4 912 18 7279 22 3 4 0889 12 495 19 0155 5148 8714
12313 1165 03215 9802 8061 3 6 02 99 69702 910 3212 9817 1219 5333 12610 124 0174 5381 93213 8450 096197
5 2 3 4 5423 29 62 5 5 13 9 9 7 1 28 0 8 1 0 4 1 912 52 45 9 8 29 02 23 898224 168 8603 551
920 935 7 1 12 2 2 80 09 6 9 72 987 1214 48 9302 10 4 910 94 8018 96 8 0 1289 92 715 16 6317 0712 9012
58348 1030 13095 9719 4121 6 5 92 98 62605 815 8310 8517 8717 3447 12846 196 8034 2311 63665 1393 855110
1 2 7 7 7383 48 82 0 0 10 9 7 5 9 38 0 6 8 5 1 1 909 00 48 9 7 29 18 23 871213 165 8083 235
025 728 0 5 11 9 5 12 39 0 8 83 985 3044 25 4644 37 4 514 64 1262 72 1 7 1800 02 450 00 2975 0618 0928
32519 5835 16519 4798 5128 3 0 15 98 12672 619 8078 9012 1215 9153 18073 954 7124 5519 53218 1045 187397
1 2 4 2 9166 88 82 5 5 12 9 0 8 1 23 9 2 1 4 9 1 910 67 45 9 8 20 39 03 801223 909 8603 996
138 427 9 9 56 0 2 94 89 7 0 00 981 6232 10 0713 99 4 919 12 0205 12 0 5 1480 15 415 62 0046 9718 4918
52093 1009 80515 5902 1121 7 5 82 98 12068 815 8906 0818 6033 9111 72215 524 5174 7082 03713 1106 103978
0 1 9 4 0520 05 22 4 5 12 9 6 8 1 28 9 2 1 6 5 4 912 62 46 9 8 72 17 83 898655 925 8120 730
53 108 4 9 82 5 7 20 58 2 1 85 997 2284 15 2314 12 0 372 04 3210 12 3 5 1289 86 417 18 6745 8702 8701
72513 7187 13245 8382 2000 8 5 56 70 83792 815 0916 9852 0269 5416 12893 186 5139 7315 55253 1103 125103
1 2 3 4 0025 56 72 5 8 48 9 2 1 2 79 9 7 1 3 5 1 972 12 85 6 1 00 52 68 896436 154 7153 956
402 108 5 6 92 8 2 26 90 8 1 22 387 6214 90 2398 19 4 510 54 1515 19 3 9 6869 17 015 12 0159 9028 4912
18013 9975 45255 8082 3128 0 6 02 95 12572 815 4715 9880 7005 5410 19265 724 5134 5312 29010 0466 925149
1 8 0 6 5123 35 17 6 5 52 6 2 1 8 88 6 2 4 4 5 1 692 17 48 9 8 64 96 92 681227 127 0183 096
953 323 5 0 82 9 0 67 59 9 1 78 987 0780 70 2945 17 3 813 88 1215 12 6 5 1089 15 918 17 2100 8016 8992
52363 1637 13515 0762 5121 3 5 92 98 12782 836 8918 0816 7211 9128 99615 182 5134 0337 43083 1857 045198
7 9 3 6 5193 49 69 5 0 86 0 2 9 1 28 9 2 4 0 5 1 902 12 45 9 8 84 79 27 761223 720 7104 556
023 003 5 0 12 2 2 12 09 5 4 76 287 1314 50 2010 12 7 692 84 5272 52 4 5 7289 58 415 12 2647 9789 8202
32301 1138 06015 4790 7601 8 5 86 10 18107 926 0517 9812 8215 5460 12215 126 0138 0312 03210 8193 124878
1 2 3 7 0098 85 12 5 5 02 9 4 0 8 08 9 3 1 4 5 4 912 10 45 2 8 29 12 03 091283 479 4189 556
183 823 5 9 97 7 9 12 89 4 1 63 990 9214 15 2314 73 4 910 14 5270 00 9 8 1880 87 475 14 2075 8812 3910
72493 0135 86209 0462 5121 3 5 12 40 82993 078 0912 9830 9225 8405 72265 024 5134 7912 53213 1843 728278
1 5 3 8 7823 75 13 2 5 33 5 2 3 5 20 0 2 1 4 5 1 221 12 94 6 7 46 10 23 088027 003 8100 476
423 133 5 0 02 8 4 12 89 6 6 62 619 1814 56 2984 08 4 280 86 6250 95 7 5 1880 82 015 17 2444 7711 8012
82317 1038 69274 8041 7091 5 8 18 06 02125 815 8915 9812 8056 5318 12835 799 5934 5319 57283 0153 905908
6 2 5 3 5183 85 82 9 9 00 6 7 0 4 28 6 6 1 4 5 1 962 08 90 9 8 94 18 37 891223 092 8020 836
159 429 0 5 42 8 2 62 88 6 9 88 962 0244 08 2310 90 6 612 39 1505 10 9 5 3087 72 815 17 8975 7707 1310
12563 1805 19699 8722 5121 9 8 87 79 58104 808 8902 0810 1713 8493 56299 923 5158 7313 03243 1159 185308
1 7 3 4 7823 45 10 5 6 06 4 4 6 1 18 9 9 1 8 5 6 965 02 45 7 6 04 12 27 821805 109 8603 596
128 573 5 9 62 8 2 97 84 2 5 88 980 0257 05 9814 10 4 914 16 7218 18 7 5 8269 07 015 12 0640 8683 8508
12378 1335 14215 9456 2081 3 5 12 97 12601 017 1972 9801 9215 0414 18255 724 5137 7230 63083 3150 929878
1 0 3 4 5523 04 92 0 8 82 4 0 8 3 78 0 0 0 4 9 0 811 72 46 6 3 29 56 23 301423 627 8133 556
766 608 5 9 16 1 8 19 53 8 1 08 795 1614 15 2814 18 4 962 16 6410 12 3 5 1489 20 456 82 0146 0715 8002
62383 4835 10275 8712 4180 8 0 92 89 12180 050 8812 9812 0857 7445 12997 800 0134 8015 53200 1153 630152
1 5 3 4 7121 57 92 9 5 61 9 2 0 1 29 8 2 0 4 0 1 010 92 45 3 5 84 93 93 261768 829 0128 846
170 466 5 9 01 8 0 86 69 0 1 88 777 1714 19 2314 12 4 002 70 1845 07 3 3 5209 12 712 72 2199 8782 8912
10314 1135 65010 8603 5161 3 5 12 90 72230 415 8900 9034 1610 8413 72494 284 5834 8910 86215 1103 975158
3 8 9 4 0923 47 92 4 8 12 2 9 1 1 78 9 2 7 4 6 1 966 56 48 8 0 64 42 59 801667 024 8103 458
423 130 5 9 12 0 2 32 01 9 5 81 997 1017 79 0376 12 4 919 14 1240 83 8 5 0909 02 615 12 4185 8032 9705
13510 9654 16269 8612 5723 3 5 18 96 11138 910 3012 9812 1208 5413 14015 026 5564 9910 53219 0073 225108
1 8 8 9 9020 55 57 5 7 98 9 7 0 1 28 4 6 1 4 9 8 916 48 74 9 8 24 10 29 301265 528 6720 886
56 084 7 1 16 5 2 93 59 8 1 43 487 1214 15 9614 16 7 932 10 0207 94 0 5 0317 12 349 12 2307 6712 8768
39313 0139 67028 8718 3426 0 5 12 99 12182 806 8572 5812 0715 5453 90894 914 5130 5238 27919 7655 826192
1 2 3 0 9493 45 82 5 8 10 9 7 4 3 08 9 2 1 4 5 1 013 18 95 9 7 24 12 75 801524 194 8123 556
026 783 5 9 89 2 9 96 80 8 1 87 987 9244 15 2914 12 3 918 09 1500 16 3 5 6280 18 415 12 2975 8716 8915
59406 1135 93615 8700 8171 6 6 82 88 79708 893 8985 9489 0257 5910 82277 125 5136 5947 03213 9180 420198
8 0 3 4 5124 48 18 8 5 50 4 2 6 1 08 5 0 1 4 5 1 982 27 05 9 8 24 82 09 849220 724 5823 558
143 120 5 0 16 8 2 17 86 7 1 22 588 1712 55 8311 10 9 566 62 1219 12 8 0 1589 11 410 12 2045 7412 8902
09502 1155 18010 8712 0601 9 8 82 97 09907 315 5017 8037 1885 5400 69720 924 8494 7115 53553 1753 020087
1 2 3 4 3173 62 99 5 8 67 9 0 3 1 27 9 5 4 4 7 6 602 12 87 9 9 08 10 99 196493 228 8100 689
128 523 5 0 10 8 4 12 79 8 6 02 587 1214 05 2314 94 4 715 40 1215 82 0 6 1509 12 419 17 0699 8772 0917
96510 1605 13212 7782 5009 7 9 12 18 72162 615 8612 9283 0355 0404 10010 182 4199 5392 57295 6143 923180
0 5 0 9 2149 41 65 8 5 72 1 2 4 1 08 9 7 4 3 9 1 912 12 66 6 4 04 17 29 831523 124 9622 825
093 843 8 9 22 7 4 16 89 7 6 42 967 1314 35 8310 79 4 990 16 1535 92 2 5 1580 12 615 72 4500 8707 8857
02313 8189 43215 4712 5871 3 5 97 95 97182 045 8912 9016 1985 7413 78295 724 5734 5372 32283 1103 795128
5 2 8 4 8101 59 42 8 5 12 9 5 9 9 29 3 8 8 9 1 7 922 12 59 5 8 24 11 05 691221 184 7629 598
323 523 7 0 04 8 2 42 80 8 7 06 080 8219 60 2069 32 0 912 10 3737 10 3 5 1409 02 785 12 7765 8082 7932
12313 9037 10219 8712 0609 0 0 56 78 38793 886 8372 9672 0818 7413 15275 126 5184 3819 79233 1160 115898
1 2 1 4 0543 45 12 5 5 10 9 2 4 0 78 9 2 7 4 5 1 840 52 85 7 5 84 03 70 899263 026 0003 546
020 183 3 9 12 0 2 89 87 0 1 46 607 5264 10 7387 62 2 102 60 5178 02 8 5 2509 12 483 62 3135 9812 7964
88319 9533 00209 8579 5125 3 9 12 98 12122 850 8992 9812 1048 5413 07510 924 6139 5312 53603 9103 220198
4 7 8 6 0030 57 18 5 8 62 9 8 8 1 68 7 0 1 4 9 1 982 08 95 9 8 02 04 73 661223 984 8023 550
923 983 0 9 22 5 9 12 99 0 1 82 906 8714 65 2804 66 0 912 19 1498 92 3 5 1775 12 435 13 0150 8014 0982
17059 2135 20595 8707 5141 0 0 04 97 70187 411 8949 9012 1985 9493 16217 101 1829 5302 03013 1953 085199
1 7 9 4 9993 45 02 5 8 82 9 2 9 7 28 9 2 1 0 5 1 717 12 06 9 5 67 12 03 807223 124 8123 866
183 126 5 9 18 6 2 92 60 0 1 32 997 8714 10 5714 30 3 968 88 0015 16 2 2 7788 57 485 12 7190 8918 9590
33363 3835 13718 6972 7721 3 9 17 98 18153 812 8219 9719 1554 9403 03315 154 8174 5303 50283 1183 675189
7 0 3 9 5123 45 16 8 0 02 9 2 2 1 08 1 0 6 4 5 1 948 02 38 7 8 28 97 67 099220 927 1923 556
893 523 5 9 12 9 0 07 89 0 0 69 790 3204 36 0856 40 8 902 44 0915 22 3 7 7089 18 710 12 2145 0465 7989
62370 7135 57674 8872 5401 3 5 20 97 16142 215 1982 9095 4115 2413 18415 107 5654 5022 59213 3053 900778
1 6 3 4 3103 95 62 9 7 83 9 9 6 1 08 9 9 6 9 5 6 002 16 64 9 2 32 72 27 899820 124 7373 724
624 083 5 9 12 8 7 52 09 5 5 02 587 0496 18 2366 12 1 058 30 1009 72 3 0 1287 92 415 12 9147 8710 8010
12381 0835 90600 8962 9971 3 5 12 20 86172 835 3890 6599 1816 7473 92210 084 5135 5362 01919 1153 155318
1 4 3 4 8023 45 72 5 5 19 5 7 0 1 28 9 5 8 4 5 8 912 12 46 6 0 94 12 28 890723 125 9228 556
58 103 5 9 13 8 0 15 89 0 8 80 967 1219 15 2349 12 4 910 64 1200 12 5 5 1089 42 402 19 9015 2712 8910
12413 1108 13205 8712 6123 3 9 16 29 02152 813 7062 7812 2215 5493 92985 888 5134 5405 33526 1493 158194
5 8 3 0 6323 45 00 1 9 72 9 2 9 1 88 8 2 1 0 6 1 932 05 25 5 8 94 12 23 891223 106 0893 851
522 820 5 8 18 8 2 92 86 5 4 03 357 6910 15 2343 12 4 915 18 1255 81 8 2 5985 10 016 53 2045 8432 8999
12314 1137 43495 2072 5881 3 5 98 98 14152 018 8912 9012 7715 0473 12005 994 5804 0952 54265 1783 125198
1 8 8 7 5197 60 12 9 5 08 4 2 0 1 28 9 2 3 5 7 1 792 31 46 9 2 26 00 43 250028 124 0183 523
027 110 5 9 10 5 2 90 81 9 5 70 890 0210 18 2304 80 4 902 54 9011 33 8 6 7940 03 417 68 0142 8795 7018
16313 1135 71515 8762 5123 3 8 12 07 18022 040 0919 8819 7515 5468 12218 086 5134 5359 03013 1153 725079
9 6 0 4 0829 75 62 3 7 12 9 2 5 1 28 9 5 3 4 3 1 518 62 95 9 8 29 03 28 841853 578 8923 556
953 123 5 9 18 5 1 12 89 2 8 87 687 7814 05 8364 68 4 910 14 1819 57 3 5 0989 15 110 35 2615 9011 8802
82313 2905 15018 8802 7181 3 5 43 77 12176 050 8222 8085 0285 0469 32414 974 9136 0012 53913 0058 505085
5 2 3 7 5920 47 69 8 5 19 4 4 7 8 28 5 4 1 3 8 1 917 98 05 8 8 07 72 38 875923 025 8723 556
203 187 3 1 18 6 8 12 89 5 7 82 495 9214 45 2913 14 0 976 18 5270 67 3 2 1059 19 815 50 2949 8112 5992
89110 1180 83101 8709 8141 9 5 19 98 16197 715 8614 3862 9299 5813 12912 820 6909 5582 53010 1353 125298
4 4 7 4 5723 45 42 8 9 77 5 2 4 7 60 4 2 0 4 9 6 612 82 90 9 5 54 66 48 991293 220 8103 573
850 143 0 9 02 4 9 42 13 7 1 89 950 1014 07 7804 52 8 992 85 8089 12 3 5 4689 09 418 83 6945 8612 8912
60893 1036 13780 8702 9249 7 2 22 90 94106 515 8992 2810 6065 5533 12425 144 5104 8313 63294 1195 125000
1 2 6 4 5183 09 10 5 8 12 9 2 7 1 22 9 2 3 4 5 8 912 12 45 9 8 25 12 83 060920 024 8803 556
523 140 5 0 12 0 3 14 58 0 1 78 937 7261 75 0319 60 7 217 20 1218 03 3 8 1987 18 415 12 9105 8706 5914
10197 8895 13219 8012 5981 3 8 14 07 44753 510 7726 8842 0712 9418 18586 064 8537 5310 03218 5853 801168
1 0 9 2 5193 45 06 5 7 12 9 5 5 6 28 4 9 1 4 5 8 973 92 08 5 0 20 10 23 870235 705 4123 576
423 023 5 6 32 8 0 12 89 9 1 59 767 5414 16 0304 12 4 623 94 1516 64 0 5 1289 32 015 94 0045 8715 0662
16313 8115 70210 8811 9124 5 5 68 38 12582 018 3918 9212 3275 7509 92615 129 5130 7817 53018 6983 127120
1 7 8 6 5723 70 10 7 5 18 8 2 0 4 68 9 0 1 0 5 1 426 85 46 9 8 34 44 23 996243 124 8123 106
653 173 0 7 82 8 0 15 88 0 1 89 950 1058 75 2814 82 4 017 17 1440 22 6 5 1281 19 915 10 2800 9715 8912
89633 3175 05495 8732 7080 3 5 99 98 06370 805 0965 9602 5615 8433 12311 184 5184 3512 66003 4453 176106
1 6 6 4 5126 02 19 6 5 12 9 6 8 1 27 5 0 1 8 5 6 932 67 79 9 8 90 18 23 889723 164 8326 500
825 190 5 8 04 7 2 02 89 8 1 82 989 1911 75 2390 13 6 588 10 3008 62 3 9 4588 12 695 62 2888 8714 8902
10603 1639 80995 9712 2121 3 4 12 77 10132 865 8930 9066 8210 5419 70814 724 9794 6310 83260 5157 928198
62303 1168 73403 8976 5621 3 0 42 98 78892 585 8903 9458 9215 5497 02210 120 0137 0515 55313 5573 100190

-655368677080.496738