000 123 0 9 00 0 0 00 80 0 1 00 080 02.0 05 00.4 10 0 9.2 00 10.0 00 3 0 1289 00 4.0 02 0.05 80.2 09.2 100.0 0.00 130.0 87.2 5.20 3 0 00 90 10.002
 8.5 89.2
1 2 0 0 0000 00 02 0 5 12 0 0 0 1 28 0 2 1 0 5 0 900 10 05 0 8 00 02 00 890023 100 0100 006
100 100 0 0 10 8 0 12 80 0 0 00 007 10.4 05 03.4 02 0 9.2 10 00.0 00 3 0 1200 02 0.0 00 0.00 07.0 80.0 020.3 0.35 132.5 00.2 0.00 3 0 10 98 10.002
2
 0.5 89.0 08.0 00.0 50.3 022.0 104 5.04 53.0 500.3 1.03 000.90
00.2 02.5 00.3 020.0 004 5.04 03.0 500.3 1.03 005.00
0 0 0 0 0120 45 12 0 0 02 0 0 0 0 00 9 2 0 0 0 0 912 10 05 9 0 04 12 20 891000 024 8020 050
120 120 5 9 10 0 2 10 00 0 1 82 900 00.0 10 00.0 00 4 0.0 10 02.0 02 3 0 0089 02 0.5 10 2.40 00.2 00.2 020.3 0.00 130.0 07.0 0.21 0 0 12 08 02.002
 0.0 89.2
0 0 3 0 0003 40 02 0 5 12 0 0 0 0 00 0 0 1 0 0 1 912 00 40 9 8 04 00 03 091020 004 0020 500
120 023 5 0 10 0 2 02 00 0 0 80 000 02.4 05 00.4 10 0 9.0 14 12.0 10 0 5 0000 00 4.0 10 2.45 87.0 80.2 000.3 0.05 100.0 87.2 0.20 0 0 00 08 00.000
0
 8.5 89.2 90.2 00.5 50.0 002.5 124 0.04 53.2 000.3 0.00 005.90
00.2 00.5 00.3 000.0 124 5.00 00.0 030.0 0.03 100.00
0 2 0 0 5120 05 12 0 0 00 0 2 0 1 00 0 2 1 4 0 0 012 00 45 0 8 24 00 20 890000 000 0100 006
000 003 0 0 02 8 2 00 00 0 0 80 980 10.4 00 00.0 00 0 9.0 04 02.5 10 0 5 1209 02 4.5 00 0.05 00.0 00.0 003.3 1.05 132.0 07.0 0.20 0 5 00 00 00.000
 8.0 80.2
0 0 3 0 5023 00 02 0 0 10 9 2 0 0 20 9 2 0 4 5 1 900 02 45 0 0 00 00 20 090023 104 0003 550
000 023 5 0 10 8 0 00 80 0 0 80 907 10.0 00 23.4 00 4 9.2 00 12.0 10 0 0 1209 10 0.5 12 2.05 07.2 89.0 003.0 0.00 132.0 80.2 0.21 0 0 12 00 00.022
0

