9 3 0 0 5853 42 47 9 5 17 7 2 9 1 78 9 2 0 0 5 9 012 19 85 9 3 66 77 23 897803 513 8103 006 
393 875 5 7 80 8 5 18 89 0 9 82 977 2804 90 0314 19 4 412 14 1215 12 0 5 1249 52 096 70 5165 9011 8912
12910 6635 17297 8416 5627 3 2 82 98 12186 915 0442 9090 0811 8713 79918 108 5530 5322 33203 8150 120070
1 6 8 7 7183 45 62 5 7 12 9 9 0 0 78 9 2 9 8 7 1 922 02 45 9 8 04 76 46 891993 148 8023 506
57 100 5 0 24 6 2 82 89 8 1 00 582 6914 05 2316 15 4 746 74 4410 12 3 5 8949 10 816 62 2745 8023 0972
10310 1009 19980 5702 9981 0 5 16 90 12850 445 6986 9112 8915 5403 12918 766 9864 5710 71210 4656 899995
5 0 3 4 5473 40 14 5 9 32 0 2 8 0 29 7 3 1 2 3 3 912 12 45 9 8 44 95 23 799983 794 8127 650
163 998 6 9 35 8 2 52 84 6 1 88 585 1714 17 9915 55 4 912 15 1018 02 5 5 2289 14 410 42 6195 8732 6991
80730 1795 13875 9752 9921 7 0 17 18 07692 011 1814 9019 1815 6453 04644 924 9536 0919 53283 1050 107398
1 6 5 4 8143 43 12 9 3 06 9 9 0 1 28 9 8 1 0 7 9 212 62 45 5 8 64 09 29 271823 940 8183 046
145 043 9 9 12 6 9 10 60 0 1 12 987 6214 16 0314 02 4 879 04 5715 19 3 5 4275 12 915 12 2140 8760 9679
12345 1737 14295 8917 3020 8 5 98 08 17788 800 8910 9995 1090 7003 14948 158 4004 8032 98213 0873 025198
1 4 3 4 7123 45 42 5 8 83 5 7 8 3 20 8 2 1 4 5 2 820 40 25 0 3 84 15 63 891203 424 0523 756
503 994 5 9 02 6 2 12 89 4 0 82 983 8264 15 4354 18 9 912 16 1625 92 8 3 0580 82 615 92 9141 8742 8952
13814 1631 16615 3772 5181 3 7 16 38 12002 615 8972 9811 8035 5613 12094 127 5167 5012 85916 1167 125898
4 2 3 5 2903 41 14 0 5 16 9 2 8 1 38 9 0 1 4 6 1 940 62 95 4 7 69 02 74 861224 095 0129 386
123 323 5 0 12 8 2 02 99 3 4 82 167 1214 60 6385 32 8 279 50 1615 92 3 5 8240 50 412 92 0150 4742 5908
19055 0802 19689 7700 0101 5 2 16 98 42692 465 0962 9782 4015 0413 16915 060 5064 5312 53213 4173 158699
6 2 3 4 5023 85 50 5 2 17 9 2 2 7 28 9 4 1 4 7 6 016 02 45 7 8 84 80 00 668223 522 5123 576
853 140 7 0 19 8 2 77 29 0 1 87 087 1317 05 2614 75 8 912 14 9910 12 7 6 0750 17 015 19 2145 4702 8912
08313 9585 63645 7582 5921 3 3 93 90 04560 895 8952 9874 1585 5413 15018 124 5290 4142 56221 1123 024587
0 2 2 0 0624 45 04 5 9 66 9 2 4 1 46 9 6 1 8 5 1 916 32 45 3 8 94 92 53 881239 282 8083 456
123 006 6 3 15 8 7 82 94 5 0 96 994 0210 15 2969 19 4 062 54 1247 02 3 5 9288 72 635 72 9103 7588 9866
19313 4600 13217 8652 0128 3 8 12 98 72402 914 2912 7912 1225 5616 85235 199 5165 5392 53363 0789 835190
1 2 8 9 5721 40 17 5 5 68 9 2 0 8 28 8 2 4 4 5 1 819 12 85 1 8 84 12 29 698200 944 9126 689
103 525 7 0 19 8 0 72 83 4 1 80 787 1270 70 2342 60 8 965 18 5205 12 3 5 5380 96 689 10 7247 0772 3912
90319 6130 58018 5717 5920 3 5 92 48 76032 815 8042 9619 1215 5415 90008 154 7974 5390 03443 1263 905148
7 8 3 4 5199 26 19 9 5 72 4 6 5 5 05 9 2 7 8 9 1 796 82 98 8 6 24 10 83 641558 124 8820 559
323 173 0 8 92 9 2 12 06 6 6 02 942 8211 15 9084 12 4 936 10 1805 62 3 0 4289 07 016 72 0145 8882 8912
07363 1735 13275 7762 9129 3 5 12 89 82506 017 0712 2802 1510 5413 62405 164 5149 0816 07813 4151 205551
2 2 3 4 0156 68 12 9 5 12 9 0 6 1 20 5 2 1 6 9 1 749 25 46 7 8 17 19 23 899225 604 8173 556
623 153 5 9 92 8 7 18 29 0 1 60 567 1209 70 8078 12 4 942 94 8215 16 3 5 9029 12 415 48 2193 8799 2900
9 6 0 4 5183 75 30 5 9 59 0 2 8 0 77 9 2 0 4 5 1 505 93 40 9 9 24 12 23 890223 198 8123 509
123 123 3 9 75 4 2 12 89 8 8 88 807 1074 05 2364 02 4 812 69 1414 14 8 9 8289 72 400 84 2175 0703 8910
18303 1135 18205 8719 5996 8 7 12 98 12784 655 9910 9812 0215 2418 92025 124 5394 5012 83013 8943 125790
3 9 3 1 0023 49 18 4 7 12 9 0 9 1 08 1 8 1 9 8 0 502 19 43 9 7 94 88 23 961827 710 8596 556
09 133 6 0 19 8 9 58 70 2 5 80 909 5289 15 2916 12 3 112 68 2219 01 3 5 2589 12 400 82 5189 8719 8492
14399 1133 83245 8792 6122 0 6 19 48 42150 005 8286 9812 9013 8813 08255 184 5834 5760 57027 0189 905118
0 3 3 4 5521 45 42 8 5 89 9 8 0 1 29 9 2 7 4 0 5 982 10 65 9 9 74 12 23 878803 124 0973 559
823 953 9 9 12 8 2 92 59 3 7 82 057 1219 08 8969 42 7 912 12 8249 05 3 5 1279 25 055 94 5446 1712 9812
66003 0985 70207 0793 5661 3 8 53 97 10102 899 4812 7819 0210 9393 92680 194 8039 8012 50016 0103 175098
0 9 9 7 5725 85 12 5 6 92 5 2 6 7 78 9 2 0 0 5 1 518 13 05 9 8 14 20 28 891027 664 7348 758
529 129 8 5 82 8 7 14 60 7 6 56 980 1814 15 5614 12 4 915 14 4995 12 9 9 1289 72 815 83 2187 5707 6532
62980 1085 07065 6794 5128 3 5 19 74 02227 958 5932 9802 0615 0013 12205 124 1833 5382 58883 4163 621593
0 2 5 0 5143 25 12 5 8 12 9 2 7 6 78 9 9 1 4 0 1 912 60 65 9 0 04 00 27 865545 064 2523 596
227 820 5 1 17 8 2 10 89 9 7 34 997 5244 05 0814 82 4 592 13 7015 17 3 5 0884 82 838 12 0165 8710 3919
42773 5505 33918 8612 8128 3 5 01 73 12102 868 8932 0802 1510 5015 93807 120 0804 5490 53253 1153 100188
9 7 9 5 5123 40 16 5 5 92 8 2 4 1 28 9 6 8 4 9 1 410 12 45 9 8 96 10 23 857340 114 8123 556
595 827 5 3 12 8 2 44 09 7 0 82 907 0207 69 2054 50 0 912 05 1618 02 4 5 1086 12 910 82 5147 9710 0792
12719 7905 13215 3998 9121 8 5 00 98 43180 860 0057 5712 1315 7423 82211 384 6194 3392 50916 1133 027198
7 4 8 9 9120 03 84 5 9 02 2 2 6 9 03 8 0 0 8 2 5 912 12 78 9 1 74 12 23 890207 174 8423 856
128 925 5 9 52 5 2 02 49 8 9 29 900 6998 00 3367 19 8 912 09 1019 12 3 8 1005 72 678 37 4115 8715 9952
12383 3135 10810 8412 5981 0 7 10 94 12754 017 8812 9910 1568 5013 02275 951 5636 5512 53589 6103 145058
1 3 2 8 5020 57 15 0 7 82 5 2 0 6 26 6 4 6 3 5 1 910 02 95 9 8 44 12 99 821988 190 8604 823
123 143 5 7 12 5 2 18 89 0 1 92 807 0284 53 2210 12 7 912 24 1884 79 7 5 9287 12 469 69 1140 8737 1012
81919 6936 13215 4417 5102 3 5 12 78 12410 815 7992 9710 1215 0413 00295 727 8184 5312 43815 0682 155058
0 4 0 4 9970 65 70 5 5 00 9 0 8 1 23 9 2 1 4 5 5 912 49 91 9 8 88 79 29 087625 224 8823 540
130 103 5 1 29 0 9 92 50 8 9 85 787 5266 15 2604 17 4 112 14 1415 82 0 7 2270 10 975 12 7848 4012 3082
06914 1609 70985 8010 5121 9 0 92 96 82807 815 8912 9872 0115 8413 22237 174 4094 5912 54469 2758 124608
0 2 9 0 5628 46 10 5 5 92 9 2 0 1 28 9 2 1 4 5 9 910 74 59 5 3 28 12 33 866993 126 8823 582
124 670 5 9 39 8 0 07 09 8 4 93 987 1964 17 7414 12 4 962 14 1216 02 3 5 1284 19 014 50 2175 8719 8069
12286 1935 14095 9717 5621 3 5 46 38 10172 935 3049 9882 1213 7499 99259 128 5103 6212 53689 6153 725799
0 2 7 3 5123 45 14 4 5 72 9 8 3 1 28 9 2 6 4 6 7 962 53 85 9 5 94 72 23 996053 120 8010 507
143 853 5 4 37 8 2 12 86 0 1 86 967 1917 96 5644 14 4 299 00 1015 52 5 4 1549 92 438 02 2605 8719 0419
12716 1110 03205 0705 0171 3 5 12 95 22062 070 8032 0870 1299 5413 72295 524 7936 5005 57213 1163 323308
7 2 3 4 3253 45 42 5 5 12 0 2 8 2 29 8 5 1 4 6 1 402 10 00 9 8 07 12 29 266840 868 0123 586
954 100 5 2 11 8 0 19 82 9 8 09 987 1214 75 3832 17 9 812 14 0537 10 8 5 9919 19 870 32 2295 8712 9912
12319 9150 10562 8014 6221 3 5 94 08 87922 660 8012 9109 1210 6103 20016 029 8064 8062 53307 1603 120108
9 9 8 8 9173 47 43 5 5 42 0 2 7 3 98 2 2 1 4 5 1 662 02 45 8 8 20 17 03 850926 172 6103 858
80 137 5 9 22 8 2 02 60 5 1 82 894 3669 10 2394 88 4 962 14 0955 12 4 5 1449 62 210 50 1944 8696 0932
13317 1198 16065 0710 5828 3 5 50 98 12670 284 8002 0816 0298 5493 52905 104 8954 2812 86213 0753 925890
0 7 4 0 2109 10 16 5 7 18 8 0 2 5 08 9 0 8 7 3 1 988 40 55 9 5 74 12 23 586203 955 2323 759
183 703 6 0 10 8 2 49 89 0 1 65 969 0752 74 2004 16 0 922 10 7045 86 3 8 1059 06 715 12 2915 0802 8012
95909 1135 03899 8678 5920 3 5 02 68 17932 813 1912 9546 8260 7413 52318 924 2100 9342 53967 1012 996627
4 2 3 4 5783 37 12 5 6 15 7 2 7 9 68 7 2 1 6 5 7 902 56 45 0 8 94 12 73 841323 120 0140 050
186 189 7 9 82 7 3 12 89 0 1 82 982 1267 75 2719 12 6 895 54 1616 10 3 5 6229 19 010 42 2043 8534 6092
12066 1034 19085 8006 7920 3 5 62 98 12189 885 8912 5816 8085 5533 90058 124 0129 9717 63517 9173 725687
1 4 3 8 4123 65 13 4 5 92 9 6 3 1 08 9 2 9 4 5 7 912 72 76 9 8 29 18 70 961203 024 1103 552
103 522 9 6 82 8 2 13 89 0 1 24 099 3260 50 0362 69 4 915 14 1115 09 3 5 0280 10 417 15 9985 8882 8210
00340 0735 13314 8812 8549 8 1 39 87 00233 815 8446 9999 7070 5962 12015 894 9104 9312 53018 8676 197549
1 2 8 4 8129 45 18 9 0 18 0 2 7 0 29 9 7 5 4 4 0 912 82 45 9 9 24 62 23 099223 104 8127 558
983 024 5 0 16 9 2 82 87 3 5 85 052 6684 15 2314 52 4 012 12 1819 12 6 3 0085 72 905 32 7148 7769 1992
00314 8035 93419 8712 5420 3 6 92 98 22168 005 1912 8797 9041 0447 02519 104 6137 8312 39213 6350 495848
4 9 9 4 5903 44 18 8 7 12 5 2 6 8 66 9 9 7 4 3 1 362 17 45 9 8 24 60 79 091293 964 8623 776
163 080 5 0 12 8 2 02 40 4 3 02 487 1974 09 2314 62 4 902 54 1815 32 0 0 1299 12 461 27 5140 8612 7692
92383 7935 19214 9702 9127 3 5 72 98 42190 815 3315 9696 9215 1413 92816 022 5144 5302 63914 1150 085090
1 2 3 5 5193 49 12 5 5 10 2 2 0 4 29 9 2 1 4 3 1 902 01 45 8 8 06 18 73 091213 124 4923 596
114 123 8 0 12 0 2 16 00 9 1 04 980 1204 19 2310 02 1 992 82 0375 18 4 9 0289 16 445 12 8155 4718 8072
10363 1935 18273 8712 5121 3 5 08 40 15042 854 6033 5980 1212 2813 72214 170 9636 3392 50219 9907 322902
1 0 3 7 5523 47 72 9 5 17 0 9 7 1 24 9 2 0 6 4 5 914 02 44 0 7 74 12 73 897023 120 8525 582
822 798 5 9 02 0 6 10 99 8 1 86 988 8267 85 7010 02 4 952 48 3967 22 2 5 1279 19 414 12 0652 8710 8972
12819 5138 13218 8012 3727 0 4 52 98 18102 815 8913 9012 0513 5623 00275 724 5294 8309 51213 6859 160178
1 4 3 0 5823 46 10 7 5 12 0 2 0 9 28 9 2 1 0 5 2 902 07 45 8 8 29 12 80 095993 927 3793 056
103 427 5 1 14 8 2 07 89 3 1 28 852 9280 12 0300 80 4 412 14 9964 90 4 5 1089 59 245 42 2105 8710 8540
42714 5535 23735 8712 6691 3 6 15 88 12102 765 8960 7905 1215 5299 02275 924 0097 5088 93210 1156 199388
1 0 3 4 0927 92 90 5 0 45 9 2 6 1 08 4 2 1 0 5 7 905 18 48 1 8 02 10 00 071020 423 9635 556
129 003 5 5 12 0 0 22 70 9 5 72 587 1204 08 2303 72 4 915 14 6682 02 8 5 9389 12 415 19 8546 8019 8092
92111 8165 83991 8772 9522 3 5 24 95 02172 690 8012 9862 7015 5753 92405 780 5804 6988 53216 6653 525006
7 0 0 4 5353 75 82 0 9 12 9 5 8 6 24 9 2 0 4 5 1 912 00 95 5 8 54 12 43 991223 027 8123 544
794 103 8 9 10 3 0 12 84 0 1 86 989 2010 18 5704 02 6 012 13 1715 32 3 5 6789 15 386 12 8145 6718 8913
02813 8985 13919 0599 5428 3 0 65 98 08655 017 8040 9810 0650 9913 07095 404 5044 5362 20219 7150 725138
1 2 3 7 5143 45 72 6 6 16 4 0 7 1 28 9 7 1 4 5 1 684 18 40 4 8 04 12 08 891926 104 8103 556
55 343 9 3 70 4 0 12 29 5 0 82 980 0794 00 5664 72 4 902 24 1774 66 0 5 9289 24 412 89 2145 7502 8795
52783 1117 14815 8017 5831 9 5 19 90 70915 915 6912 8880 1015 5690 09820 084 5034 5973 23213 1352 129196
1 9 6 4 1188 20 18 8 2 09 7 9 0 1 28 9 2 9 4 5 7 690 14 45 7 5 44 82 77 850023 124 0125 587
103 127 5 5 19 8 4 18 09 4 9 89 388 1214 75 5819 02 0 317 14 1300 80 1 9 1008 16 417 12 2102 0712 6968
79316 1035 14696 9712 0391 3 9 74 88 17160 813 8967 9883 7915 5458 09218 624 9134 5378 53783 7957 368598
9 2 3 4 5323 88 79 9 8 14 9 0 9 1 09 0 8 0 0 5 1 512 17 45 0 8 26 26 95 891026 186 2300 167
113 123 8 0 17 0 2 92 69 4 1 22 987 1217 16 2514 02 4 612 14 9212 37 3 5 7499 40 924 16 2145 9042 8389
59333 1406 09017 0718 2921 4 9 12 88 92968 858 0672 9280 7215 5499 14287 108 9024 0418 89203 3100 825998
1 2 3 4 5328 95 19 9 7 98 9 7 4 9 98 9 0 3 9 5 1 912 15 85 5 7 69 16 66 991950 224 0916 656
043 123 3 4 12 7 0 78 09 6 1 72 907 2214 89 2314 72 4 770 24 1915 00 6 0 8258 50 410 12 7136 8015 8914
12710 3167 06006 8764 0128 4 5 03 98 50022 807 8986 9812 7818 4418 02218 875 5137 9312 53210 0953 585798
1 8 3 7 5483 45 10 7 5 19 0 2 5 8 28 9 6 9 4 7 7 902 32 46 9 8 69 86 23 891297 124 3013 566
493 823 5 9 17 0 7 12 79 7 9 08 987 1200 65 2374 12 4 820 16 1019 00 0 6 1980 16 819 99 9185 8350 8812
82817 8645 83239 8994 5121 0 5 62 98 02065 809 8090 4896 9625 6487 10415 124 6897 5619 53293 1187 925249
1 2 9 0 4068 44 17 5 0 17 0 2 7 8 59 9 2 4 4 0 1 439 12 45 9 8 44 87 83 001203 195 8663 500
188 124 9 9 02 7 3 12 80 6 0 62 987 1210 16 2870 82 8 910 17 1200 19 3 5 0339 18 795 49 2945 8718 8019
92313 8109 10015 9862 0821 0 8 12 30 52172 084 8014 5352 1025 5050 09202 103 5934 5000 63913 5153 699190
7 0 9 4 5128 45 12 5 5 56 9 2 8 1 08 9 2 1 5 5 1 988 02 45 6 8 94 12 63 798820 223 0820 546
175 173 5 9 78 9 2 12 76 0 1 80 673 1219 16 2414 10 7 670 17 3215 12 7 5 1284 12 215 32 8149 8828 8592
16373 1968 13715 0417 9961 3 5 18 95 19142 509 0000 9832 1715 2703 09955 450 5134 7912 52283 6149 160908
1 2 3 9 4820 45 02 0 5 19 0 0 5 1 08 9 2 7 4 7 1 912 02 74 9 8 24 36 25 691266 154 8423 856
407 959 5 9 16 3 0 17 80 5 1 32 687 9594 13 2074 69 4 007 17 8715 68 6 7 1083 12 003 19 2155 8616 8568
12213 1137 19310 7712 6121 1 5 11 16 64870 890 8992 7712 1215 9430 02235 104 8339 6305 53283 1959 120117
7 2 3 8 5123 45 10 5 7 90 0 2 8 3 26 9 2 9 4 5 9 132 19 45 4 6 64 02 29 891723 310 8352 556
973 037 5 4 55 9 2 19 59 3 0 82 307 1216 88 2284 06 4 819 19 7217 78 0 8 1059 12 053 12 7795 8912 4541
02303 1005 19480 8712 5221 6 5 85 60 11103 416 8912 0812 9615 0430 64224 040 6400 7819 75203 0576 197164
1 6 3 4 0163 59 12 8 0 92 8 2 8 8 27 9 8 1 6 7 5 012 92 43 9 8 20 92 96 878673 129 7195 506
027 183 6 1 12 8 9 97 85 3 0 89 080 1214 95 2619 50 5 974 84 6235 05 3 0 1289 12 205 92 2165 4716 8932
02909 5139 13395 8752 8101 9 6 12 09 10692 245 0932 3702 1215 9479 12515 920 5134 3051 56217 9194 020198
7 0 0 4 0993 39 80 5 3 02 9 5 6 0 88 0 2 5 4 7 1 979 17 45 6 6 49 12 23 878743 024 8923 957
293 025 5 3 89 8 6 09 80 3 4 67 947 0201 80 0809 02 8 017 94 5948 85 0 5 1809 02 085 10 8155 2645 8910
02716 8856 93015 8202 5160 0 8 96 92 02102 695 8577 2662 1905 9413 02215 165 5339 5317 86993 1153 475008
0 2 3 4 8971 07 50 7 5 13 9 0 9 2 24 7 2 1 4 5 3 912 12 46 9 8 23 98 00 563073 786 6898 556
38 283 5 2 13 0 4 12 85 8 0 92 229 1200 05 2315 10 3 916 14 1205 12 7 5 1799 29 435 12 5967 0800 0612
92059 0039 13035 8982 6153 7 5 08 68 52167 885 8912 9813 6210 0467 10215 738 8165 5912 86239 5107 130188
7 0 0 9 5686 45 99 7 6 52 2 7 5 0 58 2 2 6 8 9 1 812 60 05 6 4 54 85 00 891223 639 5053 556
135 823 5 9 02 1 2 72 89 5 0 52 950 1215 05 2514 12 5 910 14 0805 15 3 8 9359 72 094 87 2045 8412 9161
10313 2139 16775 9752 5121 3 5 19 08 02022 005 6312 6512 4668 0717 49678 125 0178 5296 53805 1138 075199
1 4 0 2 5120 45 18 9 9 07 7 0 7 1 29 9 2 1 4 5 9 973 01 06 9 8 99 15 83 091653 944 0105 586
102 420 8 9 22 8 5 15 19 8 2 42 907 4264 15 2418 62 9 575 31 0097 57 3 9 1230 12 488 18 4075 8775 4912
12315 1130 13985 8412 4171 0 5 88 48 56454 715 1109 9802 0691 8918 12610 129 4736 5012 88592 0158 771198
1 8 3 5 9133 80 10 7 7 02 9 3 3 1 28 5 0 2 4 5 1 013 17 80 9 2 47 17 23 811223 124 0487 056
145 123 5 5 84 8 0 10 89 1 1 82 649 2214 98 9114 12 7 050 14 1205 12 3 8 1080 15 816 89 2145 5312 8842
12393 5665 14797 8792 2720 3 5 90 96 18169 885 8910 9851 6685 7473 19019 128 5634 5032 58210 1156 525195
6 2 2 6 5823 43 17 7 5 12 9 6 0 1 09 7 2 1 0 5 8 910 17 45 8 0 74 15 27 894902 125 8158 596
129 123 4 7 16 0 2 12 05 6 9 50 757 7214 95 2310 12 4 912 94 0244 12 5 5 6083 15 412 42 9145 8015 0992
19367 1845 13285 8712 4101 3 0 12 94 03199 855 0906 9512 1209 5393 16269 170 1189 5312 53013 1003 869198
1 2 3 6 0083 05 92 6 0 62 9 9 6 1 62 7 2 1 4 9 7 919 10 47 8 4 74 10 23 811257 520 1123 566
723 933 5 9 42 8 0 10 44 6 7 83 907 0204 05 7814 02 8 912 30 8279 12 9 5 1935 17 245 19 2145 8796 8950
72963 1285 87615 5762 5021 3 7 95 20 85199 895 0999 9672 1256 1410 15895 179 5169 5092 33213 5855 135198
9 2 3 4 8101 49 12 5 5 13 9 8 4 1 28 9 5 1 3 5 4 912 00 69 9 0 09 62 03 891020 027 8129 558
023 787 2 9 52 8 2 42 88 7 1 77 981 2014 05 2916 05 0 912 14 1295 14 6 5 1256 14 416 12 0149 8310 8900
12613 1175 10215 9700 9351 0 9 85 88 08908 515 3910 9819 6210 5493 09025 622 7502 5510 03213 0152 126190
1 6 7 4 5904 45 18 9 5 76 9 8 7 4 58 4 2 1 4 5 7 906 17 40 9 9 24 14 03 811280 079 6123 256
323 523 0 9 12 8 2 08 95 0 8 82 099 0694 45 8579 12 9 997 10 5875 12 7 5 1089 57 775 72 9545 5754 8812
42916 1185 83837 2759 7179 3 5 19 90 90080 100 1912 9215 1245 6053 82744 436 7904 8807 50214 1156 890369
9 2 7 2 5223 65 12 0 5 11 0 9 9 8 28 9 9 1 6 6 1 922 15 07 9 8 47 12 96 701753 829 8823 900
052 523 5 9 12 8 8 06 89 3 1 85 987 0213 15 1889 16 4 412 31 1215 17 4 7 1706 57 415 02 0740 8772 3700
11033 1130 33015 8718 7521 3 5 02 98 10638 072 5972 9942 6705 5409 62982 099 5164 5012 70396 5898 120193
1 9 0 4 6120 88 17 5 9 82 9 7 8 7 20 7 5 5 6 5 1 912 82 05 9 0 20 32 13 296023 709 4449 566
153 073 3 9 19 8 0 12 86 0 2 02 967 1014 76 2014 13 4 902 24 8645 12 3 0 1868 30 010 20 6445 5569 9559
16313 8165 18210 8912 9120 6 7 06 97 12592 815 8912 5212 2210 8490 52209 124 4994 3312 10248 1143 277193
9 7 0 6 5173 85 52 0 1 82 6 2 7 1 26 9 8 0 1 3 0 409 12 48 9 8 06 12 23 890223 220 7005 052
154 623 5 0 12 9 2 14 89 0 5 80 687 9284 18 6114 99 8 679 94 6211 02 3 5 9209 52 413 19 4046 0794 9970
17313 8148 18535 2712 5921 0 5 09 98 17574 805 8913 9512 0325 0405 10778 728 5104 0312 83063 0120 725066
4 8 7 4 5583 65 19 7 5 16 4 2 5 1 70 7 7 9 0 1 3 005 22 42 0 0 04 23 83 881783 024 9883 507
50 023 7 5 91 8 0 17 89 9 9 82 358 5213 13 8314 12 5 608 88 0217 44 0 2 9289 12 413 93 2145 8712 9519
19963 4105 13243 8460 8171 0 5 12 98 78977 916 4992 6858 9615 8497 42973 500 7436 8216 59710 1136 925008
9 5 4 8 0190 95 12 6 9 10 9 6 9 1 28 4 9 4 4 0 0 162 19 48 0 8 20 16 23 871157 180 8103 082
321 103 5 7 17 8 7 65 59 9 1 92 020 1240 15 2310 02 7 660 16 1055 99 5 5 1280 18 415 46 2109 8759 7841
16970 6735 73010 8979 5149 3 5 07 08 15108 816 8530 9906 1418 5493 82610 123 0195 7340 03213 1084 128998
0 0 6 4 5022 15 02 8 5 19 9 9 5 1 78 9 2 9 8 5 8 678 62 45 4 9 64 92 23 491327 128 7126 556
755 321 0 9 43 8 3 12 89 3 8 89 987 3717 74 2324 10 4 976 09 1265 54 3 8 1259 77 915 17 2977 8276 8212
92953 1177 40915 8412 7821 3 5 62 50 76163 797 9842 4002 1269 5073 12217 523 5668 5099 53503 1154 100199
1 8 4 4 6123 40 79 6 5 17 0 2 8 3 06 9 6 0 6 0 1 997 02 34 8 0 24 19 23 899223 380 4427 677
803 169 5 0 18 8 5 26 85 8 8 89 986 1075 18 2739 02 9 414 16 0205 42 3 7 1289 18 016 82 8545 8915 8305
15396 7008 86618 8067 5721 3 5 13 96 15180 865 0612 0515 1319 9416 12045 174 5180 9208 09793 1957 964494
0 2 0 4 9325 44 12 7 3 22 9 2 0 0 58 9 0 4 4 9 2 917 60 65 3 7 70 40 43 891320 964 8010 686
318 023 5 9 02 7 2 74 80 9 9 82 869 1211 75 2814 12 5 952 10 8015 72 6 0 1201 48 415 12 2406 0782 8980
79013 0155 83215 8710 5161 3 5 92 97 10506 846 2989 1332 4700 4549 92087 124 0934 5312 53013 1159 625148
8 2 3 4 5149 99 82 5 8 12 9 2 8 5 20 8 0 2 0 3 1 987 16 40 9 9 77 57 33 829823 027 2124 559
980 125 5 8 40 8 4 88 86 9 1 82 980 1984 20 8512 12 4 950 14 1255 12 3 5 1289 37 415 64 0500 8739 8911
10383 1765 25605 8990 5121 0 4 00 90 88183 810 8902 8017 4595 4443 16095 043 5884 2339 63266 1803 250897
1 0 3 4 5883 40 57 5 5 12 9 2 6 0 28 9 2 1 4 5 1 787 14 48 9 8 09 02 03 891023 558 5823 490
940 280 6 9 18 0 2 12 49 8 1 62 847 1014 15 8313 52 4 919 10 1815 93 3 5 9489 19 455 49 2848 8719 3699
11250 5136 13255 8717 5121 9 3 32 97 72180 885 8612 9029 3285 5418 78275 824 4134 5314 53513 1158 128198
1 4 3 6 5643 60 12 5 5 98 9 3 1 6 34 3 0 1 7 5 1 519 12 45 9 4 26 82 23 890080 127 8143 988
029 143 5 0 86 8 9 12 79 5 1 82 497 3416 19 2374 70 4 816 00 1285 12 0 6 1484 12 055 19 0045 4712 8902
02313 0435 65218 8712 0121 50 8 9 1 513 03 47 9 0 24 17 25 899528 038 8182 583
893 400 0 9 92 8 2 10 79 7 9 42 987 1214 50 9014 95 4 912 14 1215 12 0 5 1759 50 415 66 8995 8062 0000
12510 2189 03995 8869 5520 3 5 52 98 68706 810 8716 6816 1246 5413 92298 083 5872 9302 93203 1823 805899
1 9 3 4 0123 85 17 5 8 12 8 2 6 8 28 0 7 1 4 5 1 982 12 34 1 8 64 12 21 861228 146 8708 576
003 623 6 9 15 8 9 42 58 9 9 82 967 1275 15 2000 22 4 052 84 6295 17 3 3 7988 07 429 34 1145 1699 3998
56998 3839 14153 8975 5121 9 5 10 88 13102 815 8799 9286 1215 8409 17205 096 5134 5012 43915 1093 124193
5 2 0 0 8593 48 22 5 0 22 9 2 6 1 23 9 7 8 4 5 1 982 83 79 3 8 22 12 23 891275 223 6121 005
103 793 7 0 85 8 0 12 65 7 6 12 783 1454 18 2314 19 4 812 89 8715 18 3 9 1488 12 499 78 4148 7009 4982
17313 1135 13615 8712 8420 3 5 17 90 12452 817 0912 9717 1888 9893 22215 920 5188 6482 53269 1153 115981
9 2 0 4 9270 75 72 4 5 50 6 8 0 8 28 9 2 6 4 5 1 912 10 35 9 8 99 32 09 811228 120 5123 256
783 883 3 5 82 2 7 02 90 6 7 62 998 1704 85 5864 16 4 709 18 1295 12 6 5 1889 12 615 78 5495 8713 2995
10313 1165 10290 8914 5101 8 0 12 07 12182 847 8915 9812 0210 5678 15995 127 7134 0510 42917 1864 130597
0 2 2 4 0120 05 10 7 5 32 0 8 6 0 28 9 7 0 7 3 6 716 89 44 9 9 24 62 63 191293 124 5123 556
623 135 8 9 51 0 5 84 49 8 1 80 565 4214 17 2410 45 3 972 69 0278 92 3 5 3286 16 510 22 5900 8813 4981
15313 7935 07915 8714 1420 2 5 92 90 99160 985 8912 9812 8215 6413 92705 024 3134 0892 50500 0153 695308
1 5 0 4 8504 07 99 4 6 52 9 2 0 8 25 2 2 1 5 5 8 990 79 45 9 8 24 77 28 098523 079 8720 366
123 170 5 8 90 0 2 29 89 7 0 08 880 9294 15 9044 02 9 018 06 7049 83 8 8 1269 19 815 12 2049 0892 8382
82916 7135 19830 0616 8107 4 5 12 94 17312 919 0940 9816 3214 8209 12218 984 5190 5317 44898 1183 823078
0 4 3 8 5143 09 88 5 9 12 9 9 8 2 28 9 2 5 0 5 0 912 72 37 9 9 31 52 21 791287 729 8143 580
923 120 5 9 13 8 2 16 89 5 1 88 987 1874 19 7319 19 4 598 89 1271 42 6 5 1089 12 025 02 2745 0789 7873
12179 1156 67835 8712 8129 3 5 82 90 12829 715 8906 1092 1715 5403 82505 194 3138 9070 33213 3153 169194
1 2 9 4 0823 45 12 5 7 92 9 7 9 4 07 0 2 0 4 5 0 912 62 45 9 5 20 18 87 479253 128 0103 556
598 102 6 0 62 2 8 10 85 0 7 80 737 1214 12 0014 52 4 902 14 9215 44 3 5 3689 89 095 50 2725 8752 9712
12319 1039 73030 8787 0120 3 5 12 68 92402 855 7972 9410 1415 5693 79215 024 4032 5394 54393 7879 175810
1 2 3 8 5823 55 64 5 0 42 9 0 7 4 21 9 5 6 6 5 7 412 12 65 9 8 84 16 27 893523 824 8129 550
099 181 8 9 17 8 2 19 89 8 1 89 787 1014 10 2508 12 0 712 74 9214 32 5 5 6887 19 355 32 7149 2710 8910
10357 1838 13258 7745 5189 8 0 89 97 12178 815 8910 7992 1718 5413 08215 904 0104 2912 99213 1473 625198
1 6 3 4 5164 05 82 5 6 89 9 0 0 1 38 9 6 5 4 5 1 439 62 47 9 8 20 47 03 882628 194 9128 593
50 123 5 9 63 0 6 15 89 7 7 72 907 1914 15 5350 19 9 760 84 0210 16 3 0 9269 17 415 26 8134 8572 7882
12753 9139 19985 6715 4524 3 0 12 88 05197 565 0912 9832 6285 5966 70205 214 5130 8302 03010 0153 220696
9 9 3 4 4693 46 15 5 5 17 9 2 5 1 08 9 3 6 6 9 0 918 15 95 9 8 55 88 20 967978 184 9123 486
863 673 8 4 10 9 7 02 99 8 7 92 487 1778 65 2004 02 4 922 46 1016 12 3 0 1899 82 010 12 0145 5763 6417
17813 1184 73215 8812 8100 9 5 12 08 12102 817 8936 0832 2916 5453 12985 724 4937 3979 53023 9153 865108
7 5 8 0 5180 85 12 5 5 12 9 0 0 9 20 9 9 6 4 5 9 018 18 48 9 9 20 18 23 841283 623 0103 830
135 128 3 9 16 0 2 12 09 7 1 82 395 2018 95 7300 43 4 978 90 0248 15 6 5 7289 12 418 12 9605 7702 8967
17018 0946 09287 0917 5701 8 5 12 28 82122 812 5995 9914 1205 5303 04912 198 5134 0316 53603 6998 420505
1 8 9 0 5103 65 12 7 3 52 9 0 7 1 46 0 2 1 5 8 1 012 91 45 7 0 24 18 26 807923 128 2994 556
223 128 5 0 16 8 2 69 89 0 1 62 968 6414 05 3884 42 0 017 14 1915 96 3 5 1289 12 415 49 7145 8518 8942
12589 3839 17915 8712 7029 3 5 82 96 32864 830 4016 9813 3735 7416 17959 829 5139 4624 10908 1766 187179
8 5 5 6 5127 45 18 5 5 12 9 1 9 1 28 9 8 4 0 5 1 924 93 35 0 4 24 60 86 891004 176 8983 796
423 167 9 9 12 8 2 16 89 8 1 92 787 5210 14 2374 99 8 812 04 8215 20 6 5 4289 78 155 12 2975 8702 8412
12331 9603 73019 9712 3191 5 9 82 38 15460 865 8972 0550 2219 5413 57715 170 2039 5096 53268 7895 125199
1 9 4 4 5020 40 42 2 5 19 8 9 1 1 28 9 2 1 5 5 6 539 16 45 9 8 24 12 52 091223 129 0103 720
763 080 7 0 52 0 2 36 84 9 1 72 887 0904 83 2319 90 4 912 14 0214 62 7 2 7283 22 014 14 2355 9756 3717
82317 1230 86688 8782 1100 3 4 52 58 42158 865 8982 0412 8282 2419 64410 107 8164 0318 33618 1328 870008
0 5 9 0 0493 05 82 5 9 14 9 2 5 9 28 7 2 1 4 9 0 010 10 75 0 8 24 02 23 276229 944 4323 500
170 157 4 9 19 8 2 15 88 0 1 82 777 1214 75 2420 00 6 912 88 1854 12 3 5 1249 67 711 48 2150 7958 8916
10713 1134 60800 8712 5921 3 2 72 78 10362 975 9007 9817 5455 0083 73275 104 5034 5302 53289 0850 128199
8 0 3 0 5033 45 72 5 5 14 5 3 7 1 58 0 2 1 8 5 9 910 17 45 9 8 20 82 23 835623 614 8266 056
173 185 5 5 16 8 7 50 89 4 0 82 461 0415 17 7514 15 4 362 16 7815 12 0 5 1209 95 485 92 2165 8712 8908
19713 9580 78230 8372 0183 9 5 82 98 02852 897 8912 2822 4905 9013 12222 024 4344 8417 40210 9160 818198
7 0 7 4 5403 98 12 5 8 92 9 2 0 0 28 9 2 1 5 0 1 932 89 45 5 8 68 90 23 878920 924 8103 580
326 126 7 3 68 5 0 05 80 0 2 92 989 1274 77 2314 50 4 455 10 8419 45 3 5 1285 62 415 65 9030 0462 8948
92318 1845 05216 8910 0628 3 5 72 38 12757 090 8012 9412 1208 3811 72265 144 5100 5317 60213 1180 925192
4 2 0 7 5173 45 80 3 9 92 9 2 5 1 08 9 2 7 3 5 6 880 12 05 6 8 24 92 63 891220 129 8183 556
929 153 9 0 02 9 2 14 90 9 1 74 287 9904 15 2379 02 9 742 44 1215 10 3 9 1260 19 415 14 4145 8716 0092
10399 5845 43065 8702 4921 9 5 15 94 66735 015 8899 9862 2292 0603 12905 124 4834 5882 37253 0183 274977
7 7 0 4 6123 45 16 5 8 16 0 2 0 3 28 6 2 1 2 5 2 917 16 45 9 8 26 14 23 891366 124 3023 597
702 823 5 0 12 8 5 10 80 0 0 49 107 4814 10 7384 62 4 295 17 1557 10 8 5 9089 12 919 37 2158 8717 8700
92319 4493 43085 5712 7120 3 4 14 04 12852 899 6909 9912 2215 5190 42205 198 3334 0312 53242 1953 749108
5 4 5 9 5623 45 15 0 5 17 3 2 8 8 02 7 9 9 9 8 1 908 04 45 8 8 74 02 29 594295 123 8183 598
86 817 5 8 02 0 0 85 82 2 1 92 908 1804 13 2317 16 4 937 84 1219 12 3 5 1286 12 782 16 2189 8710 8613
16390 6074 80091 8780 5128 0 8 22 78 75072 848 8912 7355 1015 8419 07916 129 5594 9317 73583 1183 020198
8 2 0 0 3700 03 82 5 6 12 9 7 1 1 88 9 2 1 4 5 1 667 12 75 9 8 44 12 23 899290 184 6123 554
183 803 3 9 00 0 4 12 87 8 5 02 759 1814 95 7394 82 4 812 10 1216 78 0 5 0209 12 014 72 0750 6770 1919
12313 1134 13215 8012 0191 3 8 12 79 09102 825 0055 7868 9905 5013 12205 729 8834 8316 53079 1006 125960
8 2 0 4 9046 49 42 5 9 52 3 0 0 0 28 9 1 1 0 5 1 919 12 41 4 8 24 12 29 991063 125 8123 516
820 128 5 9 79 9 2 12 85 8 1 80 089 1294 15 3014 83 2 902 07 1818 99 9 0 9297 20 415 30 2149 0382 1710
00339 9394 63794 0149 0771 3 0 78 99 52182 719 8812 0302 7297 5813 38227 324 5366 8372 53210 5096 107195
8 5 9 4 6120 22 18 5 5 52 9 2 8 9 20 7 9 1 4 8 4 579 79 48 9 8 90 87 04 771268 014 8173 783
153 120 5 9 15 7 2 62 29 8 7 87 517 1415 15 2300 62 5 912 79 5213 15 9 5 9208 12 775 64 2145 6700 2905
12513 6994 73915 8817 5127 9 6 98 98 02700 891 7982 8815 1205 0643 82210 194 8039 8193 03619 7100 155209
7 1 6 7 5125 80 17 5 6 12 3 2 0 1 78 9 2 3 6 0 1 988 96 08 4 3 24 79 33 888886 137 6005 556
023 686 9 8 12 8 2 27 80 9 8 80 997 9894 65 8914 12 4 919 14 1210 62 4 5 1089 55 005 19 7495 0002 8912
19510 3138 57905 0712 6321 3 4 72 98 10102 895 9907 9880 1209 5013 14039 124 9109 5366 53913 9733 996798
1 3 0 4 8733 48 52 0 6 12 0 0 3 1 58 0 9 0 4 5 6 012 69 40 9 8 26 02 43 891200 704 5893 557
727 823 5 5 69 8 7 10 05 9 7 82 647 1514 85 2104 72 8 914 12 1010 13 3 4 1089 12 885 12 2885 6717 2992
07613 1139 13415 6702 5128 9 5 72 96 79077 814 8019 9955 1009 5480 12413 124 5030 0290 53273 1153 505501
2 5 0 8 9823 47 82 5 5 12 7 5 4 0 30 0 7 9 0 5 1 805 02 45 9 0 04 12 23 835027 024 8125 555
170 543 6 9 82 8 7 05 88 8 7 82 900 1014 14 2334 82 9 086 88 9010 74 7 4 0885 17 465 33 5186 8730 8048
17703 9853 65200 8717 5121 3 7 10 98 98192 817 8172 6202 1200 3877 15218 124 6136 0712 38214 1753 585164
1 4 3 4 5623 90 19 9 5 12 7 2 2 3 24 0 8 1 9 5 1 312 59 45 0 4 24 19 26 896973 120 8483 796
273 728 3 9 12 0 2 92 70 0 5 80 087 1704 15 2306 33 4 990 17 1518 12 0 8 1287 95 485 02 5125 7718 8952
02787 1808 68235 8010 4789 7 5 55 38 11092 888 8912 0833 1414 5413 62215 124 8894 5312 55270 1992 305149
0 6 9 4 6173 48 12 5 4 12 6 2 8 1 78 9 9 6 0 7 7 998 00 45 8 3 19 92 73 801236 124 7193 556
123 133 4 9 12 0 6 12 89 8 1 80 287 9690 85 9314 12 5 902 74 5275 12 3 9 1957 14 445 12 8140 4712 8879
62313 6198 97215 8770 5121 0 0 49 06 10175 810 5917 9412 3218 5698 12215 106 5098 5414 53700 1060 175098
8 2 4 4 5700 85 96 5 0 53 4 8 0 1 28 4 2 1 4 7 1 812 69 25 9 8 47 72 08 896273 224 8964 516
204 120 5 4 12 8 2 08 19 8 0 84 998 0214 15 2374 12 4 505 44 3545 12 8 3 1989 08 408 18 0170 8690 0311
00046 8195 68015 8712 5108 3 5 70 78 59504 819 8518 9814 1860 5803 74860 500 5139 5319 83293 0143 829034
1 0 7 4 0680 25 98 5 0 12 9 2 3 7 21 9 9 8 4 9 1 912 65 78 9 8 20 12 53 391653 424 8123 056
123 225 5 8 56 4 2 60 89 0 1 92 687 8264 15 5314 92 4 912 14 1900 19 3 9 1897 12 415 72 2055 8752 7492
12314 7060 74062 8060 5731 7 0 10 87 12462 899 0990 6862 1205 0403 92215 809 5164 5532 53264 0156 045098
1 9 1 8 5123 45 95 5 5 12 9 2 0 6 44 0 9 7 0 7 1 759 15 90 9 7 25 12 40 471773 173 0120 356
53 278 7 6 55 8 8 17 82 4 1 87 688 1998 10 9323 03 8 936 17 5510 52 6 5 1297 22 455 87 0945 9642 2012
12313 9175 19085 9002 5920 3 7 12 90 12992 815 8820 9810 1215 4413 62965 225 8134 5370 66216 9108 180750
4 9 3 4 0113 45 83 5 5 52 5 2 7 0 24 9 9 0 0 9 2 976 12 85 9 8 24 72 29 290000 124 8802 536
699 543 9 4 50 8 0 92 89 9 5 87 987 9238 15 6656 92 7 982 14 8063 16 3 9 4489 02 915 07 3780 8717 9912
62339 6130 13295 8012 5728 3 4 66 78 19072 812 8957 9012 6224 0312 72218 124 5068 0312 90843 5753 426195
9 0 8 8 8723 95 09 5 6 40 9 7 6 4 88 4 2 0 4 5 1 460 12 45 9 3 26 12 27 701223 422 9175 956
028 103 4 8 09 7 5 72 85 0 1 82 987 1204 15 2918 16 4 712 14 4915 40 3 4 9689 19 975 18 2465 8712 8512
15913 3235 72908 8082 5721 9 9 12 97 18902 085 0909 9817 3935 3815 82219 124 9131 4092 53817 1600 176178
1 0 0 9 5123 46 64 5 2 14 8 2 6 1 98 9 5 1 7 7 5 512 92 45 0 8 71 97 38 904220 104 7417 557
176 927 5 4 52 8 2 18 94 3 1 82 287 6218 47 8314 97 4 662 46 1410 17 3 5 5289 13 816 12 2735 8780 8911
02013 6065 03109 8352 2121 9 5 82 68 00805 815 8714 3952 1505 3417 12695 170 0104 6977 58244 1858 175908
1 9 9 4 5143 43 12 5 5 12 9 2 0 1 20 0 0 8 4 5 1 912 12 47 4 4 24 56 63 897236 124 6123 550
193 828 5 6 12 8 2 12 89 1 9 91 047 1914 14 2318 97 4 912 14 1012 82 8 5 8289 12 006 99 2145 3012 8912
72216 9135 73865 8702 9061 3 0 19 98 12180 875 4912 6049 0215 5553 12215 173 5174 9062 66207 1992 175964
1 2 3 0 5123 75 00 8 4 12 7 2 9 7 60 1 2 6 8 5 1 302 06 00 7 0 54 72 28 886927 944 8060 853
128 123 4 0 10 0 2 92 09 9 1 82 977 1644 05 6684 10 4 030 80 0215 10 3 8 1882 17 415 02 7145 2810 8922
12313 6139 30535 0712 7720 7 5 02 99 19615 815 3312 9003 6216 4413 14215 664 5634 7312 55413 1153 905108
0 6 3 4 8083 41 15 5 5 69 9 2 0 1 20 9 0 1 0 0 1 902 89 05 0 0 25 18 63 890776 724 0193 596
575 184 8 0 14 8 7 70 49 9 9 74 287 1253 16 0164 92 0 812 14 1135 12 3 8 0066 02 015 38 0045 9952 8089
76317 9585 00218 0382 5192 5 9 12 98 12128 728 9412 9822 1845 8415 17269 384 8160 2316 08210 2953 927108
1 6 3 4 9978 40 15 9 5 60 0 0 4 1 68 7 0 4 0 5 3 650 12 63 7 9 84 01 30 851253 624 5127 546
179 929 0 7 84 6 2 58 89 9 1 89 987 8114 97 2614 22 4 010 44 4265 02 3 5 1886 16 082 72 2145 8712 0702
18889 1015 13878 8792 9481 0 5 19 08 49807 919 8910 9813 1215 5418 62015 174 5178 2915 33413 1692 120198
1 8 3 8 4153 00 02 5 9 82 9 2 4 6 28 1 7 6 7 3 1 903 02 05 9 8 94 12 53 879229 898 8833 056
029 125 5 5 12 8 2 32 69 9 1 87 317 5286 18 2054 10 0 910 64 6869 57 6 5 8959 12 410 12 8145 8766 5902
86390 7635 76345 8700 5626 0 8 14 78 86600 915 9309 8866 4219 8010 12417 824 5784 7012 53008 0056 328094
1 2 3 5 5625 55 02 5 9 10 4 9 0 1 24 6 2 1 0 0 1 904 03 65 9 6 24 02 26 595220 124 8023 586
069 423 9 9 02 6 5 02 89 4 1 84 077 1304 85 7334 12 4 910 88 7715 16 3 8 1507 70 455 24 4104 6019 8992
90310 0135 90215 4710 0321 3 5 62 95 12102 475 8300 7822 0614 0710 40275 124 5134 9812 93617 9095 765767

18318 9838 13493 1762 6641 0 8 12 68 12350 800 8522 9842 0219 9917 12215 134 0778 5216 53217 0556 120193
5 5 6 1 7023 09 10 5 7 72 9 2 6 9 25 0 8 7 0 5 1 969 48 06 9 2 20 11 03 856393 064 8627 585
103 123 9 9 42 0 0 12 76 5 1 42 909 0834 15 6364 82 4 919 99 1235 14 3 4 4869 12 810 06 6177 8009 8909
02768 1073 23015 8912 8626 6 9 75 08 52172 915 9912 0812 5805 0413 62210 064 5994 0052 59713 9138 168409
7 2 7 6 5520 45 12 5 7 62 9 2 9 9 70 6 2 0 4 5 1 812 12 93 0 0 24 12 69 890423 890 8933 756
57 823 5 4 62 7 2 72 69 4 6 82 958 5014 19 7314 20 4 915 14 9585 92 5 4 8958 92 319 06 0157 8746 8392
14340 1235 16700 8470 5431 3 5 12 98 02102 860 0511 9842 6215 5413 52015 020 5053 8317 15211 8153 205943
7 2 7 4 5193 65 92 0 5 10 0 2 9 6 27 9 2 5 4 9 1 988 14 52 9 4 94 11 03 801489 129 8123 456
623 223 8 9 09 8 8 12 87 3 1 82 987 1959 15 8086 15 7 942 24 1115 10 3 5 1289 12 718 71 1145 6296 8884
13979 5039 13815 0793 7127 8 5 12 96 92076 845 9012 9212 1214 5023 02215 023 2904 5712 05898 1153 120198
1 5 3 4 5728 55 10 7 6 06 9 6 9 6 08 9 2 7 4 5 3 617 19 45 6 8 26 12 98 801199 404 8123 058
103 143 0 9 12 7 2 52 89 7 1 62 987 1225 02 2015 42 1 914 18 6550 12 4 4 1068 12 415 02 2000 8710 8417
02308 4530 03754 8962 5101 0 6 48 00 72117 885 8647 9012 1278 2403 12816 929 5130 5412 53897 6153 167738
1 2 7 1 8173 45 90 5 0 12 9 0 8 9 78 5 2 1 4 6 1 972 12 79 9 8 24 10 77 681223 420 3488 556
223 080 6 9 15 5 2 12 80 7 1 89 087 1884 78 9058 15 2 972 85 6317 10 5 7 8009 76 484 82 8140 8472 5912
12293 6138 13210 8089 5046 7 5 52 20 18780 805 8946 9510 1255 3313 12719 928 9130 0041 06013 1153 725198
1 2 3 4 3103 95 14 9 5 10 0 6 7 6 26 0 2 4 4 5 9 614 14 46 6 8 29 18 28 031653 746 7428 578
163 583 0 8 23 8 8 82 01 7 1 82 980 1218 75 2934 02 4 906 98 4285 02 5 5 1984 05 463 02 2046 8482 9912
90710 8335 83220 8729 0121 3 0 12 08 11572 765 8958 3499 1015 6600 10065 327 0138 5368 50913 1178 224198
1 2 7 4 9683 40 12 5 0 10 7 5 6 8 28 6 0 4 4 0 6 910 12 60 0 9 00 42 23 491867 804 5023 546
603 103 5 9 88 8 2 72 53 9 4 80 087 7810 11 5918 10 4 990 18 1915 01 9 4 1069 12 910 07 5019 5995 0912
74503 9165 23075 8111 5506 6 5 12 96 66000 115 8983 1910 1215 5448 52295 124 5084 8412 93298 1105 825158
1 6 8 4 5823 45 16 5 5 02 9 6 7 3 68 0 2 1 4 0 1 912 17 63 9 8 76 32 03 881207 224 8125 576
028 079 8 9 62 3 2 12 80 4 6 02 392 1218 02 2314 12 4 090 95 1210 42 3 5 7689 18 479 12 7175 9717 0010
48353 7335 13219 8612 0101 3 5 12 98 16132 895 8912 9818 3616 3013 18246 628 5174 8022 53013 1859 785178
0 8 9 0 5173 45 17 4 5 16 1 6 0 1 28 2 9 1 8 2 9 900 14 07 7 8 74 76 00 890960 594 4093 456
183 749 9 9 12 5 8 62 89 8 7 80 289 7218 25 2814 82 9 916 14 1930 95 3 6 1779 02 065 19 5865 4702 3712
12340 1103 93753 0712 5991 0 0 13 08 82148 705 6892 8066 1305 5099 53210 178 7104 3342 93208 1143 195195
7 4 3 4 8123 41 15 4 5 12 8 6 4 6 20 9 2 0 0 3 5 590 72 45 0 8 24 90 58 897218 624 4983 506
123 603 5 9 59 0 9 13 89 1 7 52 807 0210 05 2513 02 6 948 97 1015 12 3 5 1206 12 305 60 8845 6412 0306
19613 1078 74719 8825 5123 3 5 16 58 42442 015 6982 9912 1885 6313 32297 524 8875 3359 50480 4170 906997
1 2 5 8 5103 84 64 5 6 82 9 2 7 4 77 9 9 1 2 5 2 996 12 95 9 7 00 92 03 297490 324 8873 266
107 199 6 9 90 8 6 12 09 4 1 02 987 3294 00 2316 30 8 670 04 0280 89 9 5 8600 10 415 15 2196 6982 8012
1 2 9 4 1123 90 82 4 9 18 0 6 5 5 27 9 2 0 4 5 1 925 72 85 9 8 57 10 63 090205 424 8803 500
603 125 4 0 18 6 2 32 39 0 1 62 687 3274 05 0714 12 4 911 84 1005 99 3 5 1256 19 415 19 2440 8073 6003
12093 7308 10075 7919 5131 0 5 02 08 52120 010 0386 9814 1265 3010 85215 624 0130 5810 03212 1100 125190
9 8 5 8 2143 65 15 5 7 12 6 2 6 1 30 0 5 1 6 5 1 810 14 54 9 9 74 12 22 805953 124 2423 956
49 333 5 6 12 7 2 85 89 9 7 42 988 1214 88 7754 62 0 892 04 1527 12 3 8 1080 19 415 12 4145 8732 8416
39393 1130 90279 7707 9648 3 5 22 99 12103 819 0957 9832 1500 7813 17855 424 9134 9890 53917 3287 129198
9 5 0 0 0197 49 58 5 0 02 9 2 1 9 87 9 7 1 0 8 0 916 69 40 9 7 29 52 28 697893 004 6183 555
093 123 5 9 39 8 8 06 89 6 1 83 569 6714 19 6316 42 9 818 14 0675 60 3 6 1299 19 486 12 9045 5712 4917
82863 1139 78265 5745 5229 3 5 26 37 02358 813 8967 9979 1206 6074 02285 024 5184 5344 03413 9653 125594
5 3 9 4 5073 40 60 5 6 19 9 2 7 9 28 9 0 6 3 7 9 908 92 48 9 9 29 82 18 890545 600 0593 279
953 628 4 3 15 0 2 19 49 5 7 82 005 0716 95 2356 72 4 909 16 1047 17 6 0 7380 17 405 92 2955 9116 8732
62013 0145 17495 8591 6128 9 4 17 48 57662 885 9590 0919 1235 5473 89306 159 5134 4312 03613 4053 125593
1 2 3 4 6123 87 12 0 6 59 7 7 0 1 93 9 2 7 8 7 3 072 12 48 9 8 88 60 24 890203 024 8165 050
123 623 7 3 92 8 4 12 87 6 5 62 880 1884 90 2064 02 5 882 10 1616 31 3 5 1757 82 448 32 8542 9066 6611
17054 2235 13885 8612 2171 5 5 72 27 12162 845 8994 9896 1837 5416 52477 024 5034 5171 89213 1853 005418
1 4 0 4 3124 46 13 5 2 96 0 5 6 2 54 9 3 1 4 5 1 010 12 43 9 8 24 62 23 691533 124 9120 550
350 150 5 6 17 3 8 72 19 0 3 89 977 8214 15 2915 62 4 917 47 4275 92 3 7 1789 12 809 12 2188 4795 8912
47500 4085 13262 8649 5169 3 0 12 99 12192 925 8311 6822 0231 6413 92710 124 5937 8392 68219 1953 135098
1 2 0 4 5183 83 12 5 7 09 9 9 6 1 68 9 5 9 7 5 8 912 12 95 5 7 28 89 33 071267 684 0153 786
823 919 5 4 10 8 0 06 88 4 2 82 986 9274 15 4791 92 4 902 08 8235 99 3 9 1030 92 402 36 2745 8713 8434
12306 1135 13605 9762 5426 6 5 32 48 03100 855 6812 8811 1215 5418 98265 164 7138 0386 38713 1324 655198
1 5 3 4 5127 45 42 3 5 09 8 2 0 5 28 0 2 0 8 7 1 918 70 99 0 8 74 12 87 856271 159 8520 556
123 146 5 7 82 8 7 19 83 4 1 42 484 1214 15 9609 32 4 914 16 9718 02 0 9 9889 12 406 16 2846 8011 8032
19550 8705 13876 8772 3821 5 5 62 80 32172 065 5716 9776 1615 4713 07205 024 5184 5410 53213 2036 722197
5 2 3 4 9513 88 78 3 5 11 4 0 2 9 98 7 6 1 4 2 1 904 62 44 8 7 76 62 23 860250 164 8123 356
123 120 5 7 12 1 7 12 59 8 6 82 986 1264 68 2814 17 4 937 67 3689 10 5 5 9280 52 887 02 2055 8963 8812
00472 1150 84015 0912 6694 3 9 12 57 13577 725 0982 6812 1216 9053 42985 124 0137 5342 53614 5153 828199
8 8 0 9 5703 45 10 5 5 99 9 4 7 1 28 8 7 1 4 5 9 610 10 57 9 6 74 42 13 999823 154 9680 790
153 223 7 9 12 9 2 52 89 5 1 87 878 1917 25 9510 02 4 710 17 9647 09 3 0 1230 12 435 00 2841 9719 8827
12313 1838 49215 9519 6171 3 5 12 01 72172 805 7902 9800 6805 5743 17259 124 5134 2092 53813 7150 106792
5 4 6 4 5163 45 92 5 5 77 0 0 6 4 28 9 2 0 5 9 0 992 43 45 4 8 24 85 25 890325 184 8126 356
423 123 5 9 16 2 9 02 89 0 4 42 907 9830 55 0340 12 4 682 04 1250 17 7 5 1908 02 905 92 2445 2712 8952
72373 1035 99037 8788 5841 3 5 89 81 12178 017 6902 6882 3715 9003 16942 628 5034 5383 49010 1963 721998
1 2 3 0 5125 40 12 3 0 72 9 2 9 1 88 7 0 1 4 5 9 519 96 46 9 2 28 19 23 058085 676 8128 506
159 946 6 9 02 8 2 19 79 3 1 88 757 4214 15 8964 10 8 810 36 1205 72 3 8 9009 12 815 17 7032 9029 8812
12319 6155 13215 8216 9121 3 3 10 60 47162 717 0501 4817 1270 5443 97215 094 5134 5317 04259 0165 725860
1 7 3 4 0993 48 78 4 0 32 5 9 0 6 28 9 2 9 4 5 1 462 08 43 8 9 25 18 23 821223 109 3123 801
01 629 5 9 12 8 9 02 09 0 1 62 987 1284 05 8314 97 4 319 50 1615 12 8 5 1289 46 414 52 7140 8912 8912
12313 8834 08719 8712 1921 6 7 02 85 39005 095 8748 9082 0205 4445 99011 606 5134 5777 53246 1173 725199
0 7 5 9 5078 85 77 5 0 12 9 0 8 1 78 3 5 1 2 5 6 946 02 79 9 8 20 27 20 891763 194 8164 604
173 199 5 6 19 9 2 65 89 7 1 88 457 6219 07 2994 72 4 912 00 0265 19 9 9 7298 02 415 12 2145 8762 9912
37370 0137 13205 4069 9641 0 5 90 68 62902 077 8914 9314 1815 8978 90295 529 9648 6339 52217 9423 125095
1 7 8 6 5198 45 02 0 1 10 2 6 7 1 98 9 2 1 4 0 5 989 99 45 9 8 06 12 20 893529 174 6853 044
129 133 6 9 40 4 9 95 79 0 1 82 987 1414 14 2184 12 2 902 02 1616 82 3 5 1281 15 664 15 2540 8772 8912
16313 1128 86290 8069 4122 3 9 04 98 06755 015 0906 9718 1265 5458 12610 122 5130 5802 02213 0990 125890
9 2 6 7 5503 43 92 5 5 32 9 8 2 1 28 9 2 3 4 5 0 812 16 34 9 8 23 92 20 891292 187 8077 704
503 116 8 9 12 8 2 96 55 2 1 84 977 2248 06 3216 82 9 910 14 1215 20 3 6 1180 62 414 10 2145 6012 0112
12086 1980 17290 9718 5329 3 5 67 09 66342 815 8018 9016 9215 5440 10045 164 6138 6317 79918 1158 126948
1 9 9 4 5123 47 47 0 0 92 9 0 3 1 38 9 2 1 8 8 0 012 62 05 9 0 74 57 23 001827 124 8483 059
123 726 5 9 77 8 6 12 69 9 1 75 058 1084 45 2969 73 4 919 10 0215 17 5 5 4794 17 819 87 2145 6013 8953
62973 3435 17212 3712 5222 3 7 12 98 72109 775 8900 9828 3299 5403 12603 184 5154 5412 91203 1153 029094
8 1 3 5 0123 50 88 8 5 12 9 6 0 1 28 9 6 1 4 5 1 906 12 45 9 8 78 52 27 591080 124 0423 556
326 123 6 9 12 8 8 15 19 5 1 80 997 8104 05 6314 82 7 910 10 4315 02 8 7 9200 72 215 02 9095 4792 5918
85313 1195 17910 8076 0407 1 0 10 98 37808 815 0015 9712 1210 4017 10254 127 5144 4597 73212 1193 155968
1 2 3 9 5961 05 92 5 0 10 9 2 9 9 20 9 0 1 4 9 6 912 97 45 1 8 20 90 43 301223 629 8107 580
079 120 5 9 10 5 2 02 99 0 0 76 987 1294 81 2314 89 5 456 13 1915 18 0 7 1359 10 315 14 5161 9722 2700
17963 0839 16215 8710 7921 3 7 76 97 12876 835 8018 9919 1215 5913 82515 125 5134 5512 53297 1873 325698
1 2 5 9 7193 48 92 4 9 12 6 2 8 1 28 9 6 1 7 5 0 712 12 41 9 3 85 18 21 098220 120 0106 556
026 128 5 9 12 8 1 67 80 7 1 92 908 0204 17 9316 15 4 922 85 1217 02 9 4 1256 16 415 14 8195 8928 8912
12513 4935 17745 8109 5128 2 5 08 91 22682 755 8012 9697 1015 5414 12019 354 7174 1392 53017 7053 125608
1 0 3 2 5663 08 12 5 9 13 0 2 0 1 75 9 7 1 4 6 6 952 77 45 6 9 27 19 65 891080 964 6180 096
133 623 5 9 02 8 2 02 89 3 1 72 888 1900 75 1417 14 4 992 98 1210 45 3 8 1284 90 295 82 0105 8202 0832
72310 1575 45292 0760 9170 3 0 80 20 16282 705 8692 8809 3245 0423 62110 164 2962 5350 52213 1903 122194
0 2 3 4 5727 43 12 6 8 12 5 9 8 1 98 5 7 9 0 5 2 489 82 08 9 7 24 14 33 895693 924 9103 050
927 123 3 5 12 7 2 71 05 9 8 00 564 0214 15 2933 12 0 072 66 5074 32 2 8 6289 52 419 19 4649 8748 8960
12393 7115 09817 9592 5021 4 9 72 08 15172 089 8098 9812 5215 5113 19595 184 9137 3302 53203 0354 525121
0 2 5 4 5829 48 12 9 9 16 6 2 6 1 28 9 2 1 8 5 8 912 10 45 6 8 67 98 05 891260 126 8629 277
923 026 6 4 14 8 8 12 89 6 1 88 970 1296 18 0016 02 0 910 11 0278 10 3 5 0079 87 405 07 8175 9063 8945
16818 1139 30899 8002 5128 7 5 57 98 12108 875 8042 8099 1219 4073 10218 194 7920 7662 68615 3523 166698
3 2 0 4 0333 70 02 5 5 62 9 2 9 1 42 4 9 1 4 0 8 910 12 43 9 8 24 06 23 897295 770 0789 846
49 102 5 4 12 5 2 93 83 1 5 82 087 1005 16 2354 10 2 407 02 1560 10 3 5 8089 18 415 02 6187 8702 4969
15874 0036 03140 8814 5128 3 1 14 01 62942 915 8942 9817 5288 3540 05995 926 2133 5882 93263 1459 203196
1 3 2 4 5120 78 15 4 0 92 7 2 4 1 28 0 2 1 5 7 1 902 19 10 9 7 26 42 53 851323 194 7720 056
100 173 8 8 12 8 9 12 42 9 4 70 980 2290 18 6014 32 4 912 66 1715 72 0 5 6200 12 785 12 6045 6792 8997
00393 1735 02436 8812 5046 0 5 15 96 12022 015 8573 9814 1319 5413 58215 108 5134 0969 33270 1190 327195
1 0 3 4 5799 15 20 0 5 46 9 0 7 2 28 1 7 1 3 5 1 672 12 22 7 2 84 45 43 380263 534 5023 589
080 123 5 9 12 8 3 72 80 4 7 39 288 1214 06 0314 13 4 719 19 7515 82 3 5 5382 82 419 12 2045 8712 5918
32364 3135 18216 8583 3171 4 4 15 98 02199 715 8015 9092 1285 5906 82219 824 5030 5382 09233 1163 675738
1 4 6 4 5167 59 12 9 5 19 9 0 6 0 28 4 5 1 4 6 9 919 02 85 9 8 24 60 26 424828 187 6423 576
792 133 5 6 82 8 2 82 86 5 1 66 947 6234 77 2312 00 9 702 24 1205 12 7 8 1589 68 765 04 0240 9418 1012
12310 1035 15298 8610 5730 3 5 12 98 30792 815 8916 9829 4920 5419 04911 154 7130 0712 53109 8056 525090
5 2 8 4 1763 57 12 0 2 62 9 3 4 5 98 9 7 9 4 5 4 010 52 24 7 8 14 17 29 998293 100 1823 596
149 115 5 0 90 8 4 82 09 0 1 82 985 3894 75 2397 18 8 979 14 9415 70 3 5 0688 72 459 99 0145 8019 8916
92013 0639 83515 8612 0701 3 5 12 95 93172 818 8302 9810 0791 5803 12819 506 5134 6312 67217 1953 425026
1 6 3 4 4328 48 52 5 0 32 9 2 5 1 28 8 6 2 4 8 9 902 42 35 0 2 78 30 23 896673 776 8123 595
129 373 5 9 58 8 2 77 89 7 1 80 576 8614 79 0314 15 4 962 74 9615 12 0 5 1489 10 870 20 0045 8059 8012
12418 1135 13959 7757 5820 6 2 60 08 07062 886 8952 0804 5288 6413 52908 570 3976 0992 73510 7353 185767
5 1 3 4 8523 45 73 2 5 53 9 2 6 0 88 9 2 1 4 5 7 919 12 50 9 3 74 72 24 896873 196 8183 056
142 175 5 5 10 8 5 87 89 8 1 79 785 5998 58 2644 18 4 777 04 1015 17 4 5 1249 52 958 06 2473 6002 4912
12319 1135 12196 8709 5121 3 8 69 67 15118 015 0912 2012 7210 5619 12017 029 5355 5342 97503 0153 829078
8 7 4 6 6129 99 17 9 5 14 9 2 5 1 87 6 2 1 0 8 0 193 82 05 9 4 25 52 92 887270 769 6056 356
025 096 5 0 12 8 0 13 89 1 6 62 087 1215 55 4317 16 7 882 14 7475 39 9 9 1259 12 416 02 2141 3510 8493
10373 8135 07614 8512 5184 3 6 72 98 99402 815 8032 6059 1258 5468 82244 720 0001 8112 44215 0188 025877
1 0 3 4 8427 85 41 0 6 72 5 5 0 1 28 9 2 9 0 5 0 912 12 49 3 4 44 12 93 891097 420 8105 556
179 683 5 9 12 8 4 19 12 4 1 53 987 6814 35 6504 02 4 774 19 1219 12 3 5 8289 77 774 12 2484 8712 7632
10303 1135 04685 5779 5121 9 5 19 68 82402 215 5914 3514 6211 5493 92265 124 0234 0392 58913 1786 120698
8 8 3 1 4157 95 14 5 5 32 6 0 6 8 29 5 0 5 9 5 4 725 18 45 9 2 29 52 23 691503 128 9583 556
171 094 5 0 82 8 2 10 99 3 1 82 982 1884 05 2369 42 5 563 64 1355 10 3 1 4289 16 495 52 2709 8707 6912
72318 9003 03215 8812 5966 3 5 86 98 14257 815 8952 2052 1205 5418 12915 924 5137 5302 77619 0197 145178
0 2 3 4 5125 45 12 1 6 19 0 0 0 0 30 9 0 1 5 3 3 812 12 49 9 8 74 17 23 251656 024 8129 706
004 133 5 4 72 8 9 32 99 8 8 25 984 0219 90 8904 18 4 519 18 1915 00 3 5 4080 12 805 62 3198 5717 9618
02369 1145 70580 7218 0425 6 5 16 08 86110 817 8802 9612 1235 8029 12285 103 7234 7605 86053 0157 105898
0 2 0 8 5129 45 18 4 2 82 0 9 5 1 28 9 2 0 4 9 1 910 12 45 0 0 64 62 23 891227 162 9577 546
59 193 5 9 10 9 9 12 89 5 1 89 086 8017 19 0344 15 7 015 16 1210 12 7 5 7887 02 445 19 2175 8692 0940
42590 1635 23815 8712 9171 3 8 12 97 08510 305 0958 9960 1608 6777 12815 726 5104 8315 47966 1150 155094
7 0 0 4 0421 49 12 8 5 00 6 9 6 0 21 9 1 5 7 4 1 919 02 91 9 6 29 02 03 381627 825 8620 577
973 129 7 9 42 8 3 82 00 3 1 85 685 2214 10 6317 19 7 912 09 1295 19 3 5 6009 02 035 16 2148 6712 5512
32363 9630 73490 5466 7020 7 6 12 98 07102 815 9912 9812 0218 8013 18219 164 4024 2363 51283 1753 129134
9 2 8 4 0703 45 12 5 2 12 9 2 8 1 90 6 7 8 8 0 1 282 12 45 9 4 24 92 29 868229 224 8166 256
923 040 7 8 43 0 0 12 89 9 1 82 005 1404 88 6810 12 3 760 09 0210 18 5 0 0045 72 419 12 0973 2914 8918
07357 1495 58015 8942 5191 3 5 02 98 17182 915 2568 8080 0215 7413 49247 149 5194 5530 93215 4110 737198
1 2 2 8 5193 75 22 5 5 12 9 0 3 6 93 9 2 1 0 9 7 910 20 85 9 8 06 12 03 891200 129 0898 556
823 528 5 0 17 2 5 07 89 7 1 90 140 1214 90 5944 92 9 895 79 0210 12 3 5 0279 12 415 14 2495 6002 8712
12613 2430 73714 9715 5101 3 5 14 88 60119 650 8913 8899 1915 0604 16035 848 5750 9072 13243 1255 125178
5 2 3 4 5026 95 62 8 3 12 9 2 9 1 88 6 8 1 4 5 3 002 12 90 3 9 88 42 20 891263 824 8800 580
173 125 5 9 02 6 2 19 40 3 1 82 907 7404 15 0409 12 0 012 84 0525 02 3 5 1279 12 416 12 2049 5712 0019
32313 4335 11236 8313 0825 3 5 37 68 84104 615 8952 9802 1259 6516 25215 157 5134 8388 69693 1155 905898
5 2 6 0 5133 08 82 5 5 17 9 2 7 4 68 0 7 0 9 9 8 500 12 15 6 8 24 39 23 990203 194 8028 076
103 723 5 9 52 0 2 12 99 0 6 72 986 1212 16 2506 06 3 858 01 9615 02 6 5 1481 12 410 91 2808 5015 8982
38320 6535 33915 8711 8028 3 0 12 90 12009 705 7910 8812 1715 6411 52015 935 5154 9312 63413 0353 105494
6 5 9 4 7763 08 70 1 7 15 9 2 0 5 24 9 2 8 4 9 6 714 18 05 0 5 24 98 23 091423 727 8223 559
143 120 5 9 52 8 0 12 90 8 9 26 097 7254 15 4919 18 7 612 26 8415 92 1 7 1289 86 587 57 2905 0942 8572
14910 4179 05215 3893 5157 3 5 05 52 12772 813 9912 5889 9013 5417 02082 724 8334 6909 43953 1152 687867
6 9 8 4 5179 45 76 5 9 62 7 2 5 1 20 7 9 1 0 5 2 412 20 45 9 8 21 65 29 095263 163 9123 586
948 188 4 7 12 0 2 15 49 5 0 90 608 5504 85 0317 62 4 990 03 6212 95 4 9 8279 12 606 10 8645 8805 9812
07813 6030 44010 2768 9279 0 5 10 57 42678 818 8912 9752 1713 5313 16205 120 5874 5890 83803 0153 195698
1 0 3 0 0028 63 50 0 9 92 7 2 1 1 78 5 2 1 4 0 8 019 02 94 0 8 27 12 43 891719 096 8375 956
073 824 5 9 02 8 2 14 79 3 9 89 085 5214 14 8318 18 2 196 84 1212 18 3 5 1281 62 015 07 0507 8782 8069
16316 7130 13215 8715 5781 5 9 92 28 19232 816 0310 9122 1095 9703 77225 128 8134 5312 53217 5053 428198
9 2 3 6 5127 05 92 8 0 10 8 0 5 1 76 0 2 1 8 0 9 920 07 45 0 9 19 16 03 897210 529 5504 576
523 123 5 9 52 8 0 16 66 5 4 08 989 0414 05 2914 12 9 682 28 1388 18 1 0 9289 12 275 02 2148 8416 4602
68518 6875 03315 5010 6501 3 5 48 98 12042 648 8912 0012 1589 5417 10225 130 0075 5792 59016 9163 720108
5 0 0 3 9173 45 12 5 8 14 5 2 9 1 41 9 2 1 4 3 9 010 44 44 8 0 80 89 33 891624 822 8103 949
920 698 0 2 12 8 3 15 89 3 1 82 397 1714 15 2346 99 4 870 50 1083 67 6 0 1391 11 565 13 2240 8912 7163
12333 1455 13715 8712 9701 9 5 12 98 13176 815 5924 9887 0900 5463 82226 829 3135 5360 13472 1173 125900
1 1 3 8 5190 98 12 5 5 12 9 9 0 0 20 9 2 1 4 5 1 902 12 05 7 8 04 12 53 780829 353 8882 055
59 123 3 9 36 9 2 12 06 9 1 82 707 1377 84 7309 12 4 996 24 1246 74 7 8 1059 02 715 19 2140 7712 5972
17313 9165 93010 8075 5063 2 4 79 08 12780 855 9972 9044 9034 5473 72248 121 5038 5910 53043 0659 025160
9 2 3 4 0207 44 20 0 5 93 0 0 5 1 28 9 2 1 0 7 0 012 72 48 9 8 84 50 43 601263 520 0180 097
793 087 0 9 92 8 0 90 68 6 4 80 788 1210 18 2702 19 1 912 64 2917 39 3 4 8289 99 066 07 0842 8752 0962
65613 6105 44215 9712 5021 0 9 12 00 08812 440 8412 4712 9007 5458 59010 076 5138 6394 03973 1793 795498
1 2 5 9 5943 45 00 5 5 10 9 2 3 5 28 9 2 6 4 9 1 915 00 82 0 7 74 12 20 891622 144 8420 656
923 023 9 9 42 5 2 88 67 0 8 87 780 9214 10 7334 62 3 662 74 1215 12 9 8 8289 12 415 52 3640 8792 8912
15318 0105 13215 0712 5121 1 5 07 90 19162 255 3912 2868 1205 5853 62247 304 5054 5312 57213 1655 025197
1 2 3 4 5398 05 12 5 5 52 9 1 9 1 98 9 0 4 9 4 1 910 12 48 9 5 23 11 90 897129 174 8429 558
123 893 6 4 00 8 3 12 30 9 0 61 901 1977 14 6311 18 4 815 16 1234 14 3 9 9289 62 855 12 6149 0510 9010
02393 1135 73205 8710 0926 0 1 11 57 22129 818 1312 0117 6284 8483 11217 002 5034 9352 83207 5153 025320
1 2 3 9 0173 15 70 9 8 11 2 0 7 8 25 9 8 5 4 5 8 010 12 95 9 0 89 42 23 891925 026 8123 586
123 785 0 9 42 5 5 02 89 8 2 82 038 7604 29 2798 72 7 007 94 5399 12 7 7 1334 08 275 93 2970 8637 8372
56318 6186 14260 9802 3711 0 5 02 58 15179 316 8962 9872 1618 5413 18049 100 3134 5582 63279 1359 225108
1 2 9 3 8121 46 86 9 5 11 9 2 8 1 28 9 0 1 4 9 1 767 16 55 4 0 74 02 93 861845 744 8123 509
687 691 0 9 92 8 9 12 85 9 1 85 907 5719 99 2314 19 4 518 44 2816 17 0 5 1785 19 015 69 0195 8372 8396
82354 1130 13618 8017 0131 3 6 12 90 02182 925 8012 9672 4978 5053 82285 004 5105 5330 67963 4248 075778
1 9 7 4 5193 55 79 4 6 82 9 2 6 1 28 0 2 1 0 5 5 918 00 05 9 8 60 12 73 950026 193 8125 999
107 043 5 8 62 8 2 17 59 3 1 92 987 0219 96 2384 76 4 412 10 2215 19 3 5 0909 52 418 50 0220 5942 6905
18343 1185 10217 8400 5704 3 5 12 90 82169 895 3012 9857 2275 5010 22595 764 5889 0845 93293 7153 124397
7 2 3 4 6123 39 48 9 7 62 9 2 0 8 24 5 2 1 7 5 5 910 10 45 9 0 24 12 20 401533 194 2003 596
183 123 5 9 73 9 9 92 09 7 1 89 609 3745 95 2514 14 8 912 73 0617 12 8 6 7289 12 767 62 2405 6742 8902
10373 1136 77085 9200 1127 8 0 02 98 10167 091 5925 7079 1269 5793 18190 103 5154 5832 59217 9353 687998
0 2 9 6 5123 49 69 5 5 94 0 2 4 1 27 5 2 0 7 9 2 912 17 32 7 9 25 02 09 898323 904 0023 580
122 873 4 9 12 1 2 62 80 0 8 92 610 1292 55 0114 52 7 902 59 6813 62 8 8 1269 83 415 92 2404 8732 8710
10213 1435 13215 8702 5907 3 8 12 98 62586 515 5902 8072 6216 5417 02067 124 0148 3316 53055 0157 147668
1 6 8 9 5526 85 10 5 0 12 0 2 0 1 24 6 0 0 9 5 9 812 02 06 3 8 27 17 40 991284 125 8793 356
169 100 5 0 11 8 7 12 09 7 1 94 937 1294 07 2394 25 4 882 14 1215 12 3 5 0783 15 438 02 9925 8713 3962
12418 1105 59830 6912 5181 5 8 12 98 12179 615 8960 9829 7085 1917 12215 124 8139 0317 50280 8150 525290
9 2 3 4 5028 66 12 5 0 75 9 0 0 1 20 8 0 1 4 5 0 712 54 40 9 8 76 12 28 753773 183 7308 590
520 803 5 9 55 8 2 40 02 4 1 32 047 1604 96 2910 42 6 907 17 8210 59 9 5 6807 09 215 02 5835 8712 9510
12080 0135 06999 8502 9124 5 5 19 98 72100 018 8942 9012 1215 5419 69204 178 0474 5719 09503 1050 135198
7 2 3 0 5503 75 07 0 5 72 1 9 1 9 07 9 2 1 3 0 1 912 12 64 1 0 08 12 23 451538 155 8053 556
59 120 5 8 92 7 2 18 89 0 1 83 887 1214 15 8398 12 4 912 11 1233 72 9 5 1279 12 415 92 3424 8210 6996
01585 4038 14610 2710 7947 6 5 02 90 02168 860 8972 6018 1965 5403 16211 126 9088 0018 53214 0659 025198
1 0 3 9 8189 40 02 5 5 18 9 5 6 1 38 9 4 9 4 5 1 040 14 89 9 8 20 11 53 885250 096 4023 556
629 929 5 9 00 8 0 72 38 6 0 42 977 1084 10 2344 38 0 012 08 1069 87 8 7 9299 22 075 62 0144 8912 8013
60317 0135 13785 5716 5601 3 8 62 98 10112 818 7812 0312 5215 5014 02615 191 9330 5942 58803 9158 185790
4 9 3 7 0720 05 32 5 7 87 6 2 6 1 28 7 6 6 4 4 1 912 12 05 9 4 54 12 26 801425 124 5123 509
921 823 5 8 12 8 2 12 89 5 2 50 887 6416 14 9080 02 7 912 10 4205 42 0 0 1287 02 809 02 7140 9012 9901
12383 6130 13872 8044 5121 0 2 10 48 02168 853 9912 8036 1215 6420 85297 124 5104 0317 33113 5056 718698
1 8 9 1 6039 45 10 8 5 10 9 9 6 8 28 5 8 1 4 5 4 096 17 05 9 9 49 92 23 760482 124 9920 556
183 120 8 6 53 0 2 12 85 2 0 24 984 0614 96 0316 09 4 932 94 6219 54 5 5 1789 12 465 12 4146 4032 8946
11903 5333 13215 9810 0185 6 5 11 88 11182 813 8902 0752 0205 5017 02210 128 0134 5362 53203 8073 105100
2 2 3 9 6223 60 19 5 5 12 9 3 7 1 08 8 2 1 5 5 6 912 65 45 8 8 70 82 52 699223 364 8728 586
027 973 5 9 16 8 4 12 89 3 1 82 687 0217 15 8704 12 4 915 14 0786 16 0 5 1936 18 015 02 5145 9018 0917
10816 1054 07302 0192 5051 3 8 16 98 06000 819 8515 9519 6075 2413 12293 127 2136 9313 90263 1163 162894
1 2 3 5 0183 86 85 7 5 07 9 2 8 1 57 0 7 7 4 6 9 589 10 09 9 9 66 16 23 099723 905 8073 364
723 553 5 0 12 0 3 17 79 7 1 82 987 8096 59 3317 42 1 979 89 5710 56 8 5 6709 18 475 95 7105 4791 8597
43873 0006 93296 0017 5544 1 9 02 88 32662 967 8716 9813 5210 5473 17505 524 9191 0368 99216 6158 125095
1 3 7 8 5163 46 18 5 5 17 9 8 6 1 60 7 2 7 7 2 1 913 76 05 9 8 04 92 73 091023 895 7071 550
423 943 7 6 42 8 2 65 88 0 0 82 987 9010 10 2810 12 4 902 94 1055 07 9 5 2929 78 412 16 0765 8618 8818
72018 7101 13265 9712 9080 5 6 57 58 12992 310 0918 3912 1845 5403 82805 138 7618 5910 03713 1172 641198
9 2 9 1 4420 45 13 5 5 82 8 2 9 1 28 9 2 6 4 2 0 912 90 45 9 8 54 89 26 892226 024 0129 956
124 073 5 0 00 8 2 16 55 2 8 86 963 1684 15 2314 17 4 935 18 9811 10 8 5 2280 62 415 92 2345 8747 0917
10913 0035 00299 0772 5141 0 5 52 98 12187 816 7602 9812 1010 7868 62219 104 7937 4039 57243 1136 508108
0 7 9 0 7953 49 98 5 8 10 9 2 5 8 72 9 7 8 4 5 1 918 15 00 9 8 26 72 07 899973 275 7173 307
126 109 5 9 66 9 2 86 89 8 0 89 780 2267 65 2917 92 0 912 60 1298 97 3 5 0689 38 690 85 0900 8718 8912
17009 0109 03705 8922 0128 3 0 87 98 54502 595 0952 7872 1245 5413 00912 170 3108 7312 53243 3753 148892
1 2 3 5 5729 45 98 5 5 12 3 2 9 7 28 9 2 7 4 3 1 889 12 40 6 8 53 78 93 891223 124 8129 598
822 124 1 8 12 8 7 16 88 6 1 62 564 1593 90 5608 19 4 912 64 6015 32 8 8 0259 13 910 52 0165 0792 5552
12313 6145 23218 8712 5768 5 5 10 02 12152 815 8099 9862 7275 6910 92615 524 5604 8309 08603 1153 705598
5 7 6 4 6723 40 16 5 9 12 9 2 7 5 98 2 2 1 9 5 3 463 62 45 5 8 27 92 23 921930 120 6793 856
843 123 9 9 19 0 4 19 89 5 8 92 487 1227 75 0374 16 4 905 05 1219 12 6 1 1220 15 995 96 4094 8802 4012
01810 1385 03497 8917 5721 3 0 82 96 10076 610 8914 9022 1015 5093 72219 129 0504 5902 53777 6859 020798
6 8 3 4 9128 88 15 5 5 12 9 7 9 1 28 9 2 0 9 5 1 916 42 45 9 8 24 98 43 778373 024 1123 866
54 950 5 9 22 9 2 89 79 5 7 80 947 8215 25 2084 03 5 902 14 8805 12 9 0 1779 92 415 79 2135 8812 8914
72816 1155 57975 7702 5029 7 5 07 80 17127 815 9812 9912 9919 5017 10215 124 5137 5742 03843 6153 907190
1 4 7 8 9829 84 12 4 5 06 0 4 0 8 00 9 2 0 7 5 1 310 72 95 9 2 24 52 81 991698 154 6163 558
123 124 5 0 02 8 9 16 87 7 1 80 088 1944 15 6514 02 8 012 78 1215 82 0 5 9289 42 424 18 0045 8715 0949
17010 0138 23235 8918 5120 3 5 12 68 82496 895 8792 9812 2276 5466 44415 027 5134 5302 40268 1178 807197
1 8 3 9 9709 75 52 0 4 72 9 1 8 1 20 9 2 8 3 6 1 918 12 60 4 8 84 12 92 998620 197 8023 608
993 163 9 8 02 8 9 79 84 7 1 35 600 1614 15 2820 12 9 402 54 0514 62 7 5 2789 19 410 19 3942 8010 8918
52310 7345 40435 8712 5161 3 5 12 58 72096 714 0727 9790 7215 4410 60655 324 8039 5902 53217 7153 969198
1 2 3 0 5129 45 00 5 9 02 9 2 2 1 20 9 6 9 4 5 6 982 52 45 6 8 24 28 28 897923 027 5167 655
123 323 5 9 45 8 2 00 77 0 1 80 957 1284 45 2314 00 3 757 14 6267 12 6 5 7283 54 415 12 3595 8919 8292
76363 9135 77625 8016 3197 6 5 19 96 20109 411 8912 9992 3015 6350 35770 124 5634 4712 55813 1093 625898
1 5 0 4 5123 45 14 5 5 12 6 2 0 3 29 9 8 1 4 6 1 918 80 48 8 8 29 19 56 890293 695 0123 956
942 838 5 0 12 9 5 42 97 9 7 88 187 1214 18 1354 12 4 965 14 8215 10 3 5 9240 62 777 12 2148 3862 8902
50514 4170 16215 7385 5026 3 0 92 98 19132 815 8502 0812 0255 8419 79287 120 8134 5392 54244 9353 625548
3 9 9 4 5198 55 02 5 5 40 0 2 8 0 08 9 2 1 3 7 9 972 66 00 9 8 24 90 73 161881 328 8023 506
123 453 0 9 92 9 2 19 99 4 9 82 060 1904 70 6414 12 4 992 17 0285 12 3 5 1265 52 410 04 0290 8710 8917
61310 1630 03215 0807 5121 9 5 70 54 72480 018 5012 4912 6215 5453 38290 127 3114 9716 03000 1158 840198
1 7 4 6 5103 64 92 5 9 93 3 7 0 7 38 0 2 1 9 7 5 713 02 95 0 8 27 82 22 595023 524 9023 465
173 043 0 9 47 9 3 12 05 9 1 83 907 1200 16 2614 12 8 202 64 1254 19 3 7 3249 62 015 92 8075 9708 2002
02617 4136 53211 8906 7121 3 5 12 98 19972 815 6000 9049 1205 4917 52775 102 8607 2612 53213 3103 105168
8 7 3 4 1186 55 29 5 0 10 7 0 5 1 98 9 2 5 2 9 1 916 42 05 9 8 98 13 73 861424 704 7190 756
099 147 2 8 17 9 7 02 88 5 1 43 787 0515 05 7519 19 8 719 14 1435 12 3 5 0089 62 425 12 5149 6798 8562
70056 1235 13332 8782 9000 3 5 10 00 12009 915 8912 9847 9700 5413 10215 080 3136 5912 10093 0523 845199
1 2 0 0 6163 25 56 0 6 12 9 0 7 0 28 9 2 1 4 5 1 962 92 85 9 6 20 72 07 821293 029 5128 507
763 020 5 0 12 8 5 19 89 3 5 87 187 1214 76 7320 30 2 213 34 1814 87 6 9 8688 12 455 17 5105 8707 8938
14357 1895 13970 4815 7047 0 0 12 90 12182 805 0992 2590 9965 5418 08215 224 8954 6307 75913 1893 195178
0 9 0 4 5128 55 12 5 5 12 6 2 5 1 95 9 2 1 0 6 0 442 12 45 9 7 28 20 29 091226 374 8175 834
123 180 8 4 12 8 2 82 09 0 4 82 084 0618 16 8318 12 4 812 14 2215 08 8 5 1249 14 486 12 2145 3352 8988
16384 0135 16805 7710 8120 3 5 42 63 82139 685 8912 5992 1273 5083 12216 121 5139 3316 53273 9053 179778
1 2 3 0 5193 25 12 8 5 30 0 2 0 1 90 6 2 1 4 5 0 817 00 68 9 8 00 12 23 881283 122 0020 556
583 103 5 0 12 8 8 14 36 3 8 62 980 6218 11 2314 63 6 512 24 1985 72 8 5 1289 52 405 95 2145 0939 8912
15523 1535 19815 6792 5091 3 7 02 18 71687 814 8992 9852 1275 5463 11005 394 5934 0312 53753 0193 893094
0 2 3 4 5129 40 17 5 7 80 0 8 8 1 98 8 2 1 8 5 1 610 18 45 9 8 82 12 56 841993 123 7403 650
64 928 0 0 18 5 2 12 89 9 6 80 980 1604 15 2718 96 4 885 17 1907 05 3 6 1289 39 405 45 2045 8312 8579
12990 0538 13273 8302 7125 3 5 72 55 18071 803 8993 0809 0905 5273 12515 724 5134 5000 63297 9196 105998
1 2 6 5 9920 45 72 5 5 12 9 5 2 3 23 9 7 1 0 7 0 910 22 15 3 8 24 14 28 991573 104 0704 554
123 103 0 9 72 8 8 12 84 8 1 39 957 1014 45 8014 94 4 972 98 5705 82 3 5 9298 72 880 52 2645 8799 8942
12629 0830 13210 3712 5361 3 9 02 08 72652 730 8612 9800 1778 7463 72210 624 7139 5018 97873 1953 108890
7 2 9 4 5126 00 22 5 5 18 7 0 0 1 70 0 8 1 4 6 9 973 30 47 9 8 24 92 06 896289 824 8826 546
183 080 8 9 12 8 0 10 49 9 1 82 988 1814 65 2344 12 8 042 14 5276 12 7 5 9489 11 419 17 6640 8746 8919
19987 0939 90666 8632 5527 7 5 02 93 12160 925 8617 0818 0218 5013 62206 984 0138 0310 23773 1173 445180
0 2 9 4 5623 45 72 9 7 15 6 2 5 1 78 6 2 1 2 0 8 912 12 87 9 8 78 26 23 491227 124 7180 073
173 143 5 9 72 2 5 12 99 7 1 92 537 0214 16 0812 10 8 916 14 4278 60 3 8 5279 18 440 72 7140 8715 8742
12323 1257 13235 9784 5231 5 9 12 60 82122 955 0915 9812 1215 7649 29295 697 5699 2316 58223 7100 085088
9 3 7 4 5189 49 10 5 5 87 4 2 0 1 28 8 6 0 6 5 1 918 10 49 9 0 24 12 93 890223 186 8128 555
129 123 6 0 02 8 9 02 89 5 7 00 987 1816 11 5008 59 8 632 57 1254 17 3 5 0246 19 415 09 6063 7076 9242
09613 7090 83792 6705 5981 3 5 12 88 06970 815 0914 4819 5010 5130 12915 174 5164 0399 53219 7453 574990
1 7 1 5 6699 45 12 5 0 19 9 3 7 7 08 8 2 1 4 3 1 912 19 55 2 8 29 19 93 876058 184 8193 906
123 723 5 9 12 8 9 18 80 3 1 82 203 1998 15 0919 10 8 912 57 7405 97 3 5 5499 42 595 62 7142 0917 7606
92316 1135 83785 5812 5129 3 2 10 93 92189 005 8912 5571 2213 5883 12215 103 7196 2062 98216 1153 825890
7 6 3 4 5943 05 05 5 8 19 1 9 0 1 08 9 2 3 1 5 1 777 08 70 0 8 24 52 65 091000 104 9102 559
823 179 5 7 72 8 2 55 32 8 1 82 987 1310 08 2314 19 9 989 16 1275 12 3 0 6199 16 412 19 2189 9920 8912
12315 1936 12549 0732 2121 3 5 12 99 89024 518 0978 9111 1245 8810 02015 984 5071 5362 54205 2853 095878
1 2 8 4 9123 40 10 0 5 16 9 2 0 0 28 0 2 1 4 5 9 914 07 99 0 0 24 02 43 891220 629 8123 550
128 926 5 9 18 3 4 13 89 9 1 82 586 0944 10 2334 18 2 170 94 3209 29 3 5 4209 12 410 12 0165 0710 0012
50993 1125 18415 8708 4351 7 7 12 98 13100 815 4712 7863 3715 5010 66200 127 5684 7342 50095 9100 109008
9 2 0 1 5129 90 12 6 5 92 9 2 1 1 64 9 0 0 7 5 1 692 19 45 9 8 24 82 23 509083 724 8121 556
136 120 4 7 12 4 2 12 38 7 4 72 589 1526 17 2310 12 4 882 19 1988 80 6 0 1899 13 708 12 2056 8712 8648
98301 8136 80215 0708 0121 3 2 10 70 07102 415 8914 9577 5495 0410 32505 524 5136 5312 58909 9153 727698
8 2 9 8 5103 78 42 9 7 18 9 2 9 1 20 5 7 1 5 5 1 912 13 70 3 8 27 84 06 095226 132 8073 056
626 173 9 7 92 8 7 42 86 9 0 82 923 0318 06 2717 12 7 613 59 1268 14 7 5 7499 00 888 62 2043 9312 8475
72396 1131 13115 8429 4361 8 5 82 98 07132 815 8987 6872 5215 6433 12210 163 5134 5810 33513 4103 124998
52313 1789 13285 2952 9197 0 0 26 98 12592 257 9968 9808 1595 5434 92213 474 8794 2317 19993 7063 127690

655360521900.007100
-655368620806.026099