2 5 7 9 5853 47 07 9 5 10 8 2 9 1 78 9 2 8 0 5 0 012 19 85 8 8 66 07 23 897863 060 8123 056 
393 875 5 5 87 8 9 18 89 7 9 82 977 2044 90 7314 16 4 412 14 1275 12 0 5 1849 52 706 03 5167 9811 8912
12912 6605 17290 8416 5627 3 2 82 98 10186 912 4462 9099 9814 0713 79818 158 5535 5322 33283 8156 127677
1 6 8 7 7173 45 52 5 7 12 9 9 6 1 90 9 2 6 6 6 1 992 02 45 9 8 42 76 58 891693 148 8023 509
58 197 5 5 27 6 2 82 89 8 1 97 982 6914 75 2316 14 4 757 64 9817 12 3 5 2929 14 816 62 2745 8524 4972
16317 1700 19980 5772 1901 9 5 16 95 12837 445 0986 9112 5515 5523 12018 766 8864 5719 73210 4056 889955
5 9 3 4 5173 47 10 5 9 92 7 2 8 8 29 7 8 1 8 3 3 912 12 45 9 8 44 96 23 999973 794 8120 658
163 995 6 9 30 8 2 82 84 6 1 88 585 1714 17 9915 55 4 912 55 1918 92 5 5 2289 14 413 42 6175 8732 7991
09530 1795 13875 5732 8921 6 5 17 78 09692 811 9814 9611 1815 6493 94144 924 9536 9919 53293 1959 157398
1 4 5 4 8143 43 12 9 3 06 9 8 0 1 28 7 8 1 0 7 9 112 62 45 5 8 64 58 29 671223 949 8183 046
145 843 9 9 12 7 9 17 89 8 1 12 987 6214 16 9314 72 4 870 74 5715 19 3 9 3275 12 915 12 2145 9727 9679
12340 1537 14295 8913 3528 8 5 98 48 17688 850 8819 9995 1794 5003 14908 151 4204 8592 90213 4873 025198
1 6 3 4 7123 45 42 5 4 83 5 0 8 8 21 8 2 1 4 5 2 800 95 25 2 3 97 17 63 891253 924 5923 956
573 994 6 9 82 6 2 12 89 2 9 82 980 8264 15 4354 18 5 912 16 1625 92 8 3 8580 42 715 92 9141 8742 8952
13014 1631 16617 3772 5181 3 7 16 78 12202 515 8942 9811 8835 5613 12434 127 5167 5212 85516 1167 105898
2 2 3 0 2853 41 14 8 5 13 9 2 8 1 88 9 0 0 4 6 1 955 62 95 4 7 69 82 74 831224 595 4129 386
123 323 5 0 12 8 2 72 99 3 5 82 160 1214 60 6385 32 8 279 58 1615 72 3 5 8248 50 412 92 0158 5742 5986
19875 6807 19409 7715 5161 5 2 16 98 42672 465 7962 9702 4515 0413 16915 716 5764 5312 53213 4183 158699
6 2 3 4 6323 85 50 5 2 17 9 2 1 7 28 9 4 1 4 7 6 716 72 45 7 8 84 23 53 638223 522 5123 576
873 148 7 5 19 8 2 77 59 8 1 87 287 1510 75 2614 75 8 912 14 9919 12 7 0 9755 17 915 13 2145 4772 8912
86313 9685 63685 6502 5721 3 1 03 95 84576 895 8902 9874 1685 5413 15018 124 5090 4242 56228 1183 524587
7 2 2 7 9624 45 74 5 9 66 9 2 1 1 40 9 7 1 9 5 1 916 32 45 3 8 94 92 53 881230 078 8782 456
123 976 8 3 15 8 7 52 94 5 5 98 994 5210 15 2989 19 4 662 54 1247 82 3 5 9288 52 635 52 9183 7588 3266
10313 8644 13212 8652 9129 3 8 12 98 72482 914 2912 8012 1225 5916 85235 199 5165 5392 53363 0789 935190
1 2 8 9 5725 49 17 5 5 68 9 2 0 7 28 8 2 4 4 5 1 019 12 88 1 8 84 12 20 698295 940 0129 289
143 925 7 8 19 8 9 72 83 4 1 80 987 1275 76 2344 63 9 945 18 5215 12 3 5 5989 00 689 14 7247 7772 3912
94319 6130 98018 5717 5927 3 5 82 48 96032 815 8742 7616 1215 5415 78538 154 7064 5306 83043 1263 965188
7 8 3 4 5199 26 19 9 5 72 4 0 5 5 55 7 2 7 8 9 1 736 82 98 8 6 24 16 30 681507 124 8827 552
323 173 6 1 92 9 2 12 96 6 6 92 942 8211 15 9084 12 4 920 14 1305 62 3 0 4289 57 716 72 7145 8892 8912
97363 1735 13875 0702 0129 3 5 12 89 62596 217 7912 2802 1513 5413 62175 164 5189 5816 07813 4151 605551
2 2 3 4 4156 66 12 9 5 12 9 5 6 1 27 5 2 1 6 9 1 747 25 46 2 0 77 19 23 896226 634 8173 556
623 153 5 9 92 8 3 15 29 9 1 60 567 1201 67 8908 12 4 952 94 8215 16 3 5 9529 12 415 44 2103 8709 8909
7 6 3 4 5183 99 38 5 9 59 8 2 8 0 77 9 2 8 4 5 1 544 63 47 9 9 24 12 23 890223 199 8123 540
123 123 0 9 78 5 2 12 89 8 8 88 857 1874 85 2364 62 4 812 69 1414 10 8 8 8289 72 477 64 2175 0753 8913
15333 1135 18205 8715 5996 8 0 12 98 12984 655 9910 9812 7215 2418 92725 124 5394 5012 83013 8943 125297
3 9 3 1 5323 49 18 4 7 12 9 7 9 1 08 1 5 1 9 8 4 572 19 47 9 7 94 58 23 961827 768 8796 556
09 133 0 7 16 8 9 58 00 2 0 04 909 5280 15 2916 12 3 112 68 2219 70 3 5 2589 12 459 82 0119 8719 0492
14399 1163 83245 8702 6123 6 6 19 48 42150 805 8088 9812 9013 9813 35255 184 5734 5761 57827 7179 755118
0 6 3 4 5527 45 42 8 5 89 9 8 0 1 29 9 2 7 4 8 2 962 11 65 9 9 74 12 23 870843 124 8843 556
823 056 9 9 12 8 2 92 09 3 7 82 957 1219 78 8009 52 7 912 17 8249 05 3 5 1279 05 715 04 5444 1712 7812
66503 9985 77207 8793 5661 3 8 88 97 17142 899 4812 6819 3210 9393 02684 194 8538 6012 50016 5103 175898
0 9 9 7 5025 85 12 5 6 62 7 2 0 7 78 9 2 2 7 5 1 516 13 55 9 9 18 28 28 891027 964 7348 754
829 129 8 8 82 8 5 14 69 4 6 56 987 1414 15 5614 12 4 915 14 4995 12 7 9 1289 74 015 98 2187 5787 6232
62982 1485 87365 5784 4128 3 5 19 90 32921 958 5902 9862 0615 0013 12285 124 1836 5382 58883 4193 221793
9 2 5 0 5143 25 12 5 8 12 9 2 7 7 78 9 0 1 4 8 1 212 60 65 9 3 94 87 27 865595 484 2523 096
227 829 5 1 10 8 2 10 89 9 7 84 997 4244 85 8814 82 4 592 13 7315 17 3 5 4889 82 838 12 0165 8710 3919
02873 5595 73844 8412 9128 3 5 91 41 12152 848 8932 0802 1515 5915 93050 128 0854 5470 53253 1153 163188
9 7 0 5 5103 40 16 5 5 92 8 2 4 1 28 9 6 8 4 3 1 410 12 45 9 8 98 14 23 857340 114 8123 556
595 827 5 4 12 8 2 47 09 7 7 82 987 9267 69 2684 58 9 912 00 1618 42 4 5 1886 12 919 82 5147 9714 8792
12719 7915 13215 3598 9121 8 5 04 98 43180 868 8757 5912 1315 7423 12210 384 0194 3372 55316 1163 220198
7 4 8 9 9124 03 74 5 9 62 2 2 6 9 67 8 0 7 8 2 9 912 12 78 9 1 74 12 23 890277 174 8423 886
128 725 3 9 22 5 2 92 99 8 9 17 996 6990 19 6367 19 3 912 26 1310 12 3 8 1444 32 678 67 4115 8719 9802
12383 3135 14819 8412 5981 3 7 13 94 12654 014 8812 9915 1088 5913 92275 951 5636 5612 53009 6133 185158
1 2 9 8 5824 59 15 7 7 52 5 2 7 8 26 6 7 6 3 5 1 971 02 65 9 8 44 12 99 821088 193 8834 893
123 143 5 7 12 5 2 18 89 5 1 32 807 4284 53 2010 12 6 912 24 1884 79 7 5 9287 12 468 69 1147 8737 1712
71919 6636 13215 4414 5172 3 5 12 48 12413 815 7992 9714 1215 6413 07295 728 8184 5312 83815 6682 155258
0 4 9 4 4971 65 80 5 5 60 9 8 7 1 23 9 2 1 4 5 5 912 40 91 9 8 88 49 29 687625 274 8323 547
156 173 5 1 29 0 9 92 53 8 9 85 787 0254 15 2824 17 4 112 14 1415 84 0 7 2279 17 975 12 9848 4012 3512
64814 1619 05085 8713 5121 0 0 92 96 52507 815 8912 9872 9017 8413 22277 174 4794 5912 58479 2759 124658
0 2 9 9 5620 46 10 5 5 92 9 2 1 1 28 9 2 1 4 5 9 919 60 50 9 8 28 12 33 865963 126 8723 542
124 074 5 9 39 7 9 47 99 8 4 93 987 1064 17 7414 12 4 962 14 1215 82 3 5 1282 19 014 53 2175 8719 6927
12287 1435 10825 9719 5921 3 5 56 88 18172 975 3049 9882 1213 7499 09259 128 5133 6212 53689 6153 725799
7 2 9 3 5123 45 19 4 5 72 9 8 3 1 28 9 2 6 4 6 7 962 53 85 9 6 94 72 23 996653 127 8718 557
143 853 5 6 37 8 2 12 82 6 1 86 967 1917 96 5644 13 4 399 60 1715 02 5 4 1549 92 498 12 2685 8719 8419
12716 1116 93265 3795 7171 3 5 12 85 62062 627 8832 7870 1209 5413 22205 824 7936 5075 57213 1093 323058
7 2 3 4 3253 45 92 5 5 12 5 2 4 5 29 8 5 1 4 0 1 402 16 40 9 8 78 12 29 266357 868 7123 586
959 180 5 2 11 8 6 19 82 9 8 39 987 1214 75 7522 10 9 812 14 1707 18 2 5 9519 19 071 32 2295 8712 9912
12319 9159 17598 8514 6221 3 5 74 68 80922 390 8012 6899 1218 6493 85416 729 8064 8502 53407 1553 124178
9 9 2 8 9193 47 44 5 5 42 2 2 7 3 98 7 2 1 4 5 1 662 32 45 8 8 29 15 93 808926 177 6103 858
78 137 5 9 22 8 2 92 67 5 1 82 804 3664 14 2394 88 4 992 14 0955 12 4 5 1439 92 215 56 1994 8076 6932
14317 1191 16765 0710 5828 3 5 50 98 12672 884 8042 8816 0298 5403 82975 114 8054 2012 86213 8753 925896
9 7 6 8 2197 50 16 5 7 18 8 3 2 5 38 9 2 8 7 3 1 900 49 55 9 0 74 12 23 480283 955 0823 759
183 753 6 0 17 8 2 49 89 2 1 65 949 7757 74 2064 16 7 922 18 7045 89 3 2 1399 86 715 12 2215 9872 8612
99949 1135 83899 8678 5929 3 5 02 68 15932 815 1912 9509 0267 7413 52210 524 2192 9312 53467 1912 806947
4 2 3 4 5203 37 12 5 6 15 0 2 5 9 68 7 2 1 6 5 2 902 55 45 0 8 94 19 73 841823 120 0140 454
186 189 9 9 92 7 3 12 89 3 1 82 986 1207 05 2716 12 6 855 55 1616 10 3 5 1229 19 618 82 2445 8537 6052
12466 1930 19585 8036 7629 3 0 02 98 12186 845 8912 0818 8595 5593 95258 124 9122 9717 63517 6173 725700
1 4 3 8 4123 65 13 4 5 92 9 6 3 1 50 9 2 9 4 5 7 512 72 73 9 8 29 18 79 961093 024 1193 552
183 522 9 6 82 8 2 19 89 9 1 24 799 3299 55 6362 69 4 915 14 1115 89 3 5 5288 14 417 15 6985 8902 8218
54340 4735 13614 8812 8547 9 0 75 87 36283 615 8046 9999 7975 5962 12715 894 9134 5312 53418 8676 197549
1 2 8 4 8129 45 18 9 6 18 6 2 7 8 29 9 0 5 7 4 0 912 42 45 9 9 24 62 23 099223 784 8123 558
983 024 5 8 16 9 2 82 83 3 5 85 882 6684 15 2314 52 4 912 12 1914 12 6 3 9989 22 765 31 0148 7769 8992
09314 8835 63419 8712 5620 3 0 92 98 22164 405 1912 8797 9949 0427 92519 184 6137 8312 99213 4357 095748
4 9 9 4 5383 44 18 0 7 12 5 2 6 8 68 9 9 9 4 3 1 402 77 45 9 8 24 98 79 891273 984 8623 796
163 680 5 9 12 8 2 92 87 4 3 72 687 1684 00 2314 62 4 992 54 1815 32 4 6 1299 12 461 22 6140 8612 7692
32383 7935 19214 9752 9127 3 5 92 98 42196 815 3315 9666 9215 1413 92818 922 5144 5312 93911 1156 865005
1 2 3 5 5193 49 12 5 5 17 4 2 4 4 29 9 2 1 4 3 1 922 31 45 8 8 96 18 73 491213 124 4423 586
114 123 8 3 12 0 2 18 09 9 1 94 986 1204 10 2319 72 3 992 82 0375 18 4 5 0289 16 445 12 9155 4718 8072
18363 1935 16274 8712 5121 3 5 88 46 15342 854 6833 5883 1217 7813 72218 179 9636 3382 56219 5944 322900
1 0 3 7 5523 47 72 7 5 17 0 9 7 1 24 9 2 6 6 4 5 913 62 49 5 7 74 12 93 899023 120 8525 582
822 798 5 9 02 8 6 13 99 8 1 86 988 8268 85 7314 02 4 952 45 3907 32 2 5 1279 19 415 12 6652 8710 8942
12019 5137 13214 8912 3729 2 9 92 98 18102 815 8919 9012 4510 5663 56275 724 5294 6309 51213 6859 160178
1 7 3 3 5823 46 16 7 5 12 0 2 0 0 28 9 2 1 9 5 2 902 57 45 8 0 25 12 84 495993 927 3793 759
103 027 5 1 14 8 2 97 89 3 1 28 652 9284 12 0393 87 4 912 14 9964 60 4 5 1389 09 245 22 2195 8718 6505
42910 5535 53735 8712 6791 3 6 15 88 12122 445 8967 7685 1215 5299 12273 924 2560 5888 43217 1156 198388
1 8 3 4 8927 99 98 5 5 45 9 2 6 1 68 2 2 1 5 5 7 957 16 48 1 8 52 18 98 871824 429 9835 556
126 933 5 5 12 3 5 82 79 8 4 72 087 1204 53 2383 72 4 915 14 0682 92 8 5 8489 12 415 10 8046 8219 8892
92311 8165 83991 8772 9526 3 5 24 95 42182 694 8212 9862 7515 5753 92415 898 5844 6948 53216 6053 525886
7 4 6 4 5353 75 42 3 0 12 9 5 8 6 24 9 2 9 4 5 1 912 75 95 5 8 54 12 43 591223 027 8123 540
787 173 8 9 19 3 7 12 81 1 1 80 980 9810 15 1384 62 6 912 13 1715 32 3 5 6809 10 386 12 8145 6713 8913
62810 5985 13019 7593 5427 3 8 65 98 04655 818 8047 9819 0655 9913 86095 404 5844 5162 26217 7152 725138
1 2 3 7 5143 45 72 6 6 16 6 2 7 1 28 9 7 1 4 5 1 686 19 90 4 8 84 12 58 891726 184 8183 556
55 443 9 3 70 4 8 12 21 5 5 82 989 8794 87 9694 82 4 952 64 1704 56 8 5 6289 24 412 89 2145 7672 8774
52783 1117 14815 8417 5838 9 5 19 90 46995 915 8912 8889 9515 5790 99826 284 5934 5453 83213 1350 120197
1 9 5 4 1188 27 18 8 2 79 7 7 8 1 20 9 2 9 4 5 7 197 14 45 7 9 44 02 77 856523 124 3125 587
103 127 5 5 19 8 3 18 69 4 9 83 388 1214 75 5019 82 0 310 14 1039 84 1 9 1353 16 417 12 2100 9712 6978
59316 1235 19698 9712 8371 3 9 24 88 17168 813 8967 9383 7915 5458 09218 624 9134 5378 53783 3850 360598
9 2 3 4 5323 89 79 9 8 14 9 2 9 1 69 3 7 6 3 5 1 512 17 45 0 9 26 26 95 891626 106 2384 167
173 123 0 4 19 4 5 82 69 4 1 02 987 1217 14 2514 52 4 612 14 9212 97 3 5 7499 40 924 16 2145 9692 8389
79393 1973 69617 0719 6921 9 9 12 48 92960 838 6662 9782 7215 5499 14283 198 9357 7418 89203 5193 925998
1 2 3 4 5328 95 19 0 7 90 9 7 4 8 98 9 7 3 2 5 1 912 15 85 8 7 69 16 66 991954 224 1008 656
443 123 3 4 12 7 5 08 99 0 1 72 957 2214 89 2314 72 4 780 84 1915 99 6 8 8258 56 412 12 7136 8616 8914
12013 3167 96296 8764 8128 4 5 53 98 69922 886 8986 9812 7818 0418 62218 875 5137 9312 53918 0953 585098
1 8 3 3 5623 45 19 7 5 19 0 2 7 0 28 9 6 9 4 6 7 992 32 46 9 8 59 86 23 891297 124 3813 560
493 523 5 9 10 7 7 12 49 5 9 92 987 1289 65 2374 12 4 870 16 1919 86 0 6 1581 10 819 99 9185 8350 8012
72816 9945 43230 8906 5121 0 5 62 98 52665 899 8799 4836 9925 6482 19515 124 6897 5619 53293 1187 925249
1 2 9 6 4608 40 17 5 8 17 0 2 7 8 83 9 2 0 4 8 1 459 12 45 9 8 94 87 43 091233 195 8663 547
108 127 9 9 62 7 3 12 84 6 9 62 987 1218 16 2598 82 8 910 17 1297 19 3 5 0349 18 795 48 2945 8718 8219
02313 8174 18014 9862 8321 9 9 12 38 52172 764 8710 5352 1705 5659 69262 197 5034 5599 93513 5153 699192
7 8 9 4 5120 43 12 5 5 06 9 2 0 1 28 9 2 1 5 5 1 948 82 45 6 8 94 12 23 790825 223 9820 546
175 173 5 9 08 9 2 12 89 1 1 82 773 1219 10 2414 17 7 676 13 3215 12 7 5 1284 12 215 82 8149 8878 8292
19373 1568 13715 5417 9961 3 5 18 95 19142 599 8077 9832 1715 0713 89955 404 5134 7912 52283 0129 164928
1 2 3 9 3829 45 82 8 5 19 3 9 5 1 78 9 2 6 4 7 1 912 92 78 9 2 24 36 25 691264 154 8423 856
403 959 5 9 10 3 9 17 84 5 1 32 687 9594 18 2274 69 4 997 17 8715 68 0 7 1285 12 493 19 2145 8616 8563
12213 1137 19310 7712 6121 1 5 11 46 64875 807 8992 0712 1215 9439 02235 154 0635 8305 03283 7956 129167
7 2 3 0 8123 45 12 5 7 94 0 2 8 3 20 9 2 9 4 5 9 732 19 45 4 5 74 72 26 891723 310 8902 556
973 030 5 4 55 9 2 19 59 0 6 82 377 1216 88 2204 06 4 619 19 7217 78 4 8 1759 12 793 12 7775 8012 4541
62373 1385 19886 8712 5921 6 5 85 62 11143 916 8912 0812 2615 0430 64224 746 6400 7819 95283 8576 167164
1 6 3 4 7163 09 12 0 6 02 9 2 7 8 27 8 8 1 6 7 8 712 82 43 9 8 23 92 06 848673 126 7195 556
921 183 6 1 12 8 9 97 85 6 7 89 980 1214 05 2619 54 9 874 34 6235 05 3 7 1289 12 275 92 2145 4716 8932
98569 5139 13395 8702 8161 9 6 12 99 12372 255 0932 3742 1215 9909 12505 920 5034 3751 56217 9176 029198
7 0 0 4 5993 39 84 5 3 72 9 5 0 4 88 8 2 5 4 7 1 999 27 45 6 6 46 12 23 873203 724 8623 957
893 025 5 3 69 8 6 99 87 4 4 67 907 5271 00 7779 82 8 717 54 5998 83 0 5 1889 72 385 17 8155 2648 7913
32716 0806 63915 8980 5179 6 8 96 90 52182 695 8577 0662 1925 8413 32215 155 5339 5317 86923 1153 475568
9 2 3 4 2181 57 55 7 5 13 9 8 3 0 28 7 2 1 4 5 3 912 12 46 9 8 23 96 77 562873 976 6888 556
37 283 5 2 15 9 4 12 95 8 9 52 229 1295 55 2315 10 3 716 14 1255 12 7 5 1379 09 435 12 5967 7896 1812
92859 7035 13235 8902 8143 8 5 46 88 92165 885 8812 9813 6210 0483 18215 938 0165 5912 86239 5187 139198
7 7 9 9 5686 45 99 7 6 52 2 7 5 0 88 6 2 6 8 9 1 812 42 45 7 0 14 85 27 891223 639 5563 555
165 823 7 9 72 5 2 72 89 5 4 52 950 1295 55 2514 12 5 919 14 6875 15 3 7 9379 72 994 08 2445 8012 3160
10313 5138 16775 9792 5121 3 5 10 88 62342 095 6712 6512 4465 2717 49478 125 8148 5296 93868 1138 975195
1 4 7 2 5129 45 18 9 8 47 7 9 7 1 26 9 2 1 4 5 4 973 76 88 9 8 99 18 83 091653 934 7145 586
162 126 4 9 72 8 5 15 19 8 2 02 907 4264 15 2418 62 9 575 71 0707 59 3 9 0239 12 458 18 4575 8775 4312
12315 1135 13985 8512 6171 0 5 86 48 56454 715 0159 9892 0671 8698 12616 124 7738 5912 88502 3158 771198
1 8 3 5 2133 80 19 7 7 82 9 3 3 1 28 5 3 2 4 5 1 918 10 80 9 2 47 17 23 811223 124 9427 956
149 123 5 5 24 7 8 17 89 1 1 82 649 5214 98 9114 12 7 859 14 1275 12 3 9 1289 15 416 85 2145 3312 8842
12393 5665 19097 8772 2522 3 5 04 96 18179 885 8917 9801 6985 7473 19410 128 5434 5932 58214 1157 525195
7 2 5 6 5823 44 17 7 5 12 9 6 9 1 46 7 2 1 5 5 8 917 17 45 0 5 74 15 27 894282 125 8158 546
129 123 4 7 16 0 2 12 05 6 9 54 757 7214 95 2310 12 4 952 94 6244 12 5 5 6683 15 412 22 9145 8315 1992
19367 1845 13285 8712 4101 3 7 92 94 57199 895 9968 9512 1283 5903 10260 173 1149 5312 53918 1583 869198
1 2 3 6 8083 95 92 6 7 62 9 9 6 1 88 7 2 1 4 9 7 910 16 47 8 4 64 14 23 811287 524 6123 566
623 973 5 9 32 8 5 10 46 6 7 83 957 7204 85 7814 52 8 912 68 8279 12 9 5 1995 17 245 19 2145 8796 8958
72963 1985 07615 5722 5021 3 7 45 24 05199 895 6996 9672 1286 1414 15895 178 5108 5502 33213 5855 135198
9 2 3 4 8186 49 12 5 5 16 9 8 4 1 28 9 8 1 8 5 4 912 97 37 9 9 99 62 73 891627 122 8120 558
723 887 2 9 52 8 2 42 88 7 1 77 987 5414 95 2817 85 7 912 14 1275 14 6 5 1256 14 416 12 0145 8819 8998
12613 1155 12215 9719 9351 9 7 85 08 98978 515 3915 9819 8218 5493 09125 672 0546 5519 03213 0152 126194
1 0 7 4 5944 45 18 9 5 40 9 8 7 4 98 4 2 1 4 5 7 556 17 48 9 9 24 14 93 801289 779 6223 356
323 523 7 9 12 8 2 58 95 0 8 82 899 0094 45 8579 12 9 977 18 5805 12 4 5 1709 57 755 72 9945 5754 8102
42915 1195 83880 2759 7179 3 5 19 94 78384 951 1912 9215 1245 6953 82794 437 7904 9957 57214 1156 797369
9 2 7 2 5223 55 12 9 5 11 8 0 9 8 28 9 9 1 6 6 1 922 15 52 9 8 67 12 90 771853 829 8823 900
602 523 5 9 12 8 8 33 89 3 1 85 987 9213 15 6849 16 4 412 31 1210 17 4 7 1796 57 415 92 6740 8772 3708
11033 1135 43915 8718 7121 3 5 42 98 19635 472 5942 9942 9645 5479 92980 822 5114 5812 78396 3889 128198
1 9 6 4 6127 88 17 5 9 82 9 7 4 7 26 7 5 5 9 5 1 912 82 65 9 0 29 32 13 290623 566 4799 566
153 773 3 9 19 8 8 12 86 9 0 52 367 2214 06 2014 14 4 912 34 6545 12 3 0 1868 30 014 24 6145 8569 9859
16313 8105 16219 8912 9126 6 6 09 97 12592 815 8912 5412 2218 4497 52259 124 4994 9312 13248 1143 267193
9 7 0 6 5173 85 58 5 1 82 0 2 7 1 26 9 0 5 1 2 6 675 12 48 9 8 06 12 23 807223 227 7095 952
154 623 5 7 12 9 2 14 89 7 5 87 887 8284 18 6114 99 8 990 94 6211 62 3 5 9259 32 413 10 9446 0794 9979
17337 8148 18535 8912 5921 5 5 99 98 17575 875 8913 9512 8325 9445 89778 728 5144 6312 63068 4126 725666
4 8 7 4 5593 55 10 7 5 16 4 2 5 1 78 7 0 5 3 1 3 735 22 42 7 8 04 27 83 881713 824 9883 508
50 023 6 5 96 8 7 17 89 9 9 88 360 5210 17 6314 12 5 648 88 7217 04 7 2 9289 12 513 94 2145 8812 9219
19963 4185 13243 8463 8171 0 5 12 98 78777 916 4992 6858 9515 6497 42980 504 7436 8216 59715 1136 525278
0 5 4 8 1194 95 12 0 9 14 9 6 0 1 28 4 0 0 4 0 0 162 11 48 9 8 23 16 23 811158 189 8193 980
721 183 5 7 17 8 7 62 59 9 1 82 770 1249 15 2312 82 6 669 16 1955 99 5 5 1287 14 415 46 2169 8799 6841
16970 6495 73818 8903 7129 3 5 47 98 15148 816 0531 9998 1610 5493 02619 123 8195 7346 73213 1964 128998
4 1 6 4 5822 15 32 5 5 19 9 9 5 1 76 9 2 3 7 5 8 688 92 45 4 9 64 92 23 491929 128 0106 556
705 621 3 9 05 8 3 12 89 3 3 82 987 3717 74 2324 17 4 986 99 1255 86 3 1 1259 77 915 17 2979 8276 8212
92933 1175 88915 8412 7821 3 5 62 50 76163 737 9882 7412 1202 5073 12217 093 5668 5099 53573 9154 174199
1 8 4 4 6125 46 79 6 5 10 0 2 8 3 47 9 6 5 6 9 1 997 72 35 8 9 24 19 23 695223 688 6427 377
873 169 5 5 17 8 9 26 85 8 8 86 986 1677 18 2039 42 9 414 16 7295 42 3 7 1289 18 616 82 8545 8915 8385
15399 7058 26618 7067 5921 3 5 13 96 10138 865 7912 6515 1919 9416 12845 174 5164 9508 79793 1957 064494
2 2 2 4 9925 44 12 7 9 22 9 2 9 9 68 9 0 4 4 9 2 910 65 65 3 7 70 43 03 091326 974 7315 686
785 923 5 9 72 7 2 70 80 9 9 82 869 1211 75 2814 12 5 952 19 8915 72 6 0 1281 49 415 12 2466 5782 8988
69713 2195 83215 8716 5161 3 5 92 97 12547 846 2909 1432 8706 8045 92687 124 7934 5312 73813 1159 665138
8 2 3 4 5175 39 82 5 8 12 9 2 0 8 20 8 4 2 9 8 1 987 16 45 9 5 77 44 33 829523 923 2124 559
339 125 5 8 40 8 4 88 86 9 1 82 987 1984 25 8612 12 4 963 14 1255 12 3 5 1289 37 415 64 5516 8739 8911
11383 1765 25655 8979 5121 8 4 68 90 88183 810 8902 8617 4695 4443 16995 544 5884 2330 33266 1843 350893
1 0 3 4 5883 45 38 5 5 12 9 2 7 8 28 9 2 1 4 5 1 330 14 42 9 8 39 92 63 891423 557 5723 404
340 284 0 9 17 9 2 12 69 8 1 62 847 1714 15 8313 52 4 917 19 1815 96 3 5 9489 19 495 49 2648 8719 3089
11551 0138 13295 8717 5121 9 0 32 99 72109 885 8618 9929 7285 5418 78275 824 3134 5315 53513 1158 122198
1 4 3 7 5643 65 12 5 5 98 9 0 3 0 74 4 6 1 7 5 1 519 12 45 9 4 26 82 23 893489 125 8143 588
024 143 5 5 80 8 2 12 59 5 1 82 197 3416 19 2374 73 4 816 64 1285 12 3 6 1474 12 025 19 0545 4712 8962
82313 8035 65919 8712 8121 54 8 9 1 010 83 47 9 7 24 17 25 899526 638 8182 505
893 473 0 9 92 8 2 10 79 7 9 92 987 1214 50 9714 95 4 912 14 1215 12 4 5 1749 51 415 60 9905 8962 8861
12519 2189 83968 8869 5527 3 5 52 98 68936 810 8716 6816 1246 5413 52298 788 5572 0382 93203 1823 005899
1 9 3 4 3123 85 10 5 8 12 8 2 6 2 28 5 7 1 4 5 1 982 12 84 8 8 64 12 21 871229 106 8770 576
793 623 8 9 15 8 0 42 36 9 7 82 967 1275 15 2989 22 4 232 84 7235 17 3 3 4188 07 429 34 1145 1499 8992
56998 3739 14053 8965 5121 9 5 10 88 13102 815 8899 9286 1215 8479 18285 683 5134 5812 43915 1493 124199
5 2 8 0 8593 48 22 5 0 02 9 2 6 1 23 9 7 8 4 5 1 982 83 79 3 8 24 12 23 891275 223 6121 685
167 793 7 5 95 8 3 12 63 6 6 12 780 1954 18 2314 19 4 612 89 8315 18 3 9 1988 12 489 72 4148 7539 4962
18313 1135 13010 8712 8729 3 5 16 96 12352 817 6912 9717 1888 9893 22215 625 5186 7482 53769 1153 115881
9 2 0 4 2275 75 72 4 5 57 6 8 0 8 28 9 2 6 4 5 1 912 19 35 9 8 99 82 69 811228 128 8123 056
783 883 0 5 82 5 7 02 90 6 7 62 998 1284 55 9864 16 4 739 18 1295 12 6 5 1489 12 615 78 5895 8713 2997
16313 1165 18290 8918 5151 8 8 12 37 12182 047 8915 9812 7212 5678 15945 127 7134 7507 46910 1964 199490
5 2 2 4 9126 05 19 7 5 32 8 0 8 0 28 9 7 2 7 3 0 816 89 44 9 9 24 62 63 191213 124 0123 556
623 135 8 9 91 4 5 80 49 8 1 88 535 4214 10 2415 05 3 972 29 5278 92 3 5 0286 16 516 62 5980 8813 6981
12313 7335 37915 8710 0427 2 5 92 90 99166 555 8912 9812 7215 6413 92705 624 3134 0802 59035 6153 495388
1 5 9 4 8374 95 99 8 6 22 9 2 0 8 25 7 2 1 5 5 8 997 79 45 9 8 24 71 29 998523 899 8729 366
123 177 5 8 95 9 2 26 89 7 6 18 888 9294 15 9944 92 9 518 04 7749 88 8 8 1269 19 415 12 2649 9892 8302
82816 7135 19808 0616 8171 7 5 12 94 11312 919 3944 9816 3214 8240 16217 984 5198 5317 84943 1183 823978
9 4 3 8 5143 39 88 5 9 12 9 9 8 5 28 9 2 0 6 5 9 912 72 97 9 9 01 52 21 791287 729 8143 588
924 129 5 9 18 8 2 16 89 5 1 89 987 1834 13 7319 19 4 598 89 1278 42 6 8 1589 32 925 62 2745 8787 7773
12179 1185 61835 8712 8129 3 5 32 98 12829 015 8984 1792 1715 5463 82655 190 7138 9960 53213 3153 108194
1 2 9 4 7223 45 12 5 1 92 9 7 1 4 67 9 2 7 4 5 9 912 62 45 9 5 22 18 47 479253 128 0153 556
598 172 6 9 62 2 8 13 85 3 7 88 737 1214 18 8814 82 4 962 14 9215 44 3 5 3689 89 825 58 2725 8752 9512
12319 1739 03730 8787 9120 3 5 12 28 92962 825 7972 9411 1015 5693 79215 524 4742 5390 54353 7875 135810
1 2 3 8 5823 55 64 5 5 42 9 4 9 8 21 9 6 6 2 5 2 412 12 65 9 8 84 16 27 898523 824 8129 559
099 180 8 9 16 8 2 19 89 8 1 89 787 1814 10 2508 12 7 712 04 9214 32 9 5 6887 19 855 42 7147 5719 8919
10324 1839 13258 7795 5189 8 9 69 97 12188 815 8910 8992 1718 5413 58215 954 7194 2912 79213 1473 625198
1 9 3 4 5154 55 82 5 6 89 8 9 6 1 38 9 7 5 4 5 1 430 82 47 9 8 26 17 03 882625 194 9128 593
50 123 5 9 66 1 6 15 89 7 6 72 987 1514 15 5359 19 9 968 84 9210 16 3 0 0259 17 415 26 7134 8471 4382
12753 9177 19985 6715 4529 3 5 12 88 55197 565 9912 9832 6285 3968 77265 214 5130 5342 83817 4153 220596
4 9 3 4 4799 49 17 5 5 17 9 2 5 1 48 9 3 6 6 9 7 218 10 95 9 8 55 88 24 967978 184 9123 486
893 603 8 4 15 9 6 62 99 6 7 92 287 1278 65 2084 62 4 922 46 1716 12 3 5 1809 12 010 18 2145 5763 6417
10813 1144 73215 6812 8136 9 5 12 78 12192 817 8936 9832 2710 5433 12975 724 4937 3979 53623 9153 865188
9 5 8 5 5103 85 12 5 5 12 9 6 9 9 43 9 9 6 4 5 9 718 18 48 9 6 27 18 23 891283 623 1173 834
135 123 9 9 16 5 2 12 89 5 1 82 397 2012 95 7336 33 4 908 65 9248 15 6 5 7289 12 418 12 8605 7716 8967
17918 9906 88207 6919 5781 8 5 12 68 82022 811 6980 9914 1205 5803 94812 166 5134 8316 53663 7998 421505
1 8 9 3 5193 65 17 7 3 52 9 0 7 1 46 9 2 1 2 8 1 212 94 45 7 6 24 15 26 877923 128 4997 556
223 128 5 9 17 8 2 09 89 8 1 62 968 6410 95 3804 42 9 915 14 1915 99 3 5 1289 12 415 40 9145 8518 8282
12599 3839 17235 8712 0029 3 5 82 96 32854 805 4016 9813 8035 7416 11959 829 5139 4694 80058 1766 150179
8 5 5 6 5129 45 18 5 5 12 9 8 9 1 29 9 8 4 3 5 1 994 95 35 8 4 24 79 66 891949 176 8983 798
423 167 9 9 12 8 2 18 89 7 1 02 587 9217 14 2394 29 8 812 54 8215 20 9 5 4289 78 055 12 2805 8712 8012
12396 9607 73919 9512 3191 5 0 82 98 15460 885 8972 9652 4219 5413 50315 176 2539 5146 53240 7899 125199
1 9 4 4 5926 44 42 2 5 16 8 9 0 1 28 9 2 1 5 8 6 589 16 45 9 8 24 12 50 791223 129 3183 729
763 189 0 0 52 9 2 36 84 7 1 72 887 1904 86 2319 90 4 912 14 0214 62 7 2 7283 22 014 14 2505 9756 3717
82317 1838 96788 8792 1198 3 3 52 88 02158 865 8902 9412 2282 2419 60615 167 8164 8318 33618 1358 875408
7 9 9 7 8393 85 82 5 9 10 9 2 5 0 28 7 2 1 4 9 9 019 13 75 8 8 24 82 23 278229 964 4923 506
176 157 4 6 19 8 2 15 88 7 1 82 787 1214 75 2927 92 6 912 83 1853 12 3 5 1249 66 816 48 2157 7558 8915
10713 1130 68839 8712 5921 3 9 72 08 19302 975 3135 9817 0455 0993 83275 104 5934 5392 53289 9859 128199
8 7 3 5 5973 45 02 5 5 14 5 5 4 1 58 6 2 1 8 5 9 916 17 45 9 8 20 82 23 838923 614 8206 556
173 185 5 5 10 8 7 56 89 4 9 82 961 3415 17 7014 12 4 362 16 7815 72 6 5 1209 90 485 92 2185 8712 8918
19713 9387 88232 8072 4104 9 5 82 98 02852 897 8912 2822 4965 9613 12222 224 4354 8418 45214 9160 818198
5 6 8 7 5543 97 12 5 9 92 9 2 0 6 28 9 2 1 5 3 1 932 69 45 5 8 68 98 23 878922 924 8173 588
326 126 0 0 68 5 0 07 80 7 2 92 989 1274 64 2314 55 4 059 13 7418 45 3 5 1285 62 415 95 8837 8462 8948
92318 1895 65216 8010 0928 3 5 72 38 12707 193 8112 9412 1208 3511 72265 144 5138 5317 37213 1182 825192
8 2 8 0 5103 75 88 3 9 92 4 2 5 1 58 9 2 7 9 5 6 889 12 55 6 8 24 92 63 891221 129 8183 556
928 153 9 8 92 9 2 14 96 9 1 77 287 9944 15 2371 82 9 772 44 1215 16 3 9 1267 19 415 14 0145 8719 8092
14398 5845 53885 8702 4921 9 5 15 92 66735 015 8899 9862 2292 4603 12925 124 2834 5882 77253 4183 077676
5 7 8 4 6123 45 16 5 8 18 8 2 2 3 28 3 2 1 2 5 6 912 13 45 9 8 26 14 23 891306 124 3023 597
742 823 5 0 12 8 6 19 83 5 6 49 187 4814 13 7384 62 4 955 10 1557 19 8 5 9689 12 619 37 2163 8717 8708
02319 4493 83905 5712 9129 3 4 14 66 12852 899 6969 9912 2715 5695 42205 199 3334 0312 53249 1953 749108
7 4 0 9 5023 45 18 8 5 17 3 2 8 4 02 9 9 5 8 0 1 998 24 45 8 8 74 12 29 094295 129 8183 598
83 217 0 8 82 8 4 25 80 2 8 92 995 1094 13 2317 16 4 937 84 1219 12 3 5 1286 12 790 16 2189 8718 8616
16390 6574 88401 8780 5129 5 8 92 98 75772 848 8912 7955 1915 8319 77716 129 5594 9317 73583 1173 928198
8 2 3 5 6000 93 82 5 6 12 9 7 1 1 78 9 2 1 4 5 1 677 12 95 9 8 44 12 23 899295 184 5123 554
183 883 3 9 62 5 5 12 87 8 5 72 759 1914 95 7394 92 4 882 14 1216 70 9 5 3209 15 214 62 9759 6774 1919
12313 1134 13215 8012 4171 3 8 12 79 29152 825 1050 4868 9995 5013 18235 729 8834 4316 53489 1796 125569
8 2 5 4 9646 49 42 5 9 52 3 5 4 9 28 9 1 1 0 5 1 918 12 41 0 8 24 12 29 991593 825 8123 516
028 128 5 9 79 9 2 12 81 0 1 80 389 1274 15 3714 83 2 992 97 1878 99 9 8 9297 24 415 30 2149 4382 6718
26339 9396 63098 8149 8071 3 8 70 92 52182 719 8812 8352 7287 5813 35227 527 5366 8382 53219 5096 107195
0 5 6 4 6124 22 18 5 5 92 9 2 8 9 21 7 9 1 4 8 4 079 79 43 9 8 97 87 34 771268 074 8163 783
183 120 5 9 15 8 2 02 29 0 7 07 917 1415 15 2308 02 5 912 79 5213 18 1 5 9268 12 775 64 2145 6759 2985
12413 6494 73910 0814 5127 6 6 98 98 52369 841 7982 9810 1205 8643 82215 194 8039 8893 63910 7189 155209
7 1 6 7 5125 89 16 5 6 12 3 2 4 1 78 9 2 3 7 9 1 089 97 68 4 9 24 79 33 888088 137 6895 556
323 556 9 8 12 8 2 27 88 9 8 89 997 0894 65 8014 12 4 914 14 1212 02 4 5 1889 55 395 19 7075 4702 0912
19119 0138 50995 7712 6321 3 4 72 98 12182 895 9903 9803 1288 5713 15034 124 9109 5367 53613 9713 796798
1 3 5 4 8933 48 52 7 0 12 3 1 3 1 58 3 9 6 4 5 5 612 69 60 9 8 22 02 43 891226 704 5593 557
727 823 5 8 69 8 7 18 24 9 7 82 682 1514 85 2054 72 9 914 16 1519 18 3 4 1589 12 485 12 2855 6417 0992
97213 1139 13415 6762 5120 9 5 72 90 79077 814 8610 9957 1889 5488 12013 124 5636 7290 53273 1153 785537
0 5 8 8 9823 46 82 5 5 12 7 7 0 6 38 0 7 9 7 5 1 805 92 45 9 8 04 12 23 835020 924 8120 550
171 543 0 9 82 8 7 05 80 8 7 82 920 1314 19 2394 82 9 685 08 9310 74 7 8 7885 17 465 93 5156 8732 8348
17703 9083 85297 8717 5121 3 7 10 98 99192 818 8972 6292 1088 3806 14217 124 7136 9712 78214 1253 545164
1 4 3 4 5623 99 19 9 5 12 7 2 0 2 24 6 8 1 9 5 1 312 97 45 4 4 24 18 26 696973 125 8483 796
273 728 3 9 12 8 2 92 76 7 2 88 087 1274 15 2306 93 4 995 17 1511 12 9 8 1287 80 485 02 5125 7718 8082
22787 1868 60235 8019 4789 4 5 05 38 11992 888 8912 4838 1410 5413 62215 124 5464 5312 55271 1502 345149
0 6 9 4 0173 48 12 5 8 12 6 2 8 1 78 9 9 6 9 7 7 994 89 45 7 3 49 92 43 871229 124 2193 556
123 103 4 9 12 0 0 12 89 8 1 87 487 9408 65 9314 12 5 962 74 5225 12 3 9 1067 19 455 12 8146 4712 8879
92313 6194 97215 8778 5121 4 8 49 76 13175 719 5917 9412 3218 5698 12215 166 5098 5414 53946 1639 175198
8 2 4 4 5792 85 96 5 4 57 4 8 5 1 28 4 2 1 4 7 1 812 69 25 9 8 47 72 98 896278 224 8764 516
268 124 5 5 12 8 2 44 15 7 7 64 898 8214 15 2374 12 4 505 44 2605 12 8 3 1389 97 408 18 3167 8613 3311
80946 8195 68915 8712 5148 3 6 70 70 58564 819 8514 9818 1867 5463 69868 905 5139 5319 83213 0143 329844
1 8 7 4 6683 05 88 5 9 12 9 2 3 7 28 9 2 6 4 6 1 912 65 99 9 8 22 12 03 391753 124 8123 856
123 525 5 0 56 4 2 61 89 8 1 42 687 8264 15 5314 92 4 912 14 1900 16 3 9 1847 12 415 72 2555 8752 0492
12314 0060 74562 8570 5031 6 0 10 37 12462 846 7990 6862 1295 5463 92215 879 5164 5592 53244 6156 845798
1 9 1 8 5123 45 95 5 5 12 9 2 3 3 40 3 9 7 5 7 1 959 10 09 9 7 29 12 29 471773 106 9128 356
50 577 6 6 55 8 8 17 82 5 1 87 638 0090 17 9393 53 8 936 14 5518 52 6 5 1297 22 455 87 8545 9642 2712
12313 9175 19885 9882 5727 3 7 12 95 12492 815 8188 9812 1215 9413 62965 225 8134 5375 60216 2168 180754
4 6 3 4 5113 45 83 5 5 52 5 2 7 0 24 9 9 4 9 9 2 926 12 65 9 0 24 72 29 999690 124 8672 536
696 543 8 6 57 8 1 97 89 9 6 87 987 9238 15 8856 92 7 962 14 0867 10 3 9 4489 92 915 57 0783 8717 9012
62330 6138 13295 8412 0728 3 4 66 78 10292 812 8957 9612 0225 0312 72218 124 5468 0312 88843 8753 426195
9 2 8 0 0223 05 99 5 6 40 9 7 6 4 88 4 2 7 4 5 1 500 12 45 9 9 76 12 29 751220 222 1185 256
921 183 4 6 39 7 5 02 80 0 1 82 987 1254 15 2916 10 4 712 14 4215 47 3 7 9689 19 975 18 2415 8712 8512
15913 3235 74488 8482 5721 3 6 12 97 18992 685 0929 9818 3735 6815 82219 124 9191 4192 53817 1720 176178
1 7 8 0 5123 46 69 5 2 11 1 2 6 1 98 9 5 1 9 7 5 512 02 45 0 8 50 97 98 954228 184 7487 550
196 929 5 4 52 8 2 19 84 3 1 82 087 6218 43 8314 97 4 662 46 1437 17 3 5 9289 13 816 12 2755 8080 8913
82913 6765 43109 8352 2121 0 5 92 68 27095 815 8714 3952 1565 3018 12095 147 8104 6978 58244 1858 175968
1 9 9 4 5193 43 12 5 5 12 1 2 4 1 26 7 7 8 4 5 1 912 12 47 0 4 24 56 43 897236 124 6123 557
193 628 5 6 12 8 2 12 89 6 9 93 447 1914 14 2318 97 4 912 14 1112 82 8 5 8289 12 656 97 2145 3812 8912
72917 8135 63885 8702 9641 3 7 19 98 12186 805 4912 0049 7215 5583 12215 143 5124 9652 87255 1962 155964
1 2 3 0 5123 75 37 7 4 12 7 2 9 7 67 1 2 6 8 5 1 322 56 60 7 4 54 72 28 836927 944 8300 853
128 129 8 9 14 0 2 32 89 5 1 82 977 1944 65 6684 18 4 637 87 0215 19 3 8 1882 14 415 02 7145 2918 8922
12313 6139 38445 9712 0729 8 5 52 99 19614 815 3312 9596 0216 4413 10215 664 5530 8312 59813 1153 875188
7 6 3 4 3073 40 15 5 5 68 9 2 8 1 25 9 2 1 0 7 1 982 69 85 8 7 25 18 63 895746 724 0193 566
575 174 3 0 19 8 7 79 49 9 4 74 287 1203 17 0974 92 8 812 14 1135 12 3 8 0066 82 715 38 0445 9752 8589
50317 9585 85218 6982 5194 5 9 12 98 10189 925 7612 9862 1845 8419 17268 884 0167 2316 78210 2953 620188
1 6 0 4 8978 40 18 8 5 07 7 3 4 1 68 8 1 0 4 5 6 659 12 03 7 6 84 91 39 851253 624 7125 546
179 929 6 7 04 7 2 98 89 9 1 89 987 8614 77 2714 22 4 210 84 4265 92 3 5 1980 16 482 72 2145 8712 7002
10985 1269 13079 7792 0481 4 5 19 57 49897 719 8916 9815 1215 5418 62815 184 5178 6915 33913 1692 127198
1 8 3 8 4153 75 32 5 9 82 9 2 5 6 28 1 9 6 5 3 1 903 02 45 9 8 24 12 53 879229 868 8833 666
729 125 0 5 12 8 2 32 69 9 1 86 347 8262 18 2484 10 9 916 64 6839 07 6 5 8959 12 411 12 8145 8762 6972
85307 7635 76445 8760 5620 7 8 14 08 86688 915 9369 8966 4219 8712 12407 324 5784 7012 53798 7650 528099
1 2 3 5 5627 55 32 5 9 10 8 8 4 1 24 6 2 1 7 0 1 993 93 55 9 6 24 92 26 595225 124 8803 586
465 023 6 9 52 6 9 32 89 4 1 80 277 1374 85 7334 12 4 919 88 7715 14 3 8 1557 66 455 94 4194 6418 8992
96919 7135 79215 9710 0321 3 5 62 95 12142 405 8000 7862 0614 9718 21275 124 5134 6812 93617 9097 765807

18318 9830 13493 8762 6691 5 8 12 68 12852 676 8592 9842 9817 9517 12215 134 7478 5216 53217 7556 127193
9 9 8 1 2823 09 10 5 8 72 8 2 6 9 25 6 8 7 0 5 1 969 48 06 9 9 25 11 73 856393 094 8023 585
163 123 9 9 42 9 9 12 75 5 1 42 914 7934 15 6364 82 4 919 99 1235 12 3 4 4869 12 817 06 6177 8549 8989
42708 1903 03015 8912 8621 7 9 15 38 02172 010 9912 7812 5835 8413 62217 024 5394 0552 59713 9136 138489
7 2 9 8 5727 45 12 5 7 62 9 2 9 9 78 6 2 9 4 5 1 812 12 83 9 7 24 12 69 890723 894 8933 796
57 923 5 4 62 7 2 72 99 4 2 82 958 3014 19 0314 28 4 915 14 9085 92 0 4 8958 92 319 66 5197 8786 8362
14349 1275 16770 8475 5411 3 5 12 98 42112 864 3911 9842 6215 5413 72015 720 5603 6317 15211 8153 245743
6 2 7 4 5163 75 02 0 5 15 9 2 0 6 27 9 2 5 4 0 1 980 18 50 9 0 94 11 33 891489 129 8123 456
023 223 8 9 39 8 7 12 67 3 1 82 987 1750 15 8486 15 7 942 24 1115 13 3 5 3289 12 718 61 2145 6296 8080
16908 5039 13915 9798 7127 6 3 12 96 92855 845 5012 9912 1214 5023 52215 820 2706 0012 95898 1153 122190
1 5 3 4 5728 55 17 8 5 56 9 6 9 6 88 9 2 7 4 5 7 317 19 45 6 8 23 12 98 891329 054 6123 858
103 143 5 9 12 7 2 52 89 6 1 62 987 1275 82 2415 82 1 510 18 0058 12 4 4 1928 12 415 32 2351 8715 8418
62378 4532 33550 8902 5181 5 7 48 44 72117 005 8047 9712 1270 2443 12816 429 5138 5412 53897 0153 167748
1 2 7 8 8173 45 95 5 4 12 9 8 8 9 78 5 2 1 4 6 1 972 12 79 9 8 24 16 77 681223 429 3488 576
223 603 6 7 19 5 2 12 80 7 1 80 087 1784 98 9964 15 2 942 85 8017 10 5 7 0689 76 486 82 6147 8772 5912
12993 6130 13219 8280 5546 7 5 52 25 18886 865 8996 9515 1205 0313 12819 928 9137 0591 06810 1153 725198
1 2 3 4 3103 05 14 7 5 15 0 6 7 6 26 5 2 4 4 5 9 614 12 46 6 8 29 18 28 831653 746 7425 561
163 580 8 8 69 8 8 92 81 1 1 82 988 1212 65 2494 82 4 986 90 0285 22 5 5 1704 07 463 52 2746 8482 9912
91717 8335 73288 8729 7121 3 0 12 48 11512 705 8958 3499 1615 6631 19065 527 0138 5368 50513 1178 224198
1 2 7 4 0633 42 12 5 7 17 7 9 6 8 28 6 6 4 4 0 8 919 12 66 0 9 80 42 23 091900 804 3923 548
683 163 5 9 80 8 2 82 53 7 4 87 787 7816 11 5919 14 4 939 18 1915 59 8 4 1869 12 010 77 5960 5975 8912
74093 9105 23475 8111 5456 6 0 12 90 76705 145 8947 1916 1215 5648 82275 124 5084 8812 93228 1195 825158
1 6 8 4 5923 45 16 5 5 82 9 6 7 3 68 8 2 1 4 0 1 912 10 00 9 8 66 32 83 881207 224 8125 576
828 079 8 9 62 3 2 12 89 4 6 02 392 1218 62 2314 12 4 699 95 1215 72 3 5 1689 18 402 12 7175 4717 6615
40333 7335 13219 8012 6181 3 5 12 98 19132 865 8912 9818 3616 3813 18245 629 5174 8622 53013 1855 785128
5 2 0 0 5173 45 17 8 5 16 1 8 4 1 28 5 9 1 8 2 9 965 10 97 7 8 74 76 66 896965 794 4493 456
183 749 9 9 12 0 7 82 89 8 0 81 299 9210 95 2814 82 9 016 14 1939 75 3 5 1689 72 965 19 5765 4752 0712
12399 1103 93753 6712 5961 4 8 13 08 82148 155 0892 9766 1305 5739 53218 158 7184 8342 33268 1143 195191
0 8 3 4 8123 41 15 0 5 12 8 6 4 5 20 9 2 5 5 3 5 044 72 65 7 9 24 07 57 897218 624 7983 556
123 503 5 7 59 7 9 13 89 1 6 52 857 6210 15 2913 02 6 968 97 1915 12 3 5 1276 12 305 60 8845 6412 7396
19013 1878 74719 8825 5123 3 5 10 58 42342 815 6992 9912 1985 9013 02297 524 8875 3339 52437 4170 965999
1 2 7 8 5194 84 64 5 6 82 9 2 7 8 07 8 9 1 6 5 2 995 12 95 9 2 38 92 03 297490 324 8873 266
167 199 6 9 90 8 6 12 79 4 1 92 987 6294 60 2310 33 0 906 04 2200 89 7 5 8054 19 415 19 2136 6962 8012
1 2 6 4 1123 28 82 4 9 12 6 6 5 5 27 9 2 1 4 5 1 965 82 85 9 8 97 15 93 098205 424 8603 579
693 128 4 0 18 6 2 02 29 8 1 42 687 3274 65 9314 12 4 911 84 1695 99 3 5 1256 10 415 12 9446 8938 6683
12323 7373 17075 7519 5131 0 5 92 78 82120 012 8485 9814 1265 3613 85283 624 5138 5816 13292 1165 125190
9 4 5 0 2143 75 15 8 7 12 6 2 7 1 30 3 5 1 6 5 1 810 14 54 9 9 45 12 22 846353 124 2423 956
49 803 5 6 12 8 2 85 89 9 7 02 988 1214 86 2704 62 0 172 64 1525 12 3 8 1988 19 416 12 4145 8712 8416
06343 1139 99279 7277 9742 3 5 62 99 12149 819 0957 9802 1558 9813 17895 624 9134 0894 53917 8207 129198
9 5 0 9 8199 49 58 5 5 02 9 2 0 9 86 9 0 1 9 8 8 916 69 40 9 7 20 42 28 099893 504 6183 555
043 123 5 9 39 8 8 36 89 6 1 87 760 6414 19 7316 42 8 818 14 8675 69 3 7 1209 19 485 12 9845 2712 4919
82863 1139 71265 5745 5229 3 5 26 37 52708 810 8985 9979 1281 7004 02275 924 5184 5384 73013 8653 125890
5 9 9 4 5773 47 66 5 6 19 9 8 4 9 28 9 7 3 3 7 9 978 92 48 9 9 29 82 15 891545 607 4513 999
953 928 4 3 15 5 2 19 49 0 7 82 285 9716 05 2397 74 4 999 16 1244 17 9 9 7380 17 495 02 2955 9116 8732
62813 7145 17495 8591 6124 9 8 17 78 57982 885 9509 9919 1235 5443 89366 159 5134 9312 33613 0053 125093
1 2 3 4 6123 87 12 6 6 59 8 7 3 1 93 9 2 7 8 7 4 872 12 48 9 8 85 20 24 897203 024 8103 854
123 623 7 8 92 8 4 12 87 6 5 62 880 1484 86 2064 72 8 882 10 1416 08 3 5 1757 82 448 32 8546 9526 6911
17354 2735 13485 8712 2171 5 5 72 27 12192 845 8995 9807 1837 5416 52477 524 5234 5171 59613 1853 045718
1 0 5 4 3724 46 13 5 7 96 5 9 6 1 84 9 9 1 0 5 1 612 12 43 9 8 24 02 23 691433 129 9120 559
736 154 5 6 17 8 8 72 99 8 9 85 997 8214 15 2917 42 4 918 47 0275 92 3 7 1789 12 800 12 2101 4796 8912
60597 5885 13292 8649 5169 3 0 12 99 12162 925 8311 0822 8231 6413 92818 124 5939 8372 28219 1953 135098
1 2 8 4 5183 83 12 5 8 04 9 9 6 1 68 9 7 9 9 5 8 912 12 55 5 7 28 89 33 971267 684 7183 716
823 919 5 0 10 8 5 06 88 0 0 82 986 8294 15 0791 92 4 972 88 5235 99 3 0 1709 92 882 89 2745 8712 8239
12390 1135 13645 9762 5026 6 5 32 48 55100 855 6812 8811 1215 5413 98265 164 7138 6386 38613 1324 655198
1 5 3 4 5127 45 42 0 5 59 8 2 0 5 28 8 2 9 4 6 1 918 06 97 3 8 74 12 80 856261 179 8828 556
123 142 5 6 82 8 7 19 83 4 1 42 484 1214 15 9649 32 4 911 17 9718 92 9 9 9889 12 426 17 2246 8711 8332
19552 5035 13176 8772 3821 5 5 10 89 79172 675 5716 9776 1615 4713 07205 924 5164 5410 53213 2839 629197
5 2 3 4 9773 68 78 3 5 14 4 6 2 9 98 0 6 1 4 2 1 934 62 45 8 7 76 62 23 868209 144 8123 356
123 128 5 7 12 1 7 12 52 8 6 82 986 1264 68 2714 17 4 937 67 3650 17 5 5 9280 52 437 92 2555 8949 8012
49452 1159 44915 6912 6064 3 9 12 97 13579 725 0982 6812 1218 0453 42985 124 7137 5342 53014 5153 828198
0 8 8 9 5753 45 10 5 5 99 9 4 0 1 28 8 2 1 4 5 9 610 13 57 9 6 84 42 13 999823 154 9688 290
173 229 7 9 12 9 2 52 89 5 1 87 878 1917 75 9510 92 4 710 19 9547 39 3 8 1230 12 435 50 2841 9419 8847
12313 1038 49215 9010 5171 3 5 12 63 72172 845 8052 9805 6885 5443 17259 124 5134 2492 03613 7150 146792
5 4 6 4 5163 45 92 5 5 77 9 4 6 8 28 9 2 7 3 9 9 892 43 45 4 8 24 83 24 892025 184 8126 356
123 123 5 9 16 2 9 72 49 0 4 42 946 0835 55 8346 12 4 682 24 1258 17 7 5 1998 32 905 92 2445 2712 8952
72373 1035 90337 8088 5791 3 5 49 41 12178 917 6922 8882 3715 7803 16740 628 5434 5383 49615 1903 921998
1 2 3 5 5125 40 12 3 5 72 9 2 0 1 78 7 8 1 4 5 0 610 96 46 9 2 28 19 23 008025 896 8128 556
149 947 6 9 02 8 2 19 79 8 1 88 729 4214 15 7964 19 8 819 37 1295 72 3 8 9909 12 115 19 7037 5089 8812
12319 6155 13215 8218 9121 3 3 14 68 47162 117 7040 4817 1273 5443 97215 984 5134 5313 44255 8190 725868
1 7 3 4 7973 43 08 4 9 52 5 9 2 6 28 9 2 9 4 5 1 465 84 43 8 5 26 18 23 881223 199 3123 871
08 629 5 9 12 8 9 52 79 0 1 62 987 1284 75 8314 95 4 317 52 1415 12 5 5 1289 47 413 52 7140 8712 8912
12313 8838 08719 8712 0921 6 5 92 85 86931 795 8748 9082 4255 0445 99011 678 5134 5773 53246 1973 525199
0 3 7 9 5468 95 77 5 8 12 9 9 8 1 78 3 6 1 2 5 6 946 92 79 9 8 26 27 26 891363 194 8164 674
173 199 5 0 19 7 2 65 89 7 1 88 457 6215 17 2994 72 4 912 69 0295 14 9 9 7098 02 415 12 2145 8762 3912
87377 5137 13295 4769 2681 2 5 94 68 62922 875 8918 9314 1815 8978 96295 029 5638 9339 52217 6423 125995
1 6 8 6 5197 45 92 0 1 17 2 6 7 1 48 9 2 1 4 8 5 980 39 45 9 8 86 12 20 890929 164 6853 744
128 103 6 9 42 4 9 40 79 0 1 82 987 1414 14 2164 10 0 912 47 1616 82 3 5 1281 15 664 00 2544 8752 8919
16313 1128 89297 8099 4122 3 9 24 98 56055 915 3906 9518 1265 5458 12414 122 5136 5782 52213 8993 125898
9 2 9 0 5583 43 92 0 5 32 9 8 0 1 28 9 2 3 4 5 0 812 17 99 9 8 23 92 27 891270 188 8877 904
693 176 7 9 12 8 2 96 65 2 1 84 977 2298 06 3116 82 4 617 14 1215 97 3 6 1180 92 414 10 2145 6919 8112
12886 1988 10228 1757 5329 3 5 69 59 66342 815 8918 9599 9245 5447 18945 164 6138 6317 75918 1158 124888
1 9 9 4 5123 43 37 0 8 92 9 5 3 1 38 9 2 1 8 0 8 712 82 05 9 1 74 57 23 061827 124 8443 058
123 720 5 9 77 8 6 12 09 9 1 70 068 1784 45 2909 43 4 819 19 9215 17 7 5 8794 17 819 87 2145 6014 8953
60993 1435 17214 3712 5222 3 7 12 98 72109 775 8795 9808 3297 5083 12083 184 5114 5412 01293 1153 729394
8 1 3 5 3123 59 49 8 5 12 9 6 0 1 28 9 6 1 4 5 1 996 12 45 9 8 78 52 27 591587 124 0423 556
326 123 9 9 12 8 1 15 09 5 1 85 597 8194 95 6314 82 7 910 19 0315 72 2 9 9289 62 215 72 9995 4782 3918
85313 1195 17918 8879 9087 6 9 10 98 37888 815 0815 9512 1217 4817 17254 120 5194 4597 73219 1193 155978
1 2 3 5 5961 05 92 5 5 19 9 2 9 9 25 9 5 1 4 9 2 912 95 45 1 8 25 59 43 381223 629 8197 597
409 127 5 9 10 5 2 92 99 1 7 76 987 1294 81 2314 89 5 496 13 1775 18 8 8 1359 10 315 14 5101 9722 8725
17963 0939 10215 8719 7921 3 7 58 97 12876 835 8018 9919 1215 2113 12915 125 9134 5512 53297 1873 725698
1 2 3 0 7193 48 92 4 9 12 6 2 8 1 28 9 0 1 7 5 4 712 12 41 8 3 85 18 21 093226 129 0114 556
926 128 5 9 12 8 1 67 88 7 1 22 948 7264 17 9317 15 4 922 55 1217 32 9 4 1256 16 415 15 3195 8928 8912
12513 4935 17745 8169 5128 4 5 98 90 82942 686 8912 9697 1815 5414 12019 354 5174 1392 53917 7953 125698
1 8 3 2 5663 68 12 5 9 13 7 2 3 1 79 9 7 1 4 7 6 902 89 45 4 8 27 17 88 891880 964 6189 796
133 623 5 9 92 8 2 92 89 3 1 72 488 1983 78 8419 14 4 992 88 1217 45 3 8 1284 91 295 82 0165 8992 9872
92319 1075 49292 8760 9170 3 5 84 28 16292 095 8692 0819 3245 4423 82518 104 2902 5355 52213 1891 127194
6 2 3 4 5227 43 12 6 8 12 5 6 8 1 98 5 7 9 7 5 2 489 82 58 9 7 24 18 33 895693 924 7143 458
220 123 3 5 12 5 2 71 05 0 8 53 564 9514 15 2133 12 7 672 46 5574 32 0 8 0289 92 419 19 8049 0748 8970
12363 4115 09816 6542 5021 4 4 72 98 15122 689 8898 9812 5215 5113 19595 184 9137 3302 53203 9354 025101
9 2 5 8 5828 48 12 9 9 17 6 2 6 1 28 5 2 1 9 5 8 912 10 45 6 8 87 88 08 891268 129 8329 576
923 726 6 4 19 8 4 12 89 6 1 80 973 1296 18 9616 42 5 910 11 2278 17 3 5 2779 85 485 97 8175 9863 8945
16818 1139 99889 8712 5128 7 5 47 98 12107 875 8012 5099 1219 4873 19218 194 7920 7662 68615 9503 106898
4 2 2 4 5393 90 42 5 5 42 9 2 2 1 41 4 9 1 4 8 8 919 12 43 9 8 24 06 23 897295 770 8509 856
79 152 5 4 12 5 2 93 83 1 5 82 887 1856 16 2354 15 2 457 22 1760 19 3 5 0989 19 415 42 8197 8782 4968
15872 8536 93175 8810 5128 3 7 14 51 62962 915 8942 9815 5227 0544 05905 728 0133 5082 93293 1459 283199
1 3 2 4 5160 78 15 8 8 92 7 2 4 1 28 9 2 1 0 0 1 902 19 69 9 0 26 42 58 851323 104 4720 956
188 163 2 0 12 8 0 12 42 9 4 76 985 6290 18 6814 22 4 912 66 1715 72 0 5 3270 12 575 12 6545 6792 8937
99353 1938 02836 8812 5246 6 5 19 86 12482 015 5079 9814 1319 5412 50215 168 5134 9969 03276 1193 327196
1 0 3 4 5699 15 81 0 5 46 9 0 4 2 28 0 4 1 3 5 1 672 12 29 7 2 84 45 43 345263 534 5023 583
350 123 5 9 12 8 3 82 40 0 7 39 288 1214 56 0314 13 4 019 10 7515 82 3 5 5382 82 415 12 2045 8712 0918
32366 3135 11216 8583 3171 4 4 15 98 42189 715 8610 9492 1285 5966 82219 824 5035 5382 99233 1163 675038
1 4 6 4 5167 49 12 9 5 12 9 5 2 8 28 4 7 1 4 9 9 917 32 45 9 8 24 47 26 964828 187 0423 576
092 133 5 6 82 8 2 82 86 3 1 66 947 6234 07 2310 98 9 752 24 1205 12 8 8 1880 68 755 84 6041 9410 1512
12310 1835 15298 8318 5730 3 5 12 98 68602 815 8916 9829 4985 5419 04911 124 7130 9912 53146 8756 525402
5 2 8 4 1533 57 12 9 2 42 9 3 0 5 98 9 7 0 4 5 7 816 52 00 7 8 14 17 29 799293 173 1923 596
169 115 5 9 97 8 3 82 09 4 1 82 984 3894 75 2397 18 8 969 17 9415 70 3 5 0688 72 469 99 2145 8719 5917
92413 2630 83515 8612 6781 3 5 12 95 93172 818 8302 9815 9797 5663 12819 586 5133 6312 67217 1258 425626
1 6 3 4 4329 48 52 5 3 32 9 2 5 1 28 4 6 2 4 8 9 982 42 35 9 2 70 38 23 894673 796 8123 590
129 873 6 9 48 8 2 79 89 3 1 89 576 8614 89 8314 17 4 962 04 9615 12 0 5 1489 10 872 25 5745 8758 8812
12417 1135 13942 0759 5824 6 0 64 98 67712 866 8952 6884 8282 6413 52900 579 3506 4562 73516 7353 185607
6 1 3 4 8923 45 73 2 5 59 9 2 6 4 58 9 2 1 1 5 7 919 12 57 9 3 74 72 24 896803 196 5183 156
142 155 5 5 10 8 5 80 89 8 1 29 785 2078 58 2624 18 4 777 84 1715 16 4 5 1249 02 488 76 2473 6672 8912
12319 1135 12166 8789 5121 3 8 69 47 15118 915 0012 7912 7214 5619 12017 029 5355 5362 97593 0153 729668
0 7 9 4 6128 99 17 9 5 14 9 2 5 1 87 4 2 1 1 8 0 993 82 05 9 4 25 52 91 887272 765 6056 356
820 576 5 5 12 8 5 13 59 8 6 62 487 1211 55 4317 16 7 882 14 7485 93 9 9 1259 12 416 62 2141 7515 8793
17373 7135 70614 8512 5150 3 2 72 98 99902 815 8032 0859 1258 5468 82204 726 6094 8512 44215 8188 925377
1 2 3 4 8420 85 41 9 0 72 5 6 7 1 28 9 2 9 7 5 0 912 12 46 3 4 44 12 93 891797 429 8136 556
167 683 5 4 12 8 3 19 12 4 1 58 987 6014 35 6594 32 4 771 19 1217 12 3 5 8289 77 774 12 2484 8912 7602
90383 1135 84685 5777 5121 9 5 19 68 82372 215 5914 3517 6219 9413 92285 124 0234 3392 58913 1786 129698
8 8 3 7 4157 95 19 5 5 62 6 3 6 8 28 5 0 5 9 5 0 625 18 45 9 2 29 52 23 691503 128 9583 556
176 094 5 9 82 8 2 16 09 2 1 82 982 1044 55 2369 42 5 573 64 1355 15 3 4 3289 16 495 82 2749 8767 6912
72318 9070 03215 8812 5966 3 5 89 98 17257 815 8952 3852 1275 5418 12015 624 5134 5362 75619 0129 145173
7 2 3 4 5125 48 12 4 6 19 0 6 4 9 37 9 3 1 0 9 8 812 12 49 9 8 74 17 23 301657 524 8129 796
624 133 5 4 72 8 9 62 99 8 0 35 684 0219 90 8504 17 4 516 18 1215 00 3 5 4789 12 865 62 3198 7716 9618
32366 1145 64582 7618 8427 6 5 16 48 86110 317 8882 9612 1213 8829 12285 103 7234 1655 85053 7157 105898
0 2 3 8 5129 45 15 4 2 82 7 9 6 1 28 9 2 9 4 0 1 916 12 45 4 9 64 62 23 891222 162 9076 576
56 193 5 9 14 9 9 12 89 5 1 89 880 8317 19 4344 10 7 010 16 1211 12 7 5 1887 82 445 10 2125 8692 7949
42597 1635 03315 8712 9171 3 8 12 97 58592 305 2958 9986 1558 6797 12815 726 5164 8315 87968 1155 155694
7 9 4 4 4721 49 12 8 5 78 9 9 6 7 21 9 1 5 7 2 1 910 22 91 9 6 29 42 93 081627 821 8624 595
973 129 7 9 42 8 3 42 79 0 1 85 685 2214 10 6317 19 4 912 89 1295 13 3 5 6399 02 085 14 2148 6712 9712
32363 9639 73795 5966 9025 7 6 12 98 35182 815 6912 9812 0219 8013 18219 184 5334 2369 56283 1253 129134
9 2 8 4 6734 45 15 5 2 12 9 2 3 1 98 6 7 0 8 5 1 282 12 45 9 8 24 92 20 860229 724 8166 056
923 844 7 8 97 0 0 12 89 9 1 82 785 1964 89 6814 12 3 760 85 4216 18 5 0 8405 72 419 12 6943 5910 8918
97357 1495 58915 8942 0191 3 5 72 98 17182 815 2667 7884 9218 7413 49249 140 5194 5539 93215 0112 737198
1 2 6 8 5183 75 22 5 5 12 9 7 8 6 90 9 2 1 9 6 6 915 24 05 9 0 36 12 73 891299 129 8848 556
423 520 4 6 14 2 5 87 89 7 1 90 844 1217 96 5944 92 9 895 79 9210 12 3 5 7279 12 415 14 2475 4062 8712
12613 5437 03314 9715 5101 3 5 15 88 68119 650 8919 8899 1815 7486 16235 048 5750 9872 03243 1956 125178
5 2 3 4 5826 95 62 8 3 12 9 2 9 1 78 6 9 1 4 5 7 892 12 91 3 9 98 42 27 891243 824 8886 580
173 125 5 9 92 6 2 10 48 3 1 82 967 5704 15 8090 12 9 512 84 9525 12 3 5 1239 12 416 12 2048 5212 0010
32313 4335 14235 8313 8825 3 5 37 68 84134 015 8952 9892 1254 6516 25215 157 5134 8398 60696 1152 935898
5 2 0 7 5133 48 82 5 5 17 9 2 7 5 68 2 7 9 0 6 8 504 12 15 6 8 24 59 23 998293 174 8928 976
163 723 5 9 72 9 2 12 99 0 5 72 986 1212 16 2576 00 0 758 51 9615 82 0 5 1480 12 410 90 2808 5815 8982
35326 6335 83915 8718 8028 3 6 12 93 12699 795 7918 8812 1715 6010 52915 095 5154 9312 83413 9453 185094
6 5 9 4 0763 08 78 1 0 17 9 2 9 5 24 9 2 8 4 9 0 716 12 45 6 5 24 92 23 096623 727 8423 555
143 124 5 9 52 0 3 12 90 8 9 26 697 7204 15 4019 14 7 612 06 3415 02 1 7 1289 86 580 87 2935 6947 8572
12918 4145 97215 3899 5153 3 5 95 52 12572 813 6912 5889 9613 5417 02082 724 8334 6939 03953 1152 057063
6 9 9 4 5129 45 76 5 9 62 7 2 7 1 26 7 9 1 3 5 2 412 25 49 9 8 21 05 29 995263 168 8123 586
946 188 4 7 12 1 2 15 49 5 9 96 668 5504 85 7318 42 4 999 43 6212 05 4 9 8279 12 906 13 0345 8807 9912
67813 6030 48816 2768 9209 2 5 17 57 82658 818 8912 9752 1713 5013 16285 125 5874 5890 83823 0153 145698
1 0 3 7 6528 60 98 2 9 92 7 2 1 1 78 6 2 1 4 6 8 119 62 94 8 8 27 12 43 891819 696 8375 956
073 920 5 9 42 8 8 14 79 3 9 89 088 5214 10 8314 18 2 199 84 1212 15 3 5 1285 68 815 68 0578 8782 8309
16317 7130 13215 8715 5731 5 9 92 20 19532 816 0310 9122 1095 9783 77225 128 8134 5312 53217 5953 428198
3 2 3 6 5127 25 52 8 4 10 8 4 5 1 96 2 2 1 8 9 9 926 87 45 8 7 99 17 03 897217 929 5524 576
023 123 5 9 92 8 4 16 69 5 0 86 983 3914 36 2914 12 9 582 28 1588 18 1 2 9259 12 275 02 2198 8416 4682
68517 6875 93315 5310 6181 3 5 41 98 12742 442 8912 9812 1589 5417 15225 174 9475 5692 59716 4163 727128
5 6 6 3 6163 45 12 5 8 16 5 2 2 1 41 9 2 1 4 8 9 912 94 49 8 3 86 89 33 891624 422 8183 949
926 698 0 2 12 8 3 15 89 3 1 82 397 1714 15 2308 89 4 878 58 1683 67 6 0 1307 11 765 10 2248 8012 1168
12333 1255 13715 8712 9791 9 5 12 98 13170 815 5924 9887 3920 5463 82226 829 3138 5368 13472 1103 125933
1 1 3 8 5189 98 12 5 5 12 9 8 6 9 27 9 2 1 4 5 1 992 12 25 7 8 94 12 53 885829 990 8882 755
50 123 3 9 36 9 0 12 89 9 1 82 777 1357 84 0339 12 4 996 24 1200 94 7 9 1459 92 715 15 2144 7712 5972
17313 9185 93215 8970 5693 2 7 79 58 12984 855 9972 9940 3204 5473 72248 121 5038 5910 53843 9659 725169
9 2 3 4 2297 46 20 9 5 93 1 8 8 1 28 9 2 1 0 6 8 912 52 48 9 8 84 57 43 801263 928 0147 507
793 687 6 9 92 8 8 97 68 6 4 86 788 1211 18 2772 19 1 912 84 2917 39 3 7 7289 90 656 01 9844 8752 8962
05713 6105 90215 9712 5621 7 6 12 65 05712 149 8012 6712 9867 5778 88410 075 5139 9330 33973 1853 795498
1 2 4 9 5923 45 32 5 5 16 9 2 3 3 28 9 2 6 4 0 1 917 68 82 7 7 04 12 20 841622 144 8422 656
823 723 8 9 42 5 2 98 87 7 8 87 780 9214 19 7304 62 3 962 04 1215 12 9 8 3289 12 415 52 3645 8702 8912
10316 8105 13215 9712 5121 1 5 07 98 17102 255 4912 2860 1285 5853 62247 364 5384 5012 57213 1055 325190
1 2 3 4 5302 85 12 5 5 52 9 1 9 1 98 9 8 4 9 4 1 919 12 49 9 5 23 11 96 897129 174 8429 554
123 893 0 4 66 8 0 12 36 9 5 61 981 1977 14 0311 15 4 715 16 1230 14 3 9 9289 62 355 12 6149 0519 9510
52363 1135 73285 8710 2926 5 1 18 57 62189 818 1312 9119 6201 8483 11210 000 5934 9352 83296 4153 625729
1 2 3 4 0173 15 71 1 8 11 2 0 7 8 25 9 8 0 4 5 8 016 12 95 9 6 79 42 23 891925 826 0123 586
123 085 0 9 42 7 5 42 89 8 2 82 930 7624 29 2788 72 7 877 94 5099 12 7 8 1374 98 025 73 2978 8607 8372
56318 6105 14268 9982 9011 0 5 22 58 15189 213 8962 9872 1616 5413 18839 158 3134 5082 83249 1359 825168
1 2 8 3 5121 45 86 9 5 11 9 2 5 1 28 9 5 1 4 9 1 767 16 55 4 8 24 02 73 861945 244 8123 589
666 291 0 9 32 8 9 12 85 9 1 88 957 5719 99 2314 19 4 512 64 2816 16 4 5 1785 19 915 68 9195 8322 8396
82344 1130 13618 8617 5131 3 6 12 99 52182 425 8912 9672 4988 5453 82285 614 5195 5332 47963 4498 775778
1 9 7 4 5193 55 79 6 3 82 9 2 6 1 28 8 2 1 9 5 5 918 00 05 9 8 68 12 72 952526 196 8125 908
127 093 5 9 62 8 2 17 59 6 1 92 987 0219 96 2394 76 4 412 10 2219 19 3 5 1999 22 418 15 9227 5862 0915
18343 1195 18217 8458 5794 3 5 12 96 82169 895 3712 9856 7275 5810 92595 964 5849 0865 97203 6153 124390
5 2 3 4 6123 39 48 9 7 62 9 2 4 8 24 5 2 1 7 5 6 910 15 45 9 5 24 12 28 471533 194 2893 596
183 123 5 9 73 2 2 92 09 7 1 89 679 3945 95 2514 11 8 012 83 7417 82 8 8 7289 12 507 92 2475 7742 8902
18373 1136 77985 9299 4127 8 4 52 98 13167 091 5921 3680 1269 5793 18029 110 5194 5842 50219 9353 487998
4 2 9 6 5123 49 66 5 5 94 7 2 4 1 27 5 2 8 4 9 2 912 18 32 7 9 25 82 79 898023 004 4923 588
128 873 4 9 12 1 2 62 89 8 8 92 617 1298 85 8814 52 8 908 59 0813 62 9 8 1269 83 415 92 2044 8702 8717
17213 1435 13215 8742 5999 3 8 12 95 62586 615 5962 2072 6216 5416 02847 124 0148 3316 53050 9155 197658
1 6 8 9 5026 85 19 5 9 12 0 2 0 1 24 6 8 5 9 5 9 812 02 16 3 8 26 17 47 991284 125 8783 356
169 180 5 4 16 8 7 12 02 7 1 94 907 1234 07 2394 25 4 832 14 1215 12 3 5 0083 15 438 32 9725 8713 3962
12018 1185 55890 6912 5191 5 8 12 98 12179 615 8966 9869 7285 1917 12215 124 0139 0316 58284 8150 825790
0 2 3 4 5020 68 12 5 2 75 9 6 6 1 29 8 0 1 4 5 8 712 54 45 9 8 76 12 26 253773 183 0828 551
526 903 5 9 49 8 2 99 62 4 1 62 847 1484 96 2910 62 6 957 17 8219 52 9 5 6807 89 215 02 5275 8712 9512
12087 5135 57099 8402 9125 5 5 19 98 72152 618 8942 9412 1215 5419 64294 178 6474 5719 94553 1953 135198
9 3 3 5 9553 75 97 6 5 62 3 3 1 9 38 9 2 1 0 8 1 912 12 96 1 9 08 12 23 431807 155 8353 556
59 129 5 8 52 7 2 18 89 3 1 83 787 1214 15 5324 12 4 912 11 1283 72 9 5 1279 12 415 92 3934 8211 6976
41585 4038 14019 2710 7947 6 7 92 99 02168 869 8972 6218 1865 5493 16211 120 9498 6813 53284 8659 025198
1 8 3 4 8189 40 72 5 5 18 9 5 6 1 38 9 0 9 4 5 1 848 14 83 9 8 29 11 93 885257 496 4923 556
629 929 5 9 90 8 8 72 33 6 0 42 977 1974 50 2344 96 7 612 70 1689 87 8 5 9295 22 065 62 6147 8012 8993
66317 5135 13755 5716 5661 3 0 62 98 17102 815 0812 0312 5215 5817 52615 191 0339 5942 58803 9157 185799
4 0 3 7 7723 65 32 5 7 87 2 2 6 1 28 3 6 0 4 1 1 912 12 95 9 4 24 12 26 891525 124 5123 509
921 823 5 8 12 8 2 12 89 5 9 38 387 6916 17 9187 52 7 912 10 4265 22 1 0 1287 62 839 42 2148 9712 9971
12383 6134 13200 8044 5121 4 7 18 98 32168 853 7912 0738 1215 6426 15297 124 5154 7317 33113 6556 718698
1 8 9 7 0639 45 15 8 5 19 9 9 6 9 28 5 8 1 4 5 4 396 17 85 9 9 79 92 23 065982 124 9929 556
183 128 0 6 58 5 2 12 85 2 7 24 984 0618 99 4319 79 4 932 94 9219 59 5 5 1789 12 465 12 4143 0532 8946
11603 5333 13215 9817 9166 6 9 17 88 11182 813 8992 5752 9285 5917 32217 128 6134 5362 53263 4873 105116
2 2 3 9 0423 65 14 7 5 12 9 3 7 1 08 8 2 1 5 5 6 912 65 45 8 8 79 62 54 699223 364 8628 586
927 953 5 9 16 8 4 12 89 3 1 82 207 7217 15 7694 12 4 915 14 2786 16 0 5 1936 18 615 02 5145 0618 6917
10616 1254 05302 5192 5551 3 8 16 98 04019 818 8515 9519 6775 2416 12206 127 7136 7313 00263 1163 192894
1 2 3 9 7183 86 15 6 5 07 9 2 8 1 57 0 7 7 5 6 8 789 10 70 9 9 66 16 83 594423 745 8477 364
223 453 5 7 12 8 3 17 79 7 1 82 987 8598 50 3317 42 1 990 45 5710 03 8 5 6979 18 475 98 7190 4798 8827
10873 0767 93216 6917 5544 1 9 72 88 32662 967 8519 9813 4210 5403 15535 024 9191 0368 98217 6158 125995
1 4 5 8 5193 47 19 5 5 18 9 2 6 1 69 4 2 7 7 2 1 913 75 45 9 8 34 92 73 391823 795 5971 557
423 983 7 6 82 8 2 67 88 3 7 82 987 9914 18 2818 12 4 932 94 1055 59 9 5 2229 39 410 16 4775 8618 8818
72015 7148 13265 9712 9783 5 0 57 58 12992 318 8918 3912 1845 5453 82985 168 7698 5918 83713 1142 641198
9 2 0 7 0420 45 13 5 5 82 9 2 8 1 28 9 2 6 4 2 8 812 97 45 9 8 74 85 26 892216 924 4120 956
724 673 5 0 47 8 2 16 50 2 8 86 953 1384 15 2314 17 4 930 18 7811 12 0 5 2286 62 415 02 2345 8749 2917
16913 0235 40296 9772 5141 2 5 52 98 12180 816 7602 9812 1811 7868 02219 184 8337 4832 50243 1137 538158
6 7 9 6 7953 49 98 5 8 18 9 2 5 7 72 9 5 8 4 5 1 919 15 86 9 8 20 72 07 899973 277 7173 287
124 109 5 9 66 0 2 86 89 8 8 89 986 2267 65 2919 92 7 912 68 1298 97 3 5 9689 38 792 89 7946 8712 8912
17559 7109 93745 8322 7128 3 3 87 98 44592 595 4972 7872 1205 5413 83912 176 8188 7312 53243 3753 148099
1 2 3 5 5724 45 98 5 5 12 0 2 3 7 28 9 2 7 4 7 1 887 12 48 6 8 53 78 53 891223 124 8129 593
822 126 1 8 12 8 7 19 89 0 1 62 094 1590 97 5658 18 4 912 64 6015 32 7 8 5259 13 918 52 5165 9792 9562
12313 6175 23218 8912 5767 5 5 10 92 12152 815 8859 9662 8275 9910 92615 524 5604 6379 08103 1153 705598
5 7 8 4 7723 47 16 5 9 12 9 2 7 7 98 9 2 1 9 5 0 463 62 45 5 8 27 92 03 931932 193 4793 856
863 123 9 9 18 7 4 19 89 5 1 92 487 1227 75 3384 16 4 958 63 1210 12 6 1 1227 15 975 76 4688 8892 4812
73510 1325 93497 8917 5721 3 5 82 96 10046 617 8914 9922 1015 5093 72219 129 0984 5907 53776 1859 820798
9 8 3 4 9128 88 10 5 5 12 9 7 9 1 28 9 2 1 9 5 1 916 92 45 9 8 24 09 53 779373 024 1123 886
54 050 5 0 22 9 2 89 79 5 7 80 947 8216 05 2574 43 5 992 14 8805 12 4 4 1779 92 415 09 2135 8812 8914
72816 1155 37905 7752 5729 7 5 97 89 17127 815 3812 9312 9919 5617 15215 124 5137 5792 63843 6153 957190
1 4 7 8 9729 44 16 4 5 46 0 0 4 8 54 9 2 2 9 5 1 317 32 05 9 0 24 82 41 901698 104 6163 559
123 120 5 7 92 8 9 16 86 7 1 99 788 1944 15 6714 92 8 312 20 1215 82 4 5 9289 42 424 18 6645 8710 4947
17817 3138 23205 9518 5123 3 5 12 68 82496 895 8792 9812 2209 8466 44415 827 5134 5342 10267 5178 877197
1 6 3 9 9509 75 52 0 5 72 9 6 8 1 27 9 2 0 3 6 1 918 12 69 9 8 64 12 02 998624 107 8323 608
993 163 9 8 72 8 9 79 88 7 1 35 629 1614 15 2898 12 9 402 54 0514 62 7 5 0689 19 416 19 3646 8918 8918
02315 7045 48435 8712 5141 3 5 12 58 82736 914 0720 9790 6215 4417 42685 324 8930 5902 53213 8153 969198
1 2 3 0 5189 45 90 5 9 72 9 2 2 1 26 9 7 9 4 5 6 980 52 40 0 8 24 28 28 893923 629 5196 655
123 923 5 9 45 8 2 35 77 0 1 80 957 1284 45 2314 09 3 857 14 0209 12 6 5 7283 60 415 12 8595 8918 8952
76363 8135 77675 8415 3107 0 5 19 94 23199 411 8912 9892 3615 6954 99571 124 5934 4712 59613 1073 625898
1 5 3 4 5123 05 14 5 5 12 3 2 9 3 29 9 6 1 4 6 1 918 87 44 8 8 29 19 54 897293 695 8123 056
942 832 5 8 12 5 7 42 47 9 7 88 987 1214 18 1554 12 4 965 18 6215 10 3 5 0253 92 773 12 2148 3462 8942
90514 4178 14215 7589 5826 3 0 92 98 15132 915 8562 6812 6255 8419 09287 124 8134 5362 94244 9353 620448
9 8 9 4 5198 55 72 5 5 44 7 2 8 4 38 9 2 1 1 7 9 972 66 53 9 8 24 98 73 161881 528 8723 596
123 453 6 9 98 9 2 19 96 4 9 82 768 1954 78 6414 12 4 992 17 0245 12 3 5 1265 52 413 62 9290 8812 8910
61319 1030 03215 4837 5121 9 5 89 54 52285 611 5812 4912 6215 5453 38275 127 3114 6716 93885 1558 040198
1 7 4 8 5173 61 92 5 9 93 3 7 6 7 88 0 2 1 9 7 5 713 02 45 6 6 27 82 22 895923 524 3423 985
173 703 8 9 42 6 3 12 85 0 1 83 927 1236 17 2614 12 0 202 74 1239 19 3 7 3269 62 815 92 4775 9798 4752
92617 4136 53214 8986 7121 3 5 12 98 19982 815 6877 9842 1225 4917 52715 052 8658 5612 53213 3183 165108
0 7 3 4 4197 55 59 5 7 17 7 6 5 1 98 9 2 5 0 6 1 916 42 95 9 8 88 13 73 861424 754 6193 756
499 147 0 8 19 9 7 22 85 8 1 43 787 8515 05 0519 19 0 719 14 1385 12 3 5 8580 62 425 12 8149 6790 8562
72366 1235 13392 8782 2849 3 5 17 19 12829 915 8912 9857 1774 5413 19215 284 3130 5912 19793 6063 845199
1 2 7 9 6163 85 56 2 6 12 9 0 7 0 28 9 2 1 4 5 1 902 92 85 9 6 20 72 60 021293 928 5129 507
783 525 7 0 12 8 5 19 89 3 5 87 187 1214 96 7306 38 2 013 94 1819 87 6 0 9688 12 455 17 5175 8707 8930
14351 1895 13975 6815 7607 9 9 12 99 12182 885 2992 2599 9965 5413 48215 024 8154 5397 00913 1893 195158
2 9 6 4 5124 55 12 5 5 12 6 2 8 1 95 9 2 1 7 6 8 482 12 45 9 6 28 20 29 991221 034 8170 830
123 184 8 4 12 8 2 22 77 4 4 82 784 7618 16 8316 12 4 812 14 2215 80 8 5 1249 16 488 12 2145 3792 8988
14384 5135 16565 9717 0124 3 5 72 03 82139 685 8912 5992 1273 5903 12216 120 5139 0316 53273 9153 179678
1 2 3 1 5193 05 12 9 5 38 9 2 9 1 40 6 2 1 4 5 0 817 84 68 9 8 47 12 23 881243 122 8128 556
583 183 5 8 12 8 7 14 36 3 8 62 989 6218 14 2314 73 6 512 24 1905 72 8 5 1289 52 425 35 2145 8530 8912
15523 1635 14815 6792 5991 3 7 62 98 71707 814 8992 9852 1275 5463 15055 394 5934 8312 53753 8193 098694
9 2 3 4 5129 46 12 5 0 82 9 8 3 1 98 8 2 1 1 5 1 619 18 45 9 8 82 12 96 841973 128 7423 057
64 924 7 2 18 3 2 12 29 9 6 87 988 1894 15 2719 96 4 865 17 1669 85 3 6 1289 34 465 45 2045 8312 8576
12097 7538 13273 8062 6125 3 5 72 55 18091 833 8993 7829 9995 5973 12515 824 5134 5475 63297 9196 195798
1 2 6 5 9920 45 72 5 5 12 9 5 2 3 23 9 7 1 1 7 7 914 22 15 3 8 24 14 27 901873 154 4587 554
123 143 6 9 72 8 8 12 84 8 1 39 947 1414 45 8614 94 4 972 98 5715 02 3 5 9295 72 885 52 2645 8799 8942
12629 0830 13215 3712 5381 3 9 52 08 52642 736 8612 9846 1978 7463 72210 424 7137 5618 97873 1653 148893
7 2 9 4 5126 64 22 5 5 18 9 3 8 1 79 4 8 1 4 6 9 973 98 47 9 8 24 92 06 897289 824 8827 556
183 784 8 9 12 8 2 16 49 7 1 82 988 1814 65 2343 12 8 442 14 5256 12 7 5 9489 11 419 10 7649 8746 8919
13987 8030 02668 8642 5527 5 5 32 93 12160 925 8617 9818 9218 5613 72266 944 8138 9319 23773 1173 045181
9 2 7 4 5923 45 72 9 7 15 3 2 5 1 79 8 2 1 0 9 8 912 12 87 9 8 89 26 23 491227 124 2190 073
173 183 0 9 72 7 5 12 29 7 1 42 537 7214 16 6012 16 8 916 17 0270 62 3 8 5279 18 443 72 7147 8715 8742
12323 1257 13235 9784 5231 5 9 12 68 82122 985 9915 9812 1215 7049 28295 677 5699 2310 58203 4176 085908
9 3 7 4 5184 49 17 5 5 87 4 2 9 1 28 8 6 8 6 5 1 918 18 49 9 2 24 12 53 892223 186 8128 556
129 123 0 8 02 8 9 32 89 2 0 08 987 1816 91 5878 59 0 092 80 1254 17 3 5 0246 15 415 87 6063 4779 9042
49613 0996 03072 5785 5981 3 5 12 68 85978 815 3914 4819 5819 5138 12915 174 5100 9359 53218 7453 574998
1 7 9 5 8649 45 12 5 7 18 9 4 7 7 68 7 2 1 4 4 1 912 16 55 2 8 29 19 13 876938 184 8163 956
123 723 5 9 12 8 9 18 89 3 1 82 203 1999 15 8916 18 8 912 96 2435 06 3 5 5439 42 595 62 7140 5917 7660
92390 1135 13585 0912 5169 3 4 10 93 92189 545 8912 5571 2213 5863 12215 170 7156 2582 92216 1153 825877
7 6 3 4 5043 51 65 5 4 16 1 9 8 1 98 4 2 9 0 5 1 777 98 96 6 8 24 52 65 691992 184 9182 559
823 179 5 7 72 8 2 59 30 8 1 82 987 1315 08 2314 18 9 999 17 1245 12 3 3 6199 16 412 19 2180 8900 8912
12315 1536 15544 5732 2121 3 5 12 99 89924 518 2978 9110 1245 8818 02315 084 5970 5332 54275 2853 095838
1 2 7 4 9123 77 12 0 5 18 9 2 7 6 28 0 2 1 4 5 9 918 40 99 1 9 24 62 43 891229 629 8123 559
128 926 5 9 18 3 4 13 89 9 1 82 786 3834 19 2334 10 9 100 04 3269 59 3 5 4289 12 417 12 6185 4714 2912
56993 1125 18415 8703 1771 7 7 12 98 13129 815 7712 7863 7715 5910 66294 127 5674 7392 53896 9109 112048
9 2 9 1 5129 91 12 6 5 92 9 2 1 1 64 9 6 9 6 5 6 092 17 45 9 8 94 82 33 551883 724 8121 556
196 129 4 7 12 4 2 12 08 3 4 72 589 1527 17 2317 12 4 882 19 1998 80 0 8 1899 13 788 12 2855 8712 8645
98351 8136 88215 5788 6121 3 2 10 70 87122 415 8914 9560 5495 8413 32555 024 5131 5312 58929 6153 727998
9 2 7 8 5153 76 42 5 7 18 9 2 9 1 25 5 7 1 5 5 1 912 13 77 9 8 27 84 96 895226 132 8973 556
626 173 2 7 92 8 5 42 86 9 3 82 923 9316 46 2712 12 7 613 09 1268 14 7 5 8009 08 888 62 2943 9312 8440
72397 1133 13115 8449 4261 8 5 82 98 03132 815 8987 0882 5215 6433 12216 183 5134 5816 33013 4183 124998
52313 1981 13285 2932 9190 0 0 26 98 12592 259 9968 9890 1595 5434 92213 044 6734 2317 99993 7463 124099

655369977594.440879