0 0 0 0 0000 00 00 0 0 00 0 0 0 0 00 0 0 0 0 0 0 000 02 05 0 8 20 00 00 800020 004 0100 000
003 100 0 0 00 0 0 00 00 0 0 00 000 12.0 00 03.4 10 0 0.2 10 00.0 10 0 0 0000 00 0.0 00 0.00 00.0 80.0 000.0 1.00 000.5 00.0 0.00 3 0 00 00 00.02 0.5 00.0 
0 2 0 0 0100 40 00 0 5 00 0 0 0 0 00 0 0 0 4 0 0 002 00 00 0 0 00 02 00 000000 020 8000 000
003 000 0 0 00 0 2 00 00 0 0 00 007 10.4 15 20.4 00 0 0.2 00 00.0 02 3 0 1089 00 0.0 00 2.00 00.2 00.0 003.3 0.00 000.0 00.0 0.00 3 5 00 00 02.000
 0.0 80.2 00.0 00.0 54.0 000.0 000 5.00 50.0 030.3 0.03 000.00 
00.0 00.0 00.3 000.0 000 0.00 00.0 000.0 1.00 000.00
0 0 0 0 0020 00 00 5 0 02 0 2 0 0 00 0 0 0 0 0 0 002 12 00 0 0 00 00 23 800000 000 0000 006
000 000 0 0 02 0 0 00 00 0 0 82 000 10.0 05 00.4 00 0 9.0 04 00.5 00 0 0 0080 00 0.5 10 0.05 00.0 80.0 000.0 0.00 100.0 00.2 0.20 0 5 10 00 10.000
 0.0 00.0 
0 0 3 0 5000 00 00 0 0 00 0 0 0 0 00 0 0 1 0 0 1 002 02 00 0 0 00 02 00 090003 000 8020 500
120 100 0 0 02 8 0 00 00 0 0 02 080 00.0 05 00.4 00 0 0.2 00 00.0 00 0 0 0080 00 0.0 00 0.45 00.2 00.0 020.0 0.05 130.0 00.0 0.20 3 0 10 08 00.000
0
 0.0 00.2 98.0 00.5 00.0 000.0 000 5.00 50.0 500.0 0.00 000.90 
00.0 00.0 00.3 000.0 104 0.00 00.2 000.0 0.00 000.00
0 2 0 0 0120 00 00 0 0 00 9 0 0 0 00 0 0 0 0 0 0 000 00 05 9 0 20 00 20 090000 000 0000 500
020 003 0 0 02 0 2 00 00 0 0 00 007 00.0 00 03.0 00 4 9.2 00 00.0 00 0 0 0000 00 0.0 00 2.00 00.0 80.0 000.0 0.05 102.0 00.0 0.00 0 0 10 00 00.000
 0.5 09.0 
0 0 0 0 0000 00 10 5 0 00 9 0 0 0 28 0 2 0 0 5 1 000 00 00 0 0 00 00 03 091000 000 0000 050
003 103 0 0 00 0 0 10 00 0 0 00 000 00.0 15 03.0 00 0 9.0 00 02.0 00 0 5 0200 00 0.0 00 0.40 00.0 00.0 000.3 0.00 000.0 00.0 0.20 3 5 02 90 00.020
0
 8.5 00.0 08.2 10.5 50.0 020.0 004 0.00 00.2 030.0 0.00 000.00 
00.0 00.0 04.0 100.5 004 5.00 00.0 502.0 0.03 000.90
1 2 0 0 0020 00 00 0 0 00 0 0 0 0 00 0 0 1 0 0 0 900 00 00 0 0 04 00 00 000200 004 0100 006
100 003 5 0 02 0 2 00 09 0 0 00 000 00.0 00 00.4 00 0 0.0 00 10.5 00 0 0 1000 00 0.5 00 2.00 07.2 00.2 000.0 0.00 030.0 00.0 0.00 0 0 00 90 02.020
 8.0 00.2 
0 0 0 0 0000 00 12 0 0 00 9 0 0 0 00 9 0 1 0 0 1 900 02 00 9 0 00 00 00 800020 120 0000 000
100 000 0 0 00 8 2 00 00 0 0 00 000 00.4 05 20.0 00 0 0.0 00 00.0 12 0 5 0000 00 0.0 12 0.00 00.0 80.0 000.0 0.00 100.0 00.2 0.00 0 0 10 00 00.000
0
 0.0 80.0 00.0 00.0 00.0 020.0 000 0.00 03.0 000.0 0.00 000.90 
00.2 00.0 00.0 100.0 000 5.00 00.2 030.0 0.00 100.00
0 0 0 0 0020 00 00 0 0 02 9 0 0 0 00 0 0 1 0 5 0 010 00 00 0 0 20 02 23 000020 000 0003 000
000 000 0 0 10 0 2 00 80 0 1 00 000 02.4 00 00.0 10 0 0.0 04 00.0 00 0 5 0080 00 0.0 10 0.40 07.0 80.0 003.0 1.05 000.0 80.0 0.00 0 5 02 90 10.000
 0.0 09.0 
0 0 3 4 5100 00 00 5 5 02 0 0 0 0 20 9 2 1 0 0 0 002 00 00 0 0 00 02 23 090000 000 0003 000
003 000 0 0 00 0 0 00 00 0 0 00 900 00.0 00 20.4 00 0 9.2 00 00.5 10 0 0 0080 00 0.0 00 0.05 07.0 00.0 000.0 0.00 000.0 07.0 0.00 0 5 00 00 02.020
0
 0.0 00.0 00.0 10.0 00.0 100.0 000 0.00 00.0 000.0 0.50 000.00 
08.0 00.0 00.0 020.0 100 0.30 00.0 000.3 0.53 100.00
0 0 0 0 0000 05 10 0 0 00 0 0 0 0 00 0 0 0 0 0 0 000 00 00 9 8 00 00 20 000000 000 0000 050
103 100 0 9 00 0 0 10 00 0 0 02 007 00.0 00 00.4 12 4 0.0 14 00.0 00 0 0 0000 10 0.0 02 0.00 00.0 00.0 000.3 0.05 000.0 00.2 0.00 0 0 00 00 00.000
 8.0 00.0 
1 0 0 0 0000 05 02 0 0 02 0 2 0 0 08 0 0 0 0 5 0 012 10 00 0 0 20 00 00 000000 024 0000 000
000 100 0 0 00 0 2 10 00 0 0 02 000 00.4 00 23.0 00 0 0.2 10 00.5 10 0 0 0000 10 0.0 02 0.05 00.0 09.0 100.0 1.00 100.0 80.2 0.00 3 0 12 90 10.002
0
 0.0 09.0 00.2 00.5 00.0 000.0 004 0.30 00.2 000.0 0.50 000.00 
00.0 00.0 00.0 000.0 004 0.04 50.2 000.0 1.00 105.00
1 0 0 0 5103 00 02 0 0 00 9 0 0 0 00 0 0 0 0 0 1 010 02 00 0 8 00 02 03 090200 100 0120 000
020 000 5 0 12 0 0 00 00 0 1 00 000 00.0 10 00.0 00 0 0.0 00 00.0 02 0 0 1000 00 0.5 00 0.05 00.0 00.2 000.0 0.30 000.0 00.0 0.00 3 0 02 00 10.000
 0.0 80.0 
0 2 3 4 0100 05 00 0 0 00 9 0 0 0 20 9 0 0 0 0 1 002 00 45 0 0 00 10 03 890000 000 0100 056
000 103 5 0 12 0 0 02 00 0 1 00 000 10.0 05 20.0 00 0 0.0 00 02.0 00 0 0 0280 02 4.0 00 0.40 80.0 00.2 000.0 1.05 000.5 00.2 0.00 0 0 00 08 02.000
2
 0.5 80.0 00.0 10.5 00.0 020.0 000 0.00 00.0 000.3 0.03 020.08 
08.0 10.0 00.0 020.5 100 0.00 00.0 030.3 0.03 120.08
0 0 0 0 0000 45 10 0 0 00 0 0 0 0 00 0 0 0 4 0 0 002 00 00 0 8 04 00 00 000003 000 0000 006
000 000 0 0 00 8 0 02 09 0 0 00 087 00.0 10 00.4 10 4 9.0 00 02.5 00 0 5 0000 00 0.0 02 0.00 80.0 00.0 000.0 0.00 030.0 80.0 0.00 0 0 10 00 00.000
 0.0 00.0 
1 2 3 4 0020 00 00 0 0 00 0 0 0 0 00 0 0 0 0 5 0 000 00 40 0 0 00 00 00 000003 000 0103 550
000 000 5 0 00 0 0 02 00 0 1 00 007 00.0 00 00.0 00 0 9.0 00 00.0 10 3 5 1289 00 0.0 00 0.00 00.2 00.0 003.0 0.05 000.5 00.2 5.01 3 0 00 00 00.000
0
 0.0 00.2 08.2 00.0 00.3 000.0 000 0.00 00.0 000.0 0.00 005.98 
90.0 00.0 00.0 000.0 100 0.30 00.0 000.3 0.03 105.00
0 2 0 0 0000 00 00 0 0 00 9 0 0 0 20 0 0 0 0 0 0 000 00 00 0 0 04 00 03 890000 000 0000 000
100 000 0 0 10 0 0 10 00 0 1 00 900 00.0 00 00.0 00 0 0.0 04 12.0 00 0 0 0000 00 0.5 00 0.00 07.0 00.0 100.0 0.00 000.0 00.0 0.00 0 0 10 00 00.000
 0.0 00.0 
0 0 0 0 0000 00 00 0 0 12 0 0 0 0 00 0 0 0 0 0 0 000 00 00 9 8 00 00 00 800000 000 8003 506
100 020 0 9 00 0 0 00 00 0 0 00 000 00.0 00 00.0 00 0 9.0 00 00.0 00 0 0 0080 02 4.0 00 0.00 00.2 80.2 123.0 0.00 100.0 07.0 0.00 0 0 00 00 00.000
0
 0.5 09.2 98.0 12.0 04.0 020.0 000 0.00 50.2 502.0 0.03 100.90 
00.0 10.5 04.0 000.0 000 0.30 03.0 000.0 0.00 000.00
0 0 3 0 0103 00 00 0 0 00 0 0 0 0 20 0 0 1 4 0 1 902 02 00 0 0 00 02 00 001000 000 0000 050
003 003 0 0 02 0 0 00 80 0 0 00 000 00.0 00 00.0 12 0 0.0 10 00.0 00 0 5 0000 00 0.0 00 2.00 80.0 00.0 020.0 0.00 000.0 07.2 0.00 3 5 00 90 00.000
 0.0 09.0 
0 0 0 0 0003 00 00 5 0 10 0 0 0 0 00 9 2 0 0 0 0 900 00 00 9 0 04 00 23 801000 000 8100 000
003 020 0 9 10 0 0 02 09 0 1 02 007 00.4 10 00.0 00 0 0.2 10 10.0 00 0 0 0080 00 0.0 10 0.40 00.0 00.0 000.0 0.00 030.0 00.0 0.00 3 0 00 90 02.020
0
 0.0 80.0 98.2 00.0 00.0 102.0 000 0.00 53.0 000.0 0.00 005.00 
00.0 10.0 04.3 000.0 000 0.00 50.0 030.3 0.03 000.00
0 0 0 0 5100 00 02 0 0 00 0 0 0 1 00 0 0 0 0 0 0 900 00 05 0 8 20 00 00 000203 100 0100 000
000 003 0 0 10 8 0 00 00 0 0 80 900 10.0 05 00.0 00 0 0.0 04 00.0 00 0 5 0000 10 0.0 00 0.00 80.0 00.0 000.0 0.00 000.0 00.0 0.00 0 0 00 08 00.000
 0.5 80.0 
0 0 0 0 0000 00 02 0 5 10 9 0 0 0 00 0 0 1 0 0 0 000 02 00 9 0 00 00 00 000000 100 0100 000
000 000 0 0 10 0 0 00 00 0 0 80 000 00.0 00 20.0 00 0 0.0 14 00.0 02 0 0 0000 00 4.0 00 2.40 00.0 00.0 020.0 0.00 030.0 00.0 0.00 0 0 02 90 10.000
0
 0.0 09.0 90.0 10.0 00.0 000.0 020 0.00 00.0 000.3 0.00 000.90 
00.0 00.0 00.0 100.5 100 0.00 03.0 000.0 1.00 005.00
0 0 0 0 0000 00 10 0 0 00 0 0 0 0 00 0 2 0 4 0 0 002 00 40 0 8 00 00 00 800000 024 0000 500
020 100 0 0 10 0 2 00 00 0 0 00 007 10.0 00 00.0 00 4 0.0 00 02.0 00 0 0 0009 00 4.0 00 0.00 00.0 00.0 103.0 0.30 030.0 00.0 0.20 0 0 02 00 10.002
 0.5 00.0 
1 0 0 0 0100 00 10 5 0 00 0 0 0 0 00 0 0 1 0 5 0 000 10 00 0 0 04 00 00 000000 000 0000 006
003 000 0 0 00 0 0 00 00 0 1 00 900 00.0 00 00.4 12 0 0.0 00 02.0 12 0 5 0200 00 0.0 10 0.40 07.0 00.0 000.0 0.00 130.0 87.0 0.00 3 0 02 00 00.000
0
 0.0 09.0 00.2 00.0 04.0 120.0 000 0.00 00.0 000.0 0.00 120.90 
90.0 00.5 00.0 002.0 000 0.04 50.2 500.0 1.50 000.90
0 0 0 0 0000 00 00 0 0 00 0 2 0 1 20 0 0 0 0 0 0 000 00 00 9 0 00 02 00 090200 100 0000 000
000 000 0 0 00 0 0 00 09 0 0 00 000 02.0 15 03.0 00 0 9.0 00 00.0 00 0 0 1000 00 0.0 00 0.00 00.0 89.2 000.0 1.00 000.0 80.0 0.00 0 0 00 00 00.000
 0.0 00.2 
0 0 0 4 0000 00 12 0 5 00 0 0 0 0 00 0 0 0 0 5 1 000 00 40 0 0 00 02 23 090020 004 8003 006
000 000 5 9 00 0 0 00 00 0 0 00 000 00.0 00 00.0 00 0 0.0 00 00.0 00 0 0 0000 00 0.5 00 0.00 80.0 00.0 020.0 1.00 000.0 00.0 0.20 0 0 00 00 00.000
0
 0.0 00.0 08.0 10.5 00.3 000.5 000 0.00 00.0 002.0 0.03 005.00 
00.2 00.0 00.0 100.0 024 0.00 00.0 000.0 0.50 000.08
0 0 0 0 5000 05 00 0 5 00 0 0 0 1 20 9 0 0 4 5 0 002 00 00 0 0 00 00 03 090200 000 0100 000
000 000 0 9 12 0 2 00 00 0 0 00 900 00.0 00 00.0 00 0 0.0 10 00.0 00 3 5 0280 02 4.0 00 0.00 00.0 00.0 120.0 0.00 000.0 00.0 0.01 0 0 12 90 00.002
 8.0 00.0 
0 2 0 0 0000 05 10 0 5 00 0 0 0 0 00 0 0 0 4 0 0 900 02 00 0 8 24 00 20 000000 024 8000 500
003 100 5 0 02 0 0 10 09 0 0 00 000 00.0 10 00.0 00 0 0.0 04 10.0 00 0 0 0000 12 0.0 10 0.00 80.0 00.2 003.3 1.35 000.0 00.0 0.00 0 0 02 00 10.000
2
 0.0 80.0 90.2 00.0 00.3 000.0 004 0.00 00.0 500.3 0.53 020.00 
00.0 00.0 50.3 000.0 000 0.00 00.0 000.3 0.00 100.00
0 0 0 4 0000 00 10 5 0 12 0 0 0 0 00 0 0 0 0 0 1 010 00 00 0 0 00 00 00 000023 004 0020 050
020 000 0 0 02 0 0 12 00 0 0 00 000 10.4 10 00.0 10 0 0.0 04 02.5 00 0 0 0080 00 0.5 00 0.05 00.0 00.0 000.0 0.00 002.0 00.0 0.00 0 5 00 90 00.002
0
 0.0 80.2 90.2 00.0 00.0 000.0 000 0.00 00.0 000.0 0.03 000.90
00.0 02.0 00.0 000.0 100 0.00 00.0 500.0 0.00 000.00
1 2 3 0 0000 00 00 0 0 00 9 2 0 0 00 0 0 0 0 5 0 900 00 00 0 8 00 00 00 000200 000 8100 000
000 000 0 0 00 8 0 00 80 0 1 00 900 00.0 00 00.0 00 0 0.0 00 02.0 00 0 5 1000 00 0.5 00 2.00 07.0 00.2 003.0 0.00 000.5 80.0 0.00 0 0 00 00 00.000
 0.0 00.0
0 0 0 0 5023 00 00 0 0 02 0 2 0 0 20 0 0 0 0 0 1 000 02 00 0 8 00 00 00 090000 000 0000 506
000 000 0 0 00 0 2 00 00 0 0 00 987 00.4 00 00.0 02 0 9.0 00 00.5 00 3 0 1000 00 0.0 12 2.00 00.0 09.0 000.3 0.30 032.0 80.0 0.00 3 5 12 90 00.000
0
 0.5 00.2 00.2 12.0 50.3 000.5 004 5.04 00.2 002.0 1.00 000.90
90.0 10.0 00.0 000.0 000 0.00 00.2 000.0 0.50 020.90
0 0 0 0 0000 40 00 0 0 00 0 2 0 1 00 0 0 0 4 0 0 000 00 00 0 0 04 00 03 000003 000 0003 000
000 000 0 0 00 0 0 00 00 0 0 02 007 02.0 10 00.0 12 0 9.0 00 02.5 02 3 0 0009 00 0.0 02 0.00 07.0 00.0 000.0 1.00 100.0 00.2 0.00 0 5 00 90 02.000
 8.0 00.2
0 0 0 0 0020 05 02 0 5 00 9 2 0 0 00 0 2 1 0 5 1 000 00 40 0 0 20 00 00 000020 000 8120 050
000 100 0 9 02 8 0 00 00 0 0 00 007 10.0 00 00.0 00 0 0.0 00 00.5 00 3 5 1000 00 0.5 10 0.00 07.0 80.0 000.0 1.00 100.0 00.0 0.00 0 0 00 00 10.000
0
 0.0 00.0 00.0 00.0 00.0 020.0 000 5.30 00.0 000.3 0.03 000.00
00.0 00.5 00.0 000.0 020 0.00 03.2 500.0 0.00 000.00
0 0 0 0 5100 05 10 5 0 00 0 0 0 1 20 9 0 0 0 0 0 000 02 00 0 0 04 02 00 000200 000 0000 000
100 000 5 0 00 8 0 12 09 0 0 00 087 00.0 05 00.0 10 0 0.0 00 00.0 00 0 0 0200 00 0.0 00 2.00 87.0 00.0 000.0 1.30 000.0 07.0 0.20 3 0 10 00 12.000
 0.0 09.0
0 0 0 4 0020 00 10 5 0 02 0 0 0 0 00 9 0 0 4 0 0 000 00 00 9 0 04 00 00 000200 020 0003 000
000 020 0 0 00 0 2 00 09 0 0 00 000 00.0 05 00.0 10 0 9.0 00 00.0 02 3 0 0000 00 4.0 00 0.40 00.2 80.0 100.0 1.00 002.5 00.2 0.00 0 5 00 00 00.000
2
 0.0 00.0 08.0 00.0 50.0 000.5 120 5.00 53.0 000.0 0.00 000.00
00.2 00.0 00.3 000.5 000 0.00 03.2 002.3 0.00 000.00
0 0 0 0 0020 00 00 0 0 00 0 2 0 0 00 0 0 0 0 0 0 000 00 00 0 0 00 00 03 000003 120 0003 000
100 000 0 9 10 0 0 12 09 0 1 00 000 02.0 05 00.4 00 0 0.0 00 00.0 12 0 5 0009 00 0.0 00 0.00 80.0 00.2 120.0 0.30 030.0 80.0 0.00 0 0 02 08 00.000
 8.0 89.0
0 2 0 0 5003 00 12 0 0 02 0 0 0 0 00 0 0 0 0 0 0 000 00 05 0 0 04 10 00 090000 020 0000 550
000 103 0 0 02 8 0 00 00 0 0 00 900 00.0 00 00.0 02 0 0.0 00 00.0 00 0 0 0089 12 0.0 00 0.00 07.2 00.0 100.0 0.00 030.0 00.0 5.21 0 0 00 00 00.000
0
 0.0 00.2 98.0 00.0 00.0 100.0 000 0.04 50.2 030.0 0.50 020.00
00.0 00.0 50.3 000.0 000 0.04 00.0 000.0 0.00 000.00
0 2 0 0 5000 05 00 0 0 00 0 0 0 0 00 0 0 0 0 0 0 900 10 05 0 8 20 00 03 000020 100 0020 500
020 000 0 0 00 0 0 00 00 0 0 02 000 02.4 00 23.0 00 0 0.0 04 00.0 00 0 0 0000 00 0.0 00 0.00 00.0 00.2 020.0 1.00 002.0 00.0 0.00 3 0 00 00 00.022
0
 0.0 00.0 90.2 00.0 00.0 000.0 020 0.00 00.0 000.0 0.00 000.00
00.2 12.0 00.0 000.0 020 0.00 00.2 000.0 0.53 100.98
0 0 0 0 0103 05 00 0 0 00 0 0 0 0 00 9 0 0 0 0 0 000 00 40 0 0 00 00 00 000000 100 8120 000
020 000 0 0 00 0 0 10 00 0 0 00 900 00.4 00 00.4 00 0 0.2 00 00.0 00 0 0 0000 00 0.0 00 2.00 00.0 09.2 000.0 1.05 000.0 07.0 5.00 0 0 00 00 00.022
 0.0 00.0
0 0 0 4 5000 00 00 0 0 00 0 0 0 0 00 0 0 0 0 0 0 000 00 40 0 0 00 00 00 000000 000 0003 500
000 020 0 0 00 0 0 00 00 0 0 00 007 00.4 00 23.0 00 0 0.2 04 00.0 00 3 5 0000 00 0.5 00 0.40 07.2 00.0 000.0 0.30 000.0 00.0 0.00 0 0 00 00 02.000
0
 0.0 80.2 90.0 00.0 00.0 000.0 004 0.00 53.0 000.3 1.00 100.90
90.0 02.0 00.0 000.5 100 0.00 00.0 500.0 0.50 120.08
0 0 3 0 0000 00 02 0 0 10 0 0 0 0 00 0 2 1 0 0 0 000 02 45 9 0 20 00 00 091223 104 0000 000
100 000 0 0 02 0 0 02 00 0 0 00 000 02.0 15 00.0 00 0 0.2 00 02.0 00 0 5 0000 00 0.0 12 0.05 00.0 00.0 000.0 0.00 132.0 00.2 0.20 0 0 02 98 02.020
 0.0 00.0
0 0 0 0 0020 00 00 0 0 02 0 0 0 1 08 0 2 0 4 0 1 000 00 40 0 0 04 00 20 001200 000 8003 050
000 000 0 0 00 0 0 10 80 0 1 00 000 02.0 10 00.0 00 0 0.0 00 00.0 00 3 5 0089 00 0.0 00 0.00 00.2 00.0 120.0 0.00 100.0 00.2 0.21 0 5 10 00 00.000
0
 0.0 00.2 00.0 00.0 00.0 120.0 104 0.00 00.0 002.0 1.00 020.00
00.2 00.0 00.0 020.0 000 0.00 50.0 000.0 0.00 000.00
0 0 3 4 0000 00 00 0 0 00 0 0 0 0 20 9 0 0 4 0 1 000 00 05 0 0 00 02 20 000003 100 0100 006
003 120 5 0 00 0 0 10 09 0 0 00 087 00.0 10 00.0 00 0 0.0 00 00.0 00 0 0 0000 00 0.0 00 0.00 00.0 00.0 103.0 0.00 000.5 00.0 5.20 0 0 10 00 10.000
 0.5 00.0
0 2 0 4 0000 00 00 0 5 00 0 0 0 1 00 0 0 1 4 0 0 002 00 00 0 0 00 00 20 000003 000 0020 500
020 000 5 0 00 8 0 10 00 0 1 00 007 00.0 00 20.0 00 0 9.0 00 00.5 10 0 0 1000 00 0.0 00 2.00 07.0 80.2 020.0 1.00 000.0 80.0 0.00 0 0 00 00 00.000
0
 0.5 89.0 00.0 00.0 50.0 020.5 000 0.30 00.0 000.0 0.03 000.00
00.0 00.0 00.3 000.0 004 5.30 00.0 502.3 0.00 005.00
0 0 3 0 0003 00 02 0 0 00 0 0 0 0 00 0 0 1 0 0 0 900 00 00 0 0 04 00 00 800000 020 0000 000
000 100 0 0 00 0 0 02 80 0 0 80 980 10.0 00 03.0 00 4 9.0 10 00.0 00 0 5 0000 02 0.0 00 2.00 00.2 00.0 100.0 0.05 100.0 07.0 0.00 0 0 00 00 00.000
 8.0 09.0
0 2 3 0 5003 00 00 0 0 00 0 0 0 0 00 0 0 0 0 0 0 910 00 40 9 0 00 00 00 000020 000 8000 500
100 000 0 0 00 0 2 00 00 0 0 82 000 00.0 00 23.0 00 0 0.0 00 00.0 00 0 0 0200 00 0.0 12 0.05 00.0 09.0 003.3 0.30 000.0 00.0 0.00 3 0 00 08 10.000
0
 0.0 09.0 00.0 00.0 00.0 000.0 004 5.04 50.0 000.0 1.03 000.90
90.2 00.0 50.3 002.0 004 0.04 03.0 000.3 0.00 005.900 2 0 0 0100 00 02 0 0 10 0 0 0 0 00 9 2 1 0 0 0 010 00 05 0 0 00 00 00 091000 000 8003 000
000 000 0 0 10 0 0 00 00 0 1 00 907 00.0 00 00.0 00 0 0.0 04 10.0 00 0 0 0000 00 4.0 02 0.00 00.0 89.0 003.0 0.00 030.0 07.0 0.00 0 0 10 00 00.000
2
 0.0 00.0 00.0 00.0 00.0 022.0 020 0.00 50.0 002.0 0.03 000.00
90.0 00.0 50.0 120.0 000 0.00 53.2 002.3 0.00 000.90
0 0 0 0 0000 00 10 0 0 10 0 0 0 0 08 0 0 0 4 5 0 900 00 00 9 0 00 02 03 000023 024 0100 556
000 023 0 0 10 0 0 02 00 0 1 00 907 02.0 00 00.0 00 0 0.0 00 10.0 00 3 0 1009 00 0.5 00 2.05 07.0 00.0 020.0 0.00 030.5 07.0 0.00 0 0 00 00 02.002
 8.5 09.0
0 0 0 0 0000 00 00 0 0 00 0 2 0 0 20 0 0 0 0 0 0 010 00 00 9 0 00 10 00 000000 000 8100 050
000 000 0 0 00 0 0 00 00 0 0 00 080 00.0 00 03.0 00 4 9.0 00 00.0 00 0 0 0000 00 0.5 00 0.00 00.0 09.0 000.3 0.00 000.0 80.2 0.01 3 0 00 08 00.000
0
 0.0 80.0 00.0 10.5 50.3 002.0 000 0.04 03.0 030.3 0.00 100.00
00.0 10.0 00.0 022.0 004 0.30 50.0 000.0 0.00 000.08
0 0 0 0 0003 05 10 0 0 00 0 2 0 1 08 0 0 0 0 5 0 002 00 40 9 0 20 00 00 000020 100 0000 000
003 020 5 0 00 0 0 02 00 0 0 00 000 10.0 00 20.0 00 0 0.0 04 00.0 00 0 0 1000 12 0.0 02 0.00 00.0 00.0 000.0 0.00 000.0 00.2 5.00 3 5 02 00 00.000
 8.0 00.2
0 0 0 0 5020 00 00 0 0 00 0 0 0 0 00 0 0 0 0 0 0 000 00 40 0 0 00 00 00 090023 000 0003 050
000 100 0 0 10 0 0 00 00 0 0 00 980 00.4 15 00.0 02 0 0.0 00 00.0 00 0 0 0000 02 0.0 00 2.05 00.0 00.0 000.0 0.00 030.0 00.0 0.00 3 0 00 90 00.020
0
 0.0 00.0 00.0 00.0 00.3 100.0 000 0.04 00.0 000.0 0.00 000.90
00.0 00.0 00.0 022.0 100 0.00 00.0 500.0 0.00 100.00
0 0 0 0 5003 00 10 0 0 00 0 0 0 0 00 0 0 0 0 0 0 000 10 00 9 0 00 02 00 000000 020 0000 000
000 000 0 0 10 0 0 02 00 0 0 00 000 10.0 10 23.4 10 0 0.0 00 12.5 00 0 0 0209 00 4.0 00 0.00 00.0 80.0 100.0 0.00 102.0 00.0 5.00 0 5 00 08 00.000
 8.0 00.0
0 0 0 4 0003 05 12 5 0 10 0 0 0 0 00 0 0 0 0 0 0 900 02 40 9 0 00 00 03 000020 020 0000 000
000 000 5 0 00 0 0 00 00 0 0 00 000 02.0 00 00.4 00 4 0.2 00 00.5 00 0 0 0000 10 0.0 00 0.00 00.0 00.0 000.3 0.00 002.0 00.0 5.00 3 0 00 08 00.000
0
 0.5 00.0 08.0 00.0 00.0 000.0 000 0.00 00.0 000.0 1.00 000.00
00.0 02.0 50.0 000.0 000 0.00 00.0 030.3 0.00 000.08
0 0 0 0 0000 00 00 0 5 00 0 0 0 0 00 0 0 1 0 5 0 010 02 05 9 0 00 00 00 091003 020 0020 000
000 000 0 0 00 0 0 00 09 0 0 02 000 02.0 00 00.0 00 0 0.0 10 00.5 10 0 0 0000 10 0.5 12 0.40 00.2 00.0 020.0 0.30 100.5 00.0 5.00 0 0 00 00 00.000
 0.0 00.2
1 0 0 0 0020 40 00 0 0 02 0 0 0 0 00 9 0 0 0 5 0 000 10 00 0 0 00 02 00 091000 000 0100 050
000 100 5 0 00 0 0 12 09 0 0 00 900 12.0 10 03.0 10 4 0.0 00 00.0 00 0 0 0000 00 0.5 00 2.00 80.0 00.0 020.3 1.00 030.0 00.0 5.00 0 0 00 90 00.020
0
 8.0 00.0 00.0 00.5 50.0 020.0 000 0.00 00.0 000.0 0.53 000.90
00.0 10.5 54.0 020.0 120 0.00 00.0 500.0 0.00 000.000 0 0 0 0003 00 00 0 5 02 0 0 0 0 00 0 0 0 0 5 0 010 10 00 0 0 00 00 00 001003 000 0020 000
020 000 0 9 00 0 2 00 80 0 0 00 900 00.0 00 00.4 00 0 0.0 04 00.0 00 0 0 0000 00 0.0 00 0.00 00.0 00.0 003.0 0.30 000.0 00.0 5.00 0 0 00 90 00.020
0
 8.5 00.2 90.2 00.0 00.3 020.5 000 0.00 03.0 000.0 0.00 000.90
00.2 00.0 00.0 122.0 000 0.04 03.0 000.0 0.53 000.00
0 2 0 4 0000 05 10 0 0 00 0 0 0 1 00 0 0 1 0 5 0 900 00 00 9 0 24 02 00 801020 120 0000 000
100 000 0 0 10 0 0 10 00 0 1 00 000 02.4 00 00.4 00 0 0.0 00 00.0 00 0 0 0000 00 4.0 00 0.40 07.0 80.0 103.0 1.00 000.5 00.0 0.01 0 0 10 08 10.022
 0.0 09.0
0 0 3 0 0000 40 00 5 0 02 0 0 0 0 00 0 0 0 0 5 0 010 00 05 0 0 00 00 20 000000 000 8000 556
020 020 5 0 00 8 0 00 00 0 1 02 000 10.4 00 00.0 00 4 0.0 04 00.0 00 0 0 0000 00 0.5 00 0.00 00.0 00.0 000.3 0.05 000.0 00.0 0.01 0 0 02 90 10.000
2
 0.0 00.0 90.0 00.0 04.3 020.0 104 0.00 00.0 000.3 1.00 000.00
00.0 02.0 00.3 000.5 104 0.30 00.0 000.0 0.53 000.00
1 2 3 0 5100 00 00 0 0 12 0 0 0 1 00 9 0 0 0 0 0 000 10 40 0 0 00 02 20 800000 000 0020 000
100 103 0 0 02 0 0 10 89 0 0 00 000 00.0 00 03.0 02 4 0.0 00 00.0 00 3 0 0000 10 4.0 02 0.00 07.0 00.0 020.0 0.05 000.0 80.0 0.21 3 0 02 00 02.002
 8.5 09.0
0 0 3 4 0000 05 00 0 0 00 0 0 0 1 20 0 0 0 0 5 0 002 00 00 0 0 24 12 03 801000 020 0000 000
103 000 5 0 02 0 0 10 00 0 1 00 080 00.0 00 03.4 10 0 0.0 04 00.5 00 0 0 0000 10 0.5 00 0.00 80.0 89.0 000.0 0.05 000.5 80.2 0.20 0 0 00 00 10.000
0
 0.0 09.0 00.0 00.0 00.0 002.5 004 0.30 00.0 000.3 0.03 000.08
00.2 10.0 50.0 000.5 100 0.00 00.0 000.0 1.00 000.90
0 2 0 0 0000 00 00 0 0 00 0 0 0 0 08 0 2 0 4 0 0 000 00 40 0 8 20 00 23 000020 020 0100 006
000 120 0 0 02 0 0 00 00 0 0 80 007 00.4 05 00.0 00 0 0.0 00 00.0 10 0 0 1000 00 4.0 00 0.45 00.0 00.0 100.0 0.00 000.0 80.2 0.00 0 0 00 00 00.000
 0.5 00.0
0 0 0 0 0020 00 10 0 5 00 0 2 0 0 08 0 0 0 0 5 1 910 02 00 0 0 00 00 00 001000 120 0120 050
000 000 0 0 10 8 0 00 00 0 0 00 007 00.0 05 00.0 00 0 0.0 00 10.0 00 0 0 0089 10 0.0 02 0.00 00.0 80.0 100.0 1.00 100.5 80.0 0.00 0 0 02 00 02.000
0
 8.0 89.0 00.0 10.0 00.3 000.0 104 0.04 03.2 500.0 0.00 000.90
90.0 10.0 04.0 000.0 100 0.00 50.0 000.0 0.03 100.90
1 0 0 0 0000 00 02 5 0 00 0 0 0 0 00 9 0 0 0 0 0 010 00 00 0 0 00 00 00 000003 100 0000 000
000 000 0 0 00 0 2 12 00 0 1 80 000 02.0 00 00.0 10 0 0.0 04 00.0 00 3 5 0009 00 0.0 10 0.05 00.2 00.0 003.3 0.00 000.0 80.0 0.00 3 5 10 00 00.000
 8.5 00.0
0 0 0 4 0000 05 00 5 0 00 9 0 0 0 28 0 0 0 4 0 0 000 00 00 9 0 04 00 00 001003 004 0000 050
000 003 0 0 00 0 0 00 00 0 0 00 900 00.0 00 20.0 02 4 0.0 00 00.0 00 0 0 1200 00 4.5 00 2.40 80.0 00.0 000.0 0.00 000.0 07.0 0.00 0 0 00 00 00.000
2
 0.0 00.0 00.0 12.0 04.3 000.0 000 0.00 00.2 500.0 0.00 000.00
08.0 12.5 00.0 000.0 000 0.00 00.2 000.0 0.00 020.00
0 0 3 0 0003 00 00 5 0 00 0 0 0 1 00 0 0 0 0 0 0 000 10 40 0 0 00 00 00 000000 100 0103 000
000 003 0 0 00 8 0 10 00 0 1 80 000 00.0 00 00.4 00 0 0.0 00 00.0 02 3 0 1009 10 4.0 00 0.00 80.0 00.0 100.0 1.30 002.0 80.2 0.00 0 0 02 00 00.020
0
 8.0 09.0 00.0 10.0 50.0 000.0 000 0.00 00.0 000.0 1.00 005.00
00.0 00.0 00.0 020.5 000 0.00 00.0 000.0 0.00 000.08
0 2 3 0 5020 05 00 0 0 00 0 0 0 0 00 0 0 0 0 0 0 000 02 00 0 0 00 00 00 001003 000 0000 050
020 000 5 0 00 0 0 00 00 0 0 80 000 00.0 00 03.0 00 4 0.0 00 00.0 00 0 0 0000 00 0.5 00 0.05 00.0 00.0 000.3 0.00 000.5 07.0 0.01 0 0 00 00 00.020
 0.0 00.0
0 0 3 0 0000 00 00 0 0 12 0 0 0 0 20 0 0 0 0 0 1 000 00 00 0 8 00 00 20 001000 000 0103 500
000 000 0 9 00 8 0 00 00 0 1 00 000 00.0 05 00.4 00 0 0.0 00 00.0 02 0 0 1009 00 0.5 00 0.40 80.0 00.2 020.0 0.00 000.0 00.0 0.00 0 0 00 08 00.000
0
 0.0 09.0 00.2 02.0 00.0 120.0 024 0.00 50.0 000.0 0.00 000.00
00.0 00.0 04.0 000.0 100 0.00 00.0 002.3 0.00 000.08
0 2 0 0 0020 40 02 0 5 00 0 0 0 1 00 0 0 1 0 0 0 000 10 00 0 8 00 02 00 800003 024 0003 506
000 000 0 9 00 0 0 02 09 0 0 00 000 00.0 00 20.0 02 0 0.0 00 02.0 00 0 0 0000 10 0.0 10 0.00 00.0 00.0 000.0 0.00 100.0 80.0 0.20 0 0 00 90 00.000
 0.0 80.0
0 0 0 0 0000 40 10 0 5 00 0 0 0 0 00 0 0 0 0 0 0 002 00 00 0 0 00 10 00 001020 000 0000 000
020 000 5 0 10 0 0 02 00 0 0 00 000 00.0 10 20.0 00 0 0.0 00 00.0 00 0 0 0000 00 4.0 00 0.00 00.2 09.0 020.0 0.00 030.0 00.2 5.00 0 0 10 08 00.000
0
 8.0 09.0 00.0 00.5 04.3 002.5 000 0.04 03.0 002.0 0.03 100.08
00.2 00.0 50.3 000.0 000 0.00 03.0 030.0 0.00 000.00
1 0 0 0 0000 00 00 0 0 00 9 0 0 0 00 0 0 0 0 0 0 002 00 40 0 0 24 02 00 000023 000 0020 000
000 023 0 0 00 0 0 02 00 0 1 80 080 00.4 05 00.0 02 0 0.0 00 10.0 00 0 0 0000 00 4.0 10 0.00 00.0 00.0 000.0 0.00 130.0 00.0 0.20 0 0 00 90 02.020
 0.0 00.0
0 0 3 4 5000 00 00 0 0 00 0 2 0 0 00 0 0 0 0 0 0 900 10 40 0 8 00 00 00 000003 100 8020 000
100 003 0 0 10 0 0 02 00 0 0 80 000 02.0 00 00.0 12 4 9.0 04 02.0 02 0 0 0209 10 4.0 10 0.00 00.0 00.0 103.0 1.00 000.0 80.0 5.00 0 0 00 00 02.000
0
 0.0 00.0 00.0 02.0 50.0 000.0 004 5.04 00.0 002.3 0.00 020.00
08.0 00.0 00.0 000.0 000 5.00 00.0 000.0 1.00 000.08
0 0 3 0 0003 05 00 5 0 02 0 0 0 0 00 0 2 0 0 0 0 900 00 00 0 0 24 00 00 000200 000 0120 000
120 000 5 9 10 0 2 00 00 0 0 02 000 00.0 00 00.0 12 0 0.0 00 00.0 02 0 0 0200 12 0.0 00 0.00 00.2 00.0 000.0 0.05 002.0 07.0 0.00 3 0 10 90 00.000
 0.0 09.0
0 2 0 0 0020 00 00 5 0 10 9 0 0 0 00 0 0 0 4 0 0 002 00 00 0 0 20 10 20 000200 100 0000 050
000 000 5 0 02 0 0 02 09 0 0 80 900 00.0 00 20.0 00 0 9.0 00 02.0 00 0 0 1000 00 4.0 00 0.00 00.0 00.0 003.3 0.30 002.0 00.2 0.20 0 0 00 00 12.000
2
 8.0 00.2 00.0 10.0 50.0 000.0 000 5.00 00.0 000.3 0.00 100.00
00.0 00.0 00.0 002.0 104 0.00 00.0 000.0 0.00 000.00
0 0 0 0 0100 00 00 0 0 00 0 0 0 0 00 0 0 0 0 5 1 902 10 00 0 0 00 00 00 000020 000 0100 000
000 100 0 0 00 0 0 02 09 0 0 00 000 00.0 00 00.0 10 0 0.0 00 00.5 00 3 0 0000 00 0.0 02 0.00 00.0 00.2 000.0 0.00 100.0 00.0 0.00 0 0 00 90 12.020
0
 0.0 89.0 08.0 00.0 00.0 100.5 004 0.00 00.2 500.0 1.00 000.00
90.2 10.0 00.0 000.5 000 0.00 00.2 002.0 0.00 025.00
0 0 0 0 0020 00 00 0 0 00 0 0 0 0 00 9 0 0 0 0 0 000 00 00 0 0 04 00 00 890220 000 0000 050
000 100 0 0 00 0 0 00 00 0 0 00 000 00.4 00 00.0 02 0 9.0 04 02.0 00 0 0 1200 00 0.5 00 0.00 00.0 00.0 000.0 0.05 000.0 00.0 5.00 0 0 00 00 00.002
 0.0 80.2
0 0 0 0 5100 45 10 0 0 00 0 0 0 0 00 0 0 1 4 0 0 000 02 40 0 0 00 00 00 000000 000 0120 500
000 000 0 0 10 0 0 02 80 0 0 82 000 00.0 05 03.4 00 0 9.0 00 00.0 10 3 0 0009 00 4.0 00 0.00 80.0 00.2 020.0 1.30 030.0 07.0 0.00 0 0 00 00 00.000
0
 0.0 80.0 00.0 00.5 50.0 000.0 004 0.00 00.0 500.0 1.00 005.00
08.2 00.0 50.3 100.5 100 0.00 53.0 032.3 1.50 000.00
0 0 3 0 5000 00 02 0 0 02 0 0 0 1 00 0 0 0 0 0 0 000 12 00 0 0 00 00 00 001000 000 0003 050
000 100 0 0 00 0 0 00 00 0 0 00 007 00.0 00 00.0 00 4 0.2 00 00.0 00 0 5 0000 00 0.5 00 0.00 87.0 00.0 003.0 0.00 130.0 00.0 0.01 3 0 00 00 00.000
 0.5 00.0
1 0 0 0 0103 00 12 0 0 02 0 0 0 0 08 9 2 0 0 5 0 010 10 00 9 8 24 00 00 000020 004 8000 050
000 000 0 9 00 0 0 00 80 0 0 00 007 00.4 00 00.0 02 0 0.0 00 10.0 00 0 0 1000 00 4.0 10 2.05 00.2 00.0 003.0 0.00 030.0 00.0 5.00 0 0 10 00 12.000
0
 0.0 00.0 90.0 00.0 04.0 000.0 004 0.04 00.0 530.0 1.50 000.08
00.2 00.0 00.0 022.0 000 0.30 00.2 000.0 0.50 000.90
0 0 3 0 5000 00 10 0 0 00 0 2 0 0 00 9 0 0 0 5 0 000 10 05 0 8 00 00 00 800000 004 0000 000
000 003 0 0 02 0 2 00 00 0 1 00 000 10.0 00 00.0 00 0 9.0 10 02.0 00 0 0 0000 10 0.0 02 0.40 00.0 00.0 000.0 1.00 000.0 07.0 0.01 3 5 12 00 00.020
 0.0 09.0
0 0 0 0 0100 00 00 0 0 12 0 0 0 0 00 0 0 1 0 0 1 010 00 00 0 8 00 00 00 000000 000 0100 500
003 000 5 0 00 0 0 10 00 0 0 80 000 00.0 00 00.0 00 0 0.2 00 00.0 10 0 0 0000 00 0.0 02 0.00 00.0 80.2 003.0 0.00 100.5 80.2 0.00 3 0 00 00 00.000
2
 0.0 00.0 00.0 00.0 00.3 000.0 004 0.00 00.0 030.0 0.50 020.08
00.0 00.0 00.0 000.0 124 0.00 00.0 500.0 1.00 020.90
0 0 3 0 0020 00 00 5 0 00 0 0 0 0 00 0 0 0 0 0 0 000 00 00 0 0 00 00 03 000000 000 0000 550
003 000 5 0 00 8 2 00 00 0 0 00 000 00.0 05 00.4 00 4 0.0 00 10.0 10 0 0 0000 10 0.5 00 0.00 80.2 09.0 000.0 0.05 002.0 00.0 0.01 0 5 10 00 00.000
 0.5 00.0
0 0 0 0 0103 00 00 0 0 00 0 2 0 0 00 0 0 0 4 0 0 000 10 40 0 0 00 00 20 000000 000 0003 000
100 023 0 0 00 0 0 00 00 0 0 02 000 00.0 00 00.0 10 4 0.0 00 00.0 00 0 0 0200 00 0.0 10 2.00 00.0 09.0 000.0 0.30 100.0 07.0 0.20 0 0 10 00 10.002
0
 0.0 00.0 90.0 00.0 04.0 002.0 020 0.00 00.0 000.3 0.00 000.00
00.0 10.0 50.0 000.0 020 0.04 50.0 030.3 0.00 120.00
0 0 0 4 0120 40 02 0 0 02 0 0 0 0 00 0 0 0 0 0 1 000 10 00 9 0 00 00 03 000000 100 0000 500
100 000 0 9 00 8 0 00 00 0 1 00 080 02.0 00 00.0 10 0 0.2 00 00.0 00 0 0 0000 00 0.0 00 0.00 00.2 00.0 000.3 0.30 030.0 87.0 0.00 0 0 02 00 02.020
0
 0.0 00.0 08.2 00.5 04.3 100.0 000 5.00 00.0 000.0 0.50 000.00
00.0 00.0 00.3 000.5 000 0.30 00.0 000.0 0.03 005.98
1 0 0 0 0000 40 00 0 0 00 0 0 0 0 08 9 2 0 0 0 0 002 00 40 0 0 04 00 00 090203 020 0003 006
000 023 0 0 00 0 0 02 89 0 0 00 000 00.0 10 00.0 00 0 0.2 00 00.0 00 0 5 0000 10 0.0 10 0.00 00.0 00.0 020.0 1.00 002.5 00.0 5.00 0 0 10 90 00.022
 0.0 80.2
0 0 0 4 0000 00 00 0 0 02 9 0 0 0 00 0 0 0 4 0 0 000 02 00 0 0 00 00 03 000000 024 0000 000
003 020 0 0 10 8 0 10 00 0 0 00 000 00.4 00 00.0 00 0 0.0 00 00.0 10 0 0 1000 00 0.0 00 0.00 00.0 00.0 020.0 0.30 000.0 80.0 0.01 0 5 00 90 00.020
2
 0.0 00.0 90.0 00.0 00.3 020.0 000 0.30 00.0 500.0 1.50 000.90
90.0 10.5 00.0 100.0 004 0.30 00.0 000.3 1.00 100.00
0 0 0 0 5120 05 02 0 0 00 0 2 0 0 08 0 0 0 0 0 1 000 00 00 0 0 24 10 03 000000 100 0103 500
000 100 0 0 00 0 0 00 00 0 0 02 007 10.0 05 20.0 00 4 0.0 00 00.0 02 0 0 1000 00 0.0 02 0.00 80.0 00.2 000.0 1.00 000.0 00.0 0.00 0 0 00 08 12.000
 0.5 09.0
0 0 0 0 0100 00 02 0 0 02 0 0 0 1 20 0 2 1 4 0 0 000 10 00 0 0 04 00 03 000000 004 8100 000
000 000 0 9 00 0 0 02 09 0 0 02 080 00.0 00 03.0 10 0 9.0 10 00.5 00 0 0 0080 00 4.0 02 0.00 07.0 00.0 000.3 0.00 100.0 07.0 0.00 3 0 02 08 00.000
0
 0.0 00.0 00.0 10.0 04.0 000.0 000 0.30 00.2 530.3 0.53 100.98
00.0 10.0 04.0 100.0 000 5.00 50.0 000.0 0.00 000.00
0 0 0 0 0000 40 00 0 0 00 9 0 0 0 00 0 0 0 0 0 0 000 00 40 0 0 00 00 00 890000 000 0023 000
000 000 0 0 02 8 0 10 00 0 0 80 000 00.0 00 00.0 02 4 0.0 10 02.5 00 0 0 0000 00 0.0 10 0.00 00.0 00.0 100.0 0.00 032.0 07.0 0.01 0 0 00 00 00.000
 0.0 00.0
0 0 0 0 5120 00 00 0 0 00 0 0 0 0 00 0 0 0 4 0 0 002 00 40 0 0 00 00 20 000023 100 0000 000
120 003 0 0 00 0 2 00 00 0 0 02 000 00.4 10 03.0 10 0 9.0 00 00.0 00 0 0 0000 02 0.0 00 0.00 00.2 09.0 000.0 0.00 030.0 00.0 0.20 0 0 02 08 10.020
2
 0.0 80.0 00.0 00.0 00.0 002.0 100 0.00 03.0 000.0 0.50 100.00
00.2 02.0 00.0 000.0 000 0.00 00.0 030.0 0.00 005.00
1 0 0 0 5020 05 10 5 0 10 0 0 0 0 08 0 2 0 0 0 0 000 00 45 9 0 04 00 03 000000 120 8000 500
000 000 0 0 02 0 0 00 00 0 0 00 987 02.0 05 00.0 10 4 9.0 00 10.5 00 3 0 1000 00 0.0 00 0.05 80.0 09.0 000.0 0.35 002.5 80.0 5.00 0 0 00 00 00.000
 0.0 09.0
1 0 0 4 0000 00 02 0 0 00 9 0 0 1 00 0 0 1 0 5 0 912 00 00 0 0 20 00 00 000000 000 8100 000
000 003 0 0 00 0 0 00 00 0 0 00 000 02.0 00 00.0 00 4 0.0 00 00.5 12 0 5 0000 00 4.0 00 0.00 87.0 00.0 000.0 0.00 100.0 00.0 0.00 0 0 00 00 00.000
0
 0.5 00.0 00.0 02.0 00.0 000.0 000 5.04 50.0 002.0 0.00 000.00
08.2 00.0 00.0 000.5 000 0.00 50.0 030.0 0.00 000.08
1 0 3 0 5120 05 00 0 0 00 0 2 0 0 08 0 2 0 0 0 0 000 00 05 0 0 00 00 00 000003 000 0000 000
000 020 5 0 00 0 0 02 80 0 0 02 900 00.0 00 00.0 00 4 0.0 00 00.5 00 3 0 0000 00 0.0 10 0.00 87.0 00.2 000.0 1.05 000.0 00.0 0.01 0 0 00 08 00.000
0
 0.0 09.0 90.0 00.0 04.3 000.0 120 0.04 00.0 002.0 0.03 005.98
00.0 00.0 00.0 020.0 020 0.30 00.2 000.0 1.00 005.00
0 0 0 0 0000 00 02 0 0 00 0 0 0 0 00 0 2 0 0 0 0 910 00 05 0 0 00 00 20 000200 000 0023 000
000 003 5 0 00 0 2 02 00 0 0 02 000 02.0 10 00.4 00 0 9.0 00 00.5 12 0 0 0000 10 0.0 00 0.00 00.0 80.2 000.0 0.00 000.5 00.0 0.00 0 0 00 00 00.000
 0.0 00.0
1 2 0 0 0000 00 02 0 0 00 0 0 0 0 00 0 0 0 0 0 0 900 00 00 0 8 00 00 00 890000 000 8003 000
000 103 0 0 00 0 0 00 00 0 1 80 007 02.4 10 20.4 10 0 9.0 10 00.0 00 3 0 0000 00 0.0 00 2.00 00.0 09.0 020.0 1.05 100.0 00.2 0.20 3 0 00 00 12.000
0
 0.0 00.0 08.0 00.0 00.0 002.0 100 0.04 50.0 030.0 0.00 000.08
00.0 00.0 00.0 000.0 000 5.00 50.0 000.3 1.00 000.08
0 0 0 0 0000 40 10 0 5 12 9 0 0 0 00 0 2 1 4 0 1 010 00 40 0 8 00 00 00 000003 104 0100 000
100 003 0 0 00 8 0 00 09 0 0 82 080 12.0 00 00.0 00 0 9.0 00 10.0 00 0 0 0000 00 0.5 00 0.00 07.0 00.0 100.0 0.30 030.0 00.0 0.01 0 0 00 00 02.002
 0.0 80.2
0 0 0 0 0000 00 00 0 0 00 0 0 0 0 00 0 0 0 0 0 0 000 10 00 9 8 00 00 00 001003 000 0003 000
020 000 5 9 02 0 2 00 00 0 0 00 907 10.0 00 03.0 00 0 0.0 04 00.0 00 0 5 0280 02 4.0 00 2.00 00.0 00.2 000.0 0.00 002.0 00.0 5.00 0 0 00 00 00.000
2
 0.5 00.0 00.0 00.0 00.0 002.0 004 0.00 50.0 500.0 0.53 000.00
00.0 00.0 00.0 000.0 104 0.00 00.0 002.3 0.00 005.00
1 0 0 0 5000 05 00 0 5 00 0 0 0 0 08 0 2 0 0 0 0 010 02 40 0 0 00 00 20 000200 004 0000 500
000 020 0 9 00 0 2 10 00 0 0 00 900 00.0 10 00.0 10 0 0.0 00 00.0 00 0 0 0280 10 0.0 02 0.05 07.0 09.0 000.0 0.00 002.0 80.2 0.20 0 0 00 90 10.020
 0.0 09.0
0 0 0 0 0023 00 00 0 0 00 0 0 0 0 20 0 2 0 0 5 0 002 00 00 0 0 00 00 00 001000 100 0003 500
000 120 5 0 02 0 0 10 00 0 0 00 007 02.0 00 00.4 00 0 0.0 00 00.5 00 0 0 1009 00 0.0 00 0.00 00.0 80.0 000.0 1.05 100.0 00.0 5.00 3 0 00 00 00.020
0
 0.0 89.0 90.0 00.0 00.0 000.0 004 0.00 00.0 000.0 0.00 000.08
00.2 10.0 00.0 020.5 004 0.04 53.2 030.0 1.03 000.98
0 0 0 0 0000 00 00 5 5 10 0 0 0 0 08 9 0 0 0 5 0 002 00 00 9 8 24 10 03 001020 000 0000 000
003 020 0 0 10 8 0 02 00 0 0 00 900 02.4 00 00.4 00 0 9.0 00 10.0 10 0 5 0000 10 0.0 10 0.05 87.0 00.2 120.3 0.05 002.0 00.2 0.20 0 0 00 00 02.000
 0.0 00.0
0 0 0 0 0000 00 00 0 0 00 0 0 0 1 00 0 0 0 4 0 0 000 02 00 0 8 00 00 23 800003 000 8000 550
000 000 0 9 00 8 2 02 00 0 0 80 080 00.4 00 00.0 10 0 0.0 00 00.0 10 0 0 0000 00 0.0 00 2.05 00.2 00.0 023.0 0.00 100.0 87.0 0.20 3 0 10 08 10.000
0
 0.0 80.0 08.0 00.5 00.0 000.0 004 0.00 50.2 000.0 0.00 005.00
00.0 10.0 00.0 022.0 000 0.04 00.0 000.0 0.50 000.00
0 0 0 0 0000 00 00 0 0 00 0 0 0 1 00 0 0 0 0 0 0 000 00 40 0 0 00 00 00 000020 020 0000 050
000 000 0 0 00 0 2 00 00 0 1 00 000 00.0 00 00.4 10 0 0.0 00 00.0 00 0 5 1000 02 0.0 00 0.00 07.0 09.0 003.0 0.00 002.0 80.2 0.00 0 0 00 00 00.020
0
 0.5 00.0 90.2 00.0 00.3 022.0 000 0.00 00.0 500.0 1.00 020.00
00.0 00.0 00.0 000.0 004 0.00 00.0 000.3 0.00 000.90
1 2 0 0 5020 05 02 0 5 00 9 0 0 0 20 0 0 0 0 0 0 000 00 00 0 0 00 00 00 001000 000 0023 000
020 000 0 0 00 0 0 00 00 0 0 02 000 00.0 05 00.0 02 0 9.0 00 00.0 00 0 0 0000 00 0.0 00 0.00 00.0 00.0 000.0 0.00 002.0 00.0 0.01 3 0 00 90 00.000
 8.0 80.0
0 0 3 0 5020 40 02 0 0 00 0 2 0 0 08 0 0 1 0 0 0 000 10 05 0 0 04 00 03 000000 104 0000 000
000 100 5 9 00 0 0 10 09 0 0 80 000 00.0 10 00.0 00 0 0.0 04 00.0 00 0 0 0000 00 0.0 12 0.40 00.0 09.0 000.3 0.00 002.0 00.0 5.00 0 0 00 00 00.000
0
 0.5 00.2 00.0 00.0 00.0 000.0 020 0.00 53.2 500.0 1.00 005.00
00.0 02.0 00.0 000.0 000 0.00 00.2 000.3 1.53 000.00
0 0 0 0 0000 00 10 0 0 00 0 2 0 0 00 9 2 0 0 0 0 000 02 00 9 0 00 00 20 090000 020 8000 000
020 000 0 0 00 0 0 00 00 0 0 80 080 00.4 10 00.0 00 0 0.0 00 00.0 10 0 0 0009 10 0.5 00 0.00 00.0 09.0 000.0 0.00 102.0 00.2 0.01 3 0 00 00 10.022
 0.0 80.0
0 0 0 0 0000 40 00 0 5 02 0 0 0 0 20 0 0 0 0 5 1 000 00 45 0 0 00 10 00 000000 000 0000 000
000 000 0 0 00 8 0 00 00 0 0 02 007 12.0 00 20.0 10 4 0.0 04 10.0 00 3 5 0000 00 0.0 00 2.00 00.0 00.0 003.0 0.00 000.5 80.0 0.00 3 5 02 08 00.020
0
 8.0 09.0 00.0 00.0 50.0 020.0 100 0.00 00.0 000.0 0.50 000.00
00.0 02.0 00.0 002.0 000 0.00 00.0 000.3 0.00 005.00
0 0 0 0 0023 00 02 5 0 02 0 0 0 0 20 0 0 0 0 0 0 002 00 00 9 0 20 00 00 001020 000 0000 050
000 023 0 0 12 0 0 02 00 0 0 80 980 00.0 00 03.0 02 4 9.2 00 00.0 10 3 5 0000 00 0.0 02 0.05 07.2 00.0 000.0 0.05 100.0 00.0 0.00 0 0 00 00 00.000
 0.5 09.0
0 0 0 4 0000 00 00 5 5 00 0 0 0 0 20 0 0 0 0 5 0 000 00 05 9 0 04 00 00 001200 000 0003 000
000 000 5 0 00 0 0 00 00 0 0 00 900 00.0 00 00.0 00 0 0.0 00 00.5 02 0 0 0009 02 0.0 00 0.00 00.0 00.0 003.3 0.30 000.0 00.0 0.00 0 0 00 00 00.000
0
 0.0 80.0 00.0 00.0 04.0 020.0 020 0.00 00.0 500.0 0.03 100.08
90.0 00.0 00.0 000.5 020 0.00 00.2 000.0 0.03 005.08
0 0 0 0 5120 00 00 0 5 02 0 0 0 0 00 0 2 0 4 0 0 002 00 40 0 8 00 00 20 000203 000 0100 000
100 000 0 9 00 8 0 00 80 0 0 00 087 10.0 00 23.0 00 0 9.0 14 00.5 00 0 0 0200 00 0.0 00 0.00 00.0 00.0 100.0 0.30 130.0 00.0 0.00 0 0 02 00 10.000
 0.5 80.2
1 0 0 0 0000 00 00 0 0 10 0 0 0 0 00 0 0 0 4 0 0 010 00 00 0 0 20 02 00 001203 100 0100 000
003 100 0 9 00 0 0 00 09 0 0 00 000 00.0 00 00.0 00 0 0.2 00 12.0 10 0 0 0200 00 4.0 00 0.00 00.0 89.0 000.0 0.00 132.0 07.2 5.01 0 5 10 90 00.020
2
 0.0 80.0 00.0 00.0 00.0 000.0 004 0.30 03.0 000.0 0.50 000.00
00.0 00.0 50.0 000.0 100 0.00 00.2 002.0 1.00 020.08
0 2 0 0 0000 00 00 0 0 02 0 0 0 0 00 0 0 0 4 5 0 000 02 00 0 0 00 10 20 000000 100 0020 050
100 000 5 0 00 0 0 10 09 0 1 00 000 00.0 00 20.0 10 0 9.0 10 10.0 00 0 0 0200 10 0.0 00 0.00 00.0 80.0 023.3 1.00 000.0 00.0 0.01 0 0 00 90 00.000
2
 8.0 00.0 98.2 00.0 00.3 002.0 000 0.00 50.0 030.0 1.50 000.00
00.0 00.0 04.3 000.0 000 0.00 00.0 000.0 0.50 005.00
0 0 0 0 0100 00 00 0 0 00 9 0 0 0 00 9 0 1 0 0 0 000 00 00 0 0 20 00 03 801020 000 8003 056
000 000 0 0 00 0 0 02 89 0 0 02 980 02.4 10 00.0 00 4 0.0 00 00.0 00 0 0 0000 00 4.5 10 2.00 00.0 00.0 020.0 0.00 130.0 07.0 0.00 0 0 00 90 00.002
 0.0 00.0
0 2 0 4 0003 00 00 0 0 00 9 0 0 0 08 0 0 1 0 0 1 000 00 40 0 0 00 10 00 001000 000 0020 050
020 000 0 0 00 8 0 00 00 0 0 00 000 00.0 00 20.0 00 0 0.0 10 00.5 10 0 0 0000 00 4.0 00 0.05 00.2 00.2 000.0 1.00 002.0 00.0 5.00 3 0 12 00 00.000
0
 0.0 00.2 08.2 00.5 00.0 020.0 100 0.04 03.0 030.0 0.03 000.00
00.0 02.5 00.0 020.5 000 0.00 00.0 000.3 0.00 100.00
0 0 3 0 5020 00 00 0 0 00 0 0 0 0 20 0 0 0 0 0 1 010 00 00 9 0 04 10 03 090000 000 0000 006
003 020 0 9 00 0 2 00 00 0 1 00 900 00.0 00 00.0 00 0 0.0 00 00.0 00 0 0 0000 00 0.5 00 0.00 00.0 00.0 000.3 0.00 000.0 87.0 5.00 0 0 02 00 00.020
 0.0 00.0
0 0 0 0 0020 05 00 0 0 02 9 0 0 0 20 0 0 0 0 0 0 900 00 45 0 0 04 00 00 090000 000 0003 050
000 000 0 0 00 8 0 00 89 0 0 00 007 00.0 00 00.0 00 0 0.0 10 00.0 00 0 0 1000 00 0.0 00 0.00 00.2 00.2 003.0 0.00 000.0 07.0 0.20 0 0 00 08 00.000
0
 0.0 00.0 00.0 10.0 00.0 000.0 020 0.00 03.2 500.0 1.00 000.00
08.0 10.0 54.0 000.5 000 0.30 00.0 032.0 0.53 000.00
0 0 3 0 0000 40 00 0 0 10 0 2 0 0 20 0 2 0 0 0 1 000 10 05 0 0 00 10 20 000000 020 8000 000
020 000 0 0 00 0 2 12 00 0 0 00 007 00.0 00 00.0 00 0 0.0 00 00.0 00 0 0 0009 02 0.0 02 0.05 00.2 00.0 000.0 0.00 130.5 80.0 0.00 0 0 10 08 00.000
 8.0 00.0
0 0 0 0 0000 00 10 5 0 02 9 0 0 0 00 0 0 0 0 0 0 000 00 00 0 8 24 00 00 000003 000 0020 000
100 100 0 0 10 0 0 00 00 0 0 00 000 02.4 10 00.0 00 4 0.2 00 00.5 00 3 0 0000 02 0.5 10 2.00 00.2 09.0 000.3 0.00 100.5 00.0 0.00 0 0 00 98 00.020
0
 0.0 00.0 00.0 00.0 00.0 000.0 020 0.00 00.0 000.0 0.00 005.00
00.0 02.0 00.0 002.0 000 0.04 03.0 002.0 0.03 000.90
0 0 0 4 0003 00 00 0 0 00 0 0 0 1 00 9 0 0 0 0 1 902 10 00 0 0 20 00 00 090000 100 0003 000
003 000 5 9 00 0 0 10 09 0 1 00 080 02.0 05 20.0 00 0 0.2 10 00.0 00 0 0 0080 00 4.0 00 0.00 00.0 00.2 103.0 1.00 030.0 00.0 0.00 0 0 00 08 00.020
 0.0 00.0
0 0 0 0 0100 00 00 0 5 00 0 0 0 0 00 9 0 0 0 0 0 002 00 00 0 8 04 10 03 000003 000 0020 000
020 000 5 0 10 8 0 02 00 0 1 80 080 00.0 00 00.0 00 0 0.0 10 00.0 02 0 0 0009 12 4.5 12 0.00 00.0 80.0 003.0 0.00 002.5 00.0 0.20 3 0 10 00 00.020
0
 0.5 80.0 00.2 02.0 00.3 020.0 004 5.00 00.0 530.0 0.00 000.00
00.0 00.0 04.0 000.0 000 0.00 00.2 000.0 0.00 025.98
