1 2 3 4 7103 49 02 5 0 03 0 0 0 7 68 9 2 1 0 0 0 910 02 85 9 4 08 12 03 501020 920 8023 606
900 928 5 0 05 8 2 10 80 0 7 02 097 12.8 65 23.4 02 4 0.0 14 12.8 12 3 5 1289 12 4.0 12 2.05 80.6 97.2 966.8 6.30 136.5 05.2 5.01 0 5 42 96 02.82 0.0 80.2 
0 2 3 6 6329 68 37 0 9 02 0 2 3 1 28 2 2 3 0 0 1 908 92 46 9 4 00 10 00 090066 326 0123 552
120 120 8 9 86 8 2 12 09 1 0 82 987 16.1 45 20.4 10 8 9.8 04 10.5 19 3 0 1289 92 2.0 00 2.40 00.2 89.7 160.3 0.36 072.5 87.0 3.20 3 5 77 90 08.062
 5.5 80.0 48.5 13.0 40.9 300.5 089 5.34 53.0 530.3 1.53 120.08 
48.0 62.0 04.0 167.5 804 5.52 50.0 505.7 0.53 100.98
1 6 3 4 9120 05 00 0 0 18 9 2 9 0 26 0 6 1 8 5 1 912 12 45 9 8 04 19 20 803729 164 8196 550
170 063 5 0 09 8 4 90 88 8 9 09 607 30.4 15 23.7 90 0 0.2 10 06.5 10 3 5 0289 14 4.4 90 2.00 07.7 84.2 107.3 1.38 635.5 00.2 5.22 3 5 08 98 12.027
 0.5 49.2 
3 2 3 5 6003 75 12 0 5 92 0 0 0 1 23 9 0 9 8 4 1 072 42 67 9 8 07 10 00 853290 124 8103 356
020 025 6 9 16 8 7 18 88 4 1 62 707 62.4 15 20.2 30 0 9.3 12 15.0 12 0 5 1909 10 7.5 22 0.00 87.2 80.2 123.3 0.35 102.0 87.7 4.21 4 0 12 92 72.420
3
 8.5 88.9 60.2 12.0 04.3 328.2 504 0.00 03.2 136.3 5.50 105.98 
03.2 12.4 60.3 120.5 125 5.34 55.0 099.7 2.23 120.08
1 0 0 6 6123 89 12 0 0 04 9 0 0 0 20 9 2 1 4 5 3 012 12 05 7 9 04 12 00 091260 184 6080 556
763 060 4 7 10 8 0 52 76 0 0 09 907 80.3 03 23.6 19 0 9.2 80 92.0 12 3 4 0989 12 9.8 54 2.60 00.2 80.2 105.3 7.00 130.4 27.0 5.01 0 5 10 60 02.903
 8.5 80.0 
0 0 0 7 0123 05 12 5 5 18 4 5 0 1 90 6 5 1 0 9 8 000 00 00 9 8 00 20 03 899263 690 0186 056
023 623 5 0 12 8 2 16 88 5 6 86 987 19.4 65 20.9 62 3 9.0 84 12.5 02 5 5 1250 09 4.6 62 7.00 00.2 79.0 129.3 0.39 732.9 87.0 5.23 3 5 12 00 12.622
0
 8.5 00.4 60.0 12.5 50.3 026.9 770 5.64 53.2 630.3 8.50 025.98 
97.7 98.5 50.0 022.8 004 5.34 03.2 560.3 0.50 165.98
9 0 4 4 8040 05 90 0 3 02 9 2 0 0 28 4 2 0 4 5 1 902 12 95 9 9 20 40 03 088023 109 8123 508
123 405 5 9 11 0 2 92 84 7 1 02 987 82.2 18 20.7 48 3 9.2 74 12.5 92 3 5 1289 12 4.1 40 0.55 60.2 09.2 023.7 0.35 102.7 00.9 0.21 3 9 12 98 12.972
 8.5 80.2 
0 0 3 4 5121 05 12 6 5 80 0 2 6 7 06 5 2 8 4 0 7 052 12 45 8 8 70 00 00 735893 105 8126 014
170 100 0 8 02 8 2 60 29 0 7 10 909 12.1 15 23.4 10 4 0.2 14 96.5 12 6 5 1089 00 9.5 11 0.55 87.8 29.2 173.9 4.05 032.5 87.2 5.40 0 6 92 96 34.970
2
 8.8 80.9 98.2 10.5 04.0 107.5 103 8.30 53.2 542.3 1.00 105.14 
80.9 02.5 54.3 120.5 624 6.34 00.9 497.3 8.50 023.90
1 0 3 4 5123 43 18 5 5 10 9 0 0 0 28 9 2 1 4 5 1 582 66 42 0 8 74 40 06 895320 970 8123 259
411 020 5 9 12 7 9 18 96 0 1 02 987 02.4 10 00.4 85 4 2.2 14 42.8 02 6 5 1202 39 9.3 12 2.45 97.2 89.0 188.3 0.39 839.9 87.7 2.21 3 5 12 98 12.470
 8.5 89.0 
2 3 6 7 5021 46 12 0 0 12 9 2 4 9 28 9 2 0 0 0 0 220 62 85 9 8 24 92 01 897270 824 8826 456
003 993 5 0 25 8 0 68 70 3 0 88 687 07.0 50 20.9 80 4 9.2 14 10.0 01 7 0 1200 16 0.6 02 2.05 80.2 00.2 523.6 1.34 132.8 87.2 6.69 3 0 02 08 10.000
2
 8.4 89.0 98.0 14.5 24.3 070.0 104 5.34 53.2 632.8 1.70 127.48 
98.2 10.5 50.3 022.9 000 0.70 90.2 385.3 1.53 094.98
1 5 0 4 5003 90 00 5 0 02 8 7 8 8 29 9 9 0 8 0 0 612 18 40 8 7 04 02 06 051420 124 8123 556
003 926 0 0 42 7 0 12 07 7 8 82 906 10.4 50 21.4 06 4 4.2 14 19.0 12 0 5 9009 70 4.5 02 8.05 88.7 76.2 020.0 7.35 132.0 77.2 5.21 3 0 92 90 02.022
 8.3 89.3 
6 0 9 4 5723 00 12 5 0 12 9 0 0 1 08 6 2 4 0 5 4 012 32 40 0 9 04 04 20 090900 154 8103 050
120 801 9 7 42 8 2 80 80 3 1 92 887 12.9 59 20.4 17 0 9.2 04 92.0 02 7 9 1220 12 4.4 12 2.40 07.2 80.2 091.0 1.35 337.0 87.0 9.01 8 8 12 90 92.070
0
 9.5 09.2 58.2 07.7 84.0 602.5 135 5.94 30.2 800.0 6.59 120.76 
08.0 02.5 54.5 124.0 789 6.84 50.1 830.0 1.53 020.90
1 7 3 4 9503 90 12 8 8 10 9 0 0 1 08 8 8 3 0 9 9 009 12 05 5 0 84 72 03 001223 108 8085 000
003 093 0 9 52 8 2 10 89 5 1 80 977 61.6 05 60.4 13 5 9.2 18 10.6 02 9 9 0289 12 4.5 32 2.45 83.6 80.0 300.0 6.05 187.5 97.6 0.51 3 5 12 97 10.002
 9.9 87.0 
1 9 0 2 5105 03 12 5 0 02 9 0 6 1 24 9 2 4 0 8 1 492 10 36 4 8 00 00 23 096798 124 8024 066
125 123 0 0 12 0 2 00 80 0 1 85 007 12.7 55 23.5 20 4 0.2 00 19.5 00 0 0 1009 12 0.5 12 3.00 70.8 80.0 192.3 1.08 007.5 07.0 5.20 3 0 02 96 02.022
0
 7.5 67.3 08.0 00.5 84.9 862.5 400 8.00 59.2 609.9 7.04 187.98 
93.5 02.0 04.3 102.6 024 0.34 55.5 530.3 0.83 958.48
9 2 3 4 3120 75 82 0 5 02 0 2 0 1 69 0 1 1 4 3 1 053 12 98 9 0 24 10 84 801883 544 0793 855
920 083 0 0 12 8 2 72 09 0 1 80 901 09.4 00 43.0 10 4 9.2 10 12.3 12 7 5 0789 02 4.5 52 9.95 57.2 79.3 020.7 5.55 099.9 80.2 2.20 0 5 02 00 10.902
 8.4 09.5 
1 2 3 4 5177 07 12 5 5 96 9 0 0 4 28 0 0 8 4 5 1 512 92 00 2 7 03 60 86 871083 025 0173 580
000 820 0 9 00 8 2 18 77 5 1 80 087 12.4 15 03.4 00 0 9.8 00 17.4 00 3 5 4246 42 4.0 12 0.48 07.2 20.2 829.3 7.30 308.0 37.2 5.33 0 0 82 90 10.928
6
 8.5 80.2 08.2 10.5 54.0 171.0 608 5.30 53.9 032.9 9.53 120.98 
91.2 15.0 54.3 122.0 080 5.00 52.5 837.9 1.53 520.22
8 2 3 0 7987 75 53 5 5 12 9 4 0 7 07 0 0 1 4 0 0 912 02 75 9 8 00 02 20 897273 025 9295 502
107 120 5 9 19 0 2 12 59 0 0 81 087 12.5 15 53.4 19 4 9.2 14 80.9 12 3 6 9240 12 6.5 69 6.35 80.2 87.2 920.0 4.37 032.5 83.7 5.41 6 5 12 88 17.922
 4.0 09.0 
9 6 3 4 0526 67 12 7 5 90 9 5 3 1 58 9 7 0 4 0 1 902 18 40 9 0 94 80 23 861225 920 5007 056
107 120 5 4 12 8 2 12 80 0 0 39 084 02.7 85 23.4 02 4 0.0 95 62.5 92 3 0 0201 10 0.5 02 2.45 07.2 90.6 010.0 1.39 192.5 87.8 4.01 3 5 98 08 10.676
9
 8.5 08.0 02.0 02.0 54.0 722.0 420 5.30 08.0 502.3 8.43 108.50 
95.0 02.8 54.0 120.4 024 5.34 52.8 562.3 2.07 525.07
0 2 3 0 4103 48 18 0 5 18 7 0 9 1 20 0 2 1 4 9 8 612 12 05 0 8 24 02 29 891023 024 0023 550
123 107 2 9 02 0 2 12 80 9 0 60 957 92.8 15 28.8 98 5 9.2 04 06.0 10 0 7 1909 12 2.5 19 0.48 88.2 89.2 729.3 7.35 134.0 50.2 5.01 9 5 20 38 18.052
 8.0 29.0 
7 2 3 4 5728 05 00 0 5 16 7 0 0 5 28 3 9 1 4 5 6 552 12 00 0 8 24 80 53 998063 624 8026 556
143 740 0 7 82 8 0 32 83 1 9 88 087 12.0 15 80.4 02 4 9.4 69 18.5 42 0 7 1080 19 6.5 12 2.00 87.0 00.2 105.0 1.60 138.5 97.3 5.21 3 5 12 08 10.623
2
 0.8 00.2 96.0 02.0 60.0 920.5 690 2.04 07.0 532.0 1.53 697.90 
95.2 02.0 03.0 062.5 528 3.24 55.7 536.3 1.52 125.00
1 2 3 8 5125 44 15 5 5 12 9 9 3 9 08 9 9 0 8 8 5 002 12 87 9 8 24 00 21 837723 044 6120 560
123 020 8 0 12 8 2 18 89 5 8 60 687 00.4 15 06.2 12 0 6.4 09 02.6 82 9 0 0089 02 0.5 19 2.40 84.0 09.2 129.3 9.35 938.0 89.0 7.90 8 0 12 08 18.028
 8.7 80.0 
1 9 3 4 5133 00 60 0 0 02 9 2 4 0 21 5 2 8 4 9 1 918 72 05 7 8 26 30 28 091200 984 0105 650
020 823 3 9 82 0 0 12 80 4 5 91 907 14.1 00 20.3 84 0 0.2 14 19.2 00 3 5 1089 92 4.5 52 0.05 86.8 89.2 924.0 1.38 532.5 07.2 0.00 3 7 12 80 12.005
0
 8.0 00.2 99.2 93.8 08.0 160.9 184 5.74 33.2 532.3 1.53 105.90 
98.5 12.5 94.3 892.0 004 7.00 53.2 539.0 1.54 090.90
0 2 3 9 1800 46 08 0 5 12 0 2 3 1 20 9 0 1 0 1 2 374 62 45 3 7 24 42 20 800200 124 0100 579
020 700 0 8 12 8 0 00 79 4 2 82 370 89.4 00 40.4 18 0 9.5 74 12.3 72 4 5 1380 00 4.6 90 2.40 00.2 89.2 102.3 0.33 032.5 08.2 5.28 3 5 42 08 12.602
 0.5 80.0 
0 5 0 6 0024 49 06 0 5 02 0 0 0 1 00 9 2 1 0 5 0 718 57 45 9 0 29 60 20 901993 124 7199 006
146 003 0 0 16 9 2 52 09 9 1 87 097 16.9 15 23.0 33 0 9.7 85 81.0 06 3 9 1006 12 2.5 09 2.40 27.7 79.0 828.3 1.35 109.8 47.2 0.27 3 5 00 68 70.022
0
 0.8 89.7 98.2 79.5 51.2 022.8 104 5.50 93.0 480.4 1.73 175.60 
08.2 00.9 35.3 782.5 105 6.34 63.2 057.3 4.60 325.07
0 2 3 4 0722 70 12 5 8 02 9 0 1 0 90 0 2 0 4 2 1 039 00 45 9 0 00 03 93 090020 326 8043 090
749 429 2 9 40 8 9 10 00 7 1 08 007 02.4 05 23.4 10 4 9.0 11 72.9 98 3 7 1280 12 4.9 12 6.40 07.0 08.2 203.4 0.28 952.7 97.9 0.11 3 5 42 00 02.707
 0.5 30.2 
1 2 3 3 5003 00 70 5 0 10 9 9 7 4 00 9 2 0 0 0 1 812 12 48 0 8 27 10 29 196923 324 7000 055
003 623 5 0 17 8 2 12 89 8 0 81 980 02.8 55 00.0 10 4 0.7 64 00.5 12 3 0 0709 13 0.6 19 4.45 89.0 09.2 913.3 1.15 132.6 59.2 0.21 0 0 12 98 99.028
2
 0.5 09.2 58.2 12.7 67.3 121.0 020 5.40 53.7 732.0 4.50 829.90 
99.4 00.5 58.5 002.0 129 5.84 50.2 030.7 8.83 025.98
0 0 9 6 0123 45 80 5 3 02 7 2 5 6 29 2 2 9 3 5 0 712 08 05 9 0 26 00 26 509200 120 8123 478
120 410 0 9 90 0 9 10 89 1 1 02 907 10.4 14 20.4 02 0 8.2 24 11.8 12 3 0 1080 13 0.9 02 0.45 87.0 80.0 604.3 9.00 169.5 67.2 0.91 3 0 10 08 00.020
 8.0 89.2 
1 2 3 0 0978 95 10 9 5 04 9 0 0 1 08 9 0 1 4 7 9 917 02 50 9 8 20 50 03 611080 124 8143 856
023 002 5 0 12 9 2 62 97 6 1 82 087 64.0 60 94.0 36 8 9.6 80 10.5 12 3 5 1089 00 9.8 12 0.00 48.2 99.2 683.3 1.03 008.5 07.0 5.23 7 5 12 08 92.087
2
 8.5 59.2 90.8 09.5 54.8 126.0 044 6.53 50.5 000.9 1.53 069.00 
98.7 90.5 04.9 022.7 124 9.64 00.0 530.3 1.53 105.97
9 8 2 9 5004 00 02 5 5 17 0 0 0 4 28 0 2 8 0 8 6 505 72 05 0 0 97 30 23 871203 125 8856 552
137 130 8 0 12 8 2 70 99 8 1 86 987 62.4 85 93.4 12 4 9.2 14 15.5 90 0 5 0056 12 0.7 78 0.95 87.2 80.2 193.7 9.35 166.0 07.2 5.20 3 9 12 90 16.420
2
 5.5 60.2 78.8 80.5 54.8 122.8 107 5.34 43.1 830.0 5.59 100.96
98.7 00.5 54.3 102.0 124 0.04 63.5 505.3 1.03 081.90
0 7 3 3 5600 00 09 5 5 72 8 2 7 1 20 7 2 0 9 0 5 919 12 45 4 8 00 82 28 801330 108 7023 008
100 160 5 0 15 0 6 10 99 0 0 02 987 05.4 15 03.0 42 4 4.4 10 19.5 12 3 5 1280 17 0.5 42 2.00 00.2 80.2 128.3 1.35 032.7 80.2 8.91 0 9 78 08 12.079
 8.7 04.2
0 0 9 9 5000 45 10 5 0 10 6 2 7 1 28 0 2 0 4 5 0 087 16 00 9 8 04 12 80 591220 060 0023 986
058 245 0 5 02 0 0 77 09 4 1 00 007 29.4 15 23.4 02 4 9.5 14 12.8 04 3 5 1258 06 8.5 12 7.45 87.2 09.0 805.3 1.37 637.7 80.2 7.21 3 0 12 08 12.028
0
 0.0 80.9 98.0 02.5 04.3 622.5 020 5.08 53.0 533.5 0.56 090.08
90.6 85.7 59.8 120.5 026 5.34 89.0 030.9 0.53 905.58
1 2 3 4 5123 40 02 0 0 60 0 2 6 4 20 4 2 1 4 5 0 902 52 05 8 0 06 16 23 371266 124 9303 556
098 056 5 9 72 8 9 02 84 4 1 70 007 12.4 48 00.4 10 4 9.2 24 42.2 00 5 5 1300 20 4.3 02 0.00 80.2 95.3 603.8 1.80 002.0 87.0 6.01 3 3 61 98 10.320
 8.2 20.7
0 2 3 4 0685 45 02 5 3 00 0 8 8 7 20 9 2 7 0 5 0 110 02 40 0 4 00 57 53 841990 204 8023 550
150 123 5 9 92 0 2 12 09 0 0 68 090 12.6 12 03.4 92 4 9.2 34 15.5 18 0 5 1070 96 4.5 12 0.60 87.2 97.2 103.0 1.75 007.5 88.2 5.01 3 5 02 90 19.008
0
 0.0 06.7 09.9 90.7 54.8 178.5 101 5.34 03.2 530.0 7.03 270.88
80.2 24.7 54.1 720.0 104 5.94 53.9 502.7 1.53 175.60
0 2 0 0 6893 60 04 7 0 03 7 2 0 4 69 0 0 8 0 5 1 412 44 95 7 8 84 82 90 005209 844 8100 086
020 123 0 6 10 8 2 02 80 9 0 30 938 00.0 98 01.4 70 8 0.2 04 12.4 12 4 5 9209 12 4.0 10 0.45 27.2 09.5 022.9 1.30 000.0 83.8 5.70 3 9 00 98 02.122
 0.5 89.2
4 2 3 4 5123 40 18 5 9 12 0 6 7 0 20 7 2 1 4 9 1 912 19 15 9 7 70 12 20 871923 126 6793 096
053 903 6 9 12 4 2 13 29 0 0 89 987 60.4 05 00.4 00 4 8.0 04 96.8 00 3 5 1280 00 0.5 08 0.78 27.2 09.1 640.3 1.35 632.5 87.2 5.25 0 0 02 96 92.600
2
 8.5 89.1 98.2 12.5 57.3 029.9 074 6.04 53.9 992.7 1.53 000.93
90.2 12.5 54.3 120.5 180 0.34 53.2 730.3 1.53 625.80
1 0 3 9 5020 05 15 9 7 12 7 7 0 1 28 4 2 0 4 5 1 012 12 90 9 9 24 08 23 800023 120 8120 826
724 027 7 9 06 8 2 02 84 0 1 62 000 12.7 55 05.4 89 0 0.5 14 00.5 10 3 5 7298 19 4.5 07 2.40 57.6 49.1 127.0 1.35 002.0 87.8 2.21 3 5 97 90 12.010
 8.5 00.2
9 8 0 0 5783 75 02 5 5 65 9 0 0 1 05 9 2 0 8 5 1 860 12 45 9 8 24 05 02 001243 120 3103 657
808 492 5 9 15 0 2 02 08 3 1 85 907 11.0 18 28.8 07 4 0.0 15 10.5 80 3 0 9390 02 8.2 10 0.45 87.2 83.0 129.8 4.90 136.5 71.0 5.20 3 5 02 98 12.020
2
 8.5 88.9 08.5 10.7 30.0 002.5 504 6.30 03.2 560.1 1.33 995.98
98.2 00.5 54.3 102.5 100 8.04 70.2 536.0 3.53 124.58
0 2 0 8 0100 05 02 0 5 10 9 2 0 0 78 7 2 9 4 5 1 010 22 45 9 0 24 60 83 881222 004 7020 506
123 003 5 9 96 0 2 10 59 0 5 02 387 68.4 15 20.9 12 4 4.0 14 50.5 88 8 0 1254 01 2.5 12 0.45 80.2 89.6 190.9 8.35 132.0 00.2 0.99 0 5 12 00 40.002
2
 8.5 69.2 08.2 00.0 70.3 796.7 000 5.33 03.8 630.3 0.93 195.90
00.2 10.5 54.3 084.7 024 5.03 50.5 025.3 1.93 125.38
1 2 4 0 2023 45 32 9 0 12 5 1 3 0 28 9 2 0 3 0 5 092 92 50 0 0 24 80 04 890203 700 0923 550
193 023 8 9 12 0 0 12 89 3 1 02 947 82.0 15 20.0 90 4 3.2 14 82.0 82 3 5 1286 00 8.6 12 7.60 87.2 89.2 727.5 1.66 132.6 62.0 9.20 3 5 12 08 10.006
 8.0 89.2
7 7 0 0 5123 49 95 5 5 10 9 7 0 0 29 9 2 0 4 5 5 912 68 45 9 8 50 40 08 891070 124 8780 056
823 020 5 9 05 9 2 02 56 2 1 06 980 67.5 15 03.1 17 9 9.2 99 00.5 02 3 0 0089 12 4.9 10 2.40 87.2 89.2 123.3 1.11 900.8 80.2 2.26 9 5 02 68 12.730
2
 0.5 89.0 93.0 12.7 14.3 007.4 120 5.30 51.0 536.9 0.50 127.00
70.4 00.7 54.8 540.5 109 0.24 47.2 302.3 1.00 105.98
9 6 7 1 5123 05 18 5 5 00 8 1 2 1 20 0 2 0 1 4 4 610 52 05 0 8 20 12 20 899223 620 8503 866
123 123 5 9 19 8 6 19 89 0 0 50 407 62.0 05 23.4 02 4 0.2 42 12.5 12 8 9 1201 02 4.5 10 5.00 87.2 89.2 120.3 0.75 139.9 85.0 5.20 5 3 10 90 00.060
 8.5 04.3
1 7 3 4 5143 15 14 5 5 14 0 2 0 9 28 7 0 1 4 5 6 912 00 47 5 7 24 12 25 205223 004 8093 500
088 127 5 0 02 7 0 12 09 0 1 87 020 11.4 05 20.3 72 4 0.2 64 19.9 10 0 0 6289 12 0.5 00 4.62 90.2 89.3 026.3 1.08 130.5 17.2 0.91 3 6 12 98 12.424
0
 0.5 80.2 97.2 92.0 94.3 702.5 134 9.88 53.3 538.3 5.53 165.90
99.4 12.5 04.3 128.5 734 0.04 50.0 502.3 7.53 329.08
1 0 3 9 5607 45 22 0 0 12 9 6 9 9 20 0 0 8 4 0 2 912 16 35 9 8 27 10 23 091726 054 0123 576
103 320 0 9 16 7 2 15 05 7 0 81 046 92.4 05 70.0 12 0 9.2 14 12.0 12 3 5 6080 12 4.5 00 0.96 70.0 89.2 127.3 0.05 862.5 86.3 5.26 3 5 10 48 72.402
 8.5 02.9
6 2 3 4 0173 05 02 5 7 02 0 2 1 0 28 0 2 1 4 5 0 892 52 83 9 8 04 40 95 091208 034 6120 096
027 425 9 9 09 8 5 00 90 0 1 88 997 10.0 05 23.8 19 9 9.0 14 12.5 02 0 5 1030 62 0.5 11 7.05 46.7 88.7 160.9 3.07 102.0 90.2 5.25 3 0 00 98 90.222
2
 6.0 39.6 90.2 80.0 58.6 109.5 090 0.37 00.2 500.3 1.03 129.78
03.0 12.5 09.9 122.5 000 5.30 53.2 122.3 9.53 105.90
1 0 3 4 1720 40 00 5 5 10 9 6 0 0 98 0 0 1 4 5 0 502 12 05 3 0 64 00 20 891237 844 8843 072
580 123 5 4 70 0 2 90 16 0 1 22 007 00.0 08 24.5 92 4 0.0 09 50.5 02 3 5 6088 12 3.5 07 3.95 80.2 07.2 123.3 1.65 132.6 00.0 8.26 5 5 10 98 12.500
 0.5 89.2
9 0 0 8 0123 95 02 2 5 07 9 4 8 1 38 0 0 7 9 8 0 070 02 75 9 0 04 02 98 850720 898 8109 550
163 163 5 0 13 9 2 10 79 0 1 80 900 82.0 10 23.4 12 0 9.5 10 50.5 52 3 5 1200 80 8.9 02 0.40 97.2 84.2 021.3 1.35 130.5 87.2 2.01 9 0 07 93 02.476
2
 8.5 89.8 98.2 32.5 50.0 060.0 884 0.38 53.0 902.3 0.81 125.06
98.3 30.6 54.3 522.5 924 5.92 53.2 509.3 1.03 185.990 2 0 4 5123 45 02 5 7 12 0 3 9 1 20 9 2 3 4 5 0 950 42 30 0 2 20 06 22 801263 024 8000 556
594 123 5 0 20 0 0 90 85 0 1 08 807 31.4 10 20.4 88 6 6.2 17 12.5 10 3 4 0889 10 8.2 02 2.45 87.2 89.0 110.9 9.35 102.2 87.0 5.91 3 0 02 98 12.800
9
 8.5 79.2 08.0 15.0 50.9 066.5 124 5.34 53.2 507.3 1.03 505.97
08.7 13.5 56.3 902.0 020 5.24 08.3 524.0 0.53 470.98
0 0 9 6 5023 45 65 9 5 72 1 5 0 8 90 9 0 7 4 8 7 912 10 40 9 9 34 02 00 791973 124 4180 340
103 136 0 9 02 8 0 16 09 7 8 02 908 92.8 45 33.8 84 0 0.0 70 02.9 02 8 9 5089 14 8.6 00 2.40 88.2 09.2 129.0 1.35 830.5 03.2 5.21 3 0 12 58 49.022
 8.5 26.0
0 0 7 0 5130 46 12 3 0 00 9 2 0 8 28 9 8 0 6 5 0 708 12 45 0 0 04 17 23 861026 700 8024 700
103 120 8 9 09 8 0 10 59 0 8 65 997 10.4 30 03.8 70 0 9.0 05 16.5 19 7 5 1687 14 4.5 96 6.48 00.2 86.2 529.8 0.95 102.0 80.0 6.21 3 5 17 08 10.152
2
 8.2 39.2 30.0 19.0 50.6 087.5 814 9.00 50.0 630.3 1.90 617.03
98.0 47.5 60.9 528.5 004 5.84 00.2 530.3 1.00 045.50
7 8 0 0 5103 05 12 8 3 22 9 3 0 1 00 8 8 1 0 5 5 002 12 40 5 1 34 12 20 891223 104 0188 056
623 170 0 0 02 0 0 88 09 6 8 02 076 00.6 10 23.8 17 4 0.9 14 72.5 12 3 9 8600 15 0.5 11 2.45 00.2 09.2 180.3 8.30 902.6 70.2 4.20 0 0 50 98 77.022
 8.5 80.4
1 0 8 0 0108 75 12 5 0 12 0 1 3 1 28 0 2 8 4 8 9 810 59 09 9 0 00 12 64 589993 588 8023 577
390 103 9 0 52 0 0 15 89 0 0 82 983 50.5 16 04.6 00 9 0.0 93 02.5 16 3 1 1779 72 4.5 34 2.46 87.2 89.2 420.0 1.95 116.0 07.8 5.02 3 5 02 07 74.022
8
 0.8 80.2 98.8 64.5 91.0 482.5 026 5.94 63.2 090.3 7.03 120.98
08.0 12.7 50.3 002.0 054 4.54 63.1 932.3 1.91 148.28
8 2 3 4 5123 50 10 0 9 02 9 2 3 8 20 9 2 1 5 7 1 902 12 45 2 8 20 02 13 801643 009 0826 028
153 528 2 9 12 8 6 40 00 0 1 82 087 12.4 14 20.8 12 4 9.2 64 12.7 30 3 0 9829 10 8.7 02 2.40 87.8 88.2 103.3 0.09 608.4 87.2 5.20 3 0 18 70 12.050
 8.2 80.0
0 2 2 4 5003 44 16 6 0 52 9 8 0 0 27 9 8 9 8 6 3 902 79 40 9 6 20 10 39 890320 107 8093 586
029 703 0 9 10 0 2 12 86 5 1 82 087 82.8 05 23.4 12 3 9.9 10 02.5 01 0 6 5069 88 7.5 10 6.45 77.6 00.2 103.3 1.35 030.7 87.0 0.21 8 5 17 08 10.907
2
 8.5 99.2 90.0 72.4 50.7 029.5 150 0.64 80.3 080.0 1.03 029.98
90.2 12.4 00.7 122.5 063 5.00 03.2 702.3 0.83 125.76
9 2 3 0 5920 46 12 5 2 12 9 2 9 9 07 9 2 0 9 5 0 617 10 00 9 6 24 12 70 051255 124 8068 506
108 183 8 9 17 0 9 02 87 4 1 30 987 10.4 05 06.0 12 4 6.2 68 00.5 61 3 5 1089 14 5.0 02 0.46 07.2 89.2 123.7 1.05 602.0 87.2 5.21 0 5 10 08 17.022
 0.5 80.0
0 0 3 4 8850 45 02 5 8 12 5 2 0 1 84 7 2 6 4 5 2 010 02 00 9 0 00 00 73 881093 924 8220 036
103 120 5 9 04 8 2 69 09 0 0 86 887 18.4 05 21.8 75 4 9.2 04 62.0 37 3 8 9080 99 0.9 02 2.60 90.9 89.0 123.3 6.35 130.1 82.0 5.21 4 5 10 98 10.992
2
 0.5 18.0 90.2 82.0 09.8 122.5 020 9.33 50.9 532.3 4.53 120.98
98.0 08.5 02.3 820.5 329 5.94 53.9 069.0 2.53 925.491 2 3 4 8043 48 18 9 2 02 9 2 5 1 08 0 0 0 6 5 1 918 12 45 0 4 24 02 27 090220 000 6103 599
020 108 5 0 92 9 0 02 84 0 7 82 085 81.4 00 85.4 16 4 0.2 14 12.5 04 3 8 0009 02 4.8 32 2.45 40.0 69.4 120.8 1.38 933.7 87.0 5.51 9 7 60 08 42.096
0
 0.5 59.0 68.0 02.7 58.0 122.3 104 5.90 50.2 032.3 1.00 160.66
90.6 72.0 20.9 862.8 020 0.70 53.2 532.3 1.50 105.40
1 2 3 0 0144 40 19 5 5 42 0 2 0 1 26 9 0 1 4 0 1 910 10 60 9 0 20 02 06 870093 122 0725 556
703 000 5 0 12 6 2 10 69 9 1 06 009 02.4 15 28.4 52 0 9.2 04 42.5 02 3 0 0089 09 4.5 02 2.45 97.2 80.0 023.0 0.85 134.0 98.9 0.20 0 5 40 98 88.500
 0.5 89.2
8 2 9 4 9138 45 02 5 0 02 9 7 7 1 28 0 2 9 4 5 1 010 10 07 9 8 00 16 23 700600 524 0153 500
007 198 7 5 12 8 0 90 80 0 1 83 904 18.4 04 20.4 82 0 0.2 54 92.5 10 0 5 1088 62 4.6 00 0.40 07.0 59.2 116.3 1.08 732.0 79.6 0.21 7 5 10 96 12.062
2
 0.2 20.2 08.0 12.6 07.3 126.5 124 5.64 43.6 332.3 0.09 880.98
98.0 70.4 04.3 000.5 024 5.36 53.7 003.3 0.50 099.98
9 2 0 9 5893 45 10 0 5 10 0 9 9 6 08 9 5 0 8 7 1 910 12 40 9 8 24 98 26 891204 129 0023 000
373 023 5 9 92 8 2 92 89 8 2 82 043 10.9 57 24.4 16 8 0.2 10 12.0 92 6 5 0000 02 0.6 92 6.75 27.2 89.2 173.3 0.34 842.5 00.2 5.00 0 5 22 25 16.640
 8.3 29.2
1 2 0 4 0103 40 90 3 9 16 7 0 7 0 24 9 0 5 6 1 8 900 12 75 7 8 20 12 00 801820 100 0823 090
104 103 7 7 12 8 1 12 69 0 1 82 987 12.4 85 03.2 02 0 7.5 84 62.5 10 0 5 1090 12 4.9 12 0.09 07.1 00.2 124.9 1.08 606.5 80.5 5.20 0 0 12 97 72.922
3
 8.5 89.2 98.2 12.6 90.9 122.0 600 5.35 50.0 535.3 1.50 727.98
00.7 19.9 04.3 928.0 100 5.84 53.2 509.3 9.00 235.79
0 2 5 0 0003 00 10 9 5 12 9 6 0 1 28 9 2 1 4 0 9 912 40 40 9 8 06 87 03 091220 074 0123 500
123 723 0 9 02 0 3 29 82 8 1 80 909 02.4 10 29.4 10 4 9.0 14 00.2 12 0 3 1809 12 8.0 10 2.65 82.0 59.0 063.8 1.05 159.5 65.0 5.11 0 5 00 85 67.020
 2.5 30.2
1 5 5 4 0020 03 46 6 9 02 0 9 9 1 76 9 0 1 0 0 1 912 12 45 0 8 58 08 23 830223 028 0103 906
123 123 0 0 22 0 4 12 00 6 7 62 905 10.5 75 98.0 00 0 0.0 14 10.0 13 0 0 6289 02 9.0 10 2.27 07.5 89.2 039.0 0.01 035.5 80.5 5.80 3 5 10 68 46.622
9
 8.0 80.5 91.2 12.0 65.3 622.5 027 5.04 03.2 590.3 0.53 020.08
97.2 52.8 94.0 022.5 000 0.34 70.2 630.4 5.83 125.99
0 6 3 6 5024 85 99 7 5 16 9 2 8 0 78 8 3 1 0 1 1 912 02 20 0 8 24 17 04 891600 124 8060 636
000 008 5 0 12 8 5 00 08 9 1 92 587 09.8 85 23.4 17 0 9.2 84 62.5 30 3 5 1200 02 4.5 02 1.02 87.0 09.4 026.0 6.95 032.9 80.2 3.07 3 5 15 95 10.929
 9.3 89.6
8 9 3 4 5729 40 10 5 8 12 9 2 0 1 27 9 2 1 4 6 1 960 16 45 2 8 50 80 33 866042 920 0158 500
180 174 5 3 12 7 8 19 51 0 7 00 980 70.4 15 53.5 10 0 5.2 94 14.5 72 3 0 1781 02 0.4 10 2.07 97.2 79.2 128.0 0.00 030.8 47.0 5.21 3 5 12 90 60.029
6
 0.6 05.5 98.2 10.0 98.6 140.5 928 5.04 53.2 532.6 1.20 105.95
94.2 14.6 54.7 029.7 524 5.00 90.2 502.3 1.03 005.90
7 0 0 4 0190 45 52 5 5 10 0 2 0 0 40 9 0 1 3 5 1 712 00 45 5 8 20 65 63 891210 024 8123 502
103 575 0 9 09 7 2 02 80 4 9 80 959 10.4 55 40.9 76 0 9.2 14 13.7 12 2 5 0288 12 0.5 10 0.38 59.0 00.2 093.6 0.37 109.0 87.0 5.21 3 5 12 58 12.827
2
 0.0 09.2 58.2 02.7 06.3 109.0 400 0.39 93.6 030.0 1.43 164.98
90.9 12.0 52.3 120.5 960 5.04 53.2 530.3 1.50 009.98
1 1 5 0 0129 53 10 9 5 10 9 6 1 1 08 9 0 8 4 5 1 072 14 48 9 8 26 06 57 880729 325 6907 559
053 193 5 0 07 6 0 12 78 9 0 00 987 19.0 15 40.0 10 3 9.2 74 12.5 12 3 6 7880 82 0.5 49 2.40 38.2 00.2 993.3 0.04 030.0 80.2 5.91 0 8 12 09 82.809
 8.7 89.2
0 0 3 4 5923 55 06 0 5 82 0 7 0 5 60 7 6 8 9 7 0 003 82 47 2 8 09 10 23 891723 924 0123 256
570 020 5 9 76 8 0 12 89 0 8 32 932 82.4 15 43.4 60 4 4.2 00 06.0 12 0 5 0009 62 4.9 10 8.85 03.2 00.9 100.3 7.30 052.5 87.2 0.01 2 0 40 96 14.000
0
 0.5 89.2 78.2 12.1 04.7 025.5 104 5.09 53.2 508.0 1.53 002.98
85.2 12.0 54.0 222.6 024 4.30 53.0 632.8 0.83 179.90
7 6 0 0 5003 79 12 6 5 02 0 8 8 1 00 8 2 0 4 0 0 702 02 40 9 0 27 12 06 091010 720 6120 500
109 030 5 9 00 8 2 12 40 0 1 84 987 17.4 17 23.0 72 0 2.5 10 02.8 80 3 8 8204 02 7.0 12 6.40 67.5 29.2 133.3 4.05 158.5 87.7 0.71 2 2 10 90 00.872
 0.5 09.2
1 9 3 0 0120 75 12 0 0 10 4 2 2 3 20 9 8 1 4 5 1 906 02 45 9 7 04 12 23 890200 927 0185 108
685 123 5 0 12 8 2 89 19 7 0 02 968 02.4 86 83.8 12 0 0.9 10 10.9 00 0 8 0080 02 0.3 10 3.45 81.0 09.2 128.3 3.90 033.5 80.0 8.63 3 0 18 94 80.720
3
 8.5 59.0 95.2 15.9 56.0 128.5 801 7.08 54.2 334.0 1.03 105.38
91.2 09.5 04.9 042.2 666 4.05 50.2 538.0 1.53 805.98
1 0 0 4 3123 05 30 4 0 05 4 0 0 8 70 0 7 8 0 0 0 067 15 87 9 8 90 05 03 861223 126 8680 706
123 120 5 9 10 8 2 02 80 0 7 72 083 70.2 00 20.4 47 0 7.0 14 12.5 15 0 0 1289 12 4.0 12 0.50 80.2 72.6 127.3 1.35 030.5 87.4 5.20 0 0 82 98 90.502
 5.5 80.6
0 2 3 4 0193 05 03 5 5 56 2 0 0 1 90 9 0 8 4 3 0 990 02 79 9 7 08 18 23 800293 129 0193 559
123 073 5 9 12 8 0 00 02 0 1 82 907 15.0 05 20.8 19 4 9.0 97 12.0 10 3 0 1341 70 0.4 88 2.90 89.2 89.2 028.3 1.00 183.4 08.5 5.27 9 5 12 98 09.929
2
 9.6 89.7 90.0 82.8 54.0 004.5 160 5.32 53.6 088.3 1.59 125.78
98.9 60.6 84.3 830.5 120 8.04 05.2 570.0 0.98 107.05
1 8 3 0 5127 80 12 5 2 14 9 6 0 1 23 0 9 0 4 5 1 962 12 96 0 8 84 10 83 441263 600 8823 990
143 004 5 9 72 8 2 12 83 0 4 80 087 10.4 40 20.4 52 2 9.6 14 12.5 39 0 2 9053 12 4.5 10 7.40 50.9 07.8 120.6 6.55 132.0 87.4 6.21 3 0 02 90 92.020
 9.8 89.2
1 9 0 4 7195 46 19 5 5 12 0 0 0 1 08 0 0 0 0 9 1 712 50 00 2 0 24 12 23 771921 104 8123 554
153 023 9 9 92 5 0 32 89 0 1 02 987 52.4 15 03.4 87 4 0.4 14 02.6 12 3 9 1100 02 0.5 12 3.45 80.7 80.0 723.0 1.20 182.5 34.0 8.20 0 9 12 90 12.000
8
 8.3 80.7 28.0 12.3 06.0 122.6 029 0.00 50.2 970.3 0.58 475.98
08.2 20.5 85.7 120.9 124 0.34 99.2 030.3 1.43 625.10
1 2 8 4 5173 78 12 5 5 10 0 3 0 1 28 3 0 0 4 5 5 950 10 45 9 8 24 82 00 800200 100 8126 550
903 023 0 0 14 6 2 10 70 0 8 00 907 12.4 10 23.4 15 4 0.0 00 27.5 12 3 8 1289 82 0.0 12 2.05 48.2 00.2 703.3 0.35 172.4 88.2 0.51 3 0 16 98 12.002
0
 6.8 00.2 88.0 92.0 04.3 008.5 124 1.04 53.0 038.9 0.09 128.08
78.0 17.0 50.9 422.5 120 5.13 03.7 830.6 1.53 724.06
9 2 1 8 5073 95 12 7 0 02 9 7 9 0 28 8 9 1 4 2 1 912 80 06 9 8 04 10 23 870207 804 8923 536
527 923 5 0 30 0 2 03 54 0 9 80 987 12.9 00 20.0 19 4 9.2 06 12.0 02 3 5 4787 02 4.0 10 2.85 88.7 89.0 060.3 4.86 939.5 07.0 5.21 8 5 12 98 12.022
 0.0 85.2
1 2 8 7 5489 49 10 9 5 62 9 2 8 1 28 0 2 1 4 9 1 917 80 05 8 7 20 12 28 050920 170 8800 556
123 900 5 0 80 8 5 02 89 9 0 02 977 90.4 10 23.0 10 9 0.6 78 19.1 09 0 6 0087 62 6.6 12 3.40 87.6 39.0 193.2 1.31 030.0 87.0 8.24 0 3 42 08 02.502
4
 0.5 80.2 98.0 90.0 57.0 020.6 424 2.33 50.3 592.3 4.03 126.78
08.7 88.5 84.6 000.5 124 8.34 53.2 531.3 0.53 126.75
0 6 0 0 5120 90 12 0 8 42 9 2 0 0 29 9 0 1 4 6 1 912 27 05 9 7 70 12 23 851603 100 8024 590
823 123 9 9 18 0 8 02 00 9 1 86 007 60.0 15 20.0 12 0 9.0 14 12.5 80 3 0 1289 03 0.5 00 0.55 87.0 89.1 020.3 1.30 007.8 07.0 3.21 3 0 40 00 12.926
 8.5 89.0
0 2 0 0 5020 40 82 9 0 52 4 8 9 1 29 9 2 0 4 5 1 002 12 40 7 8 07 02 23 001290 020 8029 076
120 023 8 9 08 4 2 19 89 2 1 88 009 12.0 15 20.5 09 4 9.2 64 00.7 12 3 6 0886 12 0.0 70 0.08 87.8 29.2 000.3 1.30 300.5 88.3 5.21 3 5 17 04 10.600
5
 0.5 20.2 97.0 82.5 54.0 600.5 030 7.37 13.8 532.3 1.83 545.28
98.6 12.5 06.0 022.8 029 7.04 53.2 530.3 1.03 120.91
0 4 3 4 6060 45 06 5 5 70 0 2 8 1 20 9 2 6 4 5 1 075 17 00 9 0 20 15 23 091900 574 0183 010
174 000 0 0 18 0 0 12 86 0 0 82 983 10.0 15 63.0 72 9 9.2 19 80.0 10 3 5 3087 17 0.5 59 5.40 54.2 71.2 100.3 1.88 030.5 80.0 8.20 0 0 12 98 12.800
 8.5 87.2
1 2 3 0 5893 40 72 9 0 42 0 9 9 1 08 6 2 0 7 5 1 990 12 45 0 8 04 40 23 528209 128 7123 506
124 153 2 9 00 8 2 10 09 8 1 02 087 17.9 15 20.4 92 4 9.0 04 12.5 12 0 5 0789 80 3.0 90 2.49 00.6 70.0 102.3 3.34 132.5 06.2 5.51 0 3 08 08 12.292
7
 0.5 00.2 78.9 10.9 09.7 122.7 400 2.39 39.2 560.0 1.53 125.93
98.0 65.6 24.0 822.3 524 5.30 50.6 572.3 0.00 105.01
3 3 0 5 6100 09 19 1 6 02 8 4 9 6 38 9 2 9 1 6 7 905 19 40 1 6 20 12 03 091223 120 0190 056
958 323 0 3 02 8 2 16 03 0 1 82 987 00.5 15 03.4 12 8 9.0 10 19.5 14 3 9 1289 10 0.0 02 0.40 87.0 50.8 923.7 8.05 030.5 07.0 5.21 3 1 82 96 50.502
 4.5 88.8
0 2 3 5 5923 35 02 5 5 10 9 0 6 1 20 9 8 1 9 3 1 712 02 05 0 8 24 19 63 860606 100 8093 550
100 107 5 9 58 8 2 15 09 7 0 75 977 16.0 15 03.6 12 4 0.1 10 59.5 82 3 5 1076 10 0.0 05 5.45 07.2 86.8 028.3 1.35 032.5 50.2 5.08 7 5 12 18 82.720
2
 0.4 89.2 98.2 19.5 50.0 102.5 004 5.94 04.0 562.3 0.53 120.98
98.2 12.5 00.3 122.5 054 5.60 58.2 990.7 0.03 705.70
1 0 0 4 3123 10 12 9 0 00 9 0 5 1 23 7 2 1 4 0 9 412 12 00 9 9 24 19 83 090263 120 0020 053
123 120 5 9 82 8 0 10 84 0 0 82 007 12.0 00 20.7 79 9 7.8 26 08.5 82 3 5 1280 02 4.7 10 4.65 07.2 09.2 170.9 0.35 500.9 07.2 3.02 2 5 17 98 52.092
0
 8.5 79.2 98.2 02.5 54.3 847.5 149 5.34 90.2 067.7 6.57 525.98
90.2 82.5 53.3 302.4 326 0.34 53.9 532.3 9.63 145.28
1 2 3 7 0120 99 53 9 5 02 0 2 9 0 98 0 2 1 4 5 8 712 12 48 4 8 20 95 50 091320 008 8006 556
193 103 6 2 00 7 8 14 09 0 1 15 987 12.7 05 22.8 19 1 1.0 14 12.0 92 0 5 0280 10 4.0 12 2.40 80.2 39.2 723.3 5.60 632.5 60.2 5.21 0 0 02 96 11.002
 8.5 09.2
0 0 7 3 7103 45 05 5 5 12 9 0 9 0 08 9 8 9 4 0 1 802 12 05 4 8 20 18 22 870627 820 8191 050
020 128 5 0 17 8 8 02 09 8 1 00 800 04.4 00 03.4 18 0 9.7 06 82.5 18 3 9 0289 16 4.8 52 2.05 87.2 80.0 173.8 3.30 130.5 87.0 5.10 8 5 04 98 09.022
0
 8.3 89.6 98.0 12.7 08.3 002.5 070 5.94 53.0 039.9 0.53 005.98
06.6 12.5 04.3 702.0 158 5.95 00.5 530.0 1.00 120.98
5 5 9 0 9820 45 72 5 5 82 9 0 3 0 68 0 2 1 4 5 6 012 15 05 9 8 28 02 20 009223 123 8103 554
143 023 0 9 15 8 9 72 73 0 9 49 787 12.0 06 90.4 12 4 6.0 18 18.3 18 0 3 1249 02 6.5 12 2.45 87.2 89.2 700.7 0.85 100.5 86.6 5.50 0 8 00 00 52.507
 0.1 00.2
0 8 3 4 0403 44 88 5 8 13 9 1 9 5 28 0 9 1 4 4 9 942 05 41 9 4 24 97 91 201233 124 8126 553
007 086 7 9 12 8 0 12 80 8 0 02 597 18.9 35 18.4 50 4 9.0 44 13.5 42 3 5 4283 03 0.5 17 2.45 80.8 82.2 109.9 0.37 830.5 80.4 5.24 3 6 12 08 10.043
2
 8.7 80.2 68.0 92.8 08.3 129.7 004 5.00 09.2 002.0 0.53 125.95
00.2 02.9 04.3 022.7 420 1.34 53.0 500.0 1.53 125.48
3 2 8 7 0508 45 30 5 5 12 9 2 0 7 08 9 2 1 9 6 1 910 16 00 3 3 24 37 23 891223 124 0033 007
203 043 7 7 18 6 2 05 19 6 0 07 087 19.9 15 63.4 90 8 9.9 54 02.6 42 3 9 1200 17 7.5 02 3.90 07.2 89.0 105.9 0.05 339.0 07.0 0.20 3 7 00 80 42.060
 8.5 38.7
6 2 3 0 4926 35 55 7 5 12 9 5 9 7 28 9 0 3 0 5 0 959 18 50 9 8 20 12 26 891220 124 5083 550
760 183 5 6 12 8 2 12 83 0 1 02 537 72.0 19 63.4 12 9 8.2 10 57.0 12 0 5 1009 02 4.0 02 2.45 07.9 07.0 123.3 5.05 032.5 67.6 8.09 0 5 10 98 11.060
2
 8.7 09.0 88.4 18.5 58.7 190.9 900 0.33 53.0 932.3 0.03 460.58
04.8 08.5 58.3 428.0 294 0.34 59.9 532.5 0.47 605.10
1 2 3 4 5623 45 02 1 0 67 9 2 9 0 28 9 2 1 0 5 1 910 12 45 0 8 05 30 09 603223 049 0998 930
106 125 9 9 08 8 0 12 29 5 4 02 967 12.4 10 90.8 16 0 0.2 30 90.5 10 0 5 0049 82 0.5 12 0.45 80.2 09.0 027.0 1.00 057.5 07.2 5.20 0 5 40 05 02.092
 4.4 89.0
0 2 9 0 7883 45 00 5 5 85 9 0 9 1 08 2 0 1 0 9 1 618 02 45 9 8 74 12 23 800227 104 8028 450
807 183 7 9 00 8 6 72 09 9 4 82 900 62.0 10 23.4 10 4 9.2 94 12.0 12 3 5 9289 15 4.7 98 0.05 80.2 39.9 773.3 1.30 102.5 86.8 5.28 3 5 89 98 12.000
3
 8.0 09.2 99.9 10.5 04.5 250.5 124 0.34 03.1 070.3 0.53 925.98
48.2 02.8 97.3 123.0 120 5.30 60.0 002.0 1.03 465.99
1 0 0 0 5500 45 20 0 5 52 0 2 0 1 88 0 2 1 9 5 9 828 16 00 9 8 00 12 80 401827 104 0103 900
120 027 0 9 10 8 4 02 89 4 0 92 088 12.9 15 00.4 04 0 0.0 94 10.8 19 0 2 1889 10 0.4 10 9.00 00.0 89.2 509.7 0.00 330.0 47.6 6.21 0 7 12 08 10.022
8
 0.7 08.2 84.2 05.5 54.3 010.5 108 5.06 50.0 532.3 7.56 165.90
90.6 12.5 18.3 102.0 000 6.00 57.2 532.0 6.55 105.58
1 2 3 2 5124 00 12 7 8 02 6 0 4 0 00 0 2 8 9 5 5 916 02 12 7 9 24 09 20 001703 154 0193 070
803 100 0 2 80 5 5 10 09 0 0 02 982 16.4 19 60.5 42 2 0.0 10 06.5 12 7 1 1009 10 4.5 02 0.48 00.2 80.2 123.3 0.59 180.9 87.2 5.29 3 5 80 90 80.022
 8.5 81.7
1 9 6 9 0025 70 12 5 5 65 0 0 1 8 01 0 5 7 4 5 0 902 83 40 6 0 27 18 93 000228 124 9203 596
000 089 3 0 12 8 2 67 89 0 1 82 087 10.4 25 25.0 91 7 5.0 15 12.7 10 3 6 9510 02 4.6 94 2.47 87.8 80.2 180.9 1.03 032.4 07.0 5.21 5 0 10 93 92.522
2
 8.7 09.2 98.7 32.5 58.3 122.5 024 2.44 50.6 132.8 1.13 005.05
90.2 12.6 70.3 000.5 400 0.00 06.2 597.3 1.50 125.08
1 3 3 4 7990 20 12 8 4 58 0 2 9 6 28 0 2 1 4 4 6 912 02 45 9 9 07 72 28 891726 704 8543 050
953 193 6 0 10 8 2 82 09 0 1 82 909 02.4 43 90.6 22 4 4.2 54 00.5 02 0 0 6889 10 5.8 17 1.40 69.8 83.2 786.0 1.78 032.5 33.2 6.41 5 5 90 39 02.949
 3.5 89.2
2 0 3 2 5103 45 87 5 8 02 6 2 9 1 86 9 2 4 4 5 1 412 12 40 5 0 28 12 20 591223 424 8920 506
920 103 9 9 17 0 0 16 89 9 1 85 987 99.0 15 47.4 02 6 3.2 10 92.5 00 3 5 2219 60 2.0 42 3.45 87.2 86.0 106.3 1.49 122.9 47.8 6.70 3 0 25 68 02.022
2
 9.8 89.2 90.4 02.8 59.9 162.5 090 5.04 00.2 536.3 0.88 905.68
90.0 60.5 57.3 120.5 104 5.40 50.2 862.0 0.53 075.98
8 2 3 4 8023 05 82 7 0 12 0 7 0 1 20 7 0 1 4 7 1 016 17 07 0 0 23 60 83 801229 954 8103 006
729 123 5 9 12 8 2 63 09 8 4 02 939 02.9 05 77.0 02 4 0.7 00 10.5 40 3 3 0289 67 0.5 92 2.39 97.0 04.2 120.3 6.05 630.5 87.3 5.21 3 7 89 98 18.022
 8.7 09.2
9 3 3 4 0003 45 10 5 0 20 0 0 2 1 20 9 0 0 4 9 8 009 32 75 2 6 60 10 03 891220 009 8006 087
173 140 5 9 30 9 0 90 80 6 4 92 086 19.5 85 00.9 00 0 9.0 04 00.5 80 5 0 1286 02 5.8 10 0.98 80.2 09.0 023.3 1.34 362.0 87.9 9.05 4 5 12 00 02.742
8
 0.5 08.2 13.0 00.3 50.0 102.5 164 7.84 53.0 032.3 0.33 105.98
95.0 10.0 57.3 072.0 004 9.04 53.2 503.3 1.53 028.98
0 7 3 9 0123 45 70 5 5 04 9 0 3 1 78 6 2 1 4 5 0 052 12 49 0 8 24 82 23 869223 200 8023 056
123 083 5 9 02 0 0 00 10 6 1 82 089 72.4 19 20.2 19 4 9.9 70 07.5 65 0 5 1289 15 7.5 02 4.85 01.2 89.9 123.7 3.00 004.8 03.2 5.00 7 0 90 00 60.080
 1.7 09.0
7 5 0 4 0103 45 19 0 5 10 9 2 0 1 00 9 0 1 0 5 1 964 42 40 8 4 71 32 80 899223 725 8158 080
179 720 9 9 02 8 9 92 89 8 1 32 900 02.4 10 03.0 14 4 8.0 14 12.7 62 3 5 6264 10 4.0 12 5.00 87.9 80.8 120.0 0.30 096.5 07.2 5.20 0 9 06 09 94.420
2
 0.7 80.2 00.0 56.5 04.3 023.7 196 0.10 53.2 942.8 1.93 549.50
98.2 02.5 50.0 198.5 994 5.01 53.2 532.3 1.50 098.99
1 2 6 4 0093 40 12 5 2 72 9 2 0 1 70 4 0 5 4 0 1 600 14 05 9 1 44 70 03 890203 000 7079 546
003 100 5 1 50 0 7 02 80 9 1 72 907 92.9 19 20.4 24 4 9.0 15 10.5 00 3 8 0275 17 4.5 10 9.40 87.7 89.8 100.3 1.30 630.7 02.0 4.01 3 5 19 08 12.022
2
 0.5 99.0 08.2 12.5 54.0 727.5 240 0.04 63.2 532.3 0.55 120.98
90.2 12.0 58.3 007.5 121 0.07 53.8 012.3 0.00 803.08
1 9 3 3 5093 85 67 0 5 92 9 2 7 8 00 9 2 4 4 1 1 017 12 06 9 0 44 02 23 891220 125 0123 700
126 183 5 0 03 5 8 00 89 0 0 82 080 13.6 01 03.8 70 5 9.2 14 62.4 02 3 5 1209 14 4.9 42 2.46 00.2 85.7 623.3 1.35 162.0 07.2 7.00 3 5 02 04 10.927
 8.8 80.2
1 4 0 4 5126 65 00 5 5 18 9 2 8 0 28 0 2 1 4 9 0 400 18 65 9 0 24 12 03 697273 124 8123 000
103 733 0 0 70 8 6 00 68 8 1 00 087 32.8 78 03.4 52 2 9.0 24 15.6 27 4 5 0265 02 6.4 19 2.38 58.2 89.2 000.3 1.40 334.0 63.8 5.21 3 5 02 89 32.622
7
 2.5 69.2 08.2 02.5 04.0 122.5 125 9.35 57.9 083.3 9.53 825.08
40.0 52.8 74.0 002.5 104 0.94 03.0 030.3 0.93 198.96
1 2 9 4 0185 48 00 0 5 17 9 2 8 9 90 9 2 1 0 5 0 812 01 40 0 8 20 00 20 091923 824 8700 569
103 125 0 5 04 8 2 72 94 0 0 68 040 00.0 02 93.4 07 9 9.2 18 07.0 12 9 2 0859 72 4.5 12 3.35 33.2 86.0 185.3 8.35 130.5 80.2 5.20 0 5 54 08 18.020
 0.3 58.0
1 6 3 4 8123 45 00 9 4 50 9 8 6 3 29 4 2 1 3 5 0 902 17 05 9 9 04 13 30 090223 920 0903 306
120 103 5 9 12 0 0 12 79 0 1 80 887 04.4 80 29.7 12 0 2.0 14 03.9 02 3 0 8049 00 2.2 12 2.50 82.2 87.5 943.3 0.33 000.9 47.0 6.01 3 5 19 00 80.802
2
 8.5 89.2 90.8 00.5 54.0 802.5 090 5.37 50.2 516.3 4.93 020.98
68.2 12.9 04.5 112.7 169 5.64 56.0 530.9 0.50 005.78
1 2 3 4 7087 45 00 0 5 92 9 3 0 5 28 9 0 1 4 5 0 002 18 40 9 8 04 68 43 890323 004 3021 559
022 023 4 9 56 8 6 96 33 0 1 85 988 03.9 05 02.0 07 6 9.9 50 15.0 00 3 5 1709 09 4.5 92 6.46 87.2 09.2 163.6 1.36 130.5 87.7 5.01 0 6 82 09 12.020
 2.5 80.7
1 2 2 0 5083 80 12 0 5 07 0 2 0 1 28 4 0 0 4 5 1 960 09 45 0 8 04 12 23 200083 100 8223 559
027 850 0 0 60 8 4 12 89 5 1 94 030 05.4 68 23.0 02 0 9.0 88 32.0 96 3 4 0250 16 5.7 12 2.45 09.2 08.7 529.9 1.05 962.1 00.2 0.01 2 7 12 08 90.047
2
 8.0 00.2 06.0 10.0 54.3 102.5 894 3.03 43.0 539.7 1.55 105.00
95.9 12.5 54.3 000.9 224 0.37 83.0 030.3 0.06 075.00
1 2 0 4 5624 45 04 9 5 52 9 0 0 6 04 6 0 0 3 5 3 082 12 04 4 4 24 10 90 851623 124 7443 506
000 123 5 2 12 5 2 52 80 4 1 80 987 19.4 09 03.4 97 6 9.4 14 10.5 12 3 0 7290 32 8.5 10 3.95 87.7 41.2 123.0 6.30 035.5 97.2 0.21 3 5 12 28 19.060
 0.1 09.2
1 0 3 4 5023 50 00 0 5 18 0 2 9 0 60 0 2 1 4 0 0 902 12 05 0 5 24 99 03 801229 528 6068 557
123 123 5 9 02 8 2 90 00 9 0 82 907 10.1 05 20.9 10 0 0.2 13 02.5 10 3 5 1699 02 4.7 12 2.43 87.2 03.2 026.3 0.08 108.8 80.9 2.71 1 5 06 08 72.152
2
 8.8 00.7 06.7 12.7 08.3 159.5 094 5.34 53.7 530.1 1.50 120.03
88.2 02.5 94.0 122.4 144 7.34 03.9 552.3 9.53 405.98
0 2 3 0 5153 05 12 0 0 82 0 2 0 1 08 6 5 0 4 9 7 974 19 30 9 8 04 12 27 721293 604 8370 050
727 090 5 9 09 8 0 02 09 9 7 88 987 12.4 15 29.8 02 9 4.0 93 98.5 58 3 5 1099 10 5.5 17 0.40 07.2 00.0 183.0 1.35 132.9 87.0 0.60 3 5 14 98 12.122
2
 8.5 80.2 93.9 00.0 70.8 122.0 169 0.34 03.0 537.0 6.09 125.38
92.2 12.6 04.4 102.8 024 5.04 55.2 572.3 4.54 125.08
0 6 3 4 5120 46 02 0 5 09 0 6 6 1 95 7 2 3 4 5 0 910 98 50 8 0 54 12 53 909020 724 8123 056
134 190 8 9 10 0 0 00 29 8 1 60 977 92.0 30 23.5 02 3 0.0 10 12.5 67 3 0 9059 12 8.5 52 2.75 08.2 89.4 193.3 1.00 130.5 60.2 7.21 6 8 00 98 92.092
 0.0 80.8
6 8 3 4 5408 95 10 5 5 02 9 2 0 1 28 6 2 1 4 9 0 110 10 43 0 4 00 14 22 809203 120 8060 046
738 420 5 9 15 0 5 12 49 6 1 80 687 11.4 75 73.4 07 4 7.5 94 00.5 12 0 5 8289 02 0.0 02 2.45 07.2 09.2 120.3 8.36 030.0 87.0 0.40 0 9 92 00 10.720
2
 0.1 59.7 98.3 06.9 54.1 120.6 010 0.00 62.2 030.3 1.58 100.96
08.0 09.5 84.3 108.5 860 5.30 51.0 082.3 0.53 725.98
1 2 3 4 0103 41 03 5 0 02 9 6 8 1 08 0 5 8 4 5 5 912 20 94 5 8 04 92 03 898080 233 8182 556
123 078 5 0 77 0 2 17 40 0 1 80 906 12.0 16 50.0 10 9 9.2 54 12.5 19 3 8 1950 52 2.0 10 2.00 87.2 89.5 003.9 1.35 072.5 67.2 6.40 0 0 10 98 00.926
 8.5 89.2
1 0 3 4 5823 40 19 0 5 12 9 2 0 9 28 0 3 1 0 0 0 900 10 05 6 2 20 72 03 091600 924 0523 574
163 120 5 6 12 0 3 12 92 5 0 82 207 12.0 10 20.0 12 4 9.2 04 12.5 02 3 5 1089 10 9.9 12 5.25 87.0 89.0 772.3 1.33 050.5 07.5 5.25 6 5 00 90 72.420
2
 0.5 09.2 90.2 17.5 84.3 099.0 627 9.04 53.8 030.3 1.03 028.90
08.2 02.9 00.9 422.5 120 5.64 50.0 538.3 1.05 529.90
0 2 8 0 7003 00 90 9 5 09 8 0 5 1 08 8 0 1 4 6 1 910 12 45 9 8 04 80 77 890270 005 2108 856
123 763 5 6 17 8 0 02 87 0 1 82 987 82.4 18 09.4 10 4 9.2 76 92.0 12 7 9 8509 12 4.0 40 0.45 80.2 39.8 427.0 1.05 132.5 87.2 5.21 3 0 12 98 78.502
 8.5 89.6
6 2 0 3 5123 46 99 1 5 12 0 9 0 0 28 9 2 4 8 9 0 912 10 45 9 8 24 08 23 081723 120 0723 506
023 320 7 9 19 8 0 12 09 0 8 87 086 52.4 85 23.4 12 4 0.2 34 92.0 12 0 5 1009 00 4.5 12 4.45 80.2 80.2 120.9 1.37 992.0 07.6 0.41 3 5 15 98 72.392
2
 9.0 02.0 98.2 08.0 02.3 024.5 040 6.04 53.2 050.0 1.43 005.98
08.2 10.0 67.9 020.5 164 5.34 90.2 530.3 1.86 615.90
5 2 0 4 5070 75 99 5 8 12 9 2 3 1 78 0 0 0 4 9 0 012 00 05 9 0 04 10 03 891020 907 8100 545
223 426 5 0 72 8 3 17 80 0 0 82 787 95.4 15 23.4 95 4 5.2 20 10.0 12 6 9 1280 02 0.5 02 2.05 07.2 69.2 124.0 1.07 272.0 80.2 5.26 9 2 08 90 70.002
 0.5 89.2
0 2 3 4 5029 45 62 0 5 42 7 2 0 1 26 9 0 0 4 9 1 600 72 05 9 8 28 02 53 897220 124 8103 050
927 903 4 9 04 9 0 30 50 0 0 02 990 08.4 10 80.0 28 4 9.6 14 19.0 02 3 5 1809 12 5.7 07 0.00 80.9 89.2 103.9 0.08 032.0 80.2 0.21 3 5 75 98 02.922
2
 8.5 89.2 98.0 17.0 57.3 020.5 120 5.38 53.2 500.7 8.00 163.38
48.5 12.5 04.9 700.5 090 5.90 53.2 502.3 0.00 155.88
