1 2 3 4 0133 47 02 5 7 00 0 0 0 3 18 9 2 1 0 4 0 918 62 05 9 0 09 12 33 001226 028 8523 036
967 328 5 7 32 8 2 10 80 4 9 72 037 12.0 05 23.4 82 4 3.5 14 12.5 12 3 5 1289 12 4.9 12 2.75 82.0 07.2 908.0 5.30 139.5 80.2 5.81 0 5 02 98 02.02 1.0 08.2 
9 2 3 9 9025 00 08 8 1 42 4 0 0 1 28 9 2 0 0 7 1 938 92 46 9 0 50 10 00 094800 024 7123 550
128 120 0 9 00 8 2 14 20 3 8 82 987 14.0 35 25.4 17 9 9.9 04 10.5 10 8 8 1289 92 0.0 90 2.48 90.2 89.2 150.3 9.30 002.5 87.0 0.27 3 5 04 96 08.402
 0.5 80.4 88.2 10.4 79.0 080.5 089 5.34 53.4 580.3 1.59 120.68 
68.0 32.9 04.0 158.5 094 5.00 58.0 900.0 0.53 100.98
1 4 3 4 4128 05 09 7 0 17 9 2 7 1 20 0 1 1 0 5 1 912 12 45 9 8 94 10 26 830020 174 8180 550
150 303 5 0 90 8 0 90 80 0 0 95 077 54.4 15 23.8 80 7 0.2 12 00.5 10 3 5 7289 17 4.0 60 2.00 67.0 87.2 130.3 1.30 639.5 05.2 5.20 3 5 07 90 10.020
 9.5 49.2 
0 2 3 0 8000 05 12 0 5 82 3 0 2 1 29 0 0 0 0 0 1 602 82 79 9 8 00 12 60 800200 124 8143 176
920 028 6 9 16 8 2 17 80 0 1 62 027 02.4 15 39.8 00 0 9.0 10 10.3 12 9 5 1909 18 7.5 12 1.58 87.2 84.2 123.3 8.05 132.8 87.9 0.21 1 9 12 90 02.025
6
 0.5 05.0 00.2 12.6 04.3 329.0 904 0.08 53.2 830.3 0.55 175.98 
00.2 18.0 04.3 120.5 120 5.34 58.9 060.0 0.03 120.91
1 0 0 0 0129 00 12 7 3 81 9 9 0 5 20 9 2 1 4 5 4 912 12 05 8 0 34 82 00 091210 174 9609 556
083 000 8 0 17 8 1 52 09 8 8 02 917 50.0 68 23.0 10 8 9.2 40 62.0 10 3 6 0089 12 0.0 00 2.05 68.2 87.5 124.3 9.97 137.4 07.0 5.01 0 5 10 08 02.977
 0.5 87.0 
0 6 0 0 6123 05 12 5 5 10 7 2 9 1 07 4 0 1 0 8 0 065 72 06 9 8 70 00 33 868293 009 9170 656
023 023 5 0 12 8 2 14 04 2 7 80 987 10.4 85 90.0 00 4 9.0 04 12.5 72 7 5 1255 44 4.9 52 2.09 59.2 69.6 129.3 0.38 832.4 87.9 5.28 3 5 12 00 12.602
7
 0.5 90.0 01.4 12.5 56.3 620.6 200 5.64 53.2 032.9 9.58 025.98 
94.0 07.5 50.0 622.5 504 5.34 03.2 560.3 7.50 105.98
9 7 0 4 0008 85 30 0 3 62 9 2 0 6 28 0 2 9 4 5 1 922 12 55 9 0 28 78 13 900023 165 8123 502
023 023 5 9 10 9 2 72 80 6 1 32 987 02.8 13 20.0 40 9 9.2 74 12.5 02 3 5 1289 12 4.7 86 8.85 04.2 09.7 423.9 0.35 152.7 10.3 8.21 3 8 12 98 12.792
 8.5 86.2 
5 4 3 4 5120 56 12 0 5 70 0 2 9 0 00 7 2 0 4 0 9 002 12 45 1 8 00 89 20 000593 100 8120 090
170 107 6 8 82 8 2 80 09 7 3 08 952 12.0 15 23.4 10 4 0.2 04 00.5 12 4 5 1389 99 0.5 10 3.05 87.0 09.2 163.0 4.05 032.5 47.2 5.03 5 9 82 93 00.437
2
 8.9 80.0 98.2 10.5 94.6 176.5 108 0.30 50.2 532.3 1.20 165.00 
42.0 62.5 54.3 120.5 024 0.36 94.0 002.3 0.59 920.90
1 0 3 4 5923 40 10 5 5 18 9 0 9 0 25 9 2 1 4 5 1 052 00 40 4 8 04 50 05 890620 020 8123 758
400 023 5 9 12 7 0 18 00 4 8 62 988 82.4 18 00.4 73 4 5.2 14 92.0 02 0 5 1908 00 0.0 12 2.47 97.2 89.8 190.3 0.30 638.8 87.0 0.21 3 5 12 98 12.740
 0.5 89.0 
6 0 9 7 5723 43 12 9 6 12 2 2 0 0 28 9 2 0 6 6 8 600 02 75 9 8 24 52 76 890207 124 8020 956
703 593 5 0 23 8 7 09 06 0 3 80 084 09.7 60 20.0 60 4 9.2 14 19.5 00 4 0 7200 10 3.7 92 2.05 80.7 30.2 023.0 1.30 132.0 87.2 4.02 3 6 62 08 16.080
2
 8.6 89.0 08.0 15.5 04.3 002.4 184 5.34 53.2 732.0 1.36 120.08 
98.2 16.5 50.3 522.0 002 8.00 00.2 648.3 1.53 790.98
1 0 0 4 5823 27 96 5 9 05 9 0 8 7 28 9 7 0 0 0 3 412 13 46 0 0 54 02 80 681820 124 8123 556
503 029 5 0 22 0 1 12 70 0 8 82 964 18.4 07 28.4 50 0 6.2 14 19.0 12 8 5 0889 49 4.5 02 0.95 80.3 88.2 120.8 9.35 032.0 07.2 5.21 3 0 02 90 72.002
 8.0 89.8 
5 5 0 4 5329 09 12 5 3 12 9 0 8 1 08 0 2 0 2 5 8 712 52 40 9 0 84 02 23 090000 104 8103 450
128 033 0 0 92 8 2 90 80 7 1 03 887 12.5 96 23.4 18 1 9.2 54 92.0 42 0 0 1209 12 4.0 12 2.40 07.2 80.2 803.0 1.35 535.0 87.3 5.01 9 0 12 90 02.089
0
 0.5 59.2 68.2 00.0 94.0 002.5 140 5.74 06.2 000.0 0.50 121.09 
08.0 02.5 54.0 126.9 717 1.74 55.0 035.0 1.53 728.86
1 7 3 4 6903 00 12 0 0 10 9 6 0 1 08 9 7 0 0 8 5 083 12 95 7 0 44 02 03 691223 109 8000 300
503 093 2 9 12 6 2 00 89 3 1 80 077 03.0 05 00.4 10 2 9.2 19 10.0 02 7 0 5285 12 4.5 02 2.45 85.7 88.9 028.3 9.45 188.5 07.8 8.61 3 5 02 96 10.872
 0.6 86.0 
1 6 0 8 5106 07 72 5 9 02 4 0 7 1 20 9 2 0 8 7 1 932 13 42 0 8 86 03 23 699876 124 0020 606
129 123 0 0 12 0 2 87 88 9 1 80 007 12.0 05 23.0 09 1 0.2 00 10.5 97 7 7 1809 12 0.5 12 6.34 75.0 89.2 134.3 1.10 005.9 37.0 5.26 3 0 02 93 92.322
8
 3.5 00.0 08.4 07.5 04.0 902.5 000 0.00 50.2 658.0 0.27 197.98 
90.6 02.2 64.3 192.0 424 8.34 50.9 530.3 0.53 064.98
5 2 3 4 8120 05 62 0 5 02 0 2 0 1 09 1 0 1 4 0 1 305 12 06 9 2 24 09 05 001943 004 8503 450
920 303 6 8 12 8 2 02 39 0 1 89 903 71.4 80 03.8 10 4 8.2 10 12.7 12 6 5 0889 02 4.5 62 4.95 07.2 09.9 091.4 8.65 448.6 82.2 9.29 5 5 02 05 16.502
 8.6 89.4 
1 2 3 4 5160 80 12 5 5 94 9 9 8 7 28 7 0 9 4 5 1 812 72 80 6 0 90 40 90 801503 120 8113 505
800 820 7 9 98 8 2 14 00 0 1 80 087 12.4 15 63.4 40 0 9.0 08 10.1 50 3 5 0950 02 4.0 10 7.40 07.2 28.2 020.3 8.37 058.7 60.2 5.13 0 0 72 90 12.790
0
 8.5 84.2 58.2 13.5 54.0 100.0 505 5.30 53.5 932.5 0.53 120.98 
99.2 10.0 54.3 122.0 740 5.74 59.0 030.7 1.53 720.80
8 8 3 2 9040 05 20 5 5 12 9 9 0 3 60 0 5 1 4 7 0 012 52 95 9 8 06 22 20 890203 025 7030 510
136 120 5 9 18 7 2 12 09 0 7 84 687 12.0 15 83.4 10 4 9.2 15 00.9 12 3 3 6294 12 0.5 00 0.25 83.2 89.2 621.0 9.30 532.5 76.7 5.71 0 0 12 88 10.022
 0.7 89.8 
4 6 3 4 4727 00 12 0 5 50 9 7 7 1 68 9 7 0 4 8 1 002 11 48 9 8 04 76 23 841229 020 5704 056
109 120 5 2 12 8 2 12 88 0 0 00 645 72.0 35 23.8 02 4 0.7 05 42.5 02 3 0 0280 11 5.5 02 2.45 67.2 40.4 780.6 1.30 102.5 87.7 1.71 3 5 37 08 19.832
0
 8.5 68.9 44.8 02.0 54.9 322.7 026 5.30 90.9 522.3 0.03 196.01 
90.6 92.0 54.0 127.3 224 5.34 55.0 527.3 0.09 025.00
0 2 3 3 4103 45 20 9 5 17 0 0 0 1 25 9 2 1 9 0 0 712 12 75 5 8 24 02 26 891023 024 5923 553
123 130 0 9 02 8 2 12 87 0 0 00 607 82.4 15 28.3 00 2 9.2 34 00.6 10 0 7 1089 12 8.5 10 0.40 85.2 89.2 120.3 0.35 130.9 97.2 5.01 0 5 10 50 10.092
 8.7 79.0 
0 2 3 4 5920 05 00 8 5 15 0 4 0 3 28 2 5 1 5 5 0 082 12 74 0 8 24 08 63 097503 224 8023 506
103 548 0 7 62 8 0 02 80 0 7 80 487 12.0 15 08.4 30 4 9.8 00 16.5 82 6 0 1084 15 0.5 12 2.09 87.8 95.2 100.0 1.46 138.5 97.9 5.21 3 5 12 08 10.029
2
 0.8 94.2 90.0 02.0 50.0 029.5 500 0.04 06.0 532.0 1.53 009.95 
94.2 82.5 09.0 082.5 020 0.44 10.0 530.3 9.50 125.95
1 2 3 0 5120 46 10 5 5 12 9 9 7 4 08 0 0 0 7 4 0 062 12 80 9 8 24 90 26 898023 004 1120 500
183 023 5 0 12 8 2 10 89 8 0 84 087 79.4 15 00.9 12 0 0.0 09 02.0 02 9 9 0189 92 4.5 19 4.47 80.0 89.2 120.3 0.35 234.4 89.2 6.58 9 0 12 08 18.028
 8.0 89.0 
1 0 3 4 5193 00 00 6 0 02 9 2 9 0 20 0 2 9 4 3 1 915 92 75 0 8 24 00 20 591206 004 0100 056
020 023 6 9 32 0 0 12 84 1 0 08 907 10.4 90 06.0 09 0 0.2 14 18.2 00 3 5 1009 02 4.5 42 0.91 67.5 09.2 927.0 1.36 032.5 27.2 3.07 3 9 12 00 12.760
4
 8.7 52.2 90.2 07.0 00.6 109.0 174 5.14 03.2 532.3 1.53 105.90 
98.9 12.5 44.3 662.9 064 1.44 53.2 531.8 1.50 079.94
7 2 3 9 9095 40 00 0 9 12 0 2 0 1 27 9 4 1 4 0 8 607 92 46 0 0 24 62 29 806220 124 8102 507
027 390 0 0 12 8 0 89 09 0 0 82 800 50.4 55 50.4 18 0 9.4 64 12.0 02 8 5 1080 28 4.9 05 2.49 08.2 89.2 180.3 0.36 732.0 76.2 5.27 3 5 82 08 12.062
 7.0 88.2 
8 4 3 0 0920 40 77 7 5 62 6 0 0 1 40 9 2 1 8 5 0 519 50 45 9 0 28 56 20 591003 124 7100 546
163 833 9 7 14 7 2 02 09 8 1 80 007 10.0 15 23.6 07 0 0.0 00 58.3 01 3 6 1060 12 0.5 36 2.40 07.6 57.9 820.3 1.35 167.0 87.2 0.24 3 5 00 08 00.322
3
 4.8 80.0 98.2 00.5 50.0 322.9 184 5.00 83.7 006.0 1.03 135.86 
18.2 59.6 00.3 042.5 110 0.34 83.2 800.3 0.06 025.60
0 2 3 4 7028 80 12 5 0 07 9 0 0 6 07 0 2 0 0 0 1 776 00 40 9 0 90 20 70 998028 720 8653 797
090 028 0 9 00 8 6 17 30 0 1 75 007 02.4 55 23.3 19 4 9.2 16 02.8 60 3 0 1203 12 4.4 12 2.40 07.0 50.2 103.6 0.03 602.0 07.9 1.51 3 5 62 29 22.200
 0.5 20.2 
1 2 3 0 0003 07 96 5 9 13 0 0 0 0 06 9 2 2 9 9 1 912 12 40 0 8 20 10 29 096023 024 2050 656
738 023 5 0 10 8 2 12 89 0 0 80 986 92.5 05 08.9 19 4 9.6 24 64.5 12 3 2 0909 10 8.0 12 0.45 81.7 09.2 203.3 1.65 134.0 50.2 5.21 0 0 12 58 09.920
2
 0.5 39.2 48.2 12.0 84.3 127.6 020 5.00 53.2 032.0 0.50 829.90 
99.0 90.5 50.0 002.0 120 5.04 52.2 630.2 8.03 225.98
0 0 0 3 0123 45 71 5 7 02 0 2 0 0 26 0 2 0 7 5 0 012 08 05 9 0 20 00 26 700202 120 8123 000
125 747 0 9 60 7 0 12 89 0 1 02 907 10.4 10 20.4 02 6 8.2 94 10.0 12 3 3 1080 17 1.4 72 1.45 87.0 80.0 406.3 2.00 100.5 07.2 0.41 3 0 10 50 00.820
 0.8 89.2 
1 2 3 0 0089 05 10 7 5 06 9 7 0 1 08 9 8 1 4 0 0 910 72 03 9 8 20 05 03 097060 124 8123 756
723 000 5 6 12 1 2 02 90 4 1 82 087 80.0 70 64.5 80 3 9.3 00 12.5 12 3 5 1789 80 0.5 12 3.90 39.2 29.2 073.3 1.64 457.5 07.2 5.20 6 5 12 68 02.300
2
 4.5 57.2 90.0 80.5 54.0 100.5 034 0.87 50.6 659.9 1.53 046.96 
98.2 99.5 04.4 322.0 124 0.44 99.0 535.3 1.53 173.90
5 0 0 0 5098 07 02 6 5 13 6 8 4 9 28 0 2 7 8 0 0 948 52 95 4 6 54 73 23 881203 129 8706 559
105 197 4 0 12 8 2 63 19 5 1 80 987 02.4 65 73.4 12 4 9.2 14 10.5 00 0 5 1006 12 7.0 50 0.45 87.2 81.2 180.0 9.35 120.0 07.2 5.20 3 0 12 90 18.020
2
 8.5 03.2 08.8 90.5 54.7 122.8 114 5.34 83.0 005.0 8.58 190.90
98.9 03.5 54.3 107.4 194 6.54 33.9 509.3 1.70 500.99
0 0 3 8 5068 70 60 5 5 06 0 2 0 1 20 0 2 0 6 0 1 810 12 45 9 8 00 34 20 891208 109 3623 287
120 169 5 0 10 0 4 10 99 6 6 52 987 55.0 15 73.6 02 4 0.0 10 10.5 12 3 5 1282 18 4.5 62 2.84 90.2 80.2 120.3 1.35 032.6 80.2 0.41 0 5 10 48 12.150
 8.0 50.0
6 9 6 9 5008 45 14 5 0 15 9 2 8 6 28 3 2 0 4 5 0 000 10 06 2 8 04 12 09 091223 000 0623 666
190 100 3 9 02 6 7 49 09 5 1 92 707 60.4 15 03.4 42 4 9.0 14 12.5 47 3 5 1204 50 0.0 12 2.45 87.2 89.4 515.0 1.35 537.2 83.2 0.21 3 7 02 08 12.728
0
 5.4 80.8 98.0 42.5 94.3 422.5 120 5.80 53.0 538.6 8.58 000.48
98.0 99.7 54.9 127.5 023 5.74 20.4 037.9 7.53 095.08
1 2 3 4 5123 47 02 0 9 09 9 2 5 5 24 9 2 1 4 8 8 922 02 45 0 8 09 18 23 001209 104 7553 556
789 009 5 9 72 8 0 82 84 8 1 34 587 12.4 06 95.4 15 0 9.2 90 72.7 09 0 5 9977 90 4.0 82 0.00 86.2 30.8 903.9 1.00 402.0 87.7 0.71 3 9 55 98 18.020
 8.8 00.9
0 2 3 4 9000 45 02 5 0 03 7 0 9 0 20 0 2 0 0 5 9 012 02 40 0 8 00 99 03 801870 304 8623 559
146 123 5 0 92 3 2 12 79 5 3 00 407 12.0 19 43.4 92 4 7.2 04 16.5 18 8 5 1879 40 4.5 12 2.00 87.2 30.2 103.4 1.65 800.5 39.2 5.01 3 5 72 97 10.900
8
 5.0 00.9 30.5 80.0 54.5 190.5 152 5.34 53.2 535.0 0.63 790.78
60.2 03.0 54.0 220.0 194 5.04 53.4 502.0 1.53 165.07
0 2 7 0 9503 09 78 2 0 09 0 2 0 8 91 0 4 9 0 5 1 212 06 05 0 8 64 02 27 747280 504 8100 006
725 120 0 1 16 8 2 02 83 9 0 90 900 00.9 10 76.4 09 9 2.2 74 02.0 12 0 5 9209 12 5.7 12 0.45 07.2 59.0 029.6 1.30 180.0 80.3 5.00 3 8 00 98 02.692
 0.5 89.2
0 2 3 4 5723 40 10 0 0 12 0 6 0 0 20 0 2 1 4 0 1 912 10 35 9 0 70 12 27 841023 120 0053 056
003 072 0 6 12 5 2 10 79 8 5 80 987 20.4 05 08.4 94 4 8.0 54 08.0 90 3 5 1287 00 0.5 60 0.10 77.2 89.9 571.3 1.35 032.5 87.2 5.25 0 0 02 99 72.908
2
 8.5 80.9 98.2 12.5 59.3 020.9 004 9.24 53.7 052.5 1.93 045.98
90.2 12.5 54.3 122.5 176 0.34 53.2 638.3 1.53 925.90
1 6 3 0 5029 95 17 0 0 12 4 9 8 1 20 0 2 9 4 5 1 912 12 88 5 8 24 00 20 890523 120 8100 066
020 828 3 9 50 8 2 02 88 0 1 22 076 19.3 85 87.4 05 0 7.0 14 90.5 16 3 5 9280 18 4.5 06 2.49 39.0 79.0 120.2 1.35 002.5 87.0 0.21 3 5 05 95 12.550
 8.5 50.2
0 0 6 3 5073 85 72 5 5 80 9 8 7 1 56 9 2 1 0 5 1 900 12 45 9 8 24 97 79 891203 123 4133 053
680 360 5 9 18 0 2 02 00 0 1 87 907 17.0 16 20.7 07 4 0.0 16 19.5 00 3 3 0005 02 4.0 19 0.40 87.2 87.0 129.0 0.89 130.5 20.0 5.20 3 5 92 98 12.020
2
 8.5 87.0 98.3 10.8 06.6 462.5 084 9.34 63.2 560.0 1.93 005.98
98.2 80.5 54.3 109.5 100 8.84 05.2 530.7 0.53 120.78
0 2 4 0 8103 35 42 0 5 10 9 2 0 1 98 9 2 9 4 5 1 916 22 45 9 0 24 06 03 881220 080 8820 586
123 793 5 9 95 8 2 18 09 9 0 09 087 57.4 15 28.0 12 4 0.0 14 00.5 88 0 4 1206 00 9.5 12 0.45 85.2 89.0 191.0 2.35 132.5 09.2 2.03 7 5 12 03 42.002
2
 0.5 09.2 08.2 87.0 98.3 874.5 000 5.30 03.6 630.3 0.63 105.96
07.9 18.5 54.3 550.8 724 5.73 50.8 447.3 1.73 125.08
1 2 0 7 8023 05 02 4 0 12 0 8 8 2 28 9 2 0 0 6 0 002 52 00 9 7 26 70 97 890293 500 6023 550
183 023 0 9 12 0 6 12 89 0 1 32 907 02.0 15 29.0 00 4 4.2 14 92.7 02 3 5 1284 60 8.0 12 3.80 80.2 89.2 620.0 1.33 132.0 08.9 0.20 3 0 12 08 10.000
 0.8 09.2
0 7 0 4 5123 48 40 5 5 10 0 3 0 0 20 9 2 0 4 0 7 912 81 45 9 8 06 07 86 891501 124 8706 056
923 426 0 9 74 5 2 42 00 0 1 09 987 03.4 15 83.0 10 1 0.2 00 09.5 02 3 0 3089 12 4.2 10 2.42 87.2 89.2 123.3 1.82 003.8 05.2 9.25 0 5 62 88 17.900
2
 0.5 80.9 99.0 12.8 94.3 524.6 120 5.37 58.0 530.7 0.58 125.60
00.0 00.0 54.0 000.5 170 5.94 50.2 902.3 1.60 135.90
8 2 6 8 5123 65 12 5 5 75 4 0 0 1 24 1 2 0 7 0 0 510 62 05 0 0 20 12 20 800023 220 8003 096
123 123 5 9 10 8 4 10 89 0 6 74 707 92.4 05 26.4 92 4 0.2 00 12.5 12 0 4 1880 82 4.5 10 0.59 80.2 09.2 120.3 0.05 133.8 80.9 5.24 7 0 15 98 00.730
 8.5 96.0
0 3 3 4 5103 45 10 3 5 10 0 2 0 0 28 7 7 1 4 5 0 910 09 45 9 6 24 12 29 008223 604 8743 540
040 127 5 0 02 0 0 12 99 0 1 80 700 10.4 75 21.0 02 4 8.2 04 10.1 18 6 0 0289 12 6.5 29 6.09 36.2 89.6 022.3 1.20 130.5 87.2 6.31 3 6 12 98 12.020
0
 0.5 82.2 98.2 02.0 94.3 802.5 104 6.00 53.7 539.3 1.53 185.98
90.0 12.5 74.3 120.5 834 0.54 57.6 502.3 6.53 025.58
1 9 3 4 5269 45 72 7 9 12 9 9 0 9 20 9 0 3 4 0 0 912 16 75 9 8 20 10 23 091020 904 0123 556
163 925 0 9 16 0 2 16 06 8 0 89 300 02.4 15 90.0 12 0 0.2 14 10.4 12 3 5 8689 12 4.5 50 0.68 07.5 89.2 127.3 4.85 922.5 89.0 5.26 3 5 10 88 92.002
 9.5 89.9
8 2 3 4 0103 95 82 5 6 02 3 2 4 9 28 0 2 1 4 5 0 292 72 70 9 8 64 00 06 791260 004 0120 006
820 420 0 9 79 8 0 05 87 9 1 89 907 10.5 05 28.7 18 0 9.0 14 12.5 72 9 5 1960 02 9.5 15 8.85 00.0 80.8 197.0 0.07 102.8 02.2 5.25 3 7 30 98 80.222
2
 7.8 88.5 69.2 40.8 56.0 107.5 007 7.30 00.2 541.3 1.63 129.07
90.4 12.7 90.0 172.5 456 5.30 53.2 782.3 0.53 100.97
1 0 3 4 5022 40 80 5 5 18 9 9 0 6 08 0 8 1 4 5 8 008 12 25 7 0 64 00 27 801240 254 8053 090
060 163 5 8 09 2 2 96 89 4 1 72 647 00.0 00 29.0 62 4 9.0 30 03.5 02 3 5 5085 12 0.5 08 0.95 96.2 00.2 123.3 1.75 132.9 70.0 0.06 6 5 19 98 12.508
 9.5 89.2
7 7 0 0 0123 05 02 2 5 00 9 0 8 1 88 0 0 6 0 0 0 611 52 00 9 6 74 02 90 861828 788 8100 553
183 103 5 7 10 0 2 18 19 8 1 89 907 02.4 11 23.4 12 0 9.1 17 73.5 02 3 5 1206 60 2.6 00 2.40 66.2 80.2 026.0 1.35 131.5 87.2 0.71 0 7 33 90 02.095
2
 8.5 89.0 98.2 02.5 50.8 968.8 104 0.36 53.0 582.3 0.87 125.60
98.8 05.0 54.3 022.5 624 5.59 56.2 596.3 1.03 175.900 2 0 4 5123 45 02 5 7 12 0 9 0 1 23 9 2 0 4 5 9 900 02 00 0 0 28 07 20 801260 024 8600 556
010 123 5 9 00 0 6 84 80 0 1 96 007 09.4 10 20.4 90 0 2.2 10 12.5 17 3 6 0589 10 8.8 02 2.45 87.2 89.9 190.0 7.35 102.8 87.7 0.01 3 0 02 98 12.709
0
 8.5 69.2 08.6 16.0 54.0 298.5 124 5.04 53.2 513.3 1.83 805.90
58.4 16.0 55.3 002.4 720 5.94 07.6 500.0 0.53 853.98
0 0 0 6 5923 45 06 0 5 32 8 0 4 8 00 9 7 0 4 5 9 912 10 40 9 0 64 22 00 691003 124 9108 808
103 186 9 9 02 8 0 10 89 3 4 40 930 02.0 95 03.7 70 9 8.5 97 42.0 42 6 0 6789 18 0.0 90 2.40 83.2 19.2 126.0 0.35 037.5 06.2 5.21 3 0 16 48 94.022
 8.5 07.0
9 0 7 0 5180 02 12 9 3 05 9 2 0 0 28 9 5 7 0 0 6 661 12 45 0 1 44 14 23 801320 003 8020 067
163 123 0 9 09 8 8 10 89 5 1 00 987 19.4 03 00.5 04 8 9.0 60 10.5 16 5 5 1080 15 4.5 00 0.40 00.2 80.2 326.7 0.05 192.0 83.0 0.21 3 5 17 28 10.592
2
 8.7 89.2 00.0 13.9 54.0 020.5 004 6.09 50.5 030.3 1.09 970.09
98.6 09.5 92.9 728.5 374 5.04 09.2 530.3 1.76 085.00
0 8 8 4 0163 05 12 0 0 02 3 4 0 1 00 9 0 1 0 6 0 982 12 40 4 4 04 12 20 891223 174 0160 056
023 100 9 9 42 7 5 00 39 0 5 02 070 80.8 16 23.9 10 4 9.4 10 02.5 12 3 0 9077 06 5.5 18 9.48 00.2 09.2 100.3 1.30 352.6 84.2 9.28 0 6 50 98 98.922
 8.5 80.9
1 0 8 0 0108 35 12 5 9 15 0 0 0 1 28 7 2 2 4 9 0 015 07 00 9 0 00 12 50 091403 380 8023 500
763 183 0 7 82 4 5 10 29 5 7 82 980 02.2 10 50.0 00 0 9.9 00 02.5 10 3 0 1089 62 4.5 94 2.40 87.2 89.2 426.9 1.25 100.0 97.5 5.70 3 5 02 00 00.022
9
 0.4 86.2 98.1 20.5 03.0 002.5 020 5.04 03.2 870.3 0.03 120.98
07.8 12.6 59.3 892.4 074 8.74 03.1 332.3 1.98 100.28
6 2 3 4 5123 88 18 0 0 02 9 2 0 0 28 9 2 1 0 9 1 992 12 45 6 8 20 02 03 821703 088 4728 046
103 120 0 9 12 8 7 20 00 7 5 82 883 12.4 10 29.0 12 4 9.2 74 12.6 90 3 7 8869 17 7.0 02 2.40 87.2 80.2 103.3 7.08 000.8 87.2 5.20 3 0 10 60 12.000
 8.0 07.3
0 2 5 4 5003 40 10 3 5 22 9 9 0 2 20 9 0 4 8 9 0 902 03 48 3 0 25 10 90 890422 180 8093 506
029 493 3 9 15 7 2 12 84 0 1 52 087 72.7 75 23.4 12 0 9.0 19 52.5 60 0 6 1809 01 0.5 11 6.45 07.0 30.2 103.3 1.35 882.8 87.2 0.21 9 5 12 08 09.950
2
 8.5 09.2 90.0 72.9 58.0 020.5 190 2.24 00.9 979.7 1.03 328.98
99.2 12.7 05.0 122.5 579 5.07 03.2 382.3 7.93 125.07
0 2 3 0 5525 49 12 5 0 12 9 2 0 8 99 9 2 0 9 5 0 618 18 65 9 6 24 12 56 041204 124 8895 576
100 153 1 9 17 3 2 02 80 0 1 90 987 17.4 05 80.0 12 4 1.2 80 36.5 90 3 5 1089 10 0.5 02 5.49 07.2 89.2 123.4 1.05 092.8 87.2 5.21 0 5 15 08 19.722
 3.5 80.1
7 7 3 4 0702 45 42 5 9 12 0 2 8 1 49 3 2 0 4 5 8 716 02 20 9 8 70 05 03 801093 024 8528 906
103 129 5 9 00 8 2 90 09 6 7 88 580 10.4 05 20.0 58 4 0.2 34 82.7 70 3 0 5082 09 4.3 00 2.11 80.0 89.0 123.3 5.35 130.8 87.0 5.21 0 5 10 98 19.002
2
 9.5 00.0 90.2 92.0 10.8 122.5 720 0.30 53.2 532.3 5.53 120.98
98.9 87.5 99.3 029.0 020 5.04 03.9 087.0 2.53 525.041 2 3 4 7953 81 18 2 0 72 9 2 0 1 58 0 0 0 0 5 1 917 12 40 3 0 20 62 20 095220 630 8163 507
420 152 5 0 02 0 9 02 80 5 0 82 089 00.4 08 ’8.4 19 4 0.2 14 12.5 77 3 0 5009 20 4.9 02 2.45 86.7 79.7 120.0 1.30 035.0 87.0 5.91 0 0 08 75 52.600
8
 5.5 29.0 08.0 02.1 59.6 122.4 114 5.09 50.0 032.3 1.09 100.50
26.6 02.0 00.0 002.1 028 5.93 53.2 532.3 1.50 105.09
1 2 3 4 0100 40 18 5 5 82 6 2 7 1 20 0 9 1 4 7 1 914 10 09 9 8 30 12 03 869063 120 7020 556
003 040 5 6 12 4 2 15 49 0 1 07 980 42.4 15 22.4 02 0 9.2 94 09.5 92 3 0 0189 76 0.5 02 2.45 97.2 80.0 023.0 0.55 133.8 02.0 0.26 7 5 00 98 03.090
 0.5 89.2
8 2 5 4 0100 45 02 5 5 12 9 0 8 1 28 2 2 0 4 5 1 017 10 44 9 8 01 12 23 991800 024 7173 510
300 193 2 7 12 8 0 06 80 0 1 84 900 10.4 08 20.4 02 9 0.8 64 52.5 19 4 5 1780 82 4.9 05 8.43 67.0 09.2 101.3 1.30 632.0 09.9 8.21 0 5 10 90 12.002
2
 0.0 79.2 08.5 12.7 00.3 124.5 124 0.04 53.9 932.3 0.60 300.98
98.7 00.0 74.3 090.5 004 5.30 53.5 030.3 9.54 005.98
2 0 0 2 5073 45 15 4 5 10 0 8 3 8 08 9 7 0 9 3 1 910 12 46 0 8 24 01 29 891297 125 0023 000
233 823 5 7 82 8 2 02 89 8 0 82 550 10.2 79 23.4 10 7 0.2 19 12.2 02 0 5 1030 02 0.0 02 6.65 77.2 89.2 103.3 8.30 952.5 71.2 5.00 8 5 02 98 10.004
 8.0 09.2
1 2 0 4 5193 40 76 0 8 10 9 5 5 0 24 9 0 9 7 0 0 908 12 95 9 8 24 12 90 891929 170 5523 393
160 103 0 5 12 8 8 12 09 9 1 02 987 12.4 05 03.0 02 5 4.5 54 02.5 10 0 5 1803 12 4.9 12 0.96 17.0 08.2 120.0 1.20 908.5 04.7 5.20 9 8 12 99 02.822
4
 8.5 89.2 98.2 12.9 65.0 122.7 080 5.39 54.8 500.3 1.50 420.98
00.6 10.6 80.3 228.0 108 5.04 53.2 571.3 7.10 665.99
8 2 0 0 0053 30 14 7 5 12 9 0 8 1 08 9 2 1 4 0 9 912 00 00 9 8 69 85 03 891226 790 0123 509
123 623 0 9 92 6 0 08 88 0 1 82 900 02.4 10 29.4 10 4 9.3 14 44.0 12 6 8 1750 12 5.0 15 0.97 85.9 49.3 333.7 1.05 100.5 89.6 0.01 0 5 00 90 67.020
 8.5 09.2
1 9 5 4 0725 50 00 9 0 92 0 0 0 1 32 0 7 1 9 7 1 912 12 45 0 8 00 93 23 840223 025 0183 036
123 123 3 5 82 9 0 12 49 5 3 02 989 10.4 85 00.3 50 9 0.0 14 13.0 18 5 8 0289 92 3.0 18 2.80 97.0 89.2 070.0 0.70 538.5 78.8 5.02 3 5 10 08 29.022
7
 8.0 80.0 95.2 12.8 09.3 022.5 020 6.94 03.2 580.3 7.53 020.08
00.2 32.8 24.5 722.5 806 9.34 90.2 730.0 0.03 125.90
0 4 3 7 5029 99 70 0 5 18 9 2 4 8 08 0 8 1 8 0 1 612 02 90 7 8 20 10 69 991929 124 8006 026
030 034 5 4 12 8 0 87 86 6 1 02 087 09.9 85 23.4 14 0 9.2 04 04.5 60 3 5 1210 02 4.5 82 9.80 80.0 79.5 720.0 0.65 032.0 87.2 0.08 3 5 11 99 18.020
 8.5 89.4
6 0 3 4 5020 48 10 5 0 12 9 2 6 1 28 9 2 1 4 0 1 930 15 45 9 8 07 70 03 869090 425 4168 540
108 187 5 0 12 7 0 10 50 0 4 08 987 00.4 15 03.6 14 9 0.2 04 18.5 02 3 0 1089 02 6.0 10 2.01 97.2 19.2 128.8 0.90 830.0 00.0 5.21 3 5 12 90 69.920
7
 0.6 90.7 98.2 10.0 04.7 149.5 027 5.84 53.2 552.0 1.90 145.90
96.2 16.6 58.8 027.0 084 7.00 77.2 542.3 1.03 605.99
5 0 1 4 3159 45 42 5 5 19 0 2 4 8 88 9 7 1 0 5 1 812 03 45 9 8 27 99 73 891249 024 8123 588
103 009 0 9 90 8 2 02 80 0 0 80 990 10.4 35 05.0 71 3 9.2 14 10.0 12 1 5 9280 12 4.5 18 0.00 30.0 00.2 053.6 0.30 100.5 87.0 5.21 3 8 12 08 12.029
2
 0.8 79.2 68.2 82.0 92.3 164.7 009 0.39 03.0 930.0 1.43 106.98
93.8 12.6 50.3 120.5 898 5.14 53.2 534.6 1.59 000.98
1 0 8 0 6128 03 15 7 3 18 9 6 0 1 68 9 7 5 4 5 1 002 10 40 9 8 28 67 90 807929 020 9600 557
903 103 5 0 09 6 0 12 90 4 0 80 987 10.9 15 01.0 10 6 9.2 94 12.5 12 3 0 0724 42 0.5 90 2.40 02.2 07.2 933.3 5.60 030.5 80.2 5.01 5 9 12 50 82.002
 8.0 89.2
7 8 3 4 5923 05 40 0 9 02 0 0 8 6 18 9 8 0 0 5 7 430 02 49 0 8 71 10 23 891023 024 8123 056
669 623 5 9 06 8 0 12 89 0 9 02 968 82.4 15 03.4 90 4 8.2 08 97.4 12 6 5 0069 02 4.0 10 0.05 08.2 00.9 100.3 1.39 022.5 87.2 0.01 5 0 67 95 00.778
0
 7.5 89.2 08.2 12.9 64.8 920.5 194 5.00 53.2 508.0 1.13 000.98
90.2 12.7 54.0 622.0 024 0.30 53.7 332.0 0.03 150.34
0 0 0 9 5403 52 72 8 5 22 0 5 7 1 55 0 2 0 4 3 0 752 72 40 9 7 20 12 60 891068 623 0129 590
105 050 5 9 00 8 2 12 70 8 1 88 907 10.4 19 23.8 72 7 1.0 13 02.3 08 3 9 8203 42 0.5 12 0.45 07.1 09.0 103.3 9.25 107.5 87.4 2.71 5 8 19 90 40.402
 0.5 09.2
1 3 3 7 3024 05 18 7 8 17 0 2 0 3 20 9 7 1 4 5 1 900 52 45 9 2 84 12 23 897278 025 0150 900
068 123 5 8 12 8 2 02 49 0 6 02 990 02.4 96 03.6 12 7 0.0 10 10.0 04 8 1 0980 02 4.9 19 8.45 90.6 09.2 125.3 0.40 032.5 86.7 7.00 3 0 19 99 64.720
0
 8.5 09.8 00.2 19.6 50.0 128.5 020 6.09 90.2 030.6 1.07 135.68
90.2 02.5 44.0 002.2 890 0.07 55.2 530.0 1.53 005.98
1 8 6 4 0123 25 08 9 0 01 0 4 0 9 60 8 8 8 0 3 8 747 13 06 9 8 80 03 13 841223 120 8046 076
123 127 5 9 14 8 2 52 88 8 0 02 584 50.6 05 20.4 00 1 0.1 14 12.0 10 8 0 1289 12 4.0 12 7.00 80.2 23.0 120.3 1.35 034.5 87.0 5.26 7 0 02 98 09.472
 0.5 80.4
6 2 3 4 0100 05 00 5 5 70 3 0 0 1 67 9 9 9 4 9 6 900 62 99 9 4 00 10 23 870233 125 9103 558
123 753 0 9 12 8 0 02 70 0 1 82 907 07.9 85 29.0 10 0 9.0 78 12.0 15 3 5 1098 07 0.0 00 2.09 80.2 89.2 026.3 1.04 147.0 90.0 5.20 0 5 12 98 00.028
2
 7.0 89.0 90.5 92.6 54.1 760.5 125 5.30 53.4 870.3 1.53 105.38
98.8 03.2 54.3 050.5 126 8.04 06.2 584.6 5.40 103.80
1 8 3 0 5820 03 12 5 7 10 9 5 0 1 20 0 3 7 4 5 1 942 12 74 0 8 04 14 03 491273 869 8923 079
183 900 5 0 02 8 2 12 89 6 0 80 987 17.4 07 20.4 02 6 9.8 14 12.5 15 5 0 9280 12 4.5 13 0.40 00.0 37.0 122.9 0.95 102.6 87.7 0.21 3 0 82 90 92.600
 0.8 89.2
1 0 8 4 3100 40 16 5 5 12 0 0 0 1 08 4 8 1 5 0 1 612 35 30 0 3 24 12 23 901028 184 8123 557
103 323 3 9 02 2 0 02 89 9 1 02 987 92.4 15 53.4 07 4 0.5 14 82.5 12 3 9 1688 03 9.5 12 5.45 89.0 80.0 923.1 1.90 102.5 03.0 8.26 3 0 12 90 12.086
0
 8.0 87.0 78.7 12.7 07.9 122.6 520 0.00 58.2 886.3 8.58 775.98
00.2 06.5 12.2 120.0 120 0.34 08.2 030.3 1.33 025.10
1 2 0 4 5193 90 12 5 5 15 5 0 0 1 28 4 0 0 4 5 0 970 18 47 9 8 24 82 09 802200 100 8127 510
893 023 0 0 10 5 2 10 03 0 2 58 947 12.4 19 23.4 13 0 6.9 00 03.5 12 3 0 1289 32 7.4 12 2.85 06.2 92.2 803.3 5.35 172.9 80.2 0.01 3 5 13 98 12.602
8
 0.0 87.2 08.8 02.3 04.3 760.5 124 9.04 53.9 030.9 0.80 125.98
88.9 18.2 57.0 922.5 127 5.56 93.0 030.0 1.53 720.00
8 2 0 7 5003 14 12 8 0 02 9 7 6 0 28 3 9 1 4 9 1 912 29 00 2 8 04 10 23 894228 824 8323 596
024 023 5 0 09 6 2 07 09 0 0 80 987 12.5 87 28.3 10 4 0.2 00 12.9 30 3 5 1380 92 4.0 10 2.35 80.6 89.0 004.3 0.05 038.5 77.0 5.21 6 5 12 98 12.022
 8.0 86.2
1 2 0 0 5088 48 10 5 5 52 9 2 0 1 28 0 2 1 4 4 1 919 39 65 9 1 29 12 20 499029 198 8009 506
123 078 5 3 06 8 8 92 89 3 4 62 907 30.4 10 23.0 10 8 5.6 00 10.0 90 3 0 4080 92 0.3 10 5.47 87.0 09.7 163.0 1.32 035.0 86.7 5.26 5 8 02 08 62.732
0
 0.5 86.2 98.0 09.0 52.0 520.0 824 8.30 50.0 502.3 8.23 125.98
78.2 00.5 04.4 677.5 124 0.37 53.2 530.3 0.53 120.00
5 0 4 7 5127 80 12 0 8 02 9 2 0 7 20 9 0 1 4 7 1 912 58 35 9 0 80 12 23 851063 140 8229 598
623 123 0 9 16 9 0 82 64 5 1 80 087 80.0 15 26.7 12 7 9.0 14 12.5 06 3 0 1284 70 3.5 68 0.45 87.4 89.4 925.3 1.39 080.9 67.0 7.21 3 0 08 87 12.025
 8.5 89.8
0 2 0 5 5026 40 02 0 0 02 0 9 0 1 20 9 2 6 4 5 1 602 12 46 6 0 00 02 23 051280 020 8626 806
120 023 3 9 06 5 2 13 89 4 1 80 258 12.6 15 60.3 00 4 9.2 44 32.0 12 3 2 0980 12 7.0 02 0.79 87.8 49.2 830.3 1.35 970.5 00.0 5.21 0 5 13 90 10.384
0
 9.5 09.2 93.5 12.5 04.7 009.5 809 0.39 53.0 532.3 1.43 605.08
98.6 12.0 01.0 022.9 222 0.84 53.2 535.3 1.33 100.90
0 5 3 4 0599 45 61 5 5 00 6 2 0 1 29 9 2 7 4 5 1 409 10 07 9 9 26 19 23 691005 064 8153 907
103 479 0 5 10 8 8 12 89 7 0 82 980 19.9 15 53.0 42 0 9.2 10 40.5 10 3 5 0089 10 0.5 99 5.46 58.2 28.2 100.3 1.00 038.5 80.0 0.28 5 9 12 98 12.000
 8.5 71.2
1 2 3 9 5003 48 22 0 2 72 0 6 7 1 08 0 2 8 0 5 1 944 12 45 0 8 04 02 23 000250 127 8120 556
120 153 0 9 07 8 2 10 49 6 1 02 987 17.0 15 20.4 02 4 9.5 34 12.0 12 7 5 0089 00 0.6 01 2.40 00.9 80.0 109.3 0.34 132.5 02.2 5.01 0 9 70 28 12.732
7
 0.5 00.2 08.9 17.2 90.7 122.0 029 0.30 00.2 597.7 1.53 125.90
98.7 40.0 04.8 022.0 824 5.30 57.7 502.3 8.09 185.38
0 0 8 0 0160 00 11 9 6 00 8 9 9 0 48 9 2 0 0 5 0 900 18 40 5 0 24 12 83 091223 128 7190 886
287 023 0 5 02 8 2 10 00 0 1 82 087 59.0 15 73.4 12 8 9.0 10 10.5 19 3 3 1289 12 0.9 72 8.40 87.8 10.9 623.8 7.05 030.5 57.8 5.21 3 7 02 90 00.082
 9.5 88.0
2 2 3 0 5023 75 02 5 5 10 9 0 0 1 20 0 7 1 6 8 1 012 62 05 0 8 28 10 93 841053 126 7973 555
100 100 5 9 00 8 2 10 89 8 9 00 927 10.0 15 93.0 12 4 6.6 10 00.5 52 3 5 1670 16 8.0 80 0.45 77.2 85.7 021.3 1.35 732.6 00.2 5.88 9 5 12 08 02.820
2
 1.1 89.2 98.2 10.5 50.1 102.5 604 5.04 90.7 592.3 0.03 127.08
08.2 12.5 94.3 022.5 064 5.08 80.2 704.4 0.33 005.55
1 7 8 4 0123 87 12 9 1 72 9 9 0 1 20 9 2 1 4 8 6 912 12 99 9 7 24 10 03 090203 120 0928 025
123 125 5 9 02 8 8 13 88 7 2 82 407 12.8 00 28.5 66 8 7.3 00 80.5 02 3 5 1284 02 0.7 12 0.65 07.2 09.0 102.1 1.35 509.9 87.2 5.10 0 5 10 98 02.002
7
 8.8 69.2 08.2 02.0 04.3 006.5 138 5.34 76.2 902.0 5.50 825.98
90.2 02.5 56.3 002.0 524 0.34 53.0 532.3 0.20 145.88
1 2 3 0 0121 90 10 7 5 02 0 2 0 0 68 2 2 1 4 5 9 212 12 40 0 7 22 70 04 091520 049 8760 556
103 193 0 3 06 9 0 17 09 1 1 55 987 12.7 87 28.0 16 0 4.8 14 12.0 22 0 5 0286 19 4.0 12 2.66 86.2 09.2 823.3 3.00 032.5 60.2 5.21 4 6 02 95 14.562
 8.5 09.9
0 0 0 0 6103 45 00 5 5 12 9 0 6 8 98 0 0 8 4 4 9 062 12 75 3 8 20 18 20 800020 626 8170 058
522 126 5 9 10 8 6 02 09 2 1 00 279 00.4 59 73.4 19 7 9.6 18 02.5 10 3 8 0282 17 4.0 02 2.45 87.2 82.0 143.1 0.34 130.5 87.0 5.70 0 5 09 68 00.022
1
 8.7 89.0 98.5 12.0 00.3 732.5 049 5.54 53.0 835.0 4.53 305.98
00.9 12.5 04.3 082.0 101 5.20 00.0 537.7 1.08 120.68
0 3 6 0 9629 35 82 5 5 02 9 9 0 0 08 0 2 1 4 5 0 712 15 05 9 8 29 02 25 064223 120 8133 558
153 023 0 9 19 8 8 72 00 0 9 98 089 12.3 63 50.4 12 8 0.0 10 10.0 10 0 5 1209 02 7.5 12 2.49 87.2 89.2 000.0 0.65 190.5 89.8 5.97 3 6 00 30 82.602
 0.9 39.2
8 0 3 4 0543 40 48 5 7 18 9 9 9 9 28 0 2 1 4 8 0 932 00 49 9 0 24 00 90 051203 124 8125 550
507 940 0 9 12 0 6 12 60 4 9 82 107 10.6 85 08.4 00 4 9.0 10 10.5 82 3 5 7287 90 8.5 10 2.45 80.0 04.2 100.0 8.36 335.0 82.6 5.26 3 9 12 88 16.400
2
 8.5 88.2 08.0 02.9 69.3 120.0 094 5.63 90.2 702.0 2.53 125.96
00.2 92.6 04.3 822.0 326 8.34 53.0 560.0 1.53 125.08
5 2 5 4 0992 45 00 5 5 12 9 2 0 7 08 9 2 1 7 5 1 010 10 69 7 0 24 10 23 891223 124 7030 600
043 023 0 0 10 7 2 00 69 0 0 41 087 10.0 15 93.4 20 8 0.0 04 02.9 02 3 6 1207 16 6.5 02 0.80 07.2 89.0 109.0 2.15 730.0 97.6 0.29 3 3 00 00 02.400
 8.5 64.0
8 2 3 0 0021 05 69 0 5 12 9 0 8 0 28 9 6 5 0 5 7 955 10 00 0 8 24 12 25 091220 124 0093 550
000 153 5 8 12 0 2 12 88 6 1 02 837 02.8 19 33.4 12 0 0.2 19 60.6 12 4 5 1389 02 4.0 92 2.45 07.0 85.3 123.3 0.95 032.5 07.0 5.71 0 5 19 98 19.097
2
 8.4 79.8 58.0 19.5 54.0 194.8 012 0.39 53.0 032.3 9.53 780.78
64.7 40.5 53.3 828.3 004 6.34 50.4 532.9 0.00 055.25
1 2 3 4 0023 45 02 0 9 59 9 2 4 0 28 9 2 1 7 0 1 918 12 45 5 8 00 50 97 670223 580 4700 097
107 126 0 9 90 8 8 12 89 6 0 22 907 12.4 18 80.7 10 7 8.2 65 08.5 10 8 5 5680 22 5.5 12 5.45 86.2 99.0 520.7 1.28 649.5 97.2 5.23 0 5 53 58 02.452
 0.5 89.9
8 4 7 0 6063 45 59 5 5 50 9 6 2 1 08 9 9 1 0 0 1 010 62 45 9 8 24 12 23 800224 104 0020 154
090 103 9 9 27 8 0 02 49 0 0 82 901 02.5 14 23.4 18 4 9.2 54 12.9 12 3 5 8289 18 4.4 97 9.05 85.2 09.6 623.3 1.36 102.5 86.9 0.20 3 5 28 98 12.009
4
 8.7 09.2 95.6 10.5 74.0 000.5 124 0.34 03.0 105.3 0.53 525.99
08.2 02.0 90.3 120.1 120 5.30 30.9 852.7 1.03 005.90
1 3 8 4 5006 45 01 4 5 32 8 2 9 1 28 5 2 1 1 5 0 300 10 09 9 8 73 12 05 001027 194 6103 006
127 428 7 9 16 8 0 92 89 0 0 89 080 12.0 15 04.4 79 9 8.0 64 10.9 18 6 0 1089 17 4.0 18 0.16 07.8 89.2 706.0 6.48 930.3 77.5 9.21 0 4 12 68 10.022
0
 9.0 70.2 99.2 00.5 50.3 070.5 106 5.33 55.8 532.5 0.50 195.93
90.0 12.5 47.9 182.5 900 0.96 50.2 532.5 0.54 105.68
1 2 3 0 5123 08 12 8 4 92 0 0 1 0 87 0 2 1 8 5 0 910 02 30 0 7 24 50 25 791803 104 0103 056
073 176 0 0 80 9 0 13 89 7 0 02 985 18.4 07 88.8 02 7 9.6 10 98.5 12 6 0 1989 19 4.5 02 7.40 00.2 88.2 123.3 0.00 112.6 87.2 5.26 3 5 70 94 69.022
 8.5 88.7
1 8 0 0 5026 52 12 5 5 00 9 8 0 2 49 4 9 9 4 5 0 972 06 40 0 4 28 10 43 355227 124 8433 505
100 600 0 9 12 8 0 03 09 4 1 22 787 15.4 05 24.5 09 5 7.0 10 12.7 10 3 0 0070 02 4.5 38 2.44 86.9 82.2 118.7 1.60 732.7 07.0 5.21 6 9 10 90 72.022
2
 8.4 29.2 90.7 22.5 54.3 122.5 424 0.04 54.5 032.9 1.83 005.02
90.2 12.7 30.3 040.5 303 5.90 85.2 553.3 1.59 125.58
1 5 3 4 4207 20 12 0 0 20 0 2 0 0 28 6 1 1 4 0 0 912 02 45 9 0 90 92 24 891020 904 8023 050
003 103 7 0 14 8 2 62 29 8 1 89 900 82.4 83 00.0 22 4 6.2 04 00.5 02 0 3 0909 15 0.8 10 0.43 00.2 85.2 062.2 1.01 232.5 17.2 6.01 4 5 51 00 52.050
 3.5 89.2
5 0 3 8 5103 45 05 5 8 12 0 2 7 1 50 9 2 0 4 5 1 012 12 49 7 2 24 12 20 691223 324 8124 506
925 103 0 9 16 0 7 15 89 0 1 09 987 60.0 15 05.5 72 9 7.2 10 52.5 60 3 5 0249 84 2.8 72 0.45 70.2 80.6 149.3 1.60 102.4 07.0 0.09 3 0 70 78 42.722
2
 4.9 89.2 94.0 62.0 50.0 102.5 444 5.34 05.2 530.3 7.60 055.08
99.5 05.5 00.3 120.5 134 8.94 50.2 142.8 0.53 945.08
5 2 3 4 6623 75 02 0 0 12 9 7 0 1 26 0 5 1 4 8 1 110 10 80 5 0 29 78 43 850220 984 4183 076
526 123 5 9 12 8 2 03 79 7 3 02 970 02.8 05 77.0 22 4 7.9 96 12.5 00 3 4 5209 00 5.5 02 2.00 77.0 30.2 120.3 3.45 036.5 87.9 5.21 3 0 80 98 17.082
 8.3 09.2
6 0 3 4 0973 45 19 5 0 06 5 9 8 1 26 9 0 0 4 0 5 070 82 35 0 0 00 10 53 891227 006 8800 494
183 100 5 9 99 0 0 80 80 9 7 02 080 15.0 95 19.6 00 0 9.0 94 02.5 00 0 6 1280 02 0.9 15 6.00 00.2 09.8 520.3 1.32 922.3 87.6 8.08 0 5 12 00 02.062
1
 0.5 50.2 69.0 66.0 59.2 152.5 180 0.94 53.0 732.0 5.63 105.98
91.9 18.0 50.3 402.0 774 5.04 53.2 580.3 1.53 923.98
5 8 3 5 5123 45 05 5 5 00 9 8 0 1 00 0 2 1 4 5 0 002 12 41 0 8 24 32 23 885223 017 8023 756
123 883 5 9 02 0 9 44 90 0 1 82 080 52.4 19 20.0 19 8 9.1 50 30.5 90 0 5 1289 18 0.5 02 0.05 80.2 89.0 123.0 0.80 408.0 60.2 5.00 0 0 40 05 00.086
 6.7 29.0
0 3 0 4 8143 45 10 5 5 10 9 2 0 1 68 9 7 1 8 7 1 990 52 40 0 6 06 02 06 890223 020 8130 006
100 420 0 9 02 8 0 02 89 0 1 02 000 92.4 10 03.0 10 4 8.0 14 12.8 82 3 5 4200 14 4.0 12 7.70 87.0 80.4 128.7 0.38 780.5 07.2 5.20 0 9 09 58 04.820
2
 0.5 81.2 00.5 60.5 04.3 023.0 180 8.97 53.2 972.2 1.03 000.97
98.2 02.5 52.6 180.5 004 5.93 53.5 532.3 1.50 670.90
1 2 0 4 9053 40 12 5 0 02 9 2 0 1 00 0 0 0 4 0 1 567 18 55 9 0 00 00 53 897203 064 3700 506
043 100 5 8 09 5 0 92 83 7 1 02 907 02.8 16 20.4 08 4 9.5 10 16.5 00 3 6 0200 18 4.5 10 7.41 87.6 89.7 170.3 1.39 037.8 70.0 5.51 3 5 19 58 12.422
2
 7.5 79.0 08.2 12.5 54.6 626.5 079 0.04 73.2 532.3 0.50 125.98
90.2 12.0 50.3 090.5 120 0.81 53.7 892.3 0.59 960.98
1 0 3 9 5703 05 80 7 5 72 9 2 0 4 06 9 2 7 4 6 1 011 12 50 9 0 54 82 23 891227 121 9123 513
120 183 5 2 00 0 9 00 89 9 6 82 788 10.7 00 93.9 88 0 9.2 14 02.0 92 3 5 1209 15 4.6 64 2.40 04.2 80.8 023.3 1.35 102.7 77.2 0.76 3 5 62 79 50.920
 8.3 80.2
1 0 0 0 5120 65 07 5 5 15 9 2 0 8 28 0 2 1 4 4 0 800 18 45 9 0 24 12 03 090203 124 8123 549
153 003 8 7 00 8 0 56 87 5 3 80 884 02.0 07 33.4 82 6 9.9 04 18.0 06 0 0 0200 02 0.0 10 2.04 80.2 89.2 789.3 1.03 030.6 00.9 5.21 3 5 02 42 02.002
8
 5.5 09.2 08.2 52.5 04.0 122.5 120 4.37 50.2 000.3 9.62 027.08
05.0 72.0 04.0 002.5 104 0.74 03.6 539.3 9.63 150.95
1 2 0 4 0100 48 80 0 5 19 0 2 7 0 40 9 2 1 9 5 4 712 29 40 6 8 25 01 20 091823 024 8080 560
153 129 0 0 97 8 2 52 88 6 0 00 058 02.8 90 03.4 39 0 9.2 13 70.3 12 9 0 0909 82 4.5 12 0.95 91.2 85.0 103.3 8.35 130.5 89.2 5.29 0 5 80 48 16.029
 5.7 60.7
1 8 3 4 0143 45 02 3 9 50 9 0 0 0 20 0 2 1 0 5 9 982 18 05 9 0 04 15 87 290223 040 0773 026
126 153 5 9 12 5 0 12 59 0 1 80 987 94.4 00 20.8 12 6 6.9 14 05.3 72 3 2 8089 30 0.4 12 2.27 80.2 80.0 003.3 0.35 000.3 07.0 5.01 3 5 10 00 89.022
2
 8.0 89.2 95.0 05.5 54.7 002.5 760 5.30 56.2 599.3 0.53 526.08
08.2 12.0 24.6 151.8 100 5.04 00.9 430.9 5.50 705.08
1 2 3 4 6637 45 06 7 5 02 9 9 9 5 28 0 3 1 4 0 9 042 19 40 9 0 14 08 03 396223 024 0820 559
724 523 0 9 64 8 7 00 94 4 1 80 983 40.9 05 90.0 80 6 9.0 79 18.0 46 3 5 1809 30 4.5 82 0.40 87.2 00.2 103.0 1.08 130.5 87.9 5.91 7 5 02 71 12.429
 5.5 81.3
1 2 9 0 5503 56 12 5 5 60 7 2 6 1 28 9 9 0 4 5 1 970 07 45 5 8 84 12 23 059463 160 8023 550
853 350 0 0 90 8 6 12 89 7 1 70 800 40.4 00 23.3 62 0 9.0 87 02.0 70 3 5 0207 17 7.7 12 2.45 00.2 03.6 020.0 1.85 502.8 00.2 3.11 9 0 12 08 08.070
2
 8.0 09.2 36.0 14.0 54.3 102.7 804 8.69 33.9 530.0 1.50 165.96
97.0 12.5 54.3 570.6 524 1.36 03.0 032.3 9.03 885.00
1 0 0 4 5422 45 00 0 5 72 9 0 0 8 00 0 6 5 0 5 5 802 12 60 9 0 24 15 60 060023 124 0293 506
080 123 5 6 12 5 2 42 80 0 1 80 087 10.4 00 13.4 80 0 9.8 14 16.5 16 3 8 7200 52 0.5 15 0.05 81.0 05.2 123.7 8.30 730.5 07.2 0.21 3 5 12 98 16.040
 4.0 89.2
1 0 3 4 5823 37 80 0 5 18 0 2 0 9 20 4 2 1 4 7 0 902 12 95 0 9 24 30 83 801228 028 2050 550
123 123 5 9 92 1 2 10 00 5 6 82 907 10.0 05 25.6 10 0 0.2 10 42.5 19 3 5 1509 02 4.7 12 2.49 87.2 00.2 024.3 8.08 100.3 88.0 0.01 9 5 99 58 52.482
2
 8.0 06.6 00.0 12.0 30.3 109.5 594 5.34 53.0 538.0 1.58 120.06
08.2 02.5 04.9 122.9 104 8.34 03.6 582.3 0.53 005.98
0 2 3 6 5113 75 12 5 7 02 7 2 8 1 08 0 8 3 4 0 0 748 10 08 9 8 84 12 20 001223 894 8599 053
090 168 5 9 89 8 7 02 09 0 0 96 987 12.4 15 20.0 02 5 8.0 40 65.5 70 3 5 1899 17 0.5 10 0.43 36.2 96.8 103.6 1.35 132.2 87.0 0.07 3 5 10 08 12.022
2
 8.5 89.2 07.7 09.0 06.8 122.0 147 4.34 03.0 530.8 8.50 125.08
90.2 12.0 04.0 102.0 524 5.04 50.2 502.3 2.58 125.08
6 9 3 4 5120 40 02 0 5 20 2 0 9 1 00 6 2 6 4 5 5 910 59 73 9 6 34 12 03 407020 024 8123 056
190 193 4 9 13 6 0 04 49 0 1 99 907 12.4 04 23.0 72 0 9.6 19 12.5 06 3 0 6079 12 0.5 52 2.85 00.2 89.0 105.3 1.80 138.5 99.2 0.21 7 0 70 98 02.002
 0.5 89.0
4 4 3 4 5020 05 18 5 0 02 9 2 0 1 28 0 2 1 4 0 0 010 10 40 0 0 00 18 20 803283 121 0960 806
040 020 5 9 10 4 0 12 79 6 1 80 087 19.4 05 13.4 00 4 0.0 04 67.5 12 2 5 7280 02 0.6 82 2.45 47.2 09.2 120.3 3.38 039.9 87.0 0.50 0 6 02 68 18.528
2
 4.0 09.3 98.0 00.7 54.7 720.5 088 2.07 40.7 030.3 1.55 100.92
88.0 07.0 04.3 109.5 000 0.30 50.0 802.3 0.03 025.98
1 2 3 4 0143 40 00 5 5 92 9 6 0 1 58 0 5 0 4 5 6 912 08 27 0 8 04 72 63 898600 097 8100 556
023 030 5 9 00 1 2 10 09 3 1 84 984 12.3 10 09.7 18 0 9.2 54 12.0 10 3 0 1090 02 0.8 15 2.69 87.2 89.9 003.0 1.95 502.5 47.2 8.00 0 0 18 98 00.020
 8.5 89.2
1 0 3 6 5523 47 10 4 5 12 9 2 9 0 28 0 9 1 8 0 9 904 10 95 9 0 62 92 83 891100 024 7823 502
883 100 5 0 12 0 4 82 07 0 2 82 707 12.0 10 23.9 12 4 9.2 94 12.5 02 3 5 1089 10 7.7 12 0.35 87.0 89.0 000.3 1.30 800.5 57.0 5.25 9 2 86 90 92.724
2
 0.5 79.2 97.0 11.5 04.3 800.0 020 9.04 53.0 035.3 1.43 020.90
08.2 42.0 99.3 822.5 124 5.04 50.7 536.3 1.80 226.90
0 2 1 8 6483 77 00 9 5 99 0 0 7 1 68 7 0 1 4 0 1 919 12 45 9 8 74 00 07 890506 658 4159 856
123 643 5 9 10 8 0 09 80 7 1 82 987 02.2 17 50.4 12 4 9.2 00 82.6 12 0 0 6689 12 4.2 00 0.45 85.2 09.6 728.9 1.05 132.5 87.6 5.22 3 4 12 98 77.052
 8.5 89.6
0 2 0 4 5223 48 90 0 5 12 0 0 0 0 28 9 2 9 0 0 0 912 10 45 9 8 24 98 23 041023 120 0020 556
623 023 7 9 12 8 4 12 09 7 0 85 080 10.4 15 03.4 12 4 0.2 04 02.6 12 8 5 1009 01 4.5 12 0.45 88.2 87.2 124.8 1.47 002.0 07.1 0.01 3 5 16 97 02.904
2
 3.3 08.0 98.2 36.0 69.3 720.5 698 0.54 53.2 003.9 1.73 575.98
78.2 16.0 40.3 020.5 104 5.34 82.2 536.3 1.09 005.90
7 2 8 4 5500 55 89 5 9 12 9 2 7 1 58 0 8 0 4 0 0 712 20 35 9 9 74 10 03 891424 085 8109 560
123 923 5 7 02 0 0 17 89 7 3 80 987 00.4 15 23.4 80 4 6.2 08 10.7 02 5 8 1284 02 0.5 82 2.85 07.2 39.2 128.7 1.02 602.9 88.2 5.20 5 8 00 96 67.732
 5.5 89.2
6 2 3 4 5029 45 82 7 5 72 0 2 8 1 20 9 6 6 4 9 1 790 72 00 9 8 20 92 00 896227 124 8153 558
020 003 0 9 68 3 9 70 99 1 0 82 908 88.4 10 25.0 61 4 9.6 14 10.8 82 3 5 1009 12 6.0 05 8.75 89.3 89.2 133.4 0.85 632.3 80.2 9.21 3 5 98 98 02.022
2
 8.5 90.2 98.6 16.0 50.3 620.5 120 9.30 53.2 503.0 8.08 103.68
88.0 02.5 34.7 718.5 009 5.89 53.2 532.3 3.73 105.08
