1 0 3 4 0000 70 12 0 0 00 4 2 0 0 20 7 0 0 0 5 0 900 02 00 0 0 24 67 20 000070 104 0103 000 
400 637 0 0 02 0 2 02 00 0 8 30 907 0080 00 0000 00 6 012 00 0003 10 0 0 0030 07 010 02 0140 0000 0089
00000 6007 00005 0032 8300 0 6 02 34 00000 000 9002 9060 1000 3400 02005 000 7014 0692 53010 0100 185097
7 0 0 0 0120 00 10 0 2 00 0 2 0 0 00 9 0 6 4 0 4 002 02 00 0 0 00 00 03 000007 080 0060 500
70 623 0 0 02 8 2 19 80 0 1 87 080 0014 00 2308 12 7 000 00 4005 10 0 0 0200 00 445 00 9005 0010 0070
02300 0137 00000 0000 0020 0 0 40 00 04005 070 0908 1004 8000 0600 00000 004 0100 0000 58013 4100 100008
7 0 7 6 0000 00 12 0 5 00 0 6 0 0 01 0 4 0 0 0 0 900 10 05 0 0 02 80 03 000000 100 0103 590
020 100 0 0 00 0 0 02 70 0 0 00 007 0000 00 0004 81 7 078 00 1000 09 3 0 1000 02 410 20 5045 0700 8719
02003 0000 00200 0009 5000 0 0 02 00 02000 009 6012 0000 0200 0000 68285 000 0090 0068 00203 0000 005000
0 2 7 9 5843 00 10 5 7 10 8 0 9 8 20 0 0 0 4 8 9 000 12 95 9 9 00 02 20 000223 720 0703 550
003 003 5 0 00 0 5 00 80 7 0 60 000 1004 05 4000 62 0 008 10 0010 19 0 0 0000 10 309 70 0945 0700 9010
09000 0000 10000 0002 5501 3 0 00 08 10000 806 0500 7000 0200 0000 00010 000 5000 2300 50000 2000 205008
0 0 6 9 0000 00 52 4 5 00 0 2 1 0 90 9 7 0 0 0 0 000 00 40 0 0 00 10 00 000200 009 0020 000
020 000 0 5 10 8 8 10 00 0 0 00 007 0010 00 7090 00 0 000 00 0205 00 4 0 0000 00 405 01 2405 8000 0900
00003 0036 03015 8010 0040 0 0 08 00 00000 090 0972 8016 0900 0090 00000 009 0000 5005 57000 0100 000108
0 0 0 0 0020 20 00 0 5 02 7 0 0 1 20 0 2 1 0 5 0 002 00 00 0 0 00 90 00 800000 004 4200 070
000 100 0 9 30 9 0 02 80 8 8 82 000 0000 10 0060 00 0 010 14 1110 02 3 0 1000 12 450 12 2860 0030 0000
02353 0536 10030 0700 0100 7 0 00 90 00530 075 0807 0000 1200 0009 04010 106 5000 5000 20003 1000 000090
0 0 0 0 0060 00 00 0 0 96 9 0 0 9 08 0 2 1 4 0 9 000 00 05 0 7 05 05 00 000200 004 8020 096
000 000 0 9 00 0 0 00 70 8 0 80 900 0704 00 0010 10 0 000 00 0205 00 0 0 5000 00 000 32 0000 8002 0000
04003 0039 00200 0012 0000 0 0 00 00 02060 065 0910 0050 0010 0900 00410 020 0307 5015 55710 1053 000108
0 6 0 4 0170 05 00 0 0 00 0 0 0 0 70 0 9 0 0 0 1 010 02 70 0 0 00 12 20 600003 056 8106 050
300 100 0 0 00 0 0 00 00 0 0 30 086 0220 10 0014 00 4 000 10 0200 90 3 0 0000 80 487 70 0000 0002 0002
10000 6100 00030 8000 0000 0 0 00 00 00005 000 0002 9002 8000 0010 00005 024 0004 0006 33003 0050 027000
0 1 0 0 5026 00 00 0 5 08 0 0 0 1 00 9 0 1 0 0 0 003 08 05 0 0 00 00 00 000000 000 0000 000
003 020 0 0 62 8 0 02 85 6 0 02 007 0200 35 0300 10 4 000 00 0202 12 0 0 1089 00 010 00 2100 8082 8000
00033 7070 03010 0702 0000 0 4 00 68 10102 800 0072 0810 5310 0013 02090 800 5000 5000 50010 0050 000000
0 9 0 0 9000 07 00 8 9 30 0 0 8 1 08 0 0 1 0 0 0 940 50 05 0 1 00 10 00 000200 820 0039 000
000 000 0 0 00 8 0 12 00 0 0 09 087 0007 10 0050 00 4 907 00 7000 12 0 9 1088 10 000 02 8040 0000 0000
00300 0000 10045 0000 4001 3 0 04 90 10400 010 0010 0080 0210 0400 00260 000 0108 5300 70200 0050 000100
7 0 0 4 6004 00 00 0 0 70 0 0 0 0 00 9  1 0 5 0 002 02 00 0 0 00 10 03 003000 004 0003 556
100 100 0 1 32 0 2 02 80 0 0 02 080 0210 05 0000 00 0 810 00 0215 00 0 5 1009 02 005 34 2040 8008 8030
0 2 0 0 5007 00 00 0 0 17 0 0 0 0 09 0 2 0 7 0 0 010 00 40 9 0 06 00 03 040004 000 0003 050
003 706 0 0 02 0 0 00 09 8 1 00 800 0000 00 0007 80 0 900 04 0000 02 0 0 8000 10 005 90 3000 0000 0900
00000 1008 10010 8002 0120 3 0 10 90 15000 015 0907 9000 0000 5505 92000 103 0634 5000 00250 0000 100060
0 7 5 4 5005 06 09 5 0 00 0 0 0 9 00 0 0 0 4 0 9 090 10 00 6 0 00 07 50 091700 100 0000 500
06 000 0 0 30 0 2 00 00 0 1 00 008 0010 07 0010 02 0 000 40 0010 20 5 0 0070 00 000 12 0005 0792 9900
00003 0005 00000 0010 5100 5 0 02 00 10100 000 0090 0070 0015 0008 00212 000 5134 0008 00060 0000 005000
0 0 0 0 8000 00 72 0 0 02 0 2 0 1 00 0 0 0 0 0 0 010 10 00 0 0 00 00 24 881020 024 8050 100
000 825 0 0 00 0 0 60 00 5 0 00 080 6000 00 0000 92 0 190 10 0050 00 3 5 0200 02 000 00 4040 0702 8010
00003 0430 00000 0700 5005 0 5 00 00 00060 850 0000 0010 0810 0010 10000 400 0004 0402 50010 5000 028090
0 0 0 9 0000 05 10 5 0 12 9 8 0 0 07 0 0 0 3 0 3 000 04 00 0 0 90 00 00 000000 100 8120 000
000 120 0 0 00 8 0 00 09 0 0 00 003 0035 05 0300 02 0 094 10 0090 12 0 0 0080 12 605 90 0008 6000 6900
00011 0900 00005 0700 0090 0 0 40 00 00000 800 8000 9082 0270 5413 10263 000 9000 5000 51000 1010 000000
0 0 0 0 0000 05 00 5 0 50 0 0 0 0 00 9 0 9 1 5 0 012 10 40 0 0 00 00 00 000003 000 0035 550
100 153 0 0 18 0 0 00 80 0 0 85 000 0000 05 0036 00 0 019 10 0005 10 0 0 0008 12 000 00 0005 3902 0900
40003 3000 03204 0000 0100 0 0 00 00 00000 010 0010 0800 0050 0010 16809 070 0140 5003 00000 0000 020000
0 0 9 3 0000 09 84 5 0 02 9 0 0 0 20 0 7 0 9 0 0 000 02 46 0 0 04 12 00 799023 000 0000 006
000 100 0 0 02 0 0 02 00 0 0 80 000 1870 38 0080 00 0 900 00 0510 02 0 0 0000 10 010 10 0044 0000 5000
02010 0005 10000 0000 0051 0 0 00 60 02002 000 8000 0010 3065 0480 00005 024 5070 7310 00208 3054 600008
0 0 3 0 0000 40 12 0 0 10 0 2 0 8 20 0 0 0 4 0 0 096 05 46 1 3 00 00 03 000200 004 0000 150
000 000 0 0 00 0 0 00 80 0 0 02 000 0070 05 2300 02 0 072 05 0200 00 4 0 0000 00 080 00 0030 6002 0000
02003 0100 40000 0700 0000 0 0 00 99 00000 010 8080 0010 0015 5000 12000 007 4070 0308 00080 0060 001108
0 9 0 0 0020 05 70 0 9 10 9 0 0 0 00 3 4 0 0 0 0 096 10 40 5 0 00 00 00 000823 100 0000 000
003 000 0 9 00 8 7 00 89 0 1 80 007 1000 10 2000 70 0 000 04 0009 00 0 0 0205 02 000 10 2068 5400 9740
00000 0000 00300 0003 5520 3 0 12 00 00080 000 0900 0050 1007 4000 00095 104 0100 0040 00800 0050 059008
0 0 0 4 0000 00 00 0 0 00 9 0 0 1 00 5 0 1 0 0 0 008 00 05 0 0 04 00 00 000000 124 8050 090
050 803 0 0 10 0 0 70 00 0 0 07 000 0203 10 2000 00 0 070 00 0049 70 0 7 0200 00 000 02 0000 0900 8006
00090 1005 13010 8700 5000 0 5 00 09 72108 000 0000 9009 1910 0003 00000 004 2000 6000 50910 1003 160100
0 2 4 0 0000 40 02 5 0 00 0 2 0 0 20 0 2 1 0 0 0 006 02 44 9 0 03 00 20 090225 004 0700 550
090 100 5 0 00 8 2 00 00 8 0 00 007 9010 80 0000 00 0 910 00 0209 80 0 0 0009 82 000 72 0085 0010 0910
00000 0008 00000 0910 0001 0 0 15 00 10000 800 6902 0000 1610 0000 00600 020 0000 0000 00000 0080 020040
0 9 0 0 0003 40 02 9 5 00 0 8 0 0 20 9 2 1 9 0 0 000 00 07 2 0 20 80 00 710003 000 0003 096
101 108 0 0 02 8 7 50 00 0 7 00 500 1800 05 0004 00 0 000 00 0000  0 0 00 00 00070 810 0000 0000 0000 0003 00000 020 5004 0000 50000 0050 000190
0 2 0 8 0000 40 00 0 0 00 7 0 0 0 00 9 0 0 4 0 0 900 10 00 9 0 06 00 00 000007 509 0122 550
020 103 0 0 10 3 0 70 80 9 8 00 000 0930 15 0000 00 0 200 80 1010 02 3 0 9000 00 400 00 0105 8002 8009
97004 1005 13000 0000 0000 3 0 04 02 00060 000 0018 0000 1055 0403 12265 000 0000 5022 00090 0803 000790
0 2 3 9 0000 90 12 0 3 06 0 0 0 0 00 0 0 0 0 5 2 000 00 05 9 0 00 00 00 007000 020 6100 500
103 190 0 9 10 0 2 00 09 1 0 00 000 0214 00 0310 00 0 002 00 0000 02 3 5 0009 02 000 02 0004 0000 0000
40000 0108 09000 0000 0420 0 5 12 30 07000 310 0010 9000 0000 0010 06000 004 0000 0012 03000 0060 100198
0 0 0 0 0100 00 10 0 4 10 0 0 8 0 20 9 0 1 0 0 1 000 12 00 0 9 20 00 90 091000 104 0180 506
020 120 5 0 12 0 0 00 00 0 0 87 580 0200 10 0000 02 4 010 00 0010 03 0 0 0090 00 095 12 0005 8070 9962
02090 1700 03010 9007 5000 0 5 00 90 12070 840 0006 0806 0080 0037 00260 600 0100 0410 50000 0000 120000
0 0 9 0 0100 10 00 0 0 00 0 0 5 4 28 0 0 0 0 5 0 600 00 00 9 0 00 00 09 090809 020 7000 050
000 123 0 0 02 0 0 00 80 0 1 02 000 1206 00 0019 00 0 000 10 1209 70 0 0 0087 00 000 60 0040 8700 0002
00000 0000 03005 8000 5090 3 5 40 00 10050 005 0000 0000 1000 2010 00016 090 0030 0409 40003 0000 009000
0 0 9 0 5000 00 00 0 5 02 0 0 0 0 00 8 0 1 0 0 6 060 02 00 9 0 24 00 00 008020 000 0000 500
723 023 0 0 03 0 4 02 00 4 0 02 900 1004 05 0300 00 3 060 14 0210 00 0 0 0000 00 000 09 8905 8000 0017
02003 0105 00000 0750 5091 0 0 00 54 00000 810 0065 0002 0300 4400 00010 006 0004 0642 00250 5000 000108
1 0 0 4 0000 80 02 5 0 10 0 2 5 1 00 0 0 1 4 0 0 907 01 45 0 0 00 00 03 000200 000 8803 009
000 008 5 0 02 0 0 90 07 0 0 02 087 0204 05 0110 00 0 000 10 0092 18 5 0 0080 12 030 00 0045 8470 5900
10910 1005 03210 2002 0101 0 0 10 10 12002 800 0000 9016 1200 0400 00200 003 0064 0000 00000 0153 125000
1 2 3 0 5000 00 17 0 0 12 9 0 0 0 28 0 2 0 0 5 0 012 00 09 0 0 70 00 90 090203 100 8100 006
120 020 0 9 02 0 0 00 80 0 2 00 900 0014 05 0000 12 0 000 00 1600 02 4 0 0000 77 005 00 0800 0000 8002
10000 9050 90208 0710 0101 0 0 00 08 92104 000 4000 9040 6005 5000 00080 000 0030 0082 00211 0100 100000
0 2 0 0 0089 00 02 5 0 02 0 0 8 0 00 0 0 0 8 0 5 912 04 00 0 8 00 06 20 900023 804 5600 056
173 000 5 0 80 8 8 60 39 0 0 80 080 0200 30 2003 00 0 005 04 1207 00 0 5 0004 70 005 00 0105 0037 0902
00010 0030 00005 8500 5021 0 0 92 97 00000 000 0000 9000 0201 0060 02205 094 5094 0000 00003 9003 105100
0 7 0 4 7003 40 00 8 5 12 9 0 8 0 09 5 0 0 0 0 0 002 00 00 0 3 08 00 90 008000 120 0000 806
000 028 0 8 00 0 8 12 00 0 0 00 087 0010 10 0004 00 0 860 14 0206 00 3 0 0004 00 410 00 0095 0000 8702
00000 0000 10800 0500 8100 0 0 16 90 00002 410 0000 0870 0270 0000 00900 620 5030 0010 00005 0153 000405
0 0 0 0 5820 42 00 5 0 10 0 0 0 0 08 9 0 1 0 0 0 610 00 00 9 0 00 12 00 890400 000 0096 000
140 600 0 0 14 0 4 80 00 0 0 08 900 0309 00 9014 00 0 007 00 0000 10 3 0 0000 00 005 02 0050 8002 0010
00008 1055 00010 0712 3820 3 0 12 00 06020 000 8910 0002 0009 0008 10200 004 5050 0310 03240 1003 020000
0 2 0 0 0147 09 10 0 0 90 0 0 3 0 03 0 0 9 0 0 0 200 00 40 0 8 08 10 09 000000 106 0000 000
50 140 0 0 02 8 0 10 00 0 0 05 085 0900 55 0000 00 4 002 00 6000 02 0 0 1000 00 000 00 0506 0000 8000
80100 0130 00800 0908 2181 0 0 05 98 02132 005 0002 0000 8000 0415 80030 020 0900 0000 00000 0003 090060
0 2 0 0 0100 08 02 0 0 00 0 2 0 1 20 0 7 0 4 0 0 000 02 00 8 6 00 00 00 000000 004 0000 000
003 100 0 2 00 0 2 52 00 0 0 00 000 0200 00 0004 00 4 500 01 9200 72 5 0 8209 82 005 00 6000 0780 0000
00000 1000 10200 0902 9020 0 0 02 00 09000 000 8000 0800 0205 0400 10150 120 0000 0002 00000 0030 495000
1 2 0 4 5003 42 00 0 0 07 0 1 0 0 25 0 0 0 4 0 1 400 00 60 0 0 00 10 00 800020 025 0123 008
090 503 0 0 96 0 7 02 00 0 0 80 770 1719 00 0004 02 0 010 00 0000 10 0 0 0700 47 000 00 9100 0780 0900
00100 1005 00000 0000 5421 1 0 00 90 00000 400 0000 5780 0200 0403 10200 000 5030 0908 50210 1100 000000
0 4 0 7 0000 00 00 0 0 40 1 0 0 0 00 0 0 0 0 0 1 900 10 05 9 8 00 10 07 000220 020 8100 070
020 003 0 0 00 7 0 90 70 0 1 06 008 0000 00 0010 00 0 000 00 1000 02 0 5 0009 00 000 10 2100 0000 8000
00000 0800 00005 0518 5651 0 0 02 90 02588 000 0000 0010 0010 9600 10000 000 5000 0302 90090 0803 000170
1 0 0 0 0030 45 00 0 5 08 0 2 0 0 00 0 2 1 0 0 0 000 10 05 0 9 00 10 80 000003 800 0103 800
021 100 0 0 80 8 0 01 00 0 1 02 080 0204 10 0004 00 0 000 64 0945 00 0 0 0000 00 400 00 2000 0700 8912
02303 1100 03000 0000 0001 0 0 10 08 00060 000 0019 0800 1000 0003 00209 600 0034 2705 00200 1103 000890
0 2 0 0 0105 65 00 0 0 00 4 8 0 1 58 9 9 1 0 0 0 900 00 00 0 0 07 00 00 008000 009 0174 000
100 007 0 0 00 0 2 00 89 0 0 92 900 0000 00 9000 00 0 019 65 0010 00 3 0 0000 80 405 00 0100 8900 0012
03000 1000 00005 0802 0000 3 8 06 08 00070 000 3062 4670 0005 0803 00005 007 0000 0300 00010 7053 000150
0 2 0 0 0100 00 09 0 0 10 0 2 0 8 00 0 7 0 0 0 4 002 42 40 0 0 20 10 00 800013 084 8000 050
000 000 5 0 08 8 0 00 90 0 6 07 000 1000 00 0006 00 0 902 00 0205 00 3 0 0079 05 015 40 0005 7700 0902
10090 0100 00200 8802 0000 0 5 00 08 10502 800 0000 0806 3015 0010 00000 130 0000 3000 50200 0050 050900
0 0 0 0 1000 09 08 0 0 00 0 0 0 0 00 9 2 0 0 0 0 000 12 00 9 0 20 00 00 000000 700 6003 000
053 002 0 0 06 8 0 10 00 0 0 50 080 1000 55 5304 05 0 090 10 1040 00 6 0 0000 02 000 00 0040 0800 0010
00000 2005 03005 8000 0000 3 0 00 00 12000 010 6912 9808 0205 5503 00270 100 9130 5012 70093 0600 000080
0 0 0 7 0000 40 00 0 5 01 0 0 0 0 00 0 0 0 0 0 0 000 00 40 9 0 80 00 08 090063 004 8000 050
080 000 5 0 80 0 0 00 49 9 0 92 980 0000 00 0000 00 0 010 08 8910 12 0 5 0300 06 605 56 0900 0702 0000
00063 0109 10203 0002 0000 0 5 10 10 60002 000 7300 0000 0310 0000 00001 020 5848 0300 09510 0100 300008
7 0 3 4 0197 00 10 0 0 00 0 9 9 0 00 9 0 0 0 5 1 003 00 00 0 0 00 00 00 000000 000 0000 050
023 007 0 0 00 0 2 00 00 0 0 02 906 1200 00 0010 02 0 000 00 7400 02 0 5 3206 30 000 10 0200 0000 0000
10005 0000 20215 0800 0000 0 5 00 08 00090 005 0012 0010 0000 6093 10215 050 0030 5500 00003 1000 000099
0 0 3 0 0000 40 00 7 6 07 9 0 9 0 28 0 0 0 0 5 0 010 00 00 0 0 09 00 00 000290 000 8900 550
003 000 0 8 00 8 0 00 06 0 0 00 540 0000 17 0004 00 0 000 00 0909 00 3 0 1009 00 405 02 4100 0770 8810
00010 1000 60290 8710 0007 0 0 00 90 00106 000 0009 0010 1008 5000 00000 020 5000 3502 00203 1003 095900
0 0 5 0 5040 05 40 0 0 06 0 0 8 0 09 0 7 0 0 0 0 062 90 40 0 0 00 12 70 000003 100 8040 006
50 700 5 0 90 0 0 12 00 0 0 80 997 0000 00 0090 00 0 200 00 0000 10 4 0 0089 10 400 02 2140 0600 8000
80000 0030 80200 0000 0080 0 5 02 00 00000 000 0900 0032 1911 5010 08250 004 5000 0000 00010 7000 180000
0 0 0 4 0020 00 00 5 0 42 0 9 0 0 00 9 0 7 0 0 0 900 12 00 0 0 04 09 93 600523 204 0000 000
009 020 0 0 50 5 0 02 09 0 0 89 907 0010 00 0000 00 0 010 00 0000 00 8 5 1080 00 000 10 0000 0002 0002
00000 0004 00207 8702 0821 0 2 15 08 06000 800 8070 0007 0000 0050 07910 120 0170 5300 00200 0701 000109
0 0 3 0 5180 00 00 3 0 02 0 0 9 0 00 9 2 0 0 5 0 000 00 40 0 0 89 00 00 000000 020 6000 505
120 100 8 0 00 5 0 19 00 0 9 82 080 0004 05 2060 00 0 002 17 1000 00 0 0 0009 10 005 00 0040 8703 8900
00310 0030 03000 0762 0020 9 5 10 08 02145 000 8000 0002 0000 8100 10000 100 0007 0002 03260 0300 100005
1 3 0 0 0103 05 00 0 5 00 0 0 0 0 00 0 0 0 0 0 0 000 00 00 0 0 24 02 00 007000 000 0080 500
000 000 7 0 00 8 2 10 84 0 0 04 050 0200 10 0200 09 0 012 09 0005 00 0 0 8000 10 005 12 0040 0000 0000
00013 3100 18610 5030 0001 0 7 00 00 50107 800 0000 0810 1000 9700 02015 000 5000 0900 50000 1000 120008
1 0 0 0 6129 00 00 5 7 02 0 0 0 0 00 9 2 0 0 0 0 012 00 00 0 8 90 40 09 801023 000 0003 056
023 020 0 9 10 2 0 00 00 0 0 03 097 0210 05 0010 02 4 910 10 1019 02 3 9 0000 00 005 00 2000 0700 0202
20000 0000 60065 8086 0001 0 5 39 08 30700 008 0906 9702 1010 0489 10210 000 0030 0300 50010 0003 920107
0 8 4 0 5000 00 00 0 6 02 0 0 0 1 20 9 0 0 0 0 1 005 00 00 0 0 07 12 00 800000 000 8090 070
900 006 5 0 00 0 0 12 00 0 0 72 000 0200 10 0304 00 0 010 00 0205 10 3 0 1000 70 400 60 5000 0018 0006
08310 0260 00910 8002 0130 0 0 00 20 10010 000 0900 5000 0200 5009 10200 004 0180 5012 00279 1050 005000
0 2 3 4 0083 00 02 7 0 00 0 0 4 0 00 0 0 0 0 0 0 007 00 06 9 0 00 00 03 100007 100 0025 507
000 003 0 0 97 0 0 10 00 5 0 90 000 0010 50 0500 10 0 002 07 0010 00 0 8 0050 00 400 40 0005 0002 0700
10000 0100 00205 8310 0026 0 5 00 00 93000 800 0000 9406 0009 0000 10007 108 0130 0910 50000 1000 004190
0 9 3 9 0103 40 08 0 8 82 0 0 0 0 40 0 2 0 0 0 1 010 02 47 0 8 00 50 24 000000 150 8023 050
073 100 5 9 10 0 0 09 09 7 0 00 007 6009 00 2010 12 0 002 00 9000 00 3 0 0789 00 005 02 2000 8800 7010
02303 0100 40000 0010 0000 8 0 12 00 19002 800 0000 3002 0040 0003 00055 000 0000 5000 00300 0190 095008
0 7 3 0 5000 00 00 6 0 02 0 0 0 1 20 0 2 0 0 0 0 000 02 05 9 9 00 02 00 800800 000 8000 000
020 003 0 0 00 0 0 00 60 8 1 00 050 8000 45 0000 02 4 000 04 0000 08 3 5 5500 00 400 00 0000 0000 8900
12300 0103 00205 0010 0000 3 5 02 00 08104 815 0010 9002 0020 9400 08310 170 0000 0060 00000 8903 007090
9 2 3 6 5400 02 00 6 5 12 8 0 9 0 00 0 0 1 0 0 0 040 10 00 0 0 04 10 23 090270 020 0100 050
000 000 0 9 60 8 0 02 07 0 0 02 980 5010 05 0000 00 5 000 04 5210 00 0 3 0200 04 514 00 9000 0070 8008
10003 0300 63800 8010 0000 0 0 02 00 02002 800 8010 0002 9000 5413 00210 030 0134 0000 03000 0008 000900
0 0 9 0 5000 48 03 0 0 12 0 0 0 0 00 0 2 7 0 0 0 000 02 55 0 8 00 00 00 001203 004 0000 006
120 000 7 9 86 0 0 00 40 0 0 00 000 0000 10 0300 10 0 000 04 0200 00 0 0 0106 00 648 00 0000 0000 0010
50370 0000 03200 8310 6000 3 0 10 00 00100 000 0000 9812 0800 0478 82700 004 0104 8000 00000 0098 025003
1 2 0 0 0100 00 10 0 0 10 0 0 6 1 20 0 0 1 0 0 0 016 06 40 0 5 04 00 90 000003 008 0000 040
00 000 5 0 06 0 0 80 00 0 1 50 980 1200 00 2000 02 0 000 00 1000 10 0 5 0280 00 405 00 2000 8000 5908
02000 1100 00260 8000 0020 3 0 00 90 02000 905 0002 9010 6304 5093 37990 006 6030 4300 00003 1100 700390
0 2 0 4 9000 40 00 0 0 09 0 0 0 0 20 6 0 1 4 3 1 000 00 08 0 0 20 00 00 000601 007 0000 000
000 020 5 0 60 0 0 72 09 4 0 00 900 0010 60 2056 10 4 000 10 0000 00 0 0 0000 12 087 02 3140 0705 0070
00803 1600 05200 0012 0000 0 0 12 00 00100 001 0010 0800 0006 0000 00005 100 7004 0007 03060 2000 020090
1 7 0 0 5000 00 12 0 4 12 9 0 0 0 00 0 0 0 8 7 0 000 00 00 0 0 00 16 00 000003 004 0103 556
000 400 2 0 72 0 2 00 90 0 4 00 000 9016 07 2010 00 4 010 00 0000 00 0 0 0000 00 460 00 0007 0002 0060
00003 0030 03000 0000 0100 0 0 00 00 00000 005 0010 0000 0905 0590 00075 120 0100 7000 05003 0053 000000
2 8 0 0 0100 72 02 5 0 02 4 0 0 1 00 0 0 0 4 0 0 000 00 05 0 0 00 00 00 001210 006 0150 006
000 073 0 9 07 5 0 12 00 0 1 85 500 0800 00 0005 00 0 009 00 0285 00 4 0 0003 00 010 00 0105 0000 0600
00000 0035 13005 8010 0700 0 0 02 05 50062 020 0002 9000 0005 0040 00005 024 6130 5002 50003 0000 105190
0 2 5 4 0103 00 10 0 0 06 9 0 0 0 00 0 2 4 0 0 6 000 03 05 9 0 04 05 00 000003 000 0100 080
600 507 6 0 02 8 0 12 00 0 1 82 087 7014 00 0600 00 4 010 04 0005 00 0 5 0000 00 080 60 0000 0010 0000
50383 0130 00000 8700 7000 9 0 10 70 00000 600 3910 0090 1000 8000 12815 100 0000 0040 00200 0000 020140
0 0 0 0 0503 48 00 5 5 00 9 9 0 0 70 0 0 0 3 0 0 000 52 00 9 8 04 10 30 000003 020 8103 000
000 000 5 0 00 0 0 82 80 0 1 20 000 0009 00 0010 00 4 002 03 0000 84 2 0 0209 05 405 04 0000 8012 0012
10000 0037 00000 0904 0000 3 0 00 98 12002 600 8000 9410 0710 8400 12005 224 0800 0590 03000 0103 000908
1 0 0 4 4000 06 02 0 3 80 0 0 0 0 08 0 0 0 0 0 1 004 06 00 0 0 00 00 00 004000 100 4120 000
178 000 4 0 20 0 2 02 08 2 1 00 907 0094 10 0000 00 0 000 00 1210 02 0 0 0009 18 200 02 0040 8010 0019
00006 0100 00200 0000 0000 0 0 00 00 12080 010 8900 0700 8000 0800 40000 000 5003 0090 00000 0053 009400
0 0 3 6 0820 70 00 5 5 10 9 0 0 8 00 0 0 4 0 0 0 002 00 00 0 0 04 02 00 090000 000 0104 000
000 003 5 9 80 0 0 10 00 0 0 00 908 9214 00 0004 10 0 015 00 0010 00 0 0 0280 19 000 00 0086 2002 8068
00013 0000 00020 0712 5005 0 5 00 07 00002 830 8905 0000 6280 0000 00000 000 0900 6300 50000 0000 005009
9 2 0 4 0000 00 50 0 0 00 0 0 0 0 20 0 0 0 0 0 0 010 02 09 0 0 28 00 20 090023 420 0093 250
020 000 0 0 80 0 0 00 00 0 0 02 000 0010 20 0000 80 0 900 01 9819 00 0 0 0080 90 017 12 0140 8090 8000
07000 0005 00203 0700 3000 0 7 02 08 00109 805 8060 0000 0600 0010 00055 070 3090 8330 00000 9100 000000
0 0 3 0 5000 00 02 0 5 02 0 0 0 0 08 7 0 0 0 5 0 000 00 00 9 0 00 00 00 800900 000 5100 046
008 200 2 7 20 8 0 00 00 0 0 50 900 0010 00 0000 92 0 908 00 8005 00 0 0 0000 00 000 10 0000 0010 0000
00800 0020 13000 8000 0101 3 0 05 80 10000 000 0702 0010 0210 0007 12070 004 0104 0010 43013 1650 000008
0 2 0 0 5020 07 12 5 0 02 0 0 0 0 00 0 8 9 6 0 8 000 10 00 9 0 85 02 24 003000 004 0100 000
000 000 0 9 92 0 0 02 09 8 0 80 007 0014 40 0000 00 0 005 24 0000 00 0 0 0000 10 808 00 2040 0000 8000
00000 0000 23001 0000 0100 0 0 11 00 00002 900 0491 0802 0080 5000 00000 000 5027 5000 00253 0000 190800
1 0 3 0 0503 00 92 0 5 00 0 2 0 0 08 0 7 0 0 0 9 000 01 00 0 0 00 80 03 090021 000 8103 450
00 100 0 0 02 8 0 02 00 0 1 80 906 0094 00 0300 14 0 010 07 1095 03 0 0 0970 00 415 00 2100 9000 0090
22010 0100 70207 9112 0820 0 0 12 93 14000 000 0080 7000 0230 0000 73290 093 5034 0000 05010 0003 020000
1 2 9 0 0160 00 00 0 5 05 0 0 0 0 08 0 0 0 0 5 0 020 00 40 0 0 00 00 20 099200 100 0200 080
073 020 9 0 00 0 9 09 00 4 0 00 007 0200 15 2904 00 0 102 10 0000 00 0 0 0080 72 405 10 2100 0010 0010
00303 6030 10000 0062 0500 0 5 02 00 00060 005 4002 0000 0004 0400 02210 000 0000 0002 50018 0050 980000
0 0 0 0 6000 00 00 0 5 00 9 0 0 9 08 0 6 0 4 0 0 900 00 00 0 0 00 10 40 803107 000 8000 000
023 000 5 8 00 0 0 32 86 0 0 03 900 0000 10 0008 00 0 900 04 1010 00 0 0 0085 70 005 00 0040 8005 8610
42080 9000 00070 8040 0000 0 0 02 00 16000 097 0910 9312 1000 5000 00510 000 0084 0290 50700 0060 140190
0 0 0 0 0920 10 30 0 6 10 0 0 6 0 78 0 0 1 8 0 0 900 00 89 0 8 34 30 20 820100 900 8000 000
000 003 0 0 10 0 0 02 89 0 1 00 900 7000 15 0300 00 4 007 10 8015 09 3 0 0980 00 005 12 0005 8002 6900
02000 0134 60000 0000 0100 3 0 21 06 82000 000 8000 7000 0900 0510 10003 104 0000 7013 00300 1077 600080
0 0 0 9 0020 20 90 0 0 00 0 5 0 0 00 9 2 0 0 0 0 000 12 00 0 0 04 10 00 690000 000 0080 800
003 000 0 0 00 1 0 90 00 9 1 00 907 0000 16 2010 02 0 905 10 0000 70 0 5 0000 00 000 00 0107 0006 0500
00000 0000 03210 8417 0120 6 5 02 00 12100 815 0900 0010 9000 5420 02007 100 5044 0000 00010 0000 005000
0 9 0 0 0100 09 00 0 0 00 0 0 0 5 00 0 2 0 4 0 0 000 02 06 0 2 00 10 68 082200 120 0100 000
000 023 5 9 00 0 2 00 80 0 0 80 090 0000 70 0085 12 5 000 10 7000 02 0 4 0000 50 400 00 0140 8702 0900
00300 1000 03617 0000 5005 0 0 00 90 02302 007 8012 9000 0530 0010 30205 008 6000 5372 50213 0150 000197
0 0 0 4 0007 41 06 0 0 10 0 1 6 0 09 9 2 0 0 5 1 902 00 00 0 0 00 02 00 090020 450 0003 006
000 000 0 0 10 0 0 00 40 0 9 00 000 0000 00 0000 19 0 210 00 4010 02 0 0 0089 02 413 00 0600 0702 0000
10370 6000 10000 0010 0127 0 0 00 08 50000 560 2400 0802 0215 0000 00000 000 0000 5080 03013 1040 005108
0 0 8 0 0120 03 07 7 0 10 9 0 0 0 90 0 0 1 0 0 0 002 60 90 0 0 00 00 08 000270 104 8000 000
023 023 0 0 04 0 0 00 80 0 0 00 084 0010 10 2700 00 0 940 09 0500 10 0 0 0000 00 006 10 3075 0717 0010
00796 0000 03010 0000 5000 0 5 00 00 10090 707 0902 0800 0005 0003 42000 904 0004 0900 50900 0580 000100
0 0 0 4 5003 85 00 5 0 00 0 8 0 0 00 0 0 0 0 0 1 050 02 00 0 0 00 00 09 890000 764 2003 000
703 700 0 9 90 8 0 02 80 7 7 80 000 0200 60 2010 00 0 000 04 0000 00 3 0 1080 10 000 00 0005 0702 0610
00010 0100 00000 0500 0101 5 0 00 00 00000 007 0000 0012 2000 5000 08005 004 0000 0090 07000 1700 900100
1 0 0 0 0000 90 08 0 8 02 0 2 5 9 08 0 0 1 0 2 1 810 02 05 7 0 40 00 33 008000 100 0000 006
023 047 0 0 90 0 0 80 85 0 0 30 900 0004 07 0044 12 0 013 00 0000 10 0 0 1000 10 010 10 0109 8512 0000
00803 1208 60000 8010 0020 2 5 00 00 10100 000 6903 0000 0205 0000 00005 180 0904 0300 03083 0060 020005
00310 0000 60000 0000 0100 3 5 96 00 02000 880 0002 0060 3200 4400 02900 026 5100 0000 00510 0076 900090

055000097000.405090