1 8 3 4 8886 77 12 9 6 90 4 2 2 9 22 7 0 8 6 5 9 977 72 80 0 6 24 67 25 799772 154 6103 388 
495 637 1 6 82 1 2 22 46 8 8 37 997 4585 21 4838 40 6 312 48 9643 10 3 5 4737 07 719 92 4149 9864 2389
03450 6367 99625 0632 8349 6 6 92 34 90778 889 9922 9562 1991 3458 52985 058 7114 8692 53910 0110 185297
7 7 3 7 8120 98 17 2 2 40 6 2 3 2 55 9 6 6 4 5 4 362 62 62 8 8 67 09 73 154067 987 3968 550
79 623 6 2 32 8 2 19 88 6 1 87 989 7914 44 2398 12 7 278 98 4625 11 7 4 9293 60 445 74 9875 2718 0979
82393 7137 74993 8579 3724 7 2 44 04 84795 070 8988 1334 8997 3658 76520 134 2141 2832 58713 4175 156398
7 0 7 6 8874 32 12 0 5 45 8 6 2 0 91 0 4 3 6 1 0 973 14 65 5 7 72 84 63 933739 157 8153 596
726 193 7 0 69 8 2 92 76 7 9 07 557 4104 40 7044 81 7 578 33 1954 19 3 0 1049 52 410 26 5845 3768 8719
42073 8459 41274 0999 5080 7 3 32 63 02439 479 6812 9256 8286 9476 68285 400 2797 7868 04253 6662 875395
5 2 7 9 5843 79 19 5 7 12 8 6 9 8 25 0 9 1 4 8 9 908 12 95 9 9 50 92 29 988223 726 8763 559
653 093 5 4 07 8 5 46 80 7 4 66 873 1264 65 4887 62 0 918 16 6411 19 5 7 8774 12 339 79 8945 4712 9917
39710 8007 10387 7692 5591 3 6 62 08 15554 846 0546 7830 6279 0758 59214 898 5708 2386 56199 2064 295608
0 3 6 9 7637 76 52 4 5 38 8 2 1 5 96 9 7 0 4 5 7 891 56 40 5 9 68 16 54 099299 659 3627 085
026 458 9 5 15 8 8 14 70 0 1 76 887 8410 16 7798 58 5 787 11 9275 87 4 5 7891 63 405 91 2465 8038 7907
06883 8136 93215 8212 9049 1 0 48 50 77689 597 0972 8616 9958 917 3 9 7050 80 487 74 4758 4692 9642
17503 6173 98935 8004 9469 7 9 83 29 82355 088 5602 9772 8399 4117 92265 524 6044 4096 33773 3850 927990
8 1 9 7 5726 84 60 4 5 88 8 9 7 1 00 9 7 1 8 7 6 993 28 85 2 7 89 58 64 399309 705 1313 320
573 324 8 6 62 8 9 22 85 6 5 02 777 3205 35 6378 13 4 260 09 4292 12 6 8 1789 39 912 86 2100 8682 8809
49733 7577 83719 3702 1829 0 4 77 68 17182 858 6072 6815 5319 8013 72796 879 5998 5986 56018 8856 698858
4 9 8 7 9575 97 80 8 9 38 8 3 8 1 38 1 0 1 7 0 5 949 56 15 4 1 64 19 81 197282 826 0539 297
555 674 9 6 48 8 6 12 68 0 1 49 387 3607 15 9755 70 4 967 75 7055 12 1 9 1088 17 209 62 8349 7187 8880
79371 8499 13745 6317 4041 3 6 84 97 10458 019 9517 1885 6218 5489 77264 869 5158 5308 78229 5551 293117
7 0 9 4 6934 14 89 4 8 75 9 0 6 6 18 9  1 3 5 9 972 72 58 8 8 64 12 43 563379 364 3003 556
170 170 8 1 32 7 2 92 80 5 2 92 882 8210 45 7905 02 7 819 78 3215 93 4 5 1749 72 975 34 2945 8108 8739
6 2 4 8 5997 02 26 9 9 17 5 5 7 1 49 6 2 8 7 4 5 912 64 49 9 8 56 89 03 947604 759 0943 851
943 756 6 8 12 9 9 27 89 8 1 24 868 9909 84 9957 80 7 940 44 0366 52 9 7 8698 19 075 98 3356 9676 5929
10077 1978 19016 8592 9128 3 0 11 97 15985 915 3987 9902 8905 5565 92548 143 9634 5831 37255 0959 179063
8 7 5 4 5935 56 99 5 6 34 9 8 6 9 89 8 7 0 4 8 9 799 10 26 6 6 68 27 57 091733 146 0638 595
76 935 7 7 39 7 2 84 83 3 1 76 978 1918 77 8719 62 7 999 46 8317 28 5 0 6678 67 089 12 5835 9792 9916
52963 7605 99893 2315 5172 5 3 32 09 17198 198 4596 5973 8215 5808 24212 716 5134 4678 64768 7306 705887
3 7 9 8 8665 68 72 2 8 72 5 2 3 1 87 8 9 9 9 0 6 018 17 59 6 0 44 88 24 881525 724 8957 170
966 825 2 8 89 8 6 67 39 5 7 99 583 6750 44 6783 92 8 198 16 2855 44 3 5 6236 72 557 37 4646 0762 8718
97043 7439 92058 5747 5985 1 5 57 91 37964 851 0808 6519 7818 0812 18383 444 9714 6492 53013 5483 928094
9 6 9 9 7909 35 17 5 9 12 9 8 3 6 77 8 3 2 3 0 3 934 84 96 5 2 96 96 84 402537 117 8123 977
383 128 7 0 48 8 6 47 99 0 2 70 733 8035 25 7346 62 0 894 16 4399 12 9 9 2489 12 655 91 9258 6959 6908
93911 8988 10675 2784 3495 8 8 44 89 66969 894 8049 9982 9270 5413 18263 898 9702 5176 51027 1614 958873
6 0 5 2 0789 55 79 5 9 56 2 4 5 8 97 9 2 9 1 5 7 912 13 45 3 8 09 39 97 875653 647 3735 558
158 153 8 6 18 8 3 90 88 4 0 85 387 8786 95 6336 87 6 219 14 6475 15 9 9 6338 12 843 96 8165 3912 8905
49733 3479 63254 5285 2190 8 2 30 93 95009 512 5818 7807 4954 6512 16899 077 0144 5033 70877 2137 929877
9 9 9 3 7696 69 84 5 9 82 9 4 8 8 20 9 7 7 9 7 6 788 32 46 8 7 84 12 58 799923 574 0679 076
868 109 8 8 62 7 7 42 51 7 3 88 660 1879 38 0480 87 9 900 62 4515 92 9 7 4293 17 817 17 0344 9740 5737
82115 1675 10067 2896 9051 2 9 26 68 62782 715 8738 9011 3565 0486 30565 824 5070 7314 78278 3454 665608
6 9 3 8 2037 46 12 8 5 16 9 2 0 8 26 0 5 4 4 3 7 796 25 46 1 3 49 97 63 567249 694 8480 154
895 962 9 6 49 0 7 14 88 7 9 32 554 9173 75 2344 82 5 072 85 8286 08 4 9 4984 69 589 31 7637 6252 3662
12903 7140 49635 8764 9955 4 9 94 99 79599 910 8685 0310 0915 5884 12724 567 4679 7378 44889 3066 371178
0 9 4 0 3722 55 79 5 9 18 9 1 6 5 05 3 4 9 8 9 9 696 12 43 5 4 76 99 96 473823 137 4288 696
463 540 8 9 06 8 7 94 89 8 1 83 567 1197 15 2641 78 5 612 64 4369 98 6 8 2265 72 483 18 2768 5472 9749
47564 3990 88305 4193 5527 3 9 12 90 81887 787 0997 9158 1257 4935 66195 184 7158 1940 69858 4459 459998
6 8 7 4 9978 46 66 9 3 96 9 6 6 1 57 5 4 1 8 3 8 598 92 75 2 3 44 76 59 329359 124 8455 299
759 883 9 5 17 9 5 79 60 0 4 67 783 9263 15 2606 99 5 970 43 8149 79 7 7 9264 96 889 72 9845 5955 8906
68899 1545 13811 8798 5007 7 5 20 99 72128 768 7608 9999 1916 7813 37052 714 2694 6864 58913 1583 169128
0 2 4 7 0868 48 62 5 1 97 5 2 8 0 25 3 2 1 4 3 6 666 72 44 9 2 73 92 23 996225 654 9779 556
990 160 5 5 84 8 2 98 19 8 8 58 897 9916 86 9266 78 8 915 45 7209 88 1 4 6109 82 168 72 9585 4716 6919
49677 4698 79257 1917 8751 6 6 15 96 18565 839 6932 2789 1615 6089 58609 525 0794 1969 96909 4087 929243
7 9 3 3 8523 45 52 9 5 00 7 8 9 6 29 9 2 1 9 6 6 754 69 27 2 9 29 87 76 712793 799 9043 496
141 158 3 2 82 8 7 57 85 9 7 68 584 1894 65 7864 98 8 768 77 9206  7 8 07 66 78272 812 4268 4577 4685 7823 56748 527 5174 5740 53846 6556 680193
9 2 0 8 4999 46 89 1 0 79 7 7 8 8 02 9 8 7 4 8 0 980 16 67 9 1 96 77 74 963587 559 0122 558
526 173 9 8 16 3 9 75 85 9 8 93 545 8933 15 4789 93 0 241 89 1017 42 3 5 9358 05 478 49 5155 8982 8359
97094 1975 13535 6850 0860 3 8 74 72 89864 697 7918 5277 1955 7453 12265 720 6798 5622 67599 1833 070796
7 2 3 9 0677 91 12 9 3 96 5 4 9 6 74 9 3 9 9 5 2 547 37 95 9 9 87 75 97 757497 523 6124 540
153 195 4 9 15 5 2 66 59 1 9 71 579 7214 75 8312 98 9 852 27 9101 02 3 5 7779 62 752 02 9004 2973 3101
49573 8158 19687 9846 0423 4 5 12 38 87406 310 8017 9876 6379 8510 86633 494 8672 5712 73604 4760 189198
5 4 4 1 2159 74 17 7 4 16 1 6 8 9 28 9 7 1 4 1 1 340 12 31 4 9 23 47 97 891472 184 4186 566
429 128 5 9 12 4 6 49 45 8 0 87 587 2203 13 5497 32 4 815 92 7813 93 1 6 9990 78 595 12 3975 8474 9962
02792 1704 83819 9657 5580 6 5 52 93 12876 844 3586 8886 4882 5937 78263 695 0188 6415 50876 9029 129959
3 2 9 8 5144 19 57 6 6 70 3 1 5 4 28 7 9 7 1 5 7 669 68 47 9 6 75 57 79 598839 627 7558 256
658 123 7 6 72 4 4 77 82 9 1 42 469 1276 99 4819 62 3 485 18 1299 70 4 7 2087 65 764 67 6645 8757 4872
59730 9954 93065 8464 5695 3 5 43 23 16350 615 6997 0957 1854 2415 72016 595 7834 0439 43903 2057 649909
2 5 9 8 5593 94 69 8 5 52 0 8 3 6 53 8 6 1 7 5 6 664 92 67 9 8 24 40 63 738023 959 5339 554
723 523 7 6 23 6 4 22 61 4 8 52 990 1294 85 3399 97 3 966 14 6219 50 6 9 9488 15 469 79 8965 8505 1017
92073 4185 43536 5758 5591 0 8 99 54 88875 811 5165 1882 5377 4444 84012 936 0834 6642 84254 5604 958198
1 2 6 4 0006 89 52 5 3 17 8 2 5 1 93 8 8 1 4 1 9 927 91 45 4 6 98 07 53 443287 291 8863 989
273 998 5 5 52 2 8 95 97 9 8 52 487 3274 85 3110 54 9 769 17 7892 18 5 4 0389 12 639 48 7845 8472 5999
13917 1395 83216 2862 7101 8 0 10 13 12262 872 8169 9516 1254 9457 25289 683 3564 4844 11160 9153 125445
1 2 3 7 5778 47 17 7 7 12 9 2 4 8 28 0 2 9 2 5 7 412 56 09 9 9 73 97 93 595243 139 8154 176
129 127 4 9 92 5 5 77 89 1 2 97 975 8614 55 9435 12 7 978 89 1646 52 4 6 7766 77 895 87 3858 2576 8552
17788 9659 98218 9714 3181 4 9 78 88 92104 877 4758 9947 6975 5909 88786 829 7634 4082 26211 9145 139707
3 2 8 5 4789 92 62 5 1 52 2 8 8 9 58 5 5 0 8 4 5 912 94 84 5 8 60 06 28 963423 884 5689 856
173 457 5 6 89 8 8 68 39 9 7 84 787 7238 34 2603 28 3 805 54 1297 45 6 5 8884 78 305 46 2185 4837 6982
80717 1038 99905 8524 5821 4 4 92 97 86327 837 8948 9150 8281 1768 62275 194 5594 0986 77033 9773 195167
1 7 8 4 7923 48 56 8 5 12 9 8 8 0 09 5 8 9 9 4 5 792 58 93 4 3 78 68 95 868447 128 9835 876
785 928 9 8 99 7 8 12 57 8 6 19 887 1618 16 7994 68 9 869 14 7236 60 3 9 7044 54 419 74 7995 3072 8722
00669 1285 16829 0507 8165 7 7 16 99 70192 412 5909 6877 8277 6296 01989 626 5635 9316 38465 0153 748465
9 2 0 4 5825 42 89 5 5 19 0 9 9 6 88 9 9 1 9 3 7 619 73 82 9 3 90 12 76 899479 958 7096 497
143 679 3 2 14 4 4 89 12 4 0 88 999 1329 25 9814 38 3 547 50 7809 15 3 6 5689 29 975 82 0755 8442 2316
83668 1355 00615 2712 3820 3 8 12 34 06923 888 8917 6782 9029 9908 18254 974 5758 6310 93243 1083 529907
4 2 7 8 9147 49 11 7 9 92 9 8 3 8 33 7 3 9 5 4 8 202 88 47 5 8 88 15 89 997246 166 6870 877
52 148 6 7 82 8 8 18 12 3 7 25 785 8984 55 1157 00 4 602 06 6392 22 8 6 1905 86 955 06 5586 4806 8554
86186 9135 56896 0998 2181 5 3 75 98 12132 905 5372 8793 8487 0415 88038 421 4963 7890 34980 9803 893266
4 2 7 2 9139 58 32 0 6 99 8 2 5 1 23 0 7 9 4 0 5 890 32 82 8 6 03 79 99 503989 394 5404 696
083 108 5 2 45 9 2 52 64 3 7 84 559 4292 74 9924 07 4 557 91 9220 72 5 8 8209 82 875 84 6808 0784 4648
81058 1799 15227 3922 9926 6 8 62 46 99681 708 8079 5860 8255 8404 12159 125 0924 1652 08660 9633 495867
1 2 4 4 5883 42 66 5 7 97 7 1 2 8 25 4 7 9 4 9 1 456 43 64 5 1 69 10 69 840725 925 5123 668
393 573 2 0 96 5 7 52 19 3 2 87 770 1719 98 5594 02 8 116 98 8354 19 9 1 5794 47 472 89 9156 9788 8907
78107 1855 89584 4608 5421 1 0 92 97 88797 407 7581 5784 5254 7483 19268 443 5038 4988 55215 1140 370738
8 4 4 7 2976 77 84 7 6 48 1 6 4 6 79 8 2 6 0 4 1 997 10 75 9 8 79 16 87 821229 922 8105 374
325 953 0 5 30 7 9 90 78 2 1 36 638 5987 79 4116 78 8 427 52 1460 32 9 5 3079 99 807 12 2160 9927 8658
98966 2887 75975 6518 5651 9 6 02 97 62588 488 9459 0017 7919 9695 18805 572 5677 8372 95898 9863 187178
1 3 9 6 1636 45 93 7 5 88 9 2 7 8 46 0 2 1 8 8 5 378 12 45 0 9 74 12 88 889973 897 3143 810
821 147 5 0 84 8 5 01 90 9 1 72 489 4284 15 9764 15 8 598 64 9945 60 7 9 0972 66 459 78 2570 6748 8912
52363 1129 23468 8920 9751 2 0 18 38 83860 510 8419 0869 1748 5833 45279 607 1934 2725 87206 1123 905897
6 2 4 6 4195 65 51 7 7 92 4 8 8 1 58 9 9 1 6 8 8 971 66 03 9 5 27 85 41 958688 829 9174 187
135 037 8 5 45 7 2 86 89 8 2 92 974 0581 57 9387 92 2 719 65 5916 09 3 9 2676 85 495 56 7168 8959 6712
83557 1978 07795 7802 3389 3 8 76 78 65477 091 3562 4676 4905 8893 89725 467 9830 7386 69717 7653 541156
9 2 8 5 8177 54 99 5 0 16 9 2 6 8 36 9 7 5 3 9 4 502 42 47 8 1 27 15 68 867713 884 8804 657
954 337 5 0 88 8 9 00 99 9 6 47 980 1489 89 1796 07 6 962 97 6245 76 3 9 4879 55 715 43 7375 7749 8982
19890 5127 63236 8852 5509 9 5 66 48 13552 837 5907 4896 3615 0917 85205 137 4796 3765 57215 8054 558963
9 8 5 0 1903 49 78 5 0 50 6 6 8 0 45 9 2 4 0 9 0 109 12 67 9 4 24 58 78 674484 799 6373 399
353 572 9 5 36 8 9 16 29 2 0 57 588 1069 55 5384 35 9 999 19 1644 99 6 0 0748 82 399 48 6946 9847 4319
85569 2695 13505 8620 4782 3 0 78 67 12848 518 6912 9878 5245 5503 80279 149 9130 5612 77693 9603 584985
7 5 6 7 0568 46 69 2 5 41 7 4 7 4 95 5 0 6 4 0 6 343 01 44 9 7 86 09 88 798863 764 8376 158
288 848 5 0 88 7 7 98 49 9 4 92 986 4909 60 9665 99 8 617 78 8915 12 6 5 4310 26 665 56 1997 8732 8957
70163 5189 19253 9962 9456 5 5 15 18 60902 869 7302 3594 9318 0781 62061 623 5848 5395 09518 0158 318988
7 4 3 4 8197 68 17 2 5 79 6 9 9 5 69 9 6 9 7 5 1 973 66 79 5 7 38 68 48 669827 634 0469 556
423 697 6 8 32 6 2 29 98 6 2 92 906 1297 86 4519 52 9 497 59 7467 82 8 5 3296 38 709 15 7218 5801 8095
10955 0299 25215 7807 9805 8 5 99 08 83799 855 0912 5919 4974 6693 19215 952 9635 5547 89873 1998 002499
2 0 3 9 8786 44 30 7 6 77 9 7 9 2 28 7 4 5 5 5 8 615 09 99 8 9 99 23 60 497299 838 8969 555
943 850 4 8 47 8 9 74 06 3 6 78 548 9709 17 5494 95 9 625 58 9909 57 3 7 1359 64 465 32 4180 5772 8819
40911 1840 69295 8719 7807 7 9 08 96 75146 668 6849 9812 1778 5184 95747 929 5054 3592 87203 1923 395979
6 2 5 3 5640 05 45 9 8 96 7 3 8 4 89 4 7 4 8 9 2 862 99 44 8 9 38 12 75 965703 108 8448 786
58 714 5 9 97 6 9 12 78 0 8 82 997 6665 80 8094 89 8 290 30 4475 15 4 9 0389 18 442 92 2145 6604 8578
88805 7134 83248 3599 9786 1 5 92 59 56967 786 5949 4932 1911 5616 68257 874 5866 7687 58710 7963 187583
5 1 5 4 9625 41 08 5 8 42 6 9 9 3 29 9 4 7 1 4 7 922 12 79 9 8 64 99 93 645523 284 7696 278
689 529 8 9 58 5 8 62 69 6 5 89 977 6910 78 7966 48 9 312 09 3760 65 8 5 1588 88 580 15 8875 8692 5422
63449 7074 42227 8792 3821 9 2 15 98 46064 857 8970 8997 6958 9753 07915 128 8177 5324 87255 8761 839169
5 0 3 3 5189 32 87 3 2 92 2 0 9 0 08 9 2 5 1 5 8 509 96 47 0 7 89 84 22 688887 829 6887 575
122 198 8 6 30 5 4 19 96 3 9 82 388 6464 05 2769 52 5 762 17 1073 86 6 6 7839 16 875 69 4640 8783 8968
88315 0638 73680 4762 4426 9 5 15 98 02145 710 8703 6872 8639 8188 18307 125 4597 9802 43265 3384 172485
1 3 6 8 8103 65 06 5 5 77 2 4 9 8 85 0 2 8 8 7 6 585 95 09 4 2 24 72 94 777955 789 7884 579
876 038 7 7 29 8 2 15 84 9 7 04 953 7279 16 1246 49 8 612 69 8775 87 9 8 8868 17 075 12 7743 6597 9845
46213 3180 18617 5933 5781 0 7 68 80 58137 820 9696 5819 1878 9789 52715 077 5838 2978 53450 1584 128848
1 8 9 3 6129 40 07 5 7 92 0 8 7 0 39 9 2 7 8 3 3 512 58 89 3 8 94 40 99 841923 289 0303 856
923 329 9 9 18 2 6 79 76 2 6 63 997 8210 45 6819 82 4 916 17 1919 72 3 9 4769 49 825 18 2276 7779 3282
28778 6729 69965 8186 7671 6 5 39 98 30705 358 9916 9772 1718 8489 18219 990 9430 7309 59311 8493 928147
8 8 4 0 5945 09 38 9 6 92 9 8 2 1 24 9 0 8 4 4 1 795 89 00 1 8 97 12 75 889735 079 8992 079
965 986 5 5 66 8 7 12 79 2 6 72 608 9278 18 8394 08 9 911 62 7275 10 3 0 1779 75 485 60 5966 0418 3586
68316 4262 95915 8682 9137 8 3 36 29 17816 466 3940 5947 0299 5569 19288 804 8189 5112 95279 1959 645584
4 2 3 4 9383 03 72 7 9 00 0 7 4 8 29 6 7 3 1 4 9 967 92 86 9 6 99 98 83 198527 158 9925 527
748 893 7 0 97 8 9 19 68 5 4 97 096 1019 50 1559 17 9 782 97 6619 89 0 8 8757 35 466 45 9095 7472 8706
19756 4165 39205 8315 3926 3 5 27 63 93398 857 7882 9406 7869 3989 16107 158 4137 8915 55903 1989 094190
8 9 3 9 8103 40 58 6 8 82 6 8 0 8 40 8 2 8 2 0 1 613 82 47 1 8 09 57 24 168742 155 8723 759
873 179 5 9 14 6 9 39 59 7 0 63 027 6789 10 2012 12 8 392 73 9397 33 3 7 1789 47 575 62 2266 8882 7711
22343 5197 48449 3711 3597 8 0 12 59 19802 877 7962 3522 9047 4683 95455 897 9279 5892 55356 2195 695368
0 7 3 0 5420 37 68 6 9 52 7 5 2 1 27 1 2 7 7 4 3 197 32 05 9 9 68 22 02 895889 757 8946 880
024 083 9 2 79 6 1 98 65 8 1 38 950 8192 45 0866 52 4 860 34 8775 88 3 5 5550 70 494 98 2560 5653 8999
12353 0153 20265 5010 9975 3 5 32 19 98184 815 5217 9692 8727 9401 88316 177 5986 0467 77153 8913 867790
9 2 3 6 5458 22 90 6 5 12 8 7 9 9 71 6 9 1 5 9 5 641 12 22 7 5 44 16 23 094278 827 5179 450
446 057 7 9 66 8 7 72 07 2 7 42 989 5915 45 7640 75 5 396 74 5216 77 8 3 4290 44 514 62 9484 5676 8768
14983 4343 63806 8219 7766 7 0 72 67 12732 876 8113 3592 9678 5413 85214 239 2134 8409 83896 9878 599979
5 7 9 2 5819 48 93 8 4 12 7 9 7 0 54 0 2 7 5 8 1 978 82 55 9 8 06 20 98 081223 244 5983 586
128 774 7 9 86 7 5 67 49 0 9 37 297 9057 12 6379 17 1 968 74 7279 77 8 5 8136 05 648 29 5890 5602 9816
59376 0959 53269 8318 6891 3 3 13 49 03138 402 9603 9812 0807 2478 82768 794 5194 8509 67988 5798 525933
1 2 0 2 5191 56 19 8 9 18 9 7 6 1 20 3 7 1 6 1 9 716 36 48 8 5 84 33 97 198343 758 5999 042
12 567 5 3 96 3 9 80 37 4 1 54 985 1294 99 2171 72 2 791 89 1936 17 9 5 8288 97 405 05 2629 8847 5908
02750 1190 45264 8929 5829 3 7 83 96 92560 965 6852 9417 6364 5493 37999 676 6339 4326 00083 1145 797390
7 2 5 4 9679 45 68 3 5 49 9 9 9 8 28 6 9 1 4 3 1 799 12 98 8 8 24 62 40 895661 647 9924 151
834 328 5 7 69 1 7 72 89 4 8 04 980 7815 66 2956 13 4 719 12 7568 94 5 9 7087 12 587 82 3148 5775 6677
75833 1628 55298 9712 7797 5 7 12 02 93199 571 5016 6898 3856 2852 77095 177 7764 0997 93967 2926 825990
1 7 6 0 5270 67 12 1 4 12 9 8 4 1 85 3 4 9 8 7 3 987 85 90 1 5 58 16 39 248383 714 9163 556
484 451 2 3 72 5 2 96 94 6 4 40 909 9516 97 2719 63 4 810 65 3391 78 4 0 7509 30 466 40 6847 4062 8469
59883 8734 53945 9757 9106 6 9 88 42 76103 875 2013 2807 6975 9595 95575 125 2198 7786 85493 7953 927704
2 8 4 4 8155 72 62 5 7 42 4 7 5 1 80 9 8 7 4 6 4 489 58 45 6 2 86 78 89 491218 856 9157 456
389 873 9 9 67 5 0 12 99 8 1 85 589 8899 86 5685 99 4 469 77 0285 77 4 9 5523 76 017 40 9185 8099 6689
48474 7835 13315 8017 5757 4 5 72 65 56962 820 7072 9885 7925 6946 79505 424 6138 5782 58223 9904 195199
3 2 5 4 8183 79 10 9 3 76 9 1 0 4 77 4 2 4 0 6 6 045 73 05 9 7 94 85 09 398763 709 5176 886
646 577 6 2 62 8 6 12 63 8 1 82 687 7914 78 9626 90 4 415 84 5055 42 2 5 6908 57 684 60 9439 0110 9988
58383 3138 36398 8767 7547 9 7 18 79 69327 616 3919 8695 1773 8065 12815 105 9997 9647 37236 0368 626144
5 6 9 3 9543 48 99 5 5 68 9 9 0 1 79 0 0 3 3 3 7 307 52 74 9 8 84 13 39 175803 920 8163 497
085 690 5 5 45 6 8 82 84 9 1 24 677 5239 90 9619 79 4 752 23 2600 84 2 8 8269 55 465 04 2856 8812 6912
16840 0337 92870 7964 5655 3 4 89 98 12792 649 8722 9413 8718 8458 12185 224 8893 7599 63895 0153 466978
1 9 6 4 4840 56 22 7 3 80 7 9 3 2 68 0 8 7 2 9 1 384 56 85 8 2 73 54 54 754699 199 4120 969
178 944 4 7 22 6 2 02 38 2 1 68 967 8594 17 7798 85 5 584 54 1218 72 4 6 0979 18 264 82 4049 8818 3919
59096 0140 49254 5680 6002 3 6 89 72 12885 113 8998 7729 8464 3839 44249 939 5853 8798 68294 8853 879496
9 2 3 6 8827 76 87 5 5 11 9 5 2 8 89 3 5 4 6 4 6 882 13 93 5 6 64 02 80 597896 889 6114 983
889 303 5 9 87 3 8 18 99 7 9 88 988 9214 48 8984 16 1 315 18 9719 46 8 9 0287 19 869 76 5986 2872 8868
99413 9588 33027 9712 5785 8 5 93 97 97682 836 8965 2097 6280 0726 93697 694 0987 6337 54313 0030 565359
9 2 8 4 9996 93 50 8 8 50 9 6 3 0 25 6 0 4 7 3 8 419 82 49 4 5 28 58 24 996023 426 0993 259
529 056 6 5 87 5 0 97 98 9 4 92 879 5314 29 5438 89 4 999 91 9819 46 8 8 0185 97 517 12 6148 8495 8567
67818 2995 63253 5783 3566 9 7 92 28 05159 895 8567 9590 2684 9318 95655 574 3098 8333 96703 9169 989607
8 6 3 1 5579 19 42 0 5 22 3 8 8 7 18 7 9 6 9 5 4 504 36 07 9 0 64 72 96 890990 187 5167 146
778 225 2 7 20 8 8 60 88 9 8 55 907 4919 88 5363 92 5 958 94 8585 96 2 9 5495 03 966 14 2262 6817 0392
31879 3024 13268 8352 7111 3 7 85 87 17167 539 4792 2716 8219 5177 12178 574 9144 9712 43913 1656 509698
7 2 2 9 5720 57 12 5 8 12 8 8 2 5 90 4 8 9 6 9 8 585 10 98 9 6 85 72 24 453894 784 6175 768
333 989 7 9 92 5 4 12 69 8 0 85 937 4914 44 3220 47 6 485 24 0776 17 9 9 9693 16 888 83 2545 5645 8230
90895 8879 23941 7076 0108 7 8 11 88 58272 927 8491 4882 9088 5087 24724 431 5927 5804 66253 5041 197834
1 0 3 2 4513 07 92 8 5 40 0 2 8 8 98 5 7 3 9 7 9 684 41 80 5 0 37 89 63 596821 655 8193 458
56 159 9 7 52 8 9 42 51 3 1 88 996 1694 68 8306 14 4 719 97 1895 43 7 3 0975 97 415 08 2106 9805 7590
22216 4163 76287 9112 9826 7 1 12 93 14129 799 0084 7976 8239 1479 73297 993 5834 5795 35814 9043 729971
1 2 9 8 9168 42 87 2 5 85 7 7 7 7 08 0 8 7 6 5 6 720 66 47 5 7 32 08 29 899270 178 4262 483
873 325 9 7 80 8 9 59 88 4 7 45 207 8269 15 2964 89 7 172 16 0980 77 6 4 6980 72 435 17 2125 5918 9516
40383 6639 18723 1862 7509 2 5 72 45 74768 975 4042 9085 8694 8475 72213 755 3757 6982 58118 6757 988389
7 8 0 7 6549 80 08 3 5 76 9 5 8 9 68 9 6 4 4 0 9 999 57 09 0 9 78 18 42 803167 970 8588 580
523 859 5 8 48 0 7 32 86 8 8 63 951 7994 18 0948 88 8 990 94 1417 78 5 9 7785 75 725 86 7248 8505 8617
42889 9598 75970 8549 5478 9 7 82 68 16233 597 9916 9312 1474 5535 05513 266 8984 2290 50793 8267 140193
3 2 7 0 7927 12 35 9 6 16 0 0 6 2 78 9 0 1 8 9 7 955 67 89 7 8 34 30 29 828198 979 8489 710
039 953 8 2 19 5 8 82 89 9 1 57 976 7640 15 7367 49 4 057 17 8715 99 3 9 9987 98 995 12 3075 8062 6904
12399 7134 60435 6373 9109 3 6 21 76 82595 969 8604 7908 4967 9513 12033 154 7771 7713 74379 1877 678984
7 9 7 9 7029 28 99 9 9 88 9 5 3 9 76 9 2 9 8 7 0 980 12 05 6 8 64 11 86 699219 848 7885 893
763 939 7 7 77 1 8 94 00 9 1 78 957 0458 16 2616 02 3 995 17 5607 77 2 5 6868 04 209 96 8177 8986 9585
77227 9029 53218 8417 6124 6 5 52 36 12163 815 6904 6118 9877 5424 82877 134 5444 7379 77913 8786 735889
4 9 8 0 4102 89 67 5 5 99 8 6 9 5 98 9 2 6 4 4 0 068 72 66 0 2 63 13 68 282255 126 7174 558
366 823 5 9 57 6 2 97 84 2 8 83 598 0990 79 3285 12 5 098 13 7307 62 6 4 6638 51 414 97 8145 8712 8962
57313 1503 43617 1163 5675 1 7 67 99 92352 007 8812 9276 6537 2718 39235 478 6595 5372 57213 2156 868197
6 8 4 4 0027 41 76 5 6 18 9 1 6 7 29 9 2 7 7 5 1 942 39 66 9 9 68 62 73 896420 455 9743 696
986 517 1 8 16 7 3 76 42 8 9 35 757 6885 92 5829 19 6 210 76 4319 42 8 5 8589 42 413 69 3652 7772 8785
10374 6916 18382 9715 6127 3 2 75 88 50098 569 2485 9862 0215 7586 36677 500 5790 5082 23813 1747 775178
0 2 8 7 5129 83 57 7 8 14 9 0 8 0 95 4 4 1 5 7 3 452 65 97 6 8 86 04 68 885279 124 8707 304
023 123 8 0 94 6 3 88 89 3 7 98 784 3712 19 2745 08 0 949 79 5594 11 6 8 2593 90 056 18 3775 6717 0615
59796 5940 23717 0948 5689 6 5 58 97 19495 757 0912 0858 4605 1763 42359 934 8784 5900 55960 6587 487178
9 8 0 4 5563 85 68 5 2 02 8 8 7 8 88 9 2 9 8 6 1 955 72 84 0 1 57 06 99 894643 764 2413 988
773 709 4 9 97 8 6 42 87 7 7 88 408 9278 68 2917 76 7 906 74 3480 85 3 8 1989 11 576 77 6905 5762 8618
09012 7152 09676 0524 4171 5 4 04 75 97938 787 0575 3712 2564 5951 98605 724 5750 7397 07128 1778 984168
1 8 8 5 4249 98 58 3 8 02 9 2 5 9 08 7 8 1 6 2 1 817 52 45 7 3 47 63 33 868937 188 9398 876
023 747 7 8 98 6 7 85 85 9 0 39 998 0484 77 4444 12 7 913 63 6920 12 7 7 1980 18 017 15 8109 8512 9940
25843 1298 69991 8813 5627 2 5 88 96 14106 099 6983 9093 5245 7727 85345 184 6974 2342 53083 4067 728995
69314 6835 69675 3280 3187 3 5 96 67 02036 889 6852 8764 3289 4488 52994 926 5133 9928 85518 5076 956499

055760997798.465190