1 8 3 4 8000 77 12 9 0 90 4 2 2 9 20 7 0 8 0 5 9 977 72 80 0 6 24 67 20 799770 154 6103 380 
495 637 1 6 02 1 2 22 40 8 8 37 997 4585 00 0838 40 6 312 40 9643 10 0 0 4737 07 710 02 4149 9860 0389
03450 6367 99605 0032 8340 0 6 92 34 00700 809 9002 9060 1991 3450 02985 058 7014 8692 53910 0110 185097
7 0 3 0 8120 00 10 2 2 40 0 2 3 0 50 9 6 6 4 5 4 062 02 00 8 8 60 00 03 000067 987 0960 550
79 623 6 0 02 8 2 19 80 6 1 87 089 7914 44 2308 12 7 070 90 4625 11 7 0 9293 00 445 70 9075 2718 0079
02300 0137 04000 0070 0720 0 2 44 00 04005 070 8988 1334 8007 3650 76520 134 0141 2830 58013 4175 106308
7 0 7 6 8874 30 12 0 5 45 8 6 0 0 01 0 4 0 6 0 0 973 10 65 5 7 02 84 63 930039 100 8103 596
020 103 7 0 60 0 0 92 70 0 9 07 557 4104 00 7044 81 7 578 00 1054 09 3 0 1000 52 410 20 5045 3760 8719
02003 8400 41270 0099 5000 0 0 02 60 02439 009 6812 9006 8286 9400 68285 000 2790 0068 04253 6662 075090
0 2 7 9 5843 70 10 5 7 10 8 0 9 8 20 0 0 0 4 8 9 000 12 95 9 9 50 02 29 008223 726 0703 559
603 093 5 0 07 0 5 46 80 7 0 66 803 1004 65 4007 62 0 008 10 6410 19 0 0 8770 10 339 79 0945 4702 9917
39010 0007 10300 7092 5591 3 6 00 08 10050 806 0506 7030 6279 0758 59014 890 5000 2300 50100 2004 295008
0 3 6 9 0600 76 52 4 5 30 8 2 1 5 90 9 7 0 4 0 0 890 50 40 5 0 08 10 54 099200 609 3620 085
026 058 9 5 15 8 8 14 00 0 0 70 887 8410 16 7798 50 5 780 11 0275 07 4 0 7800 63 405 91 2465 8030 7907
00083 0036 93215 8212 9049 1 0 48 50 70609 590 0972 8616 9958 0098 00004 909 0000 5005 57909 0107 295198
0 7 8 0 0620 20 00 0 5 02 7 0 6 1 27 0 2 1 0 5 6 282 00 95 0 7 80 94 87 800003 074 4280 070
903 177 0 9 34 9 2 02 80 8 8 82 356 4048 17 9060 60 9 410 14 1116 02 3 0 1639 12 458 12 2860 0830 2008
92353 7536 10835 9700 9195 7 1 53 96 09530 075 7887 0605 1227 0069 04010 106 5004 5698 25803 1890 508597
5 2 7 0 9060 88 98 8 0 96 9 0 0 9 98 0 2 1 4 9 9 660 00 25 5 7 55 95 04 040257 904 8720 096
904 286 4 9 19 0 0 70 79 8 5 86 900 9704 49 6010 17 6 000 00 7205 30 0 0 5032 06 030 32 0008 8082 5000
04003 0039 40290 0712 0006 0 4 08 09 82061 765 0910 0050 9411 0900 60410 026 0367 5015 55710 1053 942198
0 6 0 4 0178 05 70 2 0 17 0 9 6 0 75 0 9 1 7 0 1 318 22 70 0 0 06 12 28 660823 156 8106 059
385 180 6 6 97 1 0 02 08 0 6 30 486 0228 16 0014 60 4 700 17 0209 90 3 9 0050 80 487 74 4008 0092 9002
17003 6100 98030 8004 9000 0 0 80 09 82305 000 5602 9772 8000 4010 00065 524 6044 4096 33773 3050 927090
0 1 9 7 5726 04 00 0 5 88 8 9 7 1 00 9 0 1 8 0 0 093 28 05 2 7 89 00 64 399309 700 1310 020
503 020 0 0 62 8 9 22 85 6 0 02 777 0205 35 6378 10 4 260 00 4292 12 0 0 1089 09 910 86 2100 8082 8809
09733 7577 03019 0702 1809 0 4 70 68 17182 808 0072 0815 5319 0013 72090 879 5998 5000 56018 8050 698008
4 9 8 7 9075 97 80 8 9 38 0 3 8 1 08 1 0 1 0 0 0 949 56 15 4 1 60 19 81 007280 820 0039 097
555 074 9 0 48 8 0 12 68 0 1 09 387 3607 15 9755 00 4 967 05 7005 12 1 9 1088 10 200 62 8340 7100 8800
70300 0409 13045 0317 4001 3 6 04 97 10400 010 9010 0885 0210 5489 77264 069 5158 5308 78229 5050 200107
7 0 9 4 6034 10 00 4 0 75 9 0 6 6 00 9  1 3 5 9 072 72 50 8 8 04 12 03 563000 004 0003 556
170 100 8 1 32 7 2 92 80 5 0 92 080 8210 45 0905 02 0 810 70 3215 03 4 5 1749 72 905 34 2040 8108 8739
6 2 0 0 5997 02 26 9 0 17 0 0 7 0 09 0 2 8 7 0 0 912 64 40 9 0 06 09 03 940004 709 0003 850
943 756 0 8 02 0 9 27 09 8 1 24 868 9009 04 0057 80 7 900 44 0306 02 9 7 8098 19 075 98 3306 0070 5929
00070 1078 10016 8002 0128 3 0 11 97 15900 015 3907 9900 0905 5565 92500 103 0634 5800 37255 0959 109063
8 7 5 4 5935 06 09 5 6 34 9 0 0 9 80 8 7 0 4 0 9 799 10 26 6 6 08 07 57 091733 100 0008 500
76 000 0 7 39 7 2 00 80 3 1 76 978 0018 77 8710 62 7 999 40 0310 20 5 0 6670 00 080 12 5835 9792 9916
52963 7605 90000 2315 5170 5 0 02 00 10198 098 4096 0070 0015 5808 20212 016 5134 4678 64060 7006 705007
3 7 0 8 8660 60 72 2 0 02 0 2 3 1 07 8 9 9 9 0 0 018 17 50 6 0 44 08 24 881520 724 8057 170
900 825 0 8 00 8 6 60 00 5 7 90 080 6000 44 6783 92 0 198 10 2050 04 3 5 6230 72 050 07 4040 0762 8010
90003 7439 00058 0747 5985 1 5 07 01 07060 851 0808 6019 0810 0810 18300 444 9714 6492 50013 5083 928094
9 0 0 9 7909 35 17 5 0 12 9 8 3 0 07 0 3 2 3 0 3 034 84 06 0 0 90 06 80 400537 100 8123 970
383 120 7 0 40 8 6 40 99 0 2 00 733 0035 25 7346 62 0 894 16 4399 12 9 9 2080 12 655 91 0208 6009 6908
00011 8908 10075 2780 3495 0 8 40 09 66009 800 8009 9982 0270 5413 18263 008 9702 5006 51027 1010 958073
0 0 0 2 0089 55 70 5 9 56 0 0 5 0 97 9 2 9 1 5 0 912 10 40 3 8 00 09 07 070653 640 3735 558
150 153 0 0 18 0 3 00 80 4 0 85 087 0786 95 6036 87 6 219 10 0475 10 9 0 0338 12 800 90 8105 3912 8900
40733 3400 03204 5005 0190 0 0 00 03 95009 512 0010 0807 4054 0512 16899 077 0144 5003 00077 2007 020877
0 9 9 3 7690 09 84 5 9 02 9 4 0 8 20 9 7 0 9 7 0 700 02 46 8 0 84 12 58 799923 574 0609 006
860 109 0 8 02 7 7 02 50 7 3 88 660 1879 38 0480 00 0 900 62 4515 92 0 7 0093 10 017 10 0344 9700 5030
82115 1605 10067 2096 9051 0 9 20 60 62702 010 8008 9011 3565 0486 00565 024 5070 7310 08278 3454 605608
6 9 3 8 0007 40 12 0 0 16 9 2 0 8 26 0 0 4 4 3 7 796 25 46 1 3 49 97 03 560240 094 0400 150
000 002 9 6 00 0 7 10 80 0 0 02 504 9070 75 2304 02 5 072 05 8286 00 4 9 4980 09 589 01 7037 6252 3662
12003 7140 40005 0764 9955 4 0 04 99 70599 010 8080 0310 0015 5884 12700 067 4679 7378 40080 3066 001178
0 9 4 0 0722 55 70 0 9 18 9 0 6 0 05 3 4 9 8 9 9 096 10 40 5 0 76 90 96 470823 107 4288 000
063 500 0 9 00 8 7 94 89 8 1 80 567 1007 15 2000 78 5 610 64 0009 08 6 8 2265 02 083 10 2068 5472 9749
07004 3090 80305 0093 5520 3 9 12 00 81887 000 0997 9050 1257 4035 66095 184 0100 1940 69858 4459 459998
0 8 7 4 0978 00 66 9 3 96 9 6 0 1 57 5 0 1 8 0 0 598 90 05 2 3 04 06 59 029059 124 8055 099
059 803 0 5 17 0 5 70 60 0 0 07 700 0263 15 2606 90 0 070 43 8149 79 7 7 9260 06 000 72 9800 0900 8006
60899 1545 13010 8798 5007 0 5 20 99 72108 708 7008 9909 1910 7003 00002 014 2604 6804 58913 1583 169128
0 2 4 7 0808 48 62 5 0 90 0 2 0 0 25 0 2 1 0 3 6 606 72 44 9 0 73 92 23 996225 054 0779 550
990 100 5 5 04 8 2 08 10 8 8 58 807 9016 80 9200 78 8 910 40 7209 80 0 4 6109 82 108 72 9585 4710 0919
49677 4698 70057 0917 8051 6 0 15 06 10065 839 6902 0709 1615 0000 58609 520 0704 1900 96009 0080 929040
7 9 0 0 8523 40 52 9 5 00 7 8 9 6 29 9 2 1 9 6 0 754 09 27 2 9 20 87 76 710793 799 9043 096
101 108 3 2 82 8 7 57 00 9 7 00 504 1804 05 7864 00 0 708 07 9200  7 0 07 06 70270 812 4068 0507 4605 0823 06008 520 5104 5700 53046 0556 680190
9 2 0 8 4009 46 80 1 0 70 7 7 8 0 00 9 8 0 4 0 0 980 10 67 9 1 06 70 04 063087 559 0122 558
520 173 9 0 16 3 9 75 85 9 8 93 005 8933 15 0080 93 0 240 80 1010 02 3 5 9050 00 478 40 0155 8082 8309
97094 1975 13505 6000 0860 3 0 04 72 89860 097 7018 5000 1055 7403 12265 700 6798 5622 60590 1833 070790
0 2 3 9 0670 91 12 9 3 96 5 0 0 6 70 0 3 9 9 5 2 040 37 95 9 9 80 00 97 057407 520 6124 540
103 190 0 9 10 5 2 66 09 1 0 00 070 0214 05 8312 08 9 052 27 9001 02 3 5 0779 62 050 02 0004 0973 0001
40073 0158 09687 0006 0420 4 5 12 38 87406 310 8017 9806 6379 0010 86600 494 8072 0712 73600 4760 100198
0 4 4 0 2100 00 17 7 4 10 0 6 8 9 20 9 0 1 4 1 1 040 12 30 4 9 23 47 97 891472 184 4180 566
420 128 5 0 12 4 6 09 05 8 0 87 580 0203 13 0407 32 4 810 90 7813 03 0 0 9990 00 095 12 3005 8474 9962
02792 1700 83010 9007 5500 6 5 00 90 12076 844 3006 8806 0080 0937 08260 690 0188 6415 50006 9000 120950
3 0 9 8 0144 10 50 0 6 70 3 0 5 4 28 7 9 7 1 5 7 609 68 07 9 0 00 00 09 590839 027 7500 250
658 123 7 6 72 4 0 77 80 0 1 02 409 1276 90 0819 62 3 480 10 1209 70 4 7 0087 60 004 67 6640 8707 4872
00030 9004 03065 8464 5095 3 5 40 03 16050 615 0900 0007 1054 2410 00016 090 0030 0439 43903 0050 009909
2 0 9 8 5593 00 09 8 5 02 0 0 3 0 53 8 0 1 7 5 6 660 02 60 9 8 24 40 60 738023 900 5309 554
723 523 0 0 03 6 4 22 61 4 8 02 990 1204 85 3300 00 3 960 14 6219 50 6 0 0088 10 409 09 8965 8500 1017
92073 4105 40500 0750 5591 0 8 99 54 08870 811 0065 0082 5377 4400 80012 936 0834 6642 80254 5604 900198
1 2 6 4 0006 89 52 5 3 10 8 2 5 1 03 0 8 1 4 1 9 907 01 45 4 6 90 00 53 000280 200 8863 089
270 098 5 0 02 2 8 95 07 0 8 52 087 0274 05 0110 04 9 700 10 7892 18 5 4 0389 12 039 40 7845 8472 5990
10917 1395 03216 2062 7101 0 0 10 13 12062 800 8069 9016 1250 9407 20289 603 3064 4000 11100 0153 125440
1 2 3 7 5078 47 17 0 7 12 9 2 4 8 28 0 2 9 0 5 7 412 56 09 0 0 73 97 93 590243 109 8100 006
129 120 4 9 92 5 5 00 80 0 2 00 975 8614 55 9435 12 7 970 80 1640 52 4 6 7000 77 095 80 0858 2500 8002
10780 9059 90218 0714 3181 4 0 08 88 92104 870 4758 9047 6005 5909 00786 809 0034 4082 26211 9145 139707
0 2 0 5 4789 90 62 5 0 52 0 8 8 0 50 5 0 0 8 4 5 912 94 84 5 8 00 06 28 960423 884 5680 056
173 400 5 0 89 8 8 60 39 9 0 80 787 7208 30 2603 20 0 805 54 1207 05 0 5 8084 78 305 40 0105 0837 0982
80717 0038 99905 8504 5821 0 4 92 97 80307 830 0948 9050 8281 0068 02205 194 5094 0086 07033 9773 105167
1 7 8 4 7923 48 06 8 5 12 9 0 8 0 09 5 8 0 0 0 5 702 58 03 4 3 08 60 95 868447 128 9800 876
000 028 0 8 99 0 8 12 57 0 0 00 887 1618 16 7004 00 9 860 14 0206 60 3 9 7044 54 419 74 0095 3072 8702
00669 0005 10809 0507 8105 7 0 16 99 70192 412 0000 6877 0277 0296 01980 620 5635 0016 08465 0153 748465
0 2 0 0 5820 42 89 5 5 19 0 9 0 0 88 9 0 1 9 3 7 610 70 80 9 3 90 12 06 899470 908 0096 400
140 609 0 0 14 4 4 89 10 0 0 88 999 1309 05 9814 00 3 507 00 7800 10 3 6 5680 00 975 82 0755 8002 2016
03008 1355 00015 2712 3820 3 8 12 30 06923 880 8917 6002 0029 9008 10254 974 5758 6310 03240 1083 529000
4 2 7 8 0147 49 11 0 0 92 0 8 3 8 33 7 3 9 0 4 8 200 08 40 5 8 08 15 09 097200 106 6070 000
52 140 6 7 82 8 8 18 10 0 7 25 085 0904 55 0107 00 4 002 06 6390 22 0 0 1000 00 955 00 0506 4800 8550
80100 9135 56806 0908 2181 0 0 75 98 02132 005 5072 8000 8000 0415 80030 020 4960 7000 30000 9003 090266
0 2 7 0 0139 58 32 0 6 99 0 2 5 1 20 0 7 0 4 0 0 890 02 02 8 6 03 70 99 500009 304 0404 090
003 100 5 2 40 9 2 52 64 0 0 04 500 4290 00 0004 00 4 500 91 9220 72 5 0 8209 82 005 04 6000 0780 4648
00058 1709 15207 3922 9020 6 8 62 46 09601 708 8079 0860 8255 8400 12159 120 0024 0052 08060 0030 495860
1 2 4 4 5003 42 60 5 7 97 7 1 0 8 25 0 0 9 4 9 1 406 43 64 0 0 60 10 00 840025 925 0123 668
090 503 2 0 96 0 7 02 09 3 2 87 770 1719 90 5094 02 8 110 90 8354 10 0 1 0794 47 472 09 9100 9788 0907
00107 1055 09580 4608 5421 1 0 92 90 88000 407 7501 5780 5204 0403 19268 443 5030 0908 55215 1100 370730
0 4 0 7 0070 77 80 7 6 48 1 6 0 0 70 0 0 6 0 4 1 907 10 75 9 8 09 16 87 801229 922 8105 370
025 903 0 5 00 7 9 90 70 2 1 06 638 5987 79 0116 70 0 427 50 1460 32 9 5 0009 09 007 12 2100 9007 8008
98966 2887 75975 0518 5651 0 0 02 97 02588 408 0459 0017 7919 9695 18805 070 5070 0372 90898 9863 087170
1 0 0 6 0036 45 03 7 5 08 9 2 0 0 40 0 2 1 8 8 5 370 10 05 0 9 04 12 80 089903 807 0103 800
821 107 5 0 80 8 5 01 90 9 1 72 489 4284 15 9764 05 8 008 64 9945 60 7 9 0000 66 409 08 2000 6708 8912
02363 1120 23060 8000 9701 2 0 18 08 80860 500 8019 0800 1000 5033 05279 600 0934 2725 00200 1123 005897
6 2 0 0 0195 65 51 7 7 92 4 8 8 1 58 9 9 1 6 8 8 970 66 00 0 0 27 85 41 908680 829 0174 187
100 037 0 0 05 7 2 86 89 8 2 92 904 0080 57 9307 02 2 019 65 0910 09 3 0 0676 80 405 50 7160 8950 0712
83557 1908 07795 0802 3380 3 8 76 08 60477 091 3562 4676 0005 8893 00005 007 0830 7386 69017 7653 500150
9 2 8 0 0177 50 09 5 0 10 9 2 6 8 06 9 7 5 0 9 4 002 42 40 0 1 27 15 68 860713 884 8800 657
054 307 5 0 88 8 9 00 90 9 6 07 980 1089 00 1796 00 0 962 90 0245 76 3 9 4079 55 715 43 7305 7700 8982
19890 0100 63236 8852 5509 9 5 06 08 10502 830 0000 4896 3615 0017 00200 137 4700 3765 50215 0050 058960
9 8 0 0 1903 49 78 5 0 00 6 6 0 0 05 9 2 0 0 0 0 009 12 67 9 4 24 58 78 604484 790 6003 090
353 002 0 5 36 8 0 16 00 0 0 50 580 1060 55 5304 05 0 990 19 1044 99 6 0 0748 82 399 48 6946 9800 4319
85069 2095 13005 8620 0702 3 0 78 00 12008 018 6912 9878 5245 5503 00279 109 9130 5012 77693 9603 584085
0 5 6 7 0068 46 69 0 5 01 7 4 7 4 95 5 0 6 0 0 6 000 00 44 9 7 80 00 08 798863 704 8306 150
088 808 5 0 88 7 0 00 49 9 0 92 986 4000 00 0605 09 8 610 78 8915 12 0 5 4300 06 665 56 1990 8702 0907
00163 5109 10253 9002 0400 0 5 10 18 60002 060 7300 0090 0318 0780 02061 620 5848 5395 09510 0100 300988
7 0 3 4 8197 00 17 2 5 09 0 9 9 0 00 9 6 0 7 5 1 073 06 00 0 7 30 68 40 069807 604 0469 550
423 697 0 0 00 6 2 29 98 0 2 02 906 1290 80 0019 52 0 097 59 7467 82 8 5 3206 38 709 10 7208 5001 8090
10955 0299 20215 0807 0800 8 5 90 08 80799 805 0912 5019 4004 6693 19215 052 0630 5500 89803 1998 000499
2 0 3 9 8706 40 30 7 6 77 9 0 9 2 28 7 4 0 0 5 8 015 00 90 8 0 99 20 60 097299 838 8969 550
943 000 0 8 47 8 0 74 06 0 6 08 540 9700 17 0494 95 9 005 50 9909 00 3 7 1309 64 405 02 4100 0770 8819
40011 1840 60295 8719 7807 0 9 08 90 75106 008 6809 9012 1778 5084 95047 020 5004 3592 87203 1923 095900
6 2 5 3 5640 05 45 9 0 06 7 3 8 0 89 0 7 0 0 9 0 062 99 44 8 0 30 12 75 005003 108 8448 786
58 704 5 0 97 0 0 12 08 0 8 82 997 6660 80 8090 89 0 290 30 0400 15 4 9 0389 18 402 92 2140 0600 8500
88005 0134 83200 3099 9086 1 5 92 50 00960 080 5900 4932 1911 5016 08257 804 5860 7687 58010 7000 187000
0 0 5 4 0025 40 00 5 8 42 0 9 0 3 09 9 4 7 0 4 0 920 12 70 0 8 64 09 93 600523 204 0696 078
009 520 8 9 58 5 0 62 09 6 5 89 977 6010 00 0966 08 9 012 09 3700 60 8 5 1588 88 580 15 0870 8692 0402
03040 0004 02207 8792 3821 9 2 15 08 46064 850 8970 0097 6058 9753 07915 128 0177 5324 80205 8761 839109
0 0 3 3 5180 30 87 3 2 02 0 0 9 0 08 9 2 5 1 5 8 009 00 47 0 7 89 80 02 000080 029 6880 575
122 108 8 6 30 5 4 19 00 3 9 82 388 0064 05 2760 52 5 062 17 1000 06 6 6 0009 16 005 09 4640 8783 8968
08310 0038 03680 0762 0020 9 5 15 98 02145 710 8703 6872 0609 8188 10307 120 4097 9802 43265 3300 100085
1 3 6 8 0103 65 06 0 5 07 2 0 9 8 05 0 2 0 8 7 0 580 95 09 4 2 24 72 04 777900 700 0080 509
800 038 7 7 09 8 2 15 84 0 7 04 950 7279 16 1246 49 8 012 69 0705 07 0 8 8808 10 075 12 0743 6590 9045
40013 3100 18617 5030 5001 0 7 68 80 58137 820 9600 5810 1878 9789 02715 070 5008 0970 53450 1084 128048
1 8 9 3 6129 40 07 5 7 02 0 0 0 0 30 9 2 7 0 3 0 512 08 89 3 8 90 40 99 841023 200 0003 856
023 020 0 9 10 2 6 00 76 0 6 63 997 8210 05 6019 82 4 910 17 1019 02 3 9 4760 40 025 10 2270 7700 3202
28700 6709 60065 8086 7671 6 5 39 98 30705 008 9916 9772 1018 8489 18210 990 9430 7300 59311 8093 920107
8 8 4 0 5005 09 38 0 6 92 0 8 0 1 24 9 0 0 4 0 1 005 00 00 1 8 07 12 00 880035 000 8992 070
905 986 5 5 60 8 7 12 09 2 6 72 008 9270 10 8394 08 0 010 00 7205 10 3 0 1770 70 405 60 5966 0418 0086
08316 4262 95910 8082 9137 0 3 36 29 10810 066 3900 5907 0290 5569 10208 004 8180 5112 90279 1959 605080
4 2 3 4 0083 03 02 7 0 00 0 0 4 8 29 6 7 0 1 4 9 067 90 86 9 6 00 98 83 198027 158 9025 527
708 893 7 0 97 0 9 19 68 5 0 97 090 1010 50 1550 17 0 002 07 6019 80 0 8 8050 35 460 45 0005 7072 0706
10000 4105 30205 8315 0926 3 5 07 60 93098 857 7082 9406 7869 3900 16107 108 4130 0915 55900 1989 004190
8 9 3 9 8103 40 08 6 8 82 0 0 0 8 40 0 2 8 0 0 1 610 82 47 1 8 09 57 24 008002 150 8023 050
073 179 5 9 10 6 0 39 59 7 0 00 027 6709 10 2012 12 8 392 03 9397 33 3 0 0789 00 505 02 2060 8882 7010
02343 5190 48409 0710 0597 8 0 12 59 19802 800 7002 3522 0047 4683 95055 897 0079 5800 05300 2195 095368
0 7 3 0 5400 07 68 6 0 52 7 5 0 1 27 1 2 7 7 4 0 197 02 05 9 9 00 22 02 800880 000 8906 000
024 083 9 2 00 6 0 00 65 8 1 38 050 8090 45 0066 02 4 000 04 0075 88 3 5 5550 00 404 90 2000 5600 8909
12350 0103 20265 0010 9970 3 5 32 19 98184 815 0217 9692 0720 9401 88316 177 0986 0467 07100 8913 007790
9 2 3 6 5408 22 00 6 5 12 8 0 9 0 01 6 9 1 5 0 0 641 10 00 0 5 44 10 23 090278 827 0109 450
046 050 0 9 66 8 7 72 07 2 7 42 989 5915 45 7640 70 5 396 74 5216 70 0 3 0290 44 514 60 9404 5676 8708
14083 0303 63800 8019 0060 0 0 02 07 12032 870 8013 3592 9678 5413 05210 230 2134 8000 03000 9878 500970
5 0 9 0 5010 48 03 8 0 12 7 0 7 0 50 0 2 7 5 0 0 978 02 55 9 8 00 00 98 001203 244 5003 086
128 700 7 9 86 7 5 00 40 0 9 30 297 0057 12 6309 10 0 968 04 0270 07 0 5 0106 00 648 20 5890 0002 9016
50370 0009 03209 8310 6090 3 3 13 49 03130 400 9003 9812 0807 0478 82700 004 0194 8509 67080 5798 525033
1 2 0 0 5191 00 19 8 9 18 0 7 6 1 20 0 7 1 6 1 9 716 06 40 8 5 04 33 97 090003 708 5999 040
12 560 5 3 06 0 9 80 37 0 1 54 985 1204 99 2070 72 0 000 09 1030 17 9 5 0288 07 405 00 2620 8007 5908
02050 1100 05264 8920 5829 3 0 80 90 02500 905 6002 9410 6364 5093 37990 606 6039 4306 00083 1140 790390
7 2 0 4 9679 40 60 3 5 49 9 9 0 8 20 6 9 1 4 3 1 700 00 08 0 8 24 02 00 805661 647 0904 050
004 020 5 7 69 0 7 72 09 4 8 00 900 7810 66 2056 10 4 710 10 7068 00 5 0 0087 12 587 82 3148 0775 6077
75833 1628 05298 9012 0707 0 0 12 02 03109 071 5016 0808 3806 2802 70095 177 7704 0097 93060 2020 820990
1 7 6 0 5000 67 12 1 4 12 9 0 4 0 80 3 0 9 8 7 3 000 80 90 0 5 58 16 39 200003 704 9163 556
480 451 2 3 72 5 2 00 90 0 4 40 900 9516 97 2010 60 4 010 65 3391 70 0 0 7509 30 460 00 6047 4062 8469
00083 0730 53005 9050 9100 0 9 00 42 00100 005 2010 2007 6975 9590 00075 120 0190 7706 85003 7053 027004
2 8 4 4 8150 72 02 5 0 42 4 7 0 1 80 9 8 7 4 6 4 409 50 05 0 2 06 70 89 091218 006 0157 406
089 873 0 9 07 5 0 12 09 8 1 85 500 0899 80 5685 09 4 469 70 0285 77 4 0 0503 06 010 00 0185 8090 6680
48470 0835 13015 8017 0750 4 5 02 05 50962 820 7072 9085 0005 0046 70005 424 6138 5782 50223 9904 195199
0 2 5 4 0183 09 10 9 3 76 9 0 0 0 70 0 2 4 0 6 6 000 73 05 9 7 94 05 00 398763 709 0106 080
606 507 6 0 02 8 0 12 03 8 1 82 087 7014 78 9626 90 4 410 84 5055 42 0 5 0000 57 680 60 9439 0110 9988
50383 3138 06300 8760 7007 9 0 10 70 69320 606 3910 0090 1073 8005 12815 105 9900 0647 37230 0008 026144
5 0 9 0 0503 48 90 5 5 00 9 9 0 1 70 0 0 0 3 3 7 307 52 00 9 8 04 10 39 105003 020 8103 090
005 690 5 5 00 6 8 82 84 0 1 24 077 0209 00 0019 00 4 752 23 2000 84 2 0 0269 55 465 04 0056 8812 0912
16840 0037 92870 0964 0055 3 4 09 98 12702 609 8000 9413 8710 8408 12085 224 0800 7590 63895 0153 066978
1 9 6 4 4040 06 22 7 3 80 7 9 3 2 68 0 8 7 2 0 1 084 56 85 8 0 73 00 50 054699 199 4120 909
178 900 4 0 22 6 2 02 38 2 1 00 907 8094 10 7790 85 5 084 00 1210 72 4 6 0909 18 204 82 4040 8818 0919
59096 0140 00204 0080 6000 0 0 80 72 12085 113 8998 7729 8400 3839 44000 939 5053 8090 00200 8853 079406
9 2 3 6 0820 76 87 5 5 10 9 0 2 8 80 0 5 4 6 0 6 802 13 93 5 0 64 02 80 097806 080 6114 080
889 003 5 9 80 0 0 18 99 7 0 08 908 9214 08 0984 16 0 315 00 9019 06 0 9 0280 19 809 76 0086 2802 8868
99013 9588 00020 0712 5785 0 5 93 97 97602 836 8965 0000 6280 0726 00607 094 0987 6307 50300 0000 065009
9 2 0 4 0096 90 50 8 8 00 9 0 3 0 20 6 0 4 0 3 8 019 02 09 0 0 28 58 24 996023 426 0993 259
520 000 0 5 80 0 0 90 00 0 4 92 800 0310 20 0438 80 0 999 91 9819 40 8 8 0185 97 517 12 0148 8095 8067
67010 2905 03203 0703 3566 9 7 02 28 05159 805 8560 9590 2604 9318 90055 570 3098 8330 06000 9160 989600
8 0 3 0 5579 19 42 0 5 22 3 0 0 0 18 7 9 6 9 5 0 504 36 07 9 0 04 70 00 800900 087 5167 146
778 205 2 7 20 8 8 60 88 9 8 55 900 4919 88 0303 92 5 908 90 8585 90 0 0 5495 03 060 14 2262 6817 0392
31809 3020 13208 8002 0101 3 7 05 87 17107 539 4792 2016 0210 0177 12170 004 9104 0012 43013 1656 009698
7 2 2 9 5720 57 12 5 8 12 0 8 2 0 90 0 8 9 6 9 8 505 10 90 9 6 85 72 24 053094 784 6170 700
333 989 7 9 92 0 0 02 69 8 0 85 937 0014 40 0000 40 6 485 24 0776 07 0 0 9093 16 888 03 2545 5600 8230
00890 0809 23941 0076 0100 0 8 11 00 00202 920 8491 0882 0088 5087 24720 400 5927 5004 00253 5041 197830
1 0 3 0 4513 00 92 8 5 40 0 2 8 0 98 5 7 3 0 7 9 604 41 00 5 0 37 80 63 090821 055 8193 458
56 159 9 7 52 8 9 42 50 3 1 80 906 1694 08 8306 14 4 710 97 1895 43 0 3 0975 07 415 00 2106 9000 7590
22016 4103 70287 9112 9826 0 1 12 93 14129 709 0084 7970 8230 0079 73290 993 5834 0795 35010 0043 029970
1 2 9 0 9168 40 87 2 5 85 7 7 7 0 08 0 8 0 6 5 0 720 66 40 5 0 30 08 20 899270 100 4262 083
073 325 9 7 80 8 9 59 88 4 0 40 007 8269 15 2964 09 7 172 10 0900 07 6 4 6080 72 435 17 2105 5010 0016
40303 6030 18700 1062 7500 0 5 02 05 74760 075 4002 0000 8604 8475 02210 750 0057 0982 50118 0757 988389
7 8 0 7 6049 80 08 0 5 70 9 5 8 9 08 0 6 0 4 0 0 909 50 09 0 0 08 10 42 803107 070 8588 000
523 859 5 8 08 0 7 32 86 8 8 03 951 0090 10 0908 80 0 900 94 1417 08 5 9 0785 70 005 80 0240 8505 8610
42880 9590 70970 8049 5478 9 7 82 00 16030 597 9916 9312 1004 5035 00510 006 8984 0290 50703 0260 140193
3 0 7 0 7920 10 35 9 6 16 0 0 6 0 78 9 0 1 8 0 0 900 60 89 0 8 34 30 29 828198 970 8409 710
030 053 8 0 19 0 8 82 89 0 1 50 976 7600 15 7360 49 4 057 17 8015 09 3 0 0987 98 995 12 3075 8062 6904
02390 7134 60430 6000 9100 3 0 21 76 82595 060 8604 7008 0907 9513 10003 154 0000 7013 74379 1877 608980
0 9 7 9 7029 20 99 9 9 08 0 5 3 9 06 9 2 9 0 7 0 900 12 05 6 0 04 11 86 690209 848 0885 803
703 900 7 7 77 1 0 90 00 9 1 08 907 0408 16 2616 02 3 995 10 5007 70 0 5 6808 00 209 06 8107 8086 0505
77207 9020 53218 8417 6124 6 5 02 36 12160 815 0904 6018 9807 5424 82077 130 5044 7079 70013 0700 735889
0 9 8 0 0100 09 00 0 0 09 0 0 9 5 00 9 2 6 4 0 0 060 72 66 0 2 03 10 68 082255 126 0170 500
306 823 5 9 57 0 2 97 80 2 8 80 090 0990 79 0285 12 5 090 13 7307 02 0 4 0038 51 404 97 8145 8712 8902
50313 1500 43617 1100 5675 0 7 00 99 92352 007 8812 9200 0530 2018 39235 478 6595 5372 50213 0156 068197
6 0 4 4 0027 41 06 5 6 10 0 1 6 0 09 9 2 7 0 5 1 942 09 00 0 9 00 02 73 890020 450 0043 696
906 517 1 8 16 7 0 76 42 8 9 05 757 6885 92 0029 19 0 210 06 4019 02 8 5 8589 02 413 09 0650 0772 8700
10374 6006 18380 9710 6127 0 2 75 88 50008 569 2405 9802 0215 7580 36607 000 5000 5082 23813 1040 775178
0 2 8 7 5120 83 57 7 8 14 9 0 8 0 90 4 4 1 5 0 0 002 65 97 6 0 86 00 08 885270 124 8700 004
023 123 0 0 94 0 0 08 89 3 7 00 084 3010 19 2740 08 0 940 09 0590 10 6 8 2593 90 056 18 3775 0717 0615
00796 5900 23010 0048 5009 0 5 08 97 19495 707 0902 0850 4005 0763 42009 934 8084 5900 50960 6580 480100
9 0 0 4 5503 85 68 5 2 02 0 8 7 8 00 0 2 0 0 6 1 950 72 04 0 1 00 00 09 894003 764 2013 000
773 709 4 9 90 8 6 42 87 7 7 88 408 9278 68 2017 06 0 900 74 3480 80 3 8 1080 10 576 00 0005 0762 8610
00010 7102 00600 0500 0171 5 0 04 05 90930 707 0500 3012 2560 5001 98005 724 5700 0097 07008 1708 984100
1 8 0 5 0000 90 58 0 8 02 0 2 5 9 08 7 8 1 6 2 1 810 02 05 7 0 47 63 33 868937 180 9398 076
023 747 7 8 90 6 7 80 85 9 0 30 900 0484 77 4444 12 7 913 00 6920 12 0 7 1980 10 010 15 8109 8512 9940
25843 1298 60901 8013 0627 2 5 88 96 14106 009 6903 0003 5245 0727 85305 184 0974 0342 03083 4067 020995
60314 6035 60675 0280 3100 3 5 96 60 02036 889 0052 8764 3209 4400 02990 926 5130 9020 05518 0076 906099

055000097790.465090