0 2 0 0 0000 00 10 0 9 00 4 2 0 0 00 0 0 0 0 0 0 900 60 08 0 0 00 07 23 090070 000 0150 000 
426 030 0 9 00 0 0 02 00 0 0 00 007 0000 05 0000 82 0 012 00 0003 10 0 0 1336 00 015 00 0000 0850 0000
00000 0000 03005 5702 8301 0 6 02 04 00100 600 0000 0060 0007 3013 62000 064 0010 5000 03110 0050 085000
0 0 0 0 0000 00 00 0 2 00 9 2 5 6 06 0 0 0 4 0 4 090 00 00 0 0 00 80 80 080000 000 8060 500
70 000 5 9 00 0 0 10 80 5 1 80 087 0010 00 2300 00 0 002 80 0000 00 3 0 0200 80 000 00 9065 0010 0070
02017 0107 05080 0200 0020 0 0 40 00 30170 070 0008 1050 0000 5000 08000 004 0000 8300 08000 0000 000008
0 0 0 6 0103 60 10 0 5 00 9 0 0 0 00 5 4 9 0 3 1 090 12 00 0 8 02 80 03 095020 120 0123 598
003 000 0 1 01 0 2 10 79 9 9 00 600 0050 18 0004 81 0 070 00 0000 09 0 0 1009 02 400 02 5005 0000 8009
02220 1000 00000 0090 0000 0 3 02 90 02007 000 0502 0000 0000 5400 00205 700 5098 0260 00203 0900 140500
0 0 7 9 0800 00 10 0 0 10 8 0 9 0 28 0 0 0 0 0 0 000 12 05 9 9 04 82 00 608020 700 0000 505
403 103 0 9 00 2 0 00 80 7 0 62 000 0004 00 0010 02 0 750 10 0005 09 0 0 0000 00 379 00 2005 7009 0712
00005 0000 03600 8010 5500 3 6 00 00 10000 000 0500 0918 1000 5000 10210 004 5000 0000 00200 0700 000008
8 0 0 9 0030 49 00 0 0 00 6 2 0 0 90 0 0 9 0 0 0 602 07 40 0 8 26 10 20 000200 009 0000 000
900 700 0 0 19 8 8 00 00 0 1 00 000 0000 08 0000 00 4 000 14 0205 10 0 0 1000 00 005 00 2000 0050 8060
00000 1900 00215 0010 0040 0 0 08 08 00000 000 0000 8000 0900 7090 00000 000 0000 0350 50000 0003 000060
0 0 3 0 5000 00 02 5 5 02 7 0 0 1 08 0 2 1 4 5 0 900 09 40 4 0 00 03 08 870000 004 4000 000
020 000 0 9 30 9 0 12 00 8 8 82 500 0200 00 0560 00 0 900 00 0010 02 0 0 0080 12 050 00 0060 0002 0002
02050 0500 00030 0000 0120 7 0 00 08 00502 000 0007 0000 0000 9099 00500 000 5030 0102 20000 1043 020000
1 0 0 0 0060 17 10 5 3 06 0 0 0 9 08 0 2 1 0 0 9 002 04 05 0 0 25 05 09 090000 004 8423 006
000 103 4 9 00 8 0 00 70 0 1 00 900 0090 00 0700 10 0 900 00 0060 40 0 0 5009 00 000 02 0400 8000 8000
14390 3800 52205 0002 0606 9 0 00 20 00000 065 0002 8004 0005 0000 02000 000 0030 0005 50000 1053 160100
0 0 0 4 0070 05 00 0 0 00 0 0 0 0 70 9 0 3 0 0 0 008 02 04 0 0 00 02 20 000200 050 8100 000
003 040 0 9 00 8 0 07 00 0 0 30 006 0000 10 0004 17 0 010 09 6205 00 0 0 6000 00 407 02 0000 0000 0000
10000 0130 03730 0010 0020 0 0 02 07 70000 005 0912 9030 8000 7003 00005 000 0000 5040 00000 1050 020000
8 0 0 0 5926 00 00 0 5 00 0 2 0 1 00 9 0 0 4 0 0 000 18 45 0 6 20 12 00 000203 000 0020 008
023 120 5 0 02 8 0 02 05 6 0 02 487 0210 00 2313 00 0 000 00 0000 02 0 0 0000 50 000 10 2100 0000 0410
02300 0000 03000 0702 0100 0 0 02 00 10100 800 0072 0000 0310 0003 02009 007 5009 5000 00019 0050 000106
0 0 0 7 0100 47 00 8 0 00 0 2 8 0 08 9 0 1 0 0 0 940 50 05 0 0 00 10 00 700020 020 0000 000
000 004 9 0 00 0 0 00 00 0 0 00 000 0000 10 0050 70 4 000 00 0005 00 9 0 1008 00 000 00 8008 8000 0910
00000 0030 00240 0719 4000 3 0 04 00 10400 014 0010 0300 0200 5493 00000 900 0190 0002 09217 0000 005100
0 0 3 0 0000 00 09 0 6 77 9 2 9 0 07 0 9 0 0 0 1 002 00 00 0 0 04 12 03 833000 034 8103 556
004 190 5 0 30 0 0 00 80 0 0 00 080 0010 00 2300 02 0 010 10 9210 10 3 0 0000 02 010 00 0705 8050 0000
0 0 3 4 5127 00 00 5 0 10 0 0 0 0 09 0 0 0 7 3 0 010 00 00 9 8 00 07 00 044000 000 5003 000
003 700 2 9 00 0 0 00 00 8 0 00 800 5000 00 2907 00 5 002 10 0000 02 3 5 0090 00 005 00 0000 0000 0900
10400 0108 10010 8000 0120 0 5 10 08 15000 000 0997 0000 0000 0505 00000 003 5030 0000 53203 0003 105600
0 0 5 0 5400 76 19 0 0 00 0 0 0 0 00 0 5 0 0 1 0 090 00 00 6 0 20 00 53 100720 103 8100 003
06 104 0 0 30 0 0 00 00 8 0 10 000 0004 90 2010 00 8 000 44 0810 28 0 0 1400 00 510 00 0000 0000 0902
12380 0000 10600 8010 5150 0 5 02 00 02100 820 0092 9573 0000 5000 50212 004 0104 5000 03000 0150 000008
0 0 0 4 0002 40 00 5 5 02 0 2 1 0 00 0 0 0 4 5 7 014 00 00 0 0 00 02 00 001000 004 0000 100
009 805 5 0 02 0 0 68 00 0 1 80 005 6070 08 7000 92 4 090 14 0055 20 3 0 8200 00 400 00 4000 8062 8602
00010 0400 00005 0700 0005 0 0 02 00 10002 050 0007 6800 0015 0000 10000 000 0030 0000 00010 0000 008400
0 2 0 9 0100 85 10 0 3 10 0 8 0 0 07 0 0 0 3 0 3 091 04 00 0 0 00 00 03 008003 100 0000 000
090 000 5 0 10 0 0 00 09 0 9 00 003 0005 05 0000 10 0 390 00 1090 10 0 0 0080 00 005 00 0008 6002 6000
00800 0900 00200 0702 0190 3 0 42 00 10000 000 0050 9080 0070 0400 10063 600 9034 5060 51200 0004 198090
0 5 0 4 0020 00 02 5 0 52 0 2 0 0 00 0 0 9 0 0 0 000 10 48 9 0 00 72 00 890000 104 0305 550
100 150 0 0 10 0 2 05 80 0 0 80 900 0009 05 0036 00 4 009 00 8005 00 8 0 0008 00 005 10 0005 0000 0900
02013 3630 00000 0000 8000 0 0 00 00 00000 810 0014 0800 0550 5013 00809 004 0100 5200 03030 0000 000100
0 0 9 0 0000 09 00 0 8 00 0 2 0 0 00 4 7 0 9 0 0 010 62 06 6 8 20 12 70 090020 020 0400 000
003 000 0 0 00 0 5 02 09 0 0 80 900 0800 00 1080 00 0 900 06 0000 00 3 4 3000 10 410 05 9004 0702 5010
02300 0005 10000 0772 0801 7 5 10 60 00002 000 0003 0000 3200 5400 12000 120 0000 0000 00000 3150 005700
0 0 3 0 0100 00 12 0 0 02 5 2 0 0 00 0 2 0 4 0 0 090 00 40 0 3 80 00 23 070200 020 0000 050
003 000 5 0 00 1 0 00 00 0 2 02 087 0204 00 0000 02 0 900 00 0000 16 0 0 0000 90 080 02 0200 0002 8000
02403 0000 00000 0702 0000 0 0 02 09 00007 000 8084 0010 1000 5003 00010 207 4008 0000 00080 4100 301108
0 9 0 0 0520 00 74 0 9 00 0 0 0 0 08 3 4 0 0 8 1 000 04 45 0 0 04 60 20 090000 004 8000 506
003 023 5 9 00 8 0 40 09 0 1 00 007 0007 10 0000 00 0 090 04 0009 02 0 0 0200 70 010 00 2068 5000 0740
02000 0000 03010 0000 5521 0 0 00 70 10000 800 0900 0800 1050 4000 10090 000 0100 0340 00800 0150 000090
0 0 0 0 0003 05 00 0 7 02 9 0 0 0 00 5 0 0 9 0 1 900 00 05 9 0 00 10 00 001240 000 0154 000
000 800 5 0 02 0 0 70 00 0 0 07 004 0000 05 2300 00 4 070 00 0200 00 3 0 0200 12 003 12 0100 0012 0006
10090 0005 03000 8700 5000 4 0 02 00 70000 000 8000 9010 0010 0013 90010 190 2194 0015 00010 0000 100109
0 2 0 0 0073 00 02 0 0 17 0 0 0 0 20 0 0 1 0 0 0 096 00 00 0 0 53 00 07 000020 004 0700 057
100 103 0 9 02 8 0 00 00 0 0 00 087 9010 05 2000 00 0 912 00 0009 02 0 2 0000 00 000 70 0080 0000 0004
00000 1000 00000 0918 5001 0 5 00 00 10000 090 0000 0060 0000 0003 42002 020 3050 0300 03001 0000 020140
0 9 0 0 0000 42 00 0 0 00 9 0 0 0 00 0 0 1 9 0 0 002 10 07 0 0 00 00 00 000003 096 0003 090
000 000 0 0 02 0 0 00 09 0 7 00 000 1814 00 2310 00 8 000 04 0010  0 0 02 00 00078 810 0000 0069 0000 0003 00710 102 5404 5007 50000 0000 000090
0 2 0 0 0003 00 09 0 9 10 0 0 8 0 06 0 0 0 0 5 0 002 02 00 0 0 06 00 00 800000 570 0020 000
000 020 0 9 16 3 0 04 05 0 8 02 980 0930 10 0000 10 0 012 80 1000 00 3 0 9000 50 407 00 0000 0012 8000
90000 1005 10000 8002 0020 0 5 04 00 09000 900 0000 0804 0205 0400 02005 620 5030 0002 03290 0803 006095
3 2 0 0 0023 00 00 5 0 06 9 0 0 0 20 9 2 0 0 0 2 000 00 05 9 0 00 00 00 007000 000 0000 006
100 100 5 0 14 5 2 10 00 0 0 02 080 0004 00 0004 10 0 002 04 0000 00 0 0 0209 82 000 00 2500 0000 8002
09000 0008 09000 0012 0000 0 5 02 08 77000 000 0000 0010 0005 5410 00000 000 0000 7010 00000 1060 024100
0 0 0 4 5007 60 09 0 0 09 9 0 0 4 20 9 2 1 0 0 1 050 12 00 9 9 04 00 03 091020 100 0005 506
000 000 5 0 02 0 9 00 99 0 1 07 000 1204 05 0300 02 0 000 86 0000 13 3 0 0299 00 400 00 0105 8000 9060
12003 1700 03000 0007 5000 3 0 10 09 10000 040 0006 0006 0005 0300 00260 004 0104 3000 50080 8003 104100
0 2 0 0 0100 00 00 0 0 03 0 0 5 0 00 0 0 1 0 5 1 000 00 00 9 0 00 00 09 090000 700 7025 050
000 003 0 0 10 8 0 02 80 8 0 00 907 1206 05 2019 00 5 010 14 1000 70 0 6 0887 00 000 00 0000 8700 0002
82013 0100 00000 0000 5090 0 5 02 90 05000 015 8000 0002 0005 2000 00006 000 5000 0009 40200 1000 109000
0 2 0 4 0000 70 10 0 0 02 0 0 0 0 00 0 2 1 4 0 0 008 00 00 9 0 20 00 00 800020 020 0920 000
003 000 0 0 00 7 0 00 80 0 1 02 000 1000 00 0014 34 0 900 00 0210 07 3 0 3000 00 005 29 8075 8070 0900
02000 0005 00200 0057 0001 0 5 02 50 12060 000 0060 0000 4300 0000 02010 906 0000 0640 50200 5003 000108
0 2 0 0 0106 00 12 5 5 00 5 2 0 0 00 9 2 1 0 0 0 000 11 05 0 0 00 12 03 001000 002 0003 000
023 008 0 0 00 8 0 06 07 0 0 80 007 0000 00 0000 00 7 000 00 0002 00 5 0 0089 12 030 55 4000 0470 0010
00900 1700 60010 2700 0100 0 0 10 10 02602 805 0000 9010 1000 5419 15000 000 9060 0310 00000 0153 105100
1 0 0 4 5023 00 07 0 6 12 9 0 0 1 28 0 2 0 9 0 2 902 00 09 9 0 00 00 90 001200 020 0120 000
023 020 0 9 02 0 2 09 80 9 0 02 977 0904 95 0014 12 0 000 90 0000 00 0 0 0040 77 005 02 0800 8080 8010
00000 9005 93008 7710 0101 0 0 40 08 90044 000 0010 9000 6980 0400 03009 020 0000 0000 08010 0030 000000
1 0 0 0 0089 80 00 5 0 10 0 2 8 0 00 0 0 0 0 6 0 002 14 80 0 8 00 00 20 005023 004 0000 000
070 003 5 5 80 8 8 60 39 0 5 00 000 0210 00 2003 90 0 000 00 1000 10 5 0 0004 72 005 02 0105 8700 7902
02000 0935 80000 8502 5001 0 0 00 90 00000 000 8002 9020 9000 0060 02215 000 0090 0000 50200 9000 000000
9 7 0 0 0100 00 00 8 0 00 9 0 0 0 00 0 0 0 4 0 0 070 00 09 4 0 08 10 90 300020 004 7080 000
000 128 5 8 10 0 8 10 00 6 4 80 000 0110 00 0004 06 0 862 14 0000 00 3 0 0080 00 410 80 8090 0616 0702
02003 0005 00005 0000 8000 3 5 16 08 20070 410 0000 0070 0000 0600 00000 620 5000 0012 00005 0103 000090
0 0 3 0 5020 40 02 0 5 10 0 0 0 0 00 9 0 1 9 0 0 600 00 00 0 0 00 00 20 800000 100 4096 750
003 603 5 0 10 0 4 00 00 0 8 80 007 0000 00 9010 00 0 010 00 0000 10 0 0 0001 00 015 00 0050 0800 0010
10008 0900 00810 0712 3000 3 0 00 98 00120 015 0919 0800 0000 0010 00210 004 0053 5000 50043 0000 100000
0 0 8 0 0007 40 00 0 0 02 9 0 0 1 00 0 0 9 4 5 0 000 02 05 0 0 60 10 89 000020 006 8100 006
00 100 0 0 00 0 0 00 80 0 0 80 085 0004 50 0000 02 4 082 00 0005 02 3 0 1000 30 000 00 0000 8002 0000
00000 1100 07010 0018 0101 0 0 05 00 00000 080 0000 0000 0000 0000 00005 120 0034 0902 53203 0153 000000
0 0 3 4 0000 08 00 0 0 00 9 0 0 0 00 0 7 1 0 0 0 002 00 08 0 0 04 00 00 070400 020 5500 500
500 108 0 0 02 0 2 50 09 0 0 82 100 0207 00 0004 00 0 502 61 9000 02 0 0 0000 80 415 00 0484 0000 8002
02303 0400 03005 0900 0000 0 0 00 90 09160 000 0000 9002 0205 0000 03057 107 7000 0000 00200 0000 090000
0 0 0 0 0003 42 00 0 8 00 0 1 0 0 00 0 0 1 4 0 1 405 07 65 0 0 70 10 00 800200 005 0020 000
000 003 0 0 00 0 7 00 00 2 1 00 700 1700 15 2000 12 0 002 60 4200 12 0 7 1009 40 000 02 9100 0702 0000
00010 0005 53000 0910 5400 1 0 00 98 00000 005 0010 5780 0000 0490 10212 104 0034 5000 07210 0040 020098
0 0 0 7 0100 00 00 3 5 00 1 2 0 0 00 0 0 0 0 5 0 900 00 00 9 8 04 00 00 800220 020 8100 070
000 000 0 9 02 0 0 90 09 0 0 06 900 5800 00 0000 00 4 000 10 1000 02 0 5 0000 02 000 00 0000 0002 8002
00903 1000 10265 9518 0001 0 0 02 94 02000 000 0700 6000 8000 9000 09060 000 0000 5000 03009 0803 100003
1 0 7 0 0000 05 42 0 5 10 0 2 9 0 06 0 2 1 0 9 0 090 10 00 0 0 25 12 80 000200 029 9003 000
001 003 5 0 80 8 2 01 00 2 0 00 080 0200 05 0000 70 0 000 04 0040 00 3 0 0480 15 480 00 0550 0707 0900
00300 0020 03000 0300 0001 0 0 00 98 10000 000 0000 9000 1000 0003 00200 604 0034 2000 00000 0100 000090
0 2 0 0 1005 05 00 0 0 00 4 0 0 1 50 0 0 0 0 5 4 000 00 44 0 0 80 12 00 500026 029 0000 000
103 007 0 0 00 8 2 12 80 0 0 00 000 0014 00 0300 00 0 819 60 1016 00 3 0 0929 02 400 00 0160 0010 0502
13000 0000 05000 8800 5005 0 0 00 90 60170 000 3002 0000 0005 5800 10710 600 0130 0310 60200 0000 105100
1 2 0 0 0103 00 00 0 0 10 0 2 7 0 00 9 0 0 0 0 4 010 02 45 0 0 20 10 03 000010 004 0003 050
050 000 5 0 50 8 0 00 00 7 0 00 970 1000 00 2010 00 0 000 10 0010 10 3 5 0000 05 000 00 0000 7770 0002
10609 0105 00210 8002 0020 0 0 10 08 00000 800 0900 9870 0005 0410 00010 000 5134 3300 50010 0058 109907
0 0 0 4 0100 09 00 0 0 00 0 0 0 0 26 0 0 8 0 0 0 900 10 00 9 0 00 00 28 030050 700 0100 200
100 442 0 9 10 8 0 00 80 6 0 00 000 1087 00 5004 00 4 090 00 0000 00 0 0 0200 10 005 10 0100 0800 0000
09000 0080 03010 0730 0101 0 7 00 00 00000 010 6900 0000 0005 0003 00075 020 9000 5000 00090 0000 005080
0 2 9 7 0000 03 00 0 0 00 0 3 9 0 00 0 6 0 0 5 0 000 00 05 0 0 80 10 50 001060 004 0000 000
000 000 0 0 09 0 0 17 09 0 0 90 980 6004 09 0000 02 0 800 18 0900 02 0 0 1300 00 000 00 0940 5700 0900
10900 7000 10200 0000 5009 0 5 10 00 00100 000 0370 0002 0010 0400 02000 000 0048 0300 09505 0000 005008
0 2 3 0 5197 00 00 5 0 00 2 9 0 0 28 9 2 0 0 0 0 043 00 50 0 0 20 07 00 000000 108 0003 056
000 020 0 9 12 9 0 00 80 0 5 00 000 1200 10 0000 00 4 966 00 0480 00 0 0 3206 02 600 10 0200 0000 7002
12015 0004 24000 8002 0100 0 5 67 08 02190 015 8012 0013 0000 6700 00200 500 0100 5050 00000 1050 007000
0 0 3 0 0010 00 02 7 0 00 9 0 0 0 08 0 0 1 0 0 0 003 00 50 0 0 00 02 60 090200 009 0920 000
020 000 0 0 00 0 0 10 80 0 0 02 500 0007 17 0304 00 4 910 04 1000 00 0 0 1090 02 400 00 0040 0700 0800
80310 0030 07205 0702 0000 3 0 52 00 00000 095 0009 0000 1088 5600 02200 100 5130 3502 80000 1000 195000
1 0 0 0 5043 45 00 5 0 06 0 2 8 0 20 0 7 0 0 0 8 000 02 40 0 0 00 12 73 800000 150 8043 006
50 700 5 0 00 0 0 00 00 0 0 80 900 0010 15 0000 00 0 240 00 0006 10 4 0 0280 00 410 02 0100 0690 8000
80000 0130 08030 0002 5000 0 5 60 00 00000 006 0902 0000 1911 0410 00050 104 0070 0312 00203 0150 100098
0 0 8 4 0000 00 02 0 0 40 9 9 0 0 07 9 0 0 4 0 1 000 12 00 0 8 24 00 03 009020 004 0100 000
000 000 8 0 50 5 0 02 00 0 0 00 927 0000 00 2000 10 0 902 14 0205 10 8 0 0007 06 000 00 0105 0000 9010
00003 0004 09207 0010 5801 0 2 00 08 06180 000 0000 9000 0000 0054 00905 020 0170 5300 00000 0071 800190
0 0 0 0 0000 05 00 0 8 60 0 0 0 0 20 0 2 1 0 0 0 002 10 40 0 0 09 40 00 000020 000 0000 505
109 000 8 0 12 0 3 10 99 6 0 00 087 1000 00 0000 00 4 080 07 0000 80 3 0 0009 10 060 01 0040 0003 0000
70010 1000 03000 0702 5109 0 5 04 08 00000 800 8000 0800 0000 8000 05200 004 0000 0000 03000 0000 000005
0 0 7 0 0193 05 10 0 5 00 0 2 0 0 00 1 0 0 0 5 0 900 00 06 0 9 20 02 00 880003 000 0103 059
000 000 7 0 00 0 0 10 00 5 1 04 907 0000 10 0000 00 0 910 00 0260 00 3 0 0000 15 000 02 0105 8000 0900
09000 0005 18610 0702 0001 0 0 00 00 00000 800 0912 0800 1030 9003 02215 000 0104 0900 01000 0003 025098
0 0 0 0 0009 00 00 0 7 02 0 0 9 0 00 9 2 0 0 9 0 012 01 35 0 0 90 00 00 800020 000 8103 556
123 000 0 9 00 2 2 00 80 0 0 00 000 0010 20 2006 82 4 910 10 1010 00 0 0 5200 00 010 12 2047 8710 0002
00000 1000 60260 8080 9601 0 5 39 00 39700 808 8900 0700 0005 0000 10010 800 0032 0000 00910 0033 905150
0 0 0 4 0100 00 92 5 0 00 0 0 9 0 28 0 2 0 4 0 0 005 00 90 0 0 50 02 80 060000 820 0100 006
040 000 5 0 00 8 0 02 00 1 0 02 000 1000 00 0000 10 4 900 00 0200 12 0 0 0003 70 400 67 0000 8018 0010
08000 0000 00000 8010 0000 3 0 02 20 10000 015 8008 0800 0000 0409 00000 004 5100 0012 00209 0000 605008
0 2 3 4 0000 05 02 0 5 00 0 0 0 6 07 9 0 0 0 0 8 007 02 06 0 0 00 02 03 007007 004 0120 007
090 203 5 0 90 0 0 10 80 0 1 92 080 5204 00 0000 19 0 002 10 0000 02 0 0 0250 00 009 00 6000 8000 0700
00004 0000 49200 8000 0126 0 0 00 00 03030 002 0000 0020 1019 5000 00007 100 0130 0010 00003 1098 104100
0 9 3 9 0000 00 18 0 0 02 0 0 0 0 40 7 0 0 0 0 1 009 00 00 0 0 60 09 00 000000 050 8023 055
003 020 5 0 00 8 4 09 90 7 0 02 007 6009 00 0014 00 0 000 00 0009 00 3 0 0700 06 005 02 2020 0842 0010
02303 1160 00030 8700 0100 0 0 10 00 10002 000 0900 3010 7040 0000 10055 020 8000 0009 08300 0100 095090
0 0 0 0 0100 05 00 6 8 02 0 0 0 1 00 9 2 0 5 0 0 900 12 05 0 9 00 12 40 890050 000 8120 500
102 003 0 0 00 0 6 90 00 8 1 09 050 0018 00 2304 00 0 018 00 0000 10 3 0 5550 30 000 00 0000 0000 0002
12020 3030 13295 0002 0001 3 5 02 02 08004 800 0000 0000 1500 9003 00315 100 5144 0000 50010 0000 707000
9 0 3 6 5000 02 00 6 0 12 0 2 0 0 00 9 0 1 9 0 5 800 00 04 9 3 20 10 00 800200 000 8100 056
000 103 5 0 00 0 0 12 07 0 0 80 900 0304 00 0010 80 0 909 00 0210 00 0 3 0070 84 000 00 0801 0070 8000
10003 7005 00000 8010 0000 0 0 02 90 02100 800 0000 0802 0900 5000 00015 000 0134 0002 00010 1008 070000
1 0 0 0 5150 00 03 0 0 12 0 2 7 0 08 0 2 7 0 0 0 900 02 05 0 0 00 72 00 091200 000 9006 160
020 020 0 9 00 0 0 20 00 5 0 00 000 0200 00 0300 05 0 000 00 0050 80 3 5 0156 10 608 00 0070 0004 0609
00008 1000 00000 0002 6000 0 5 00 00 00100 000 0150 9012 0840 0000 80700 000 9194 8080 50060 0090 005000
0 0 3 0 5003 47 02 5 0 00 0 0 0 0 00 0 0 1 0 0 1 010 06 00 0 0 00 30 93 000083 008 0020 544
00 000 5 9 06 0 0 80 00 0 0 00 905 0000 00 0800 00 0 080 10 1900 02 0 0 0280 00 405 00 0030 8006 0008
10090 0030 00000 8000 0021 0 5 02 08 00002 010 7000 9800 0300 5000 07002 020 0033 0000 83010 1003 703390
0 2 3 0 0023 40 00 0 0 00 0 0 0 0 00 0 6 1 0 3 0 077 80 00 5 0 21 00 00 000601 600 0000 030
000 100 0 9 00 0 0 02 89 0 1 00 007 1704 00 0306 10 0 479 10 0000 00 3 0 0888 00 087 12 0105 0715 8000
30803 0030 10210 0912 0000 0 5 00 00 00172 001 0910 0000 1086 0000 00000 120 7000 5680 00000 2000 020190
1 0 0 0 5000 00 02 5 0 00 0 0 0 0 70 0 0 1 0 0 1 900 00 00 0 0 00 10 00 000403 100 0000 556
030 000 0 0 70 0 2 02 90 0 4 80 000 0016 00 2010 00 0 400 00 0200 02 0 0 1200 60 400 05 0000 0010 8900
02013 0100 70200 0000 0000 0 0 00 00 00099 000 0009 0002 0910 0593 02075 100 0004 7000 00200 1053 000090
0 0 7 0 8100 02 02 0 0 00 4 0 0 0 00 0 0 0 4 0 0 000 10 00 0 8 00 12 00 090200 000 0100 006
030 073 0 0 00 5 0 10 80 0 1 00 000 1000 00 0010 00 0 000 00 0000 00 0 5 0083 00 905 10 0105 0003 0600
00000 4005 00205 8700 0021 0 5 02 00 00000 020 0000 0800 0005 0440 00505 024 6000 5302 00000 5000 000100
1 2 0 0 5120 00 02 0 0 00 0 2 0 0 08 0 2 0 0 0 6 082 00 00 9 0 20 10 00 000003 004 0000 000
000 500 0 0 02 0 0 10 00 0 0 00 007 7010 00 0610 00 4 906 04 0000 10 0 5 1089 62 080 62 0000 0000 0000
02083 1135 00200 8710 7400 0 0 18 70 03000 095 0910 3000 0000 8000 00000 127 5000 8000 93203 1100 820000
0 2 0 0 4500 08 00 0 0 00 9 0 0 0 08 9 2 1 0 5 0 900 02 00 0 0 04 00 00 000603 000 8003 550
500 020 0 0 09 0 0 00 00 0 0 20 700 0009 10 0000 00 4 002 03 1210 04 0 0 0000 05 400 14 2100 0000 0000
02000 0037 00200 8994 0301 3 0 00 08 00000 600 8000 0002 0000 8413 12010 200 0000 0092 03200 0153 080080
1 0 0 0 4020 80 02 0 0 00 9 0 0 0 00 0 2 0 7 0 0 014 90 90 0 0 00 00 03 004025 000 0103 800
008 000 0 9 00 5 0 10 00 2 0 50 900 1004 00 0000 02 4 000 10 0215 02 0 5 0000 00 015 12 0005 0700 9000
00000 0100 03205 0770 0000 3 0 10 08 10082 000 0900 0700 0410 0003 00005 004 0003 5900 50209 0000 000000
0 0 0 0 0803 70 00 5 0 10 9 0 8 0 00 0 8 4 7 0 0 000 00 05 0 0 04 00 29 090000 000 0004 509
020 050 5 9 00 0 2 00 85 8 0 00 000 0200 00 2000 10 0 315 00 0000 00 6 0 0080 19 000 00 2006 2002 0908
00313 0908 10025 0000 0095 0 5 09 07 02600 030 0000 0002 0080 0000 00805 000 0004 6302 03000 0100 125609
0 0 3 4 5000 05 52 0 0 00 3 0 0 0 00 0 4 0 0 0 0 019 00 79 9 0 00 00 00 000220 020 0000 050
000 190 0 0 00 0 0 00 09 0 0 02 080 0210 00 0060 80 0 006 00 0000 00 0 0 0200 99 000 10 0006 8002 0002
07000 0005 00003 0700 0000 0 0 02 00 00109 800 0000 0082 8610 0010 00000 070 3000 0300 50000 9000 000000
0 0 0 0 0000 00 00 5 0 10 9 0 0 0 08 0 0 0 0 0 0 200 02 00 9 0 03 00 03 001920 000 0003 006
000 000 2 7 20 0 0 01 00 6 0 50 900 1000 10 2000 00 5 900 00 0010 10 0 0 1609 00 410 00 2100 0000 7000
00800 0120 00200 8510 0100 3 8 05 80 10000 010 8712 9800 0205 5000 10000 000 0134 0310 40210 0650 900000
0 0 0 0 0000 00 00 0 0 12 0 0 0 0 07 9 0 0 6 0 8 080 10 85 9 0 80 00 20 890000 020 8050 956
009 103 2 9 00 0 0 02 09 8 0 80 400 0000 00 0000 04 0 005 00 1300 10 0 0 0080 00 000 00 2100 8002 8062
90080 0100 03001 0000 0101 0 3 00 00 00090 000 8400 0010 0005 5000 90000 000 5020 0410 03003 1003 095000
0 0 0 0 0003 05 92 0 0 10 0 0 0 8 08 8 0 5 0 0 9 010 01 00 0 0 00 87 00 000021 000 0103 050
00 003 0 0 00 0 0 02 09 0 0 00 986 0004 60 0000 14 0 010 00 1005 03 3 0 1900 00 005 80 2060 0009 0000
22903 6100 73007 0012 5807 3 0 10 00 10060 000 0909 7000 0035 0010 03295 103 5000 9060 80800 0000 020100
1 2 9 0 0160 00 00 0 0 00 0 0 0 0 00 0 0 0 4 5 0 000 00 40 0 8 00 00 20 809200 000 0223 080
170 025 0 9 80 0 0 00 00 0 0 72 007 0010 15 2014 10 0 002 04 0000 10 3 3 1000 70 050 10 0100 0000 8006
00300 6000 10210 0060 0501 0 0 02 00 02005 800 0002 0807 0000 0400 00205 039 0004 0102 50000 0003 085690
9 0 7 0 6020 05 30 0 5 00 0 0 0 9 08 9 0 6 4 5 0 000 02 00 0 0 00 02 03 803107 920 8000 000
100 027 5 8 62 8 0 00 80 0 0 00 080 7200 00 7088 00 0 950 04 1000 00 7 5 0005 79 400 07 0000 8005 0600
40300 0030 10200 8700 0001 0 0 00 90 16702 890 0002 0312 0000 0000 50010 000 0384 5002 01000 0000 100190
1 2 0 0 0900 00 00 0 6 00 0 0 0 0 08 0 0 1 0 0 0 090 02 89 9 8 00 00 20 020150 900 8007 059
000 090 0 0 12 0 0 92 80 0 1 00 000 7204 00 2010 00 4 017 00 0000 99 3 0 0900 02 485 00 0005 8002 0090
02003 0104 03007 7000 0009 3 0 21 06 80002 000 0000 0000 0000 5510 02010 004 5090 0410 03000 1000 000800
0 0 0 0 0003 20 90 0 0 10 9 0 6 0 04 9 0 0 0 0 0 000 00 05 0 8 00 10 20 090025 064 0985 000
103 100 9 9 00 1 2 02 00 0 1 00 980 1000 16 2804 00 0 910 00 0005 00 0 5 0000 02 005 10 2040 0706 0500
00000 0000 00000 0410 0020 0 0 02 00 12002 810 0010 0400 0000 0000 40007 000 5000 0907 00010 0060 020000
0 9 0 4 0100 79 06 0 5 00 0 2 0 0 00 9 0 0 4 5 0 002 00 50 0 2 00 00 00 002020 000 8123 000
000 720 0 9 90 0 0 00 86 0 0 00 000 7014 70 0380 02 5 002 14 7090 10 3 4 0009 00 010 00 0100 0010 0907
80307 0045 13610 0009 5100 0 0 02 90 02302 800 8500 9800 0505 0008 35210 008 0004 5372 03010 0100 099107
0 0 3 4 0080 01 10 0 0 00 0 1 6 8 09 9 0 0 0 0 1 000 00 40 0 0 04 10 00 000000 405 0003 000
800 003 0 0 10 0 0 00 05 8 9 00 000 6000 00 0006 09 0 000 14 4008 02 0 0 3000 02 403 12 2605 0710 0900
02000 6130 10000 0719 0020 0 0 80 00 02002 500 0000 0000 0205 5403 00000 140 0000 0000 00000 1040 105100
0 0 8 5 5123 03 07 7 0 00 0 0 0 6 08 9 5 1 0 0 0 000 63 00 7 0 00 10 00 700273 100 0004 700
623 003 5 9 04 0 6 02 89 5 0 02 080 1000 00 2790 60 4 940 00 1510 09 8 0 0080 00 016 00 0670 0017 0000
00790 0000 03008 0002 5000 3 0 00 00 00000 707 0002 9000 0800 9060 42204 900 5004 0002 50983 0589 125000
0 0 0 0 5100 00 19 5 0 12 9 8 0 0 00 0 0 1 0 0 1 000 00 45 9 0 00 00 20 890000 764 2090 090
700 003 0 0 00 8 0 60 80 7 0 80 080 1200 00 0400 00 0 910 00 1000 10 3 0 1000 16 610 00 0000 0702 0010
00300 0035 00808 0002 0100 0 0 70 93 90000 000 0010 0010 0005 0010 00005 000 0008 0000 00200 1000 000000
0 0 0 0 0103 95 18 0 8 00 9 0 5 0 00 0 0 1 0 2 1 810 00 05 0 0 40 67 30 008000 100 0000 006
000 040 0 0 00 0 0 02 00 0 0 00 900 0004 00 0044 02 4 910 04 9010 02 0 5 1000 00 000 10 0180 0000 8070
00800 1200 60900 8010 0023 2 5 10 00 12000 000 0000 0020 0005 0030 02000 188 5000 0300 50003 0000 009000
00310 0000 00009 0000 0100 0 0 90 00 02000 080 0900 0000 3200 0063 00005 120 0000 5300 00510 0076 080000

000360007000.460000