1 8 3 4 8680 77 12 9 6 90 4 2 2 9 28 7 7 8 6 5 9 977 72 80 0 6 24 67 25 799772 154 6103 388 
495 637 1 6 82 1 2 22 46 8 8 37 997 4585 09 4838 48 6 312 48 9643 19 3 5 4737 07 719 92 4149 9860 2389
03456 6367 99625 0532 8349 6 6 92 34 90778 899 9022 9560 1991 3458 52985 458 7114 8692 53918 7117 185297
7 9 3 0 8120 90 17 2 2 40 6 2 3 2 57 9 6 6 4 5 4 362 62 68 8 8 67 09 73 050067 987 0968 558
79 623 6 9 32 8 2 19 80 6 1 87 089 7914 44 2398 12 7 278 98 4625 11 7 4 9293 66 445 74 9875 2718 5979
82303 5137 74933 8579 7724 8 2 44 04 84795 070 8988 1334 8997 3658 76520 134 2141 2830 58713 4175 196398
7 6 7 6 8874 32 12 9 5 45 8 6 2 0 91 5 4 3 6 1 9 973 14 65 5 7 72 84 63 939039 108 8153 596
526 193 7 0 68 8 2 92 76 7 9 07 557 4134 40 7044 81 7 578 37 1954 19 3 8 1049 52 416 26 5845 3768 8719
42083 8450 41274 7899 5480 7 3 32 63 02439 479 6812 9206 8286 9476 68285 420 2797 7868 94253 6662 875596
5 2 7 9 5843 70 10 5 7 15 8 6 9 8 25 5 8 6 4 8 9 988 12 95 9 9 56 32 29 708223 726 8763 559
663 093 5 4 57 8 5 46 80 7 4 66 803 1264 65 4887 62 5 308 16 6411 19 5 4 8774 14 339 79 8945 4712 9917
39714 8307 14380 7692 5591 3 6 62 08 15557 846 4546 7938 6279 4758 59214 890 5708 2386 56199 2964 295608
9 3 6 9 8637 76 52 4 5 39 8 2 1 5 98 9 7 7 4 6 9 890 56 40 5 0 68 16 54 599289 609 3627 085
426 458 9 5 15 8 8 14 79 0 1 76 887 8410 16 7798 59 5 787 11 9275 87 4 5 7890 63 455 91 2465 8038 7907
56083 9936 93215 8212 9049 1 6 48 54 77609 594 7972 8616 9958 2198 60504 979 0477 5605 57909 5177 295198
5 7 8 4 7629 24 80 1 5 82 7 1 6 1 27 6 2 1 0 5 6 282 00 95 0 7 80 94 87 873553 374 4288 677
963 177 7 9 34 9 2 32 88 8 8 82 356 4048 17 9069 69 9 418 14 1116 62 3 8 1639 12 458 12 2867 8837 2638
92353 7536 18835 9790 9195 7 1 53 96 79534 775 7887 8635 1227 6269 94819 176 5994 5698 25893 1899 508597
5 2 7 5 9968 88 98 8 5 96 9 8 4 9 98 6 2 1 4 9 9 666 09 25 5 7 55 95 34 047257 954 8724 696
964 286 4 9 19 7 4 76 79 8 5 86 909 9784 49 6810 17 6 570 02 7205 39 9 8 5632 96 633 32 7598 8482 5772
04033 8939 48296 0712 8806 4 4 08 29 82861 765 7919 8650 9411 5979 60410 026 8367 5615 55719 1553 942198
9 6 4 4 9178 45 76 2 6 17 9 9 6 2 75 6 9 1 7 0 1 318 22 79 2 4 56 12 28 662823 156 8176 659
385 189 6 6 97 1 8 52 68 0 6 37 486 8228 16 0914 62 4 704 17 0269 97 3 9 7055 80 487 74 4758 4692 9042
17893 6173 98635 8254 9469 7 9 83 29 82355 028 5602 9772 8909 4619 90265 524 6444 4096 33773 3350 927997
8 1 9 7 5726 84 60 4 5 88 8 9 7 1 70 9 9 1 8 7 6 993 28 85 2 7 89 88 64 399339 705 1313 329
503 529 8 4 62 8 9 22 85 6 9 02 777 3205 35 6378 10 4 265 09 4292 12 8 8 1089 09 910 86 2105 8682 8819
49733 7577 83719 3742 1829 0 4 77 68 17182 858 6672 7815 5319 8913 72798 879 5998 5986 56918 8056 698858
4 9 8 7 9575 97 84 8 9 38 0 3 8 1 38 1 8 1 7 0 5 949 56 15 4 1 60 19 81 197282 826 8539 297
555 674 9 0 48 8 6 12 68 9 1 29 387 3607 15 9755 00 4 967 75 7855 12 1 9 1088 10 229 62 8349 7187 8880
79300 8499 13745 0317 4041 3 6 84 97 17470 019 9817 0885 6218 5489 77264 869 5158 5398 78229 5551 299187
7 0 9 4 6934 14 08 4 8 75 9 0 6 6 18 9  1 3 5 9 972 72 58 8 8 64 12 43 563301 364 3403 556
170 170 8 1 32 7 2 92 89 5 2 92 982 8219 45 4955 62 7 819 70 3215 03 4 5 1749 72 905 34 2945 8128 8739
6 2 4 8 5997 02 26 9 0 17 3 5 7 7 49 0 2 8 7 4 5 912 64 49 9 8 56 89 03 949684 709 9043 857
943 756 6 8 12 9 9 27 89 8 1 24 868 9809 04 9957 88 7 943 44 9306 52 9 7 8698 19 075 98 3306 9670 5929
00577 1978 16016 8002 0128 3 5 11 97 15985 015 3987 9952 8905 5565 92548 143 9634 5831 37255 0959 179563
8 7 5 4 5935 56 99 5 6 34 9 8 8 9 89 8 7 0 4 8 9 799 10 26 6 6 18 27 57 091733 105 8138 595
76 939 7 7 39 7 2 80 83 3 1 76 978 1018 77 8716 62 7 999 46 8317 26 5 8 6676 00 987 12 5835 9792 9916
52963 7665 94893 2315 5172 5 3 32 69 17198 098 4596 5973 0215 5808 20212 716 5134 4678 64768 7306 705867
3 7 0 8 8665 68 72 2 8 72 0 2 3 1 87 8 9 9 9 0 6 018 17 59 6 0 44 88 24 881527 724 8057 170
966 825 0 8 89 8 6 69 59 5 7 96 083 6056 44 6783 92 8 198 14 2850 44 3 5 6236 72 557 07 4646 7762 8710
97243 7439 82758 5747 5985 1 5 57 91 37965 851 0808 6519 0818 5812 18383 444 9714 6492 53613 5083 928094
9 6 9 9 7979 35 17 5 9 12 9 8 3 6 57 8 3 2 3 0 3 934 84 66 5 2 96 96 89 490537 117 8123 977
383 128 7 4 48 8 6 47 99 0 2 70 733 8735 25 7346 62 0 894 16 4399 12 9 9 2489 12 655 91 9208 6559 6908
90911 8908 10675 2784 3495 2 8 46 89 66969 894 8049 9982 9270 5413 18263 898 9752 5106 51027 1014 958873
0 9 5 2 7789 55 79 5 9 56 2 4 5 8 97 9 2 9 1 5 0 912 13 45 3 8 65 09 97 070653 647 3735 558
158 153 8 6 18 8 3 03 88 4 0 85 087 8786 95 6636 87 6 219 14 6475 10 9 9 9338 12 843 96 8165 3912 8905
49733 3478 13254 5285 2197 8 2 30 03 95049 512 0810 0807 4954 6512 16899 977 0144 5003 78877 2637 929877
6 9 9 3 7696 99 84 5 9 42 9 4 8 8 25 9 7 7 9 7 2 788 02 46 8 6 84 12 58 799923 574 0679 876
860 159 8 8 72 7 7 42 51 7 3 88 660 1879 38 5489 07 9 954 62 4515 92 9 7 6293 17 817 13 0344 9740 5737
82115 1675 10067 2896 9051 2 9 28 69 62782 715 8108 9411 3565 0486 00565 824 5077 7314 78278 3454 665618
6 9 3 8 2037 46 12 8 5 16 9 2 0 8 26 0 0 4 4 3 7 796 25 46 1 3 49 97 63 567249 694 8485 150
898 032 9 6 49 0 7 14 80 0 0 32 554 9073 75 2344 02 5 072 85 8286 88 4 9 4984 19 589 31 7037 6252 3662
12903 7147 49605 8764 9955 4 9 94 99 79599 217 8585 0315 0915 5884 12724 567 4679 7378 48889 3066 871178
1 9 4 0 3722 55 79 5 9 18 9 8 6 5 05 3 4 9 8 9 9 596 12 43 5 4 76 99 96 473823 137 4288 606
363 560 8 9 86 8 7 94 89 8 1 80 567 1107 15 2639 78 5 612 64 4369 98 6 8 2265 72 083 18 2768 5472 9749
47564 3990 80305 0193 5528 3 9 12 98 81887 785 0997 9150 1257 4935 66095 184 7158 1945 69858 4459 459998
6 8 7 4 9978 96 66 9 3 96 9 6 6 1 57 5 4 1 8 3 7 598 92 75 2 3 44 66 59 029359 124 8455 299
759 803 8 5 17 0 5 74 68 7 4 67 783 9263 15 2696 99 5 870 43 8149 79 7 7 9260 06 889 72 9845 5955 8946
68899 1545 13011 8798 5097 0 5 20 99 72128 768 7608 9989 1916 7813 07052 714 2694 6864 58913 1583 169128
2 2 4 7 0868 48 62 5 0 97 5 2 8 0 25 3 2 1 4 3 6 666 72 44 9 2 73 92 23 996225 654 9779 556
990 198 5 5 84 8 2 98 10 8 8 58 897 9916 86 9266 78 8 915 45 7289 88 1 4 6109 82 168 72 9585 4716 6919
49677 4698 79257 1917 8951 6 6 15 96 18565 839 6902 2709 1615 7084 58629 525 9794 1969 96909 4287 929243
7 9 0 0 8523 40 52 9 5 09 7 8 9 6 29 9 2 1 9 6 6 754 89 27 2 9 29 87 76 712793 799 9943 396
141 158 3 2 82 8 7 57 85 9 7 58 554 1894 65 7864 28 8 758 77 9200  7 8 07 66 79272 812 4668 0547 4685 0823 56748 520 5154 5710 53846 0556 680193
9 2 0 8 4909 46 85 1 0 79 7 7 8 8 72 9 8 7 4 0 0 980 16 67 9 1 96 77 74 963587 559 0122 558
520 173 9 8 16 3 9 75 85 9 8 93 515 8933 15 4580 93 0 241 89 1817 02 3 5 9358 05 478 49 5155 8982 8359
97094 1975 13535 6050 3860 3 1 74 72 89864 997 7918 5677 1955 7453 12265 727 6798 5622 67599 1833 070792
0 2 3 9 8677 91 12 9 3 96 5 4 9 6 72 9 3 9 9 5 2 542 37 95 9 9 87 70 97 757417 529 6124 540
153 195 4 9 15 5 2 66 59 1 8 71 579 7214 05 8312 98 9 052 27 9101 02 3 5 9779 62 752 02 9004 2973 3491
40773 8158 19687 9076 0423 4 5 12 38 87406 310 8617 9806 6379 8516 86633 494 8672 5712 73604 4769 180198
5 4 4 1 2159 77 17 7 4 16 1 6 8 9 28 9 7 1 4 1 1 340 12 38 4 9 23 47 97 891472 184 4186 566
429 128 5 6 12 4 6 49 45 8 0 87 587 2233 13 5497 32 4 810 92 7813 83 6 7 9996 78 595 12 3005 8474 9962
02792 1704 83819 9667 5595 6 5 10 93 12876 844 3586 8886 4880 5937 78263 698 4188 6415 50876 9929 129957
3 2 9 8 5144 19 58 6 6 79 3 1 5 4 28 7 9 7 1 5 7 669 68 17 9 6 78 70 79 598839 627 7558 256
658 123 7 6 72 4 0 77 82 9 1 42 469 1276 93 4819 62 3 480 10 1299 70 4 7 7987 65 764 67 6645 8757 4872
09730 9954 93365 8464 5695 3 5 43 03 16350 615 6997 8957 1854 2415 70216 590 0639 6439 43903 0457 909909
2 5 9 8 5593 94 69 8 5 52 8 0 3 6 53 8 0 1 7 5 6 664 92 68 9 8 24 42 63 738023 999 5339 554
723 523 7 0 23 6 4 22 61 4 8 02 990 1294 85 3399 97 3 966 14 6219 53 6 9 9088 15 469 69 8965 8505 1917
92073 4135 43537 5750 5591 0 8 99 54 88875 811 5165 1882 5377 4444 84012 936 0834 6642 84254 5674 958198
1 2 6 4 6006 89 52 5 3 18 8 2 5 1 43 0 8 1 4 1 9 927 91 45 4 6 98 97 53 443287 291 8863 989
273 998 5 0 52 2 8 95 97 9 8 52 487 3274 75 3111 54 9 777 17 7892 18 5 4 9389 12 639 48 7845 8472 5999
16917 1395 03216 2862 7101 8 0 16 13 12962 872 8169 9516 1254 9457 25289 683 3564 4840 11169 5153 125445
1 2 3 7 5778 47 17 7 7 12 9 2 4 8 28 7 2 9 5 5 7 412 56 59 9 4 73 97 93 595243 139 8154 106
129 120 4 9 92 5 5 77 80 0 2 56 975 8614 55 9435 12 7 978 89 1646 52 4 6 7751 77 895 87 3858 2576 8502
18786 9659 98218 9714 3181 4 9 78 88 92194 877 4758 9647 6875 5989 58786 829 7634 4082 26211 9145 139707
3 2 8 5 4789 92 62 5 1 52 0 8 8 9 58 5 5 7 8 4 5 912 94 84 5 8 08 76 28 963423 884 5689 856
173 457 5 5 89 8 8 68 39 9 7 80 787 7208 34 2603 28 3 855 54 1297 95 0 5 8084 78 355 42 2185 4837 6982
83717 1038 99965 8524 5821 4 4 92 97 86327 837 8948 9150 8281 1568 62275 194 5594 0786 07033 9773 195167
1 7 8 4 7923 48 56 8 5 12 9 5 8 0 69 5 8 9 0 0 5 792 58 93 4 3 78 68 95 868447 128 9833 876
785 928 9 8 99 7 8 12 57 8 6 19 887 1618 16 7904 08 9 866 14 0236 68 3 9 7044 54 419 74 7995 3872 8722
37669 9985 10829 0507 8165 7 7 16 99 70192 412 5009 6877 0277 6296 01989 620 5635 9316 08465 0153 748465
9 2 6 0 5825 42 89 5 5 19 0 9 9 7 88 9 6 1 9 3 7 619 77 82 9 3 90 12 76 899479 958 7296 497
140 679 3 2 14 4 4 89 12 4 0 88 999 1309 25 9814 30 3 547 50 7857 15 3 6 5689 20 975 82 0755 8042 2016
83008 1355 10615 2712 3820 3 8 12 34 06923 888 8917 6782 9629 9508 10254 974 5758 6319 93243 1683 529907
4 2 7 8 9147 49 11 7 9 92 9 8 3 8 33 7 3 9 5 4 8 292 88 47 5 8 88 15 89 997246 166 6370 773
52 148 6 7 82 8 8 18 12 3 7 25 785 9984 55 1157 00 4 602 06 6392 22 5 6 1900 96 955 86 5586 4806 8554
80106 9135 56896 0998 2181 5 3 75 98 52132 905 5372 8796 8490 5415 88338 021 4963 7095 34080 9873 893266
4 2 7 0 9139 58 32 7 6 99 5 2 5 1 23 3 7 2 4 4 0 890 32 82 8 6 93 70 99 593909 394 5404 099
003 138 5 2 45 9 2 52 64 0 6 84 579 4290 74 8924 87 4 588 91 9220 72 5 8 8249 82 875 84 6808 9784 4648
51958 1799 15227 3922 9923 6 8 62 46 89681 708 8079 5868 8255 8404 12159 120 5924 1652 78660 9633 495866
1 2 4 4 5283 42 66 5 7 97 7 1 2 8 25 1 7 9 4 9 1 486 43 64 5 0 69 10 69 841725 925 5123 668
393 573 2 0 96 5 7 52 19 3 2 87 779 1719 98 5594 02 8 118 98 8354 16 9 1 5794 47 472 39 9152 9788 8987
78107 1855 89584 4608 5421 1 7 92 98 88740 457 7501 5784 5254 7473 19268 443 5038 4988 55215 1148 375738
8 4 4 7 2976 77 80 7 6 48 1 6 9 0 70 3 2 6 0 4 1 957 17 75 9 8 09 16 87 821229 922 8195 370
325 983 6 5 33 7 9 90 78 2 1 36 638 5987 79 8116 78 8 427 52 1460 32 9 5 3009 89 827 12 2198 9257 8058
98966 2887 75975 7518 5651 9 6 72 97 72588 488 9459 0917 7919 9695 18875 570 5676 4372 90898 9863 187178
1 3 9 6 1036 45 93 7 5 88 9 2 7 8 46 4 2 1 8 8 5 378 12 45 0 9 04 12 88 889973 897 7143 818
821 147 5 9 84 8 5 91 96 9 1 72 489 4284 15 9764 15 8 598 64 9945 69 7 9 0972 66 459 08 2539 6748 8912
52363 1129 23460 8924 9751 2 8 18 38 83865 580 8419 7869 1700 5833 95279 607 1934 2725 80240 1123 905897
6 2 4 6 4195 65 51 7 7 92 4 8 8 1 58 9 9 1 6 8 8 970 66 03 9 5 27 85 41 958680 829 9174 187
135 037 8 0 95 7 2 86 89 8 2 92 974 1581 57 9387 92 2 319 65 5910 09 3 9 2676 85 495 56 7168 8951 7712
83557 1908 07795 7802 3382 3 8 76 78 65477 091 3562 4676 0955 8893 80725 467 0830 7386 69917 7653 541156
9 2 8 1 8177 54 99 5 9 16 9 2 6 8 36 9 7 5 0 9 4 502 42 47 8 1 27 15 68 867713 884 8874 657
254 337 5 0 88 8 9 00 99 9 6 47 984 1089 89 1796 07 0 962 97 6245 76 3 9 4879 55 715 43 7375 7749 8982
19898 0127 63236 8852 5509 9 5 66 48 13562 837 5957 4896 3615 0917 85275 137 4706 3765 50215 8054 758963
9 8 5 9 1993 49 78 5 0 07 6 6 8 0 45 9 2 4 0 9 9 579 12 67 9 4 24 58 78 674484 799 6373 399
353 572 9 5 36 8 9 16 29 2 4 57 589 1069 55 5384 35 9 999 19 1644 99 6 5 6748 82 399 48 6946 9840 4319
85069 2695 13595 8629 4782 3 0 78 67 12848 518 6912 9878 5245 5563 80279 149 9139 5612 77693 9603 584385
4 5 6 7 4068 46 69 2 5 41 7 4 7 4 95 5 2 6 4 0 6 393 31 44 9 7 86 89 88 798863 764 8376 150
288 808 5 0 88 7 7 08 49 9 4 92 986 4909 60 0665 99 8 617 78 8915 12 0 5 4308 36 665 56 1995 8702 8957
77163 5189 19253 9062 9456 0 5 15 18 60972 860 7372 3090 0318 8781 62161 620 5848 5395 09518 4158 318988
7 4 3 4 8197 68 17 2 5 79 6 9 9 5 07 9 6 9 7 5 1 073 66 79 0 7 38 68 48 669837 634 0469 557
423 697 6 8 42 6 2 29 98 6 2 92 906 1299 80 4519 52 0 497 59 7467 82 8 5 3206 38 709 15 7208 5191 8495
10955 7299 25215 6867 9845 8 5 98 08 83799 805 6912 5019 4374 6693 19215 952 9635 5547 89873 1998 240499
2 0 3 9 8746 44 37 7 6 77 9 7 9 2 28 7 4 5 0 5 8 615 09 99 8 8 99 20 65 197299 838 8969 555
943 890 0 8 47 8 6 74 96 3 6 78 548 9709 17 5494 95 9 005 58 9909 40 3 7 1359 64 405 32 4180 5772 8819
40911 1840 69295 8719 7887 1 9 08 96 75146 678 6849 9012 1778 5784 95747 929 5954 3592 87283 1923 495979
6 2 5 3 5640 75 45 9 8 96 7 3 8 8 89 4 7 4 5 9 2 062 99 44 8 9 38 12 75 965003 108 8448 786
58 714 5 9 97 6 9 12 78 4 8 82 997 6660 80 8094 89 8 290 30 4475 15 4 9 0389 18 402 92 2145 6684 8578
88805 7134 83248 3099 9786 1 5 92 59 56967 786 5949 4932 1911 5016 68257 874 5860 7687 58710 7063 187580
5 3 5 4 9625 41 08 5 8 42 5 9 9 3 29 9 4 7 7 4 0 922 12 79 4 8 64 59 93 605523 204 7696 278
689 520 8 9 58 5 8 62 89 6 5 89 977 6617 78 9966 88 9 012 99 3760 60 8 5 1588 88 589 15 0875 8692 0482
83449 7874 42227 8792 3821 9 2 15 08 46064 857 8979 8997 6958 9753 07915 128 0177 5324 87265 8761 839169
5 5 3 3 5180 32 87 3 2 72 0 3 9 0 08 9 2 5 1 5 8 589 96 47 9 7 89 84 22 688887 829 6887 575
122 198 8 6 34 5 4 19 06 3 9 82 388 6464 05 2764 52 5 762 17 1375 76 6 6 7869 16 875 69 4643 8783 8968
88315 9638 63683 4762 4726 9 5 15 98 02145 710 8703 6872 8639 8188 18387 127 4797 9842 43265 3384 176485
1 3 6 8 8113 65 66 4 5 37 2 4 9 8 85 0 2 0 8 7 0 588 95 99 4 2 24 72 04 777955 789 7884 509
870 038 7 7 29 8 2 15 84 9 7 04 956 7279 16 1246 49 8 012 69 8705 87 9 8 8888 17 075 12 7743 6599 9845
46013 3109 18617 5933 5081 8 7 68 89 58137 820 9696 5810 1878 9789 52715 077 5838 2977 53452 1584 128848
1 8 9 3 6129 45 07 5 7 92 0 8 7 4 39 9 2 7 8 3 3 512 08 89 3 8 94 40 99 841923 269 0303 856
923 529 0 9 18 2 6 79 76 0 6 63 997 8210 45 6819 82 4 910 17 1919 72 3 9 4769 49 825 18 2276 7777 3202
28778 6729 69565 8086 7671 6 5 39 98 30705 358 9916 9772 1718 8489 18216 994 9437 7339 59311 8493 920147
8 8 4 5 5945 99 38 9 6 92 1 8 2 1 24 9 1 8 4 4 1 725 89 00 1 8 07 12 75 888035 779 8992 079
965 986 5 5 60 8 7 12 79 2 6 72 648 9272 18 8394 08 9 911 66 7275 18 3 0 1777 75 485 60 5966 0418 3586
68316 4262 95919 8682 9137 8 3 36 29 17810 466 3948 5907 8290 5569 10288 804 8180 5112 95279 1959 645580
4 2 3 4 9383 03 72 7 9 00 0 7 4 8 29 6 7 3 1 4 9 967 90 86 9 6 09 98 83 198627 158 9925 527
748 893 7 0 97 0 9 19 68 5 4 97 096 1319 55 1557 17 9 702 97 6719 87 6 8 8757 35 466 45 9005 7772 8766
19706 4165 30205 8315 3926 3 5 27 63 93698 857 7782 9406 7869 3929 16107 158 4134 8915 55963 1989 704190
8 9 3 9 8103 48 58 6 8 82 6 8 4 8 42 8 2 8 9 0 1 610 82 47 1 8 09 57 24 168542 155 8723 750
873 179 5 9 14 6 9 39 59 7 8 63 027 6779 18 2912 12 8 392 73 9397 33 3 0 1789 47 575 62 2866 8882 7711
72343 5190 48449 9711 3597 8 8 12 59 19802 877 7962 3522 9447 4683 95455 897 9279 5802 55358 2195 695368
9 7 3 0 5427 37 68 6 9 52 7 5 0 1 27 1 2 7 7 4 3 197 62 45 9 9 68 22 92 805889 757 8946 880
024 083 9 2 09 6 7 08 65 8 1 38 950 8292 45 4066 52 4 880 34 8775 88 3 5 5550 00 404 98 2704 5655 8989
12353 1153 28265 5018 9975 3 5 32 19 98184 815 5217 9692 8727 9401 88316 177 5986 7467 77153 8913 567790
9 2 3 6 5458 22 99 6 5 12 8 6 9 9 71 6 9 1 5 9 5 641 12 22 9 5 44 10 23 990278 827 5109 450
046 057 7 9 66 8 7 72 07 2 7 42 989 5915 45 7640 77 5 396 74 5216 77 8 3 4293 44 514 65 9484 5676 8768
14083 4343 63806 8219 7766 0 4 72 07 12232 870 8113 3592 9678 5413 85214 239 2134 8409 83500 9878 509979
5 7 9 2 5819 48 93 8 9 12 7 9 7 3 54 4 2 7 5 8 8 978 82 55 9 8 98 22 98 781293 244 5883 086
128 704 7 9 86 7 5 67 48 6 9 37 297 9357 12 6379 10 1 968 74 7279 77 8 5 8106 55 648 29 5898 5602 9016
54376 0909 53269 8310 6891 3 3 13 49 83130 402 9693 9812 9837 9478 82708 794 5194 8579 67888 5798 525733
1 2 4 2 5191 90 19 8 9 18 4 7 6 1 25 3 7 1 6 1 9 716 36 48 8 5 84 33 97 098343 758 5999 046
12 567 5 3 06 0 9 80 37 0 1 54 985 1264 99 2970 72 2 790 99 1936 17 9 5 0288 07 405 07 2620 8007 5908
62750 1196 45264 8920 5829 3 7 83 92 92534 965 6852 9417 6364 5493 37999 676 6339 4306 90083 1145 797390
7 2 5 4 9679 45 68 3 5 49 9 9 0 8 28 6 9 1 4 3 1 790 18 98 8 8 24 62 00 895661 647 0934 151
804 028 5 7 69 1 7 72 89 4 8 04 980 7815 66 2956 13 4 719 12 7568 02 5 9 0087 12 587 82 3148 5775 6677
75833 1628 05298 9712 0797 5 7 12 02 93189 571 5016 6898 3806 2852 77995 177 7764 8097 93969 2926 827990
1 7 6 2 5070 67 12 1 4 12 9 8 4 0 85 3 0 9 8 7 3 987 89 90 1 5 58 16 39 248283 784 9163 556
489 451 2 3 72 5 2 06 94 6 4 40 939 9516 97 2219 63 4 810 65 3391 70 6 0 7509 39 466 49 6847 4062 8469
89883 8734 53905 9757 9156 6 9 88 42 76183 845 2013 2877 6975 9595 95575 125 2198 7786 85403 7953 927784
2 8 4 4 8155 72 62 5 7 42 4 7 5 1 85 9 8 7 4 6 4 489 58 85 0 2 86 70 89 491218 886 9157 406
389 873 9 9 67 5 6 12 99 8 1 85 500 6899 86 5685 99 4 469 77 8285 77 4 9 5523 76 417 80 9185 8299 6689
48474 7835 13315 8717 5750 4 5 72 65 57962 825 7672 9885 7925 0046 79505 424 6138 5782 58223 9974 195199
3 2 5 4 8183 79 16 9 3 76 9 1 0 4 77 4 2 4 0 6 6 705 73 05 9 7 94 65 59 398763 709 0166 886
606 507 6 2 62 8 6 12 53 8 1 82 887 7014 78 9626 98 4 415 84 5355 42 2 5 6908 57 689 66 9439 8117 9988
58383 3138 36398 8767 7547 9 7 10 79 69321 616 3910 0695 1773 8065 12815 115 9992 9647 37236 5368 626144
5 8 9 0 8543 48 99 5 5 48 9 9 3 1 79 5 5 3 3 3 7 387 52 74 9 8 84 10 39 175833 829 8163 497
885 694 5 5 40 6 8 82 84 8 1 24 677 5209 93 9819 09 4 752 23 2690 84 2 0 8269 55 465 84 2056 8812 6912
16840 0037 92875 6964 5655 3 4 89 98 12792 649 8728 9413 8715 8458 12185 224 8893 7599 63895 7153 466978
1 9 6 4 4840 56 22 7 3 80 7 9 3 2 68 5 8 7 2 1 1 384 56 85 8 2 73 55 54 854699 199 4120 969
178 944 4 7 22 6 2 92 38 2 1 18 907 8794 17 7798 85 5 584 54 1218 72 4 6 0909 18 204 82 4549 8818 0919
59096 0149 49204 5688 6002 3 6 89 72 12885 113 8998 7729 8460 3839 44749 939 5853 8799 48294 8853 879406
9 2 3 6 8820 76 87 5 5 10 9 5 2 8 89 3 5 4 6 4 6 882 13 93 5 8 64 02 80 597806 989 6114 983
889 303 5 9 87 3 8 18 99 7 9 68 988 9214 48 8984 16 0 315 18 9719 86 5 9 0287 19 869 76 5986 2882 8868
99413 9588 33620 9712 5785 5 5 93 97 97682 836 8965 6895 6280 0726 93697 694 3987 6337 54313 0434 665359
9 2 8 4 8996 93 57 8 8 50 9 0 3 0 25 6 9 4 0 3 8 419 82 49 4 5 28 58 24 996923 426 8993 259
529 804 6 5 87 0 0 97 98 9 4 92 879 5314 20 9438 80 4 999 91 9819 46 8 8 0185 97 517 12 5148 8495 8567
67818 2995 63253 5783 3566 9 7 92 28 45159 895 8560 9590 2614 9318 91455 574 3098 8333 96363 9160 989660
8 6 3 1 5579 19 42 0 5 22 3 8 8 7 18 7 9 6 9 5 4 574 36 07 9 0 04 75 90 809990 187 5167 146
778 295 2 7 25 8 8 69 88 9 8 55 997 4919 88 8363 92 5 958 95 8585 96 2 9 5495 93 966 14 2262 6817 8392
31889 3724 13298 8352 7111 3 7 05 87 17167 539 4792 2216 8219 5177 12178 404 9144 6712 43913 1656 989698
7 2 2 9 5720 57 12 5 8 12 8 8 2 0 90 0 8 9 6 9 8 505 16 98 9 6 85 72 24 453894 784 6175 708
333 989 7 9 92 5 0 12 69 8 0 85 937 8914 48 6227 47 6 485 24 0776 17 9 0 9993 16 888 83 2545 5675 8232
90895 5879 23941 7676 7108 7 8 11 27 58252 925 8491 9882 9088 5787 24724 400 5927 5894 80253 5041 197834
1 5 3 2 4513 97 92 8 5 40 0 2 8 8 98 5 7 3 9 7 9 604 41 80 5 0 37 89 63 596821 655 8193 458
56 159 9 7 52 8 9 42 51 3 1 88 906 1694 68 8306 14 4 719 97 1895 43 7 3 0975 07 415 08 2106 9805 7595
22216 4143 76287 9112 9826 5 1 12 93 14129 799 0284 7976 8239 6079 73297 993 5834 5795 35814 9643 729970
1 2 9 0 9168 42 87 2 5 85 7 7 7 0 78 0 8 7 6 5 6 729 66 47 5 7 32 98 29 899270 108 4262 483
873 325 9 7 85 8 9 59 88 4 7 45 207 8269 15 2964 89 7 172 10 0986 77 6 4 6986 72 435 17 2125 5918 9016
49383 6639 18723 1862 7509 2 5 02 45 74768 075 4842 9085 8694 8475 72213 755 3757 6982 50118 6757 988389
7 8 0 7 6549 87 68 3 5 79 9 5 8 9 68 9 6 2 4 0 9 999 57 09 0 9 78 10 42 843167 979 8588 050
523 859 5 8 48 2 7 32 86 8 8 93 951 9094 18 9988 82 8 900 94 1417 68 5 9 1785 75 795 86 0241 8575 8610
42889 9597 75978 8549 5478 9 7 82 00 16030 597 9916 9312 1474 5535 65513 466 8984 2292 56703 8267 140193
3 5 7 0 7927 12 35 9 6 16 9 8 6 9 78 9 9 1 8 8 7 905 69 89 8 8 34 37 29 828198 979 8489 715
739 053 8 2 19 5 8 82 89 0 1 57 976 7645 15 7367 49 4 857 17 8715 99 3 9 9987 98 995 12 3075 8762 6904
02399 7134 62437 6303 9197 3 6 21 76 82595 969 8604 7448 4967 9513 12803 154 7770 7713 74379 1877 608984
7 9 7 9 7029 28 99 9 9 88 0 5 3 9 76 9 2 9 8 7 0 988 12 95 6 8 64 11 86 699209 848 7885 893
703 930 7 7 77 1 8 97 01 9 1 58 957 6458 16 2616 42 3 995 17 5847 77 2 5 6868 04 269 06 8177 8986 9585
77227 9029 53218 8417 6124 6 5 52 36 12163 815 6904 6118 9807 5424 82777 134 5444 7679 77013 8776 735889
4 9 8 9 4199 89 67 5 8 99 8 0 9 5 90 9 2 6 4 4 0 868 72 66 0 2 63 13 68 282255 126 0174 558
366 823 5 9 57 6 2 97 84 2 8 83 598 0996 79 3285 12 5 895 13 7307 62 6 4 8938 51 494 97 8145 8712 8962
50313 1503 43617 1163 5675 0 7 57 99 92352 097 8812 9230 6537 2718 39235 478 6595 5372 57213 2156 068197
6 0 4 4 7527 41 76 5 6 10 2 1 6 7 49 9 2 7 8 5 1 942 39 66 0 9 88 62 73 896420 455 9743 696
986 517 1 8 16 7 3 76 42 8 9 85 757 6885 92 5829 19 6 210 96 4319 42 8 5 8589 42 413 69 3652 7772 8705
16374 6016 18380 9715 6127 3 2 75 88 53098 569 2485 9862 6215 7586 36677 503 5795 5882 23813 1747 775178
9 2 8 7 5129 83 57 7 8 14 9 4 8 8 95 4 4 1 5 7 3 202 65 97 6 8 86 84 68 885270 124 8787 004
723 123 0 0 94 6 3 88 89 3 7 90 784 3012 19 2743 08 5 949 09 5590 11 6 8 2593 98 556 18 3775 5717 8615
09796 5944 23017 0948 5569 0 5 68 97 19495 757 6972 0858 4255 7763 42059 934 8784 5900 55960 6584 481106
9 8 6 4 5563 85 68 5 2 52 8 8 7 8 88 9 2 5 8 6 1 955 72 84 8 1 57 06 99 894603 764 2713 988
773 709 4 9 97 8 6 42 87 7 7 88 468 9278 68 2917 76 2 906 74 3487 85 3 8 1089 11 576 70 6175 5762 8615
00510 7152 69676 4524 7171 5 4 34 75 97936 787 7571 3812 2560 5951 98605 724 5703 6397 57188 1778 984160
1 8 8 5 4246 98 58 3 8 72 9 2 5 9 48 7 8 1 6 2 1 817 52 45 7 3 47 63 33 868937 188 9398 876
823 747 7 8 98 6 7 85 85 9 0 39 998 0484 77 4444 12 7 913 68 6922 12 7 7 1980 18 017 15 8189 8512 9949
25843 1298 67991 8013 5627 2 5 88 96 14186 099 6983 0993 5245 7727 85345 184 6974 2342 53883 4767 728995
69314 6835 69675 3280 3108 3 5 96 60 02836 889 6652 8764 3209 4408 02994 926 5133 9928 85518 5276 956099

855709997798.465390