0 2 0 4 0020 05 02 5 5 12 0 2 0 1 28 0 2 0 4 5 1 002 02 05 9 0 04 10 03 800023 124 8003 050 
120 103 0 9 02 0 0 12 09 0 0 00 007 0000 05 2010 02 4 912 10 0000 00 0 0 1080 00 010 00 0000 8002 8010
10003 0100 13200 0000 0021 0 0 12 90 12002 800 8912 0002 1015 5003 10210 000 5000 5010 03013 0150 005100
0 2 3 4 0120 05 12 5 5 10 9 2 0 1 08 0 0 0 0 0 0 010 12 00 0 8 24 02 00 091023 124 0020 006
50 003 0 9 12 0 2 10 80 0 0 00 900 0004 15 2300 10 0 002 10 1200 00 0 5 0009 12 005 12 2140 8710 8010
02300 0000 03015 8700 5101 0 0 10 98 00000 010 0910 9012 1000 5400 02200 020 5134 0300 00000 0000 125000
1 2 3 0 0100 40 10 5 5 10 0 2 0 1 28 0 0 0 4 0 0 910 02 40 0 0 20 00 03 890220 000 0023 006
003 123 5 9 10 0 2 02 80 0 1 82 000 0010 10 2304 12 0 902 14 0015 00 3 5 0200 10 005 12 2045 0002 0912
10303 0100 10205 8002 0020 0 0 10 00 02102 000 0900 0002 1000 5013 12200 024 0034 0302 00200 0003 005008
1 2 3 4 0123 05 02 0 0 10 0 2 0 1 28 0 2 0 4 5 0 000 10 40 9 8 04 02 03 091023 020 0000 506
003 103 5 9 00 0 2 02 89 0 0 00 980 1014 00 0004 00 0 910 00 1205 00 3 0 0009 00 405 10 2040 8002 8000
00010 0030 00005 0002 0020 0 5 02 98 00002 810 0010 9000 0005 0000 10205 104 5104 0302 53010 1103 000108
0 0 3 0 0100 45 12 0 5 10 9 0 0 1 20 0 2 1 0 0 1 910 12 45 0 0 00 00 03 090223 000 0103 506
020 103 5 0 10 0 0 02 00 0 0 00 087 0004 00 0304 10 0 912 00 0010 10 3 5 1080 10 400 02 2140 0700 0912
10013 1000 13210 0010 0101 3 0 02 98 02002 810 8000 9012 1010 5400 02210 020 0034 5302 00003 0103 100090
0 0 3 0 0020 00 10 5 5 12 9 2 0 0 28 0 2 0 4 5 0 012 00 45 0 0 00 02 23 801000 024 8023 050
000 020 5 9 00 0 2 12 00 0 0 02 900 0204 10 2310 00 0 910 14 0015 00 3 5 0000 02 005 00 0145 8712 0912
00300 0105 10205 8000 5001 3 0 10 98 02100 015 8902 9000 0015 0413 10205 000 0000 0010 03013 1100 105008
0 0 3 4 0020 40 00 5 0 00 9 2 0 1 08 9 2 0 4 5 0 912 00 05 9 0 24 00 00 891000 024 0120 556
020 103 0 0 10 8 0 02 00 0 1 82 900 1010 00 2314 00 0 002 00 1005 00 3 0 1000 00 410 00 2005 8712 0912
12313 0005 03015 0010 0120 0 0 02 90 02100 010 0010 9800 1205 0010 10210 124 0004 5312 50203 0153 025008
0 0 0 4 5123 05 12 0 0 00 9 2 0 0 00 9 2 0 0 0 0 012 02 00 0 0 00 12 03 001003 000 0100 006
120 123 0 9 02 8 0 02 09 0 1 80 980 0214 10 2010 02 4 000 10 1015 10 0 0 1080 00 000 02 0000 0710 8012
00010 0030 10015 8002 0120 0 0 02 90 12100 805 8900 0810 1005 0003 02005 100 5104 0310 00003 1053 105000
0 2 3 0 0123 45 00 5 5 10 9 0 0 1 20 9 0 0 0 0 1 010 00 40 0 8 00 02 00 091200 104 0120 000
120 100 0 0 00 0 0 12 09 0 0 82 080 1010 00 2014 10 4 012 00 0015 12 3 5 1209 10 015 12 2040 0702 8902
02313 1000 00200 0002 0100 0 5 00 00 00002 810 0010 0002 0205 0013 02200 004 5034 5002 53200 0100 005098
0 0 3 0 5003 00 00 0 5 10 9 2 0 0 00 9 0 1 4 0 0 912 02 40 0 0 00 12 20 800003 000 8103 500
100 000 5 0 00 8 2 00 89 0 1 80 900 1000 00 0300 10 4 000 10 1015 02 3 0 1000 10 010 10 0005 0000 0010
00013 0130 00015 0702 5120 0 0 10 98 02102 010 8002 0000 0215 5400 12210 120 0000 5000 03013 1103 105000
0 0 0 0 5000 40 10 0 5 10 9 0 0 1 08 9 2 0 4 0 0 010 00 00 9 8 24 02 00 001020 020 0103 050
003 000 5 0 12 0 0 02 09 0 1 00 080 0210 10 0004 02 4 002 14 0015 00 0 5 1200 02 410 10 0100 0012 8902
1 2 0 4 0020 05 12 0 0 10 0 0 0 1 08 9 2 0 4 5 0 012 10 00 9 8 20 02 23 000000 120 8103 000
000 103 0 0 02 0 0 10 00 0 1 02 987 0214 15 2300 10 0 910 04 1000 10 0 0 0200 10 400 10 2005 8002 8012
02003 0100 13000 0000 0001 0 5 10 08 10000 005 0012 0012 1215 0013 00200 100 0034 5000 03010 0000 105008
1 0 3 4 5003 05 02 0 0 00 9 2 0 1 08 0 0 0 0 0 1 912 00 05 0 0 04 00 23 891220 020 0120 500
00 020 0 0 10 8 0 02 09 0 0 80 907 0200 15 2010 12 4 012 10 0215 00 3 0 0000 10 405 10 0000 8700 0000
00013 1105 00200 0000 5100 3 5 02 98 12100 005 0910 0012 0200 5003 00200 024 5030 0302 00010 1050 020000
0 0 0 4 5003 05 12 0 5 02 0 2 0 1 20 0 2 1 0 0 0 012 10 05 9 0 00 10 03 000200 100 8023 006
123 020 5 0 02 8 0 00 00 0 1 00 080 0014 05 2304 10 0 900 14 1000 02 0 0 0000 02 000 02 0045 8700 0900
00000 0005 00015 0000 5001 0 0 10 00 12100 800 0000 9012 1215 5010 02005 000 0104 5302 53200 0003 000090
1 2 0 4 0123 05 12 0 5 12 0 2 0 1 08 0 2 0 0 0 1 002 12 40 9 0 20 12 23 890203 100 0020 056
103 100 0 0 12 0 0 10 00 0 0 82 000 0200 05 0010 02 0 010 04 0005 10 0 5 0200 00 000 00 0140 0012 0900
02310 0100 00010 0002 5001 0 5 10 98 02102 000 0000 0010 1200 0013 02000 020 0000 0300 50200 0000 000100
0 0 0 0 5023 05 00 0 0 10 9 2 0 0 20 0 0 1 0 0 0 910 10 00 9 0 04 00 00 090200 020 0020 050
120 103 5 9 10 8 0 00 80 0 0 02 987 1214 15 0000 00 4 912 04 1000 12 3 5 0209 10 410 00 2145 0710 8900
12000 1105 10215 0710 5020 0 5 00 98 10100 810 0900 9000 1210 0003 10010 100 0134 5312 00003 0050 100190
0 0 3 4 5000 05 00 0 0 02 9 0 0 0 28 9 0 0 0 0 0 012 10 05 9 0 24 10 20 890003 120 8023 056
100 123 0 9 10 0 2 00 00 0 0 00 900 0210 05 2000 02 0 000 14 0205 10 0 5 1080 02 005 12 2105 0712 0002
10003 0000 10015 0000 0100 3 5 00 90 02000 005 0910 0802 0205 5003 12005 024 0100 5302 50210 0153 105108
0 0 0 4 5003 45 02 0 0 00 0 2 0 0 20 0 0 1 0 0 0 002 02 00 0 0 24 02 20 001000 100 8003 006
120 100 0 0 02 0 2 02 09 0 1 02 000 1204 15 0000 00 0 912 14 0005 00 0 5 0000 00 000 00 2100 8002 0900
12310 1005 00200 8700 5101 0 0 12 90 02100 005 8010 9802 0005 5413 10005 100 0104 5002 00200 1100 005000
1 2 0 4 5023 00 02 5 5 10 0 0 0 0 20 0 2 0 0 5 1 000 10 05 0 8 20 10 03 800220 020 8100 006
003 000 0 9 02 0 2 10 80 0 1 02 900 1014 00 0014 02 0 000 10 1010 02 3 0 1089 12 005 10 0145 8002 8000
12313 1130 10015 0712 5000 0 0 10 08 10102 010 8010 0800 1200 0410 12000 020 5134 5300 53203 0100 100000
0 2 3 0 0100 45 02 0 5 00 0 2 0 0 20 9 0 1 4 0 0 000 00 00 0 8 24 10 23 090023 020 8120 506
020 003 0 0 12 0 2 02 09 0 1 02 007 0210 15 2004 02 0 900 14 0215 12 3 0 0280 00 010 10 0040 0702 0002
02010 1005 13215 0002 5001 0 0 00 08 10000 015 0900 9810 1010 0003 12210 120 0130 5012 03000 1153 000190
0 2 3 4 5020 45 02 5 0 00 9 0 0 0 00 9 0 0 0 0 0 900 10 40 9 8 24 00 03 800223 000 8003 056
000 003 5 9 00 0 0 12 00 0 0 02 980 0210 05 2010 00 4 910 04 0210 10 3 0 0009 00 405 00 0005 0700 8910
00300 1035 00015 8002 5000 3 0 00 90 00002 000 8000 9802 1200 5010 00015 124 0104 0312 50200 1053 025108
0 0 3 0 0123 40 10 0 5 02 9 0 0 1 28 0 2 1 4 0 0 002 12 00 9 0 00 00 00 000200 100 0103 050
000 100 0 9 00 8 2 00 89 0 1 02 000 1004 05 0304 02 4 902 04 1215 00 0 0 1009 02 010 00 0140 8012 8000
00000 1005 00015 8000 0000 3 5 00 00 00000 015 8902 0810 1000 5403 10210 020 0000 0012 53010 1053 100090
0 0 3 4 5000 05 12 0 5 00 0 0 0 1 28 9 0 1 4 0 0 002 00 05 9 0 24 10 20 000020 000 8000 050
023 100 0 9 00 0 0 02 80 0 0 00 987 0010 10 2300 00 4 002 04 1005 10 0 0 1280 02 415 02 2005 8702 8902
00000 1135 10210 8712 5101 3 5 00 90 02000 015 0902 0812 0000 0413 10200 104 5134 0300 03213 0150 025090
1 2 0 4 5000 45 00 0 5 02 9 2 0 0 08 9 2 1 0 5 0 010 02 40 9 0 24 10 03 091003 004 0000 000
00 023 0 9 02 0 0 02 00 0 1 02 000 0000 05 0010 02 0 910 10 0200 02 0 5 0289 00 000 10 2040 8710 8900
02300 1130 00205 8002 5120 0 5 02 00 12000 005 0000 0800 0215 0410 12205 020 5000 0302 50210 1003 005000
0 0 3 4 5003 00 00 0 5 12 9 2 0 0 00 0 0 0 4 5 1 900 10 00 9 0 20 00 00 801200 024 8100 050
020 120 5 0 02 8 0 10 00 0 0 02 000 0014 00 0014 00 0 002 04 1010 02 0 0 0000 02 005 12 2040 0002 8002
02003 0035 13000 8700 0000 3 0 10 98 00000 005 8010 0802 1015 5400 00210 104 0004 0000 53213 0000 020190
0 0 3 0 0000 45 02 0 5 10 0 0 0 1 20 0 0 0 4 0 0 900 12 45 9 0 00 12 00 090000 004 8100 556
000 020 5 0 10 0 0 00 89 0 1 82 080 0010 10 2000 12 0 910 14 1205 00 0 0 0080 00 005 02 0040 0702 0910
02303 1000 00010 8002 0020 3 0 00 98 00102 015 8012 0812 1015 5010 10200 104 5100 5302 53013 0000 000008
1 0 0 4 0120 45 00 0 0 00 0 0 0 1 08 0 2 1 4 5 0 010 10 40 9 0 20 02 20 891003 024 8023 500
020 123 5 0 02 0 2 10 00 0 1 80 087 0210 15 0010 00 4 010 14 1015 12 3 5 0200 10 400 10 0105 8712 8002
12013 0130 10200 0010 0001 3 0 12 08 12100 010 0000 0802 0205 5413 00200 100 0030 5002 50003 0150 120000
0 2 3 0 5103 45 10 0 0 00 9 0 0 1 00 0 0 0 0 0 0 002 12 45 0 0 04 02 23 890023 024 0123 506
003 103 0 9 02 0 0 02 80 0 1 82 907 0000 15 0310 02 4 910 04 0015 10 0 5 0000 10 400 00 0000 0000 0000
12300 1100 13005 8000 5100 0 0 02 90 00100 800 0000 9000 0210 0013 02015 124 0000 5002 00010 0153 120098
1 2 3 4 0123 45 02 5 5 00 9 0 0 0 28 9 2 1 4 0 0 002 02 40 9 0 20 00 00 800003 020 0100 556
023 003 5 9 12 8 0 12 80 0 1 82 980 1210 05 0304 00 4 002 00 1000 02 0 0 0280 00 005 12 0105 0012 0002
00010 1005 00000 0710 0000 3 5 10 00 10000 005 0012 0000 0015 0400 10000 004 5000 0010 03000 0053 025090
1 2 0 0 5023 05 02 5 5 00 9 0 0 0 28 9 0 1 0 5 0 910 02 40 0 0 04 02 00 800023 004 0123 050
023 100 5 0 00 8 2 12 89 0 0 02 000 0000 10 2000 02 0 000 10 1000 12 3 5 0080 02 405 10 2040 8000 0010
10000 0030 10010 0010 0120 0 5 10 90 10002 805 0000 0002 0000 5410 12005 120 0034 0010 53003 1150 120108
1 2 3 4 5023 45 02 0 5 02 9 2 0 0 08 0 0 1 0 5 1 002 02 00 0 0 00 02 20 090223 100 0003 006
003 120 5 0 02 0 0 10 00 0 1 00 987 0004 00 0014 00 4 000 14 1005 10 0 5 0209 00 410 00 2005 8702 8000
10310 1105 00205 8002 0101 3 5 12 00 00000 010 0900 9002 1010 0010 02015 004 5034 5300 00213 1003 005098
0 2 0 0 0100 45 12 0 0 02 0 2 0 0 28 0 2 0 0 0 1 910 00 05 0 0 00 02 00 001020 000 0100 550
123 123 0 9 12 8 2 10 80 0 1 82 080 1000 05 0004 10 0 012 10 0210 00 0 0 1289 12 015 00 0045 0000 0000
12013 0105 00210 0010 0001 3 5 10 98 12002 805 0912 9010 1205 0010 02015 024 5100 0302 00000 1000 005198
0 0 3 0 0120 00 00 5 0 00 0 0 0 1 20 0 2 1 0 0 0 910 02 00 0 8 00 00 00 890003 024 0023 050
003 003 5 0 12 0 0 12 89 0 1 00 000 0000 10 2004 00 0 000 00 1010 00 3 5 1200 00 005 10 0000 8012 0910
02013 1130 00000 0000 5000 3 5 00 98 00102 805 0002 0810 1000 0000 12000 020 0034 5012 53003 1100 020098
0 0 3 4 0123 45 02 0 5 02 0 2 0 0 00 0 2 1 4 0 0 912 12 40 0 0 20 00 20 891223 020 8103 050
103 003 0 0 10 0 0 10 80 0 0 02 080 0200 00 2314 12 4 902 00 0200 10 0 0 1000 02 415 00 2145 0712 0902
02013 0000 13010 0002 0100 0 0 12 90 02102 000 8900 0002 1010 5403 00210 100 0030 0000 03200 1053 125198
1 2 3 0 0123 05 12 0 0 02 0 0 0 0 08 0 0 0 4 5 0 012 02 00 9 8 20 10 00 890020 000 8123 500
00 120 5 0 10 0 0 02 00 0 0 80 907 0010 15 0310 10 4 910 10 1005 10 3 5 0080 02 010 00 2140 8702 8902
00310 1130 00000 8700 0020 0 0 00 90 12100 015 0002 0810 1010 0400 02015 004 0000 0302 53200 1000 125098
1 0 3 0 5020 05 00 0 0 02 9 0 0 1 08 9 2 1 4 5 0 012 00 00 0 0 00 10 00 000223 020 0023 500
000 103 5 0 02 8 2 10 80 0 0 00 000 0214 00 0004 02 0 902 00 0215 10 3 0 0080 02 410 00 0000 0712 0002
10313 1005 13205 0010 5021 0 5 10 90 00100 815 0000 0800 1005 5400 10015 000 5004 5002 00010 1050 020098
1 0 3 4 0023 00 10 5 0 00 9 0 0 1 00 9 2 0 0 0 0 000 02 45 0 8 20 00 00 000220 020 8003 556
003 123 0 9 00 0 0 02 80 0 0 02 087 1014 15 0000 00 4 900 14 0010 00 3 0 1200 10 015 00 0140 8000 8910
00300 1030 00200 8000 0001 3 0 10 00 10002 000 0002 0810 1000 5000 10000 004 0030 0312 03200 1100 100098
0 0 3 0 0023 45 10 0 0 02 9 0 0 0 28 9 0 1 4 0 1 000 00 00 9 0 04 02 00 891000 000 0120 500
023 020 0 9 10 8 2 10 89 0 1 02 080 1000 05 0010 10 0 002 10 0210 12 0 0 1009 00 410 10 2100 8012 0902
10300 1005 03000 8010 5020 0 0 00 00 00002 015 8910 0002 1010 0413 00010 004 0030 0012 50200 0103 105098
0 2 3 4 0000 40 02 0 5 12 9 0 0 0 28 9 2 0 0 5 0 002 00 00 9 8 24 00 00 001200 120 0003 550
100 003 5 0 10 0 0 10 80 0 0 02 980 0014 10 2014 00 4 900 04 0005 12 0 5 0080 10 410 00 2105 0700 8010
00310 1030 00015 8000 5001 0 5 00 00 00000 815 0010 0010 0000 5010 02000 120 0030 0302 00203 0000 020008
1 0 0 0 0120 45 10 0 0 02 0 2 0 1 28 0 2 1 0 5 1 002 00 05 9 8 20 12 00 090203 020 0103 500
020 103 0 9 12 8 2 00 09 0 1 82 087 1210 00 2000 02 0 912 00 0205 02 0 5 0200 10 400 10 0140 8012 0902
10000 1005 00200 8700 0100 0 5 00 08 12000 805 8900 9800 0205 5400 00205 020 5130 5010 00013 0000 100198
0 0 0 4 5023 45 12 0 0 00 9 0 0 0 28 9 0 1 0 5 0 900 10 00 9 0 20 00 20 801000 000 8120 056
000 023 0 9 02 0 2 12 80 0 0 82 000 1210 00 0304 00 4 000 04 1000 10 3 5 0089 12 400 02 2100 0000 0910
10300 0030 10015 0000 5100 0 5 12 08 02002 015 0000 0010 1205 5010 12005 124 0004 5312 03003 0003 020008
1 2 0 4 0123 40 12 5 0 12 0 0 0 1 08 0 0 1 0 0 0 010 02 40 0 8 00 12 23 801203 000 0000 550
003 000 5 9 00 0 0 02 09 0 0 02 900 1210 05 0014 00 4 000 00 1005 10 0 0 1209 00 000 00 2040 8010 0012
02313 0105 03005 8710 0121 0 0 10 00 10102 800 8900 9002 0215 0010 02215 000 0000 0312 00210 0103 100090
0 0 0 0 0000 45 00 0 0 10 0 0 0 1 20 0 0 0 0 0 1 010 10 40 0 8 20 02 00 090023 020 0000 500
100 020 0 0 12 0 0 10 09 0 0 82 900 0210 10 0300 00 4 910 10 0200 00 3 0 1009 00 015 12 0000 0000 8010
02003 0135 00010 0000 5021 0 5 02 90 12000 810 8010 9812 0010 0013 00000 120 5034 0300 00200 0053 020198
0 2 3 4 0120 05 10 5 5 10 0 0 0 1 28 9 2 1 0 0 1 912 12 05 9 8 00 00 23 891020 104 8020 050
123 120 0 0 00 8 2 10 89 0 1 00 987 0214 15 0310 12 0 002 10 1015 12 0 0 0089 10 010 10 0100 0012 0900
00010 1030 10005 0000 5000 3 0 10 98 00000 005 8002 0802 1200 5000 12000 004 0030 0000 50203 1103 005090
1 2 0 0 0123 45 12 5 5 12 9 2 0 1 08 9 2 1 4 0 0 012 12 40 0 0 04 02 03 001220 000 8003 556
103 103 0 0 12 8 0 00 89 0 0 00 900 0210 05 0000 02 0 000 04 1015 10 3 0 0080 02 405 12 0040 8700 8000
10003 1000 10010 0010 5020 3 5 02 08 00002 810 0910 9802 0000 5410 00200 000 5030 0010 50010 0150 025008
0 0 0 4 5103 00 12 0 0 10 9 0 0 0 08 0 0 1 0 5 0 000 00 05 0 0 20 00 20 001203 000 0123 550
50 100 0 9 10 8 2 00 80 0 1 00 980 0010 15 0310 12 4 910 10 0015 10 0 0 0000 00 010 00 2005 8000 8910
00313 0005 10205 8000 5001 0 5 00 98 00000 815 0900 0810 0015 5403 00210 020 5004 0012 50003 1000 005190
1 2 3 4 0003 05 02 5 5 02 0 2 0 1 28 9 0 1 0 5 0 000 02 05 9 0 00 02 00 001003 000 0000 006
023 100 0 0 00 8 2 10 80 0 0 80 080 0200 05 0314 02 0 000 00 0205 02 3 0 1080 02 400 02 2000 0000 0010
10310 1035 10205 0000 5121 0 5 00 90 10100 005 8902 0810 1200 0400 02200 004 0104 5000 50003 1050 025000
1 2 0 4 0023 45 12 5 0 00 9 0 0 0 20 0 0 1 0 5 1 012 00 00 9 0 00 10 23 000200 100 0003 056
000 100 0 0 12 0 0 00 09 0 1 82 987 0004 10 0010 00 0 902 14 0200 00 3 0 1280 12 400 12 2105 0700 0010
02000 0105 03005 0000 5100 3 0 12 00 02002 000 8000 0810 0200 0413 00005 020 0000 0312 00000 0150 125108
1 2 3 4 5023 40 12 5 5 10 0 0 0 1 28 9 0 0 0 0 0 900 12 40 9 0 24 12 23 001200 100 0023 000
100 023 5 0 02 8 0 12 80 0 0 02 007 1200 05 2300 10 0 910 14 0200 00 0 0 1089 12 410 10 2105 0002 0900
02300 0105 10205 0000 5001 0 5 12 98 00100 015 8900 0002 1000 5410 02005 120 0104 5012 53203 0100 000108
0 0 0 0 5000 40 00 0 0 00 0 2 0 1 20 0 0 0 4 0 0 000 02 40 0 8 20 02 20 090023 004 8003 506
120 023 0 0 00 8 2 10 09 0 1 82 907 0204 05 0304 12 0 000 00 1005 02 3 0 0089 10 410 10 2145 0710 8012
02003 0035 10200 0710 0120 0 5 02 08 12102 810 0910 9800 1010 0410 00000 000 0004 5312 03200 1150 100098
1 0 0 0 0100 00 00 5 5 10 9 2 0 0 20 0 2 1 4 0 0 012 10 40 9 0 04 12 00 890023 000 8020 550
123 100 0 9 12 8 2 00 00 0 0 02 087 0204 10 2004 02 0 012 04 0215 02 0 5 1000 10 010 00 2105 8702 8910
12303 0005 03005 0010 5021 3 5 00 90 12000 810 8010 9802 0210 5410 00205 020 5004 0010 00210 0000 100000
0 0 3 0 5023 00 12 0 5 12 9 2 0 0 28 0 0 0 0 0 0 912 02 40 9 8 00 00 03 890000 120 0120 000
120 120 0 0 10 8 2 00 09 0 0 00 980 1010 00 0000 12 4 012 00 1215 12 0 5 1200 00 000 10 2040 0702 8902
00003 1135 10015 0712 0001 0 0 12 90 10002 805 0900 9010 0015 0000 00210 004 0130 0002 03200 1050 125108
1 0 0 0 0120 05 10 0 5 00 0 2 0 0 20 9 2 1 0 0 0 910 12 40 9 0 20 12 00 091203 104 8120 000
023 100 5 0 12 0 0 02 00 0 1 00 000 1210 00 2004 02 4 000 14 1200 12 3 0 0009 10 000 00 0145 0710 0002
00310 0005 10000 0700 5000 0 0 00 00 00100 015 8900 0812 0015 0000 00010 004 0130 0300 50003 1050 105108
1 2 3 0 0020 00 00 0 5 02 9 2 0 1 00 0 0 0 0 5 0 902 00 45 0 8 24 02 20 890020 120 8123 000
020 023 5 0 00 8 2 12 00 0 0 00 080 1010 10 0304 10 4 900 10 1015 02 3 0 0000 00 405 00 2005 0702 0000
10000 1005 10015 0702 5120 3 5 10 08 12002 005 0010 0802 1015 0403 10015 120 5104 0310 50003 0150 100000
0 2 3 0 0103 05 10 0 0 10 9 0 0 0 20 9 0 0 4 5 0 002 12 00 0 8 24 00 20 001023 104 8120 006
000 120 0 9 00 0 0 12 00 0 0 80 080 0214 05 0314 10 4 012 14 0010 02 0 5 0089 12 015 12 2005 0702 0010
02310 1035 13010 0700 5020 3 5 12 98 12102 810 0010 0000 1005 5003 02005 120 0034 5010 00010 1053 005100
1 2 0 4 0023 45 10 0 5 10 9 2 0 1 08 0 0 0 4 5 0 910 02 40 0 8 00 10 00 801020 024 0020 556
000 120 5 0 02 8 0 00 89 0 0 82 900 0014 00 2014 10 0 012 04 1010 12 3 0 1009 12 005 02 2100 8002 0012
02300 0030 13000 8010 0020 0 0 12 00 02100 810 0002 9002 1200 0403 02210 004 5000 5002 50010 0000 105008
1 2 0 4 0000 45 02 0 5 10 0 0 0 0 20 9 0 0 0 0 1 002 00 00 9 0 04 02 20 000023 104 0100 000
00 023 5 0 02 8 0 02 00 0 1 02 900 0200 10 0304 10 0 002 04 0005 10 0 0 0009 02 415 10 0145 0010 8902
02003 1100 13210 8000 0000 3 0 12 90 12100 005 8900 9812 0215 0003 10000 020 5030 5000 03210 1100 025098
0 0 0 0 0123 40 00 0 0 10 9 0 0 1 08 9 0 1 4 5 1 902 12 00 9 8 04 10 20 000020 120 0120 050
000 003 0 0 00 0 0 00 09 0 1 00 000 1014 15 0300 00 0 002 14 0000 10 0 5 1089 12 000 00 2000 0012 0002
10003 0005 00000 8002 0101 3 0 12 08 10000 800 8000 0810 1015 0400 02200 004 0104 5302 50210 0100 005190
0 0 0 0 0000 45 10 5 0 10 9 0 0 0 20 9 2 1 0 5 1 902 10 00 9 0 24 12 00 090020 020 8000 506
103 100 5 0 12 0 0 02 89 0 0 02 080 1210 10 0000 12 0 900 04 0010 10 3 5 0280 02 410 02 0105 8710 0900
00310 1000 03215 8012 0100 0 0 12 00 02102 810 0902 0002 1005 5003 00200 004 0134 0000 53203 0100 005100
1 0 0 4 0020 45 10 0 5 12 9 0 0 1 20 0 0 0 4 0 1 900 10 40 0 0 20 12 03 091020 124 8003 050
120 020 0 9 12 8 2 10 80 0 1 02 900 1210 00 0300 02 0 900 14 1015 02 0 5 0289 02 000 02 0005 8710 0012
00300 0000 13015 0710 5101 3 5 02 08 12000 805 8010 0802 0205 0003 12200 104 0004 0302 03203 0103 120190
1 0 3 0 0020 05 12 5 0 10 0 0 0 0 20 0 0 0 4 0 1 010 00 40 9 0 24 10 00 001000 104 0003 550
000 120 5 0 00 8 0 12 80 0 0 00 980 1010 05 0000 00 4 000 10 0205 12 0 0 0009 10 015 10 2045 0702 8002
00010 1130 03210 8002 0001 3 5 10 00 00000 010 0010 9012 1010 0000 02210 024 0134 5002 53010 1053 105000
1 2 3 0 0100 05 12 5 5 00 0 2 0 0 00 9 0 1 4 5 1 012 00 00 9 0 24 02 23 000220 004 8123 006
100 020 5 0 10 0 2 00 00 0 1 82 080 1204 00 0010 00 0 012 00 1200 02 0 0 1000 12 010 10 2040 0710 8012
00003 0005 00000 8000 0120 3 0 02 08 00000 000 0900 0002 1210 5013 00205 100 0100 0000 00200 0100 005090
0 0 0 4 5003 45 00 5 5 10 9 0 0 1 20 9 0 0 0 0 1 000 02 40 0 8 04 00 00 000000 104 8020 000
103 000 5 9 02 8 0 12 00 0 0 00 900 1014 00 0310 00 0 902 00 0210 00 0 0 1089 02 015 00 2005 0000 0010
00003 1000 00205 8712 5020 3 0 02 90 02002 005 8002 0010 1010 5013 12205 004 0000 5310 50203 0103 020000
1 0 0 4 0003 05 00 5 0 02 0 0 0 1 20 9 0 0 0 5 0 002 02 45 0 0 20 00 23 091200 004 0020 056
020 123 5 0 12 0 2 00 89 0 1 80 987 0204 00 2000 10 4 912 10 0005 00 0 5 0000 00 000 00 2005 8700 8010
10310 1105 10205 0012 0001 0 5 02 90 02002 810 0010 9810 0210 5400 10005 124 0130 5300 03013 1050 120108
1 0 3 0 0020 40 10 5 0 00 9 2 0 0 00 0 2 0 0 5 1 902 02 05 0 0 24 00 20 800220 100 8100 500
100 103 5 0 00 0 2 02 89 0 0 00 987 1010 15 0300 00 4 002 14 0210 02 3 0 1289 02 000 00 0000 0000 0910
02310 1005 00015 8712 0121 3 5 00 00 02002 010 8000 9802 0000 5000 10200 000 5134 5010 03010 0003 020198
0 0 3 4 5000 40 00 5 0 12 0 0 0 0 28 9 0 0 4 5 0 012 00 40 0 0 04 12 20 800223 020 8003 000
020 020 0 9 00 0 0 00 09 0 1 02 907 0214 00 0000 00 4 000 10 0015 00 0 0 0080 10 015 00 2140 0000 0900
02000 1030 00000 0002 5020 0 5 00 08 00000 005 8010 9002 1215 0000 00000 124 5030 5300 50010 0003 020000
1 2 3 0 0120 45 00 5 5 02 9 0 0 0 00 0 0 0 0 5 0 010 10 40 9 8 04 12 23 890003 104 8023 006
023 000 5 9 02 8 0 00 80 0 0 00 087 0010 00 0300 12 0 900 14 0210 00 3 0 0280 02 005 10 0045 0002 0912
12010 0005 03215 8000 0121 0 5 12 00 02002 000 0902 0010 0200 5400 10005 100 5000 0300 03010 0003 000098
0 2 3 4 0003 40 02 0 0 02 9 2 0 1 28 0 2 1 4 0 1 000 00 00 9 0 20 00 00 801003 020 8003 000
00 100 0 9 10 8 0 00 09 0 1 80 000 1000 15 2300 00 4 000 00 0010 02 3 0 0009 10 405 00 0140 0710 0000
00303 0100 03200 8010 0121 3 0 02 08 00102 010 0902 0000 1205 5010 00200 020 0030 0312 50210 0150 120000
1 0 0 0 5003 00 00 0 5 10 0 0 0 1 08 0 0 1 0 0 1 002 10 00 9 8 04 02 20 091220 020 8003 556
100 000 5 9 12 8 0 02 09 0 0 80 080 1214 15 0010 12 0 000 00 1200 00 0 5 0000 02 000 02 2100 0012 8012
12303 1000 03010 0700 0100 3 5 10 08 00000 010 8910 0800 0215 5403 10215 000 5030 0002 00000 0003 100000
0 2 0 4 0020 40 02 0 0 02 0 2 0 0 28 0 2 1 4 5 0 000 10 00 0 8 00 10 23 800020 124 8020 006
100 003 0 9 02 0 2 02 09 0 0 00 087 0210 00 0014 00 4 000 14 1215 12 0 5 0080 00 410 02 0000 0710 0012
02303 1135 10000 8700 0120 0 5 10 90 12002 805 0900 9012 1005 0013 00005 000 5004 5002 03003 0000 100008
0 2 0 4 0100 45 02 5 5 00 0 0 0 1 08 9 2 1 4 0 0 912 02 00 9 8 20 12 03 000200 124 0000 056
003 000 0 9 10 0 2 00 89 0 1 80 907 1204 15 0014 02 0 912 14 1215 10 0 0 1289 10 410 10 0105 0710 0002
02300 0035 00215 8712 0100 0 5 02 90 00100 805 8002 0000 1000 0013 12205 120 5004 5300 53013 0150 000108
1 0 0 0 0123 00 02 5 5 10 0 2 0 0 00 9 0 1 0 0 0 002 00 00 0 8 00 12 00 091203 000 0100 556
100 003 0 0 10 8 2 00 80 0 1 80 900 1010 10 2310 10 0 002 04 0005 00 3 0 0209 02 010 02 2000 8712 8900
02310 1030 13200 0700 0120 0 0 00 90 12102 810 0002 9010 0005 5410 02210 104 5000 0002 00013 0003 025108
1 0 0 0 0103 05 00 0 0 02 9 0 0 0 20 0 0 1 4 0 0 912 10 40 9 8 04 00 03 891203 004 8100 550
003 120 0 9 00 8 2 02 89 0 1 02 980 0000 10 0010 10 0 912 00 1000 00 3 0 1280 02 010 02 0100 8712 8900
10310 0100 00015 0700 5100 0 0 10 98 00000 005 0000 0010 1010 5003 12005 000 5134 0000 50200 1003 100108
0 0 3 4 5023 05 12 0 0 02 9 2 0 1 08 0 2 0 0 0 1 902 10 40 9 0 00 10 00 801023 120 0003 000
020 020 5 0 12 0 2 00 00 0 1 80 007 1010 10 0310 00 0 900 10 0010 12 0 5 0080 10 015 00 2000 8012 0902
12010 0135 13210 0000 0021 0 0 12 00 00000 800 0002 9000 1215 0010 10015 000 0130 0300 03013 0000 000098
0 0 0 0 0103 40 10 0 5 00 0 0 0 0 08 9 2 1 4 5 1 000 12 00 0 0 24 12 20 091003 100 0100 050
103 020 5 0 10 8 2 10 00 0 0 02 987 0204 00 2314 02 4 002 10 0200 02 0 0 1209 00 000 10 0000 0702 8010
12000 1035 10015 8700 0021 0 5 00 00 00000 800 8012 0802 1205 0013 00015 124 0000 5300 53003 1050 125000
0 0 0 0 0000 40 12 0 0 00 0 0 0 0 28 0 2 0 4 0 1 910 10 00 0 8 04 02 00 000003 004 0103 500
020 023 0 9 00 0 0 10 89 0 0 00 000 0214 15 0014 02 0 002 10 1215 00 3 0 0000 00 400 00 2005 0710 0900
00013 0030 13015 0000 0020 3 0 12 00 10000 800 8912 9000 1205 0010 02010 100 5104 0000 53010 0003 100008
0 2 3 0 5000 05 00 5 0 02 0 2 0 0 28 0 2 0 0 0 0 900 00 00 0 0 20 00 00 090203 004 8020 000
123 103 5 0 00 8 0 10 09 0 1 80 087 1010 00 0000 00 4 900 14 0205 02 3 5 1209 00 405 12 0100 8712 0902
10300 0005 00205 0712 5001 3 0 02 08 10102 005 0000 9002 0200 5413 00205 004 0000 5300 00003 1153 100100
1 0 0 0 5120 45 02 0 0 00 9 0 0 0 08 9 2 0 0 5 1 012 10 40 0 0 24 00 23 090023 124 8020 500
100 100 0 0 12 0 2 00 89 0 0 02 087 0004 05 0000 12 0 002 10 0000 00 3 0 1289 12 400 02 2045 0012 0012
00013 1035 10000 8712 0101 0 5 00 08 00102 005 8900 0002 1010 0000 00200 004 0030 5010 00010 1050 000108
1 2 3 0 0103 00 02 0 5 00 0 2 0 1 20 0 0 1 0 5 0 010 00 05 0 0 20 02 03 000023 004 0100 006
00 020 0 9 00 0 0 10 00 0 0 00 907 0200 00 2304 10 4 002 14 0200 10 0 0 1089 00 015 00 2140 0700 8010
10003 1005 03010 0002 0100 3 5 02 00 00100 010 8910 0010 0005 0003 00205 100 5100 5300 03200 0150 105108
0 2 0 0 0003 05 00 5 0 10 0 2 0 0 20 0 2 0 4 0 0 902 12 00 9 0 00 12 23 801020 124 8003 000
020 120 0 9 02 0 0 02 00 0 1 80 087 0000 15 0310 02 0 002 10 0210 00 0 0 1009 10 010 00 0100 0010 0910
12010 0000 03210 8010 5021 0 5 10 90 10000 800 0910 0000 0005 0003 02215 120 5134 5012 03013 0053 020 8000 556
000 000 0 9 12 0 2 10 09 0 0 82 080 1000 10 0000 10 4 912 00 0205 00 3 5 1080 10 405 02 2105 8710 8910
12000 1035 03000 8700 5000 3 0 02 08 10000 815 8002 9000 1205 0003 10015 024 5004 5010 00013 1050 005090
0 2 0 4 5020 05 10 5 0 00 9 0 0 1 00 0 0 1 0 0 0 902 12 05 0 0 00 00 20 800020 004 0103 506
103 023 5 9 12 8 2 00 89 0 0 02 907 1000 15 0014 02 0 002 10 0005 00 3 0 1289 00 015 02 2000 8702 8012
00010 0130 00000 0002 0021 3 0 02 00 12002 815 8002 9002 1010 5400 00200 124 5030 0300 53200 1100 120190
0 0 0 4 0020 05 02 0 5 02 9 2 0 0 20 0 0 0 4 0 1 912 10 45 0 0 24 00 00 001220 100 0020 050
000 000 5 0 00 8 2 02 09 0 0 80 007 0200 00 2310 00 0 010 04 1010 12 3 0 0200 10 405 10 0005 8002 0000
02013 1100 10205 8000 0120 0 5 12 98 12000 805 8012 9002 1005 0010 00210 100 0130 5002 53000 0100 125000
0 2 0 4 5003 05 12 5 0 10 9 0 0 0 28 9 0 0 0 5 1 000 10 00 0 0 04 00 20 090020 020 8003 556
023 023 0 0 10 0 0 02 09 0 0 82 080 1204 10 2304 02 0 912 04 0005 02 0 5 0200 00 005 00 0045 0002 0910
10013 0035 00000 0700 0020 0 0 00 08 00000 805 8002 9002 1000 5410 10000 004 0034 0302 53000 1150 005098
0 0 3 0 0023 05 12 0 0 02 0 0 0 0 20 0 0 0 0 5 1 000 10 05 9 8 00 12 20 891003 124 0000 000
020 020 0 0 00 8 0 00 89 0 1 80 907 0000 00 2014 12 0 010 10 0200 12 0 0 0080 12 410 12 2005 8010 8000
10010 0100 03215 8710 0001 0 5 10 08 00000 805 0902 0002 1210 0010 00005 000 0100 0310 00000 0000 100090
0 0 0 0 5123 05 10 5 0 02 0 2 0 0 08 9 2 0 4 0 1 910 00 05 0 0 00 00 23 801203 004 8020 556
50 023 5 0 02 0 0 00 00 0 0 80 900 1000 05 0300 10 4 910 04 1005 02 0 0 0280 00 010 00 0040 0710 8012
00303 0000 03010 0002 5120 0 0 10 98 00100 010 0012 9002 0000 0013 10000 120 5000 5312 03000 1050 000190
0 0 0 0 0100 45 02 0 0 12 0 2 0 1 08 9 0 1 0 0 1 902 00 40 0 0 04 12 00 891003 120 0020 050
000 003 5 9 00 0 2 02 09 0 0 00 980 0000 10 0000 12 0 902 14 1210 00 3 0 0000 12 415 12 0005 0700 8000
00300 1035 03200 0700 5020 3 0 00 90 10000 005 0910 0010 0210 0403 10005 004 5004 0310 03013 1153 020100
0 0 0 4 0003 00 02 0 5 02 9 2 0 1 00 0 0 1 0 0 1 010 02 00 9 0 20 12 00 090020 020 0023 506
023 020 0 9 12 0 2 12 89 0 1 80 907 0010 05 0314 00 4 910 04 1215 10 3 0 0080 10 415 12 0005 8702 0010
10300 0135 03015 0000 5000 0 5 00 00 02102 005 0910 9010 0015 5003 10010 004 5034 0300 50000 0100 120008
0 0 0 0 0023 40 00 0 5 02 9 2 0 0 00 0 0 1 4 0 0 012 12 40 0 8 24 00 20 090203 024 8120 506
103 120 5 9 12 0 0 02 09 0 0 82 000 0210 00 2010 02 4 910 04 0215 10 0 0 0080 10 010 00 0045 0710 0902
10000 1035 10210 0010 0000 0 0 02 08 12002 810 0900 0802 0005 0003 10015 020 5030 0002 00000 1100 105008
0 2 0 4 0120 00 00 5 0 12 9 2 0 1 00 0 2 0 0 0 1 012 12 05 0 0 04 00 00 000023 000 0103 000
003 100 5 0 10 0 2 12 09 0 1 02 080 0000 05 0014 00 4 902 00 1010 12 3 0 1080 12 010 02 2000 8712 8912
02313 0035 03200 8702 0101 0 0 02 08 00100 810 0900 9010 1200 0000 00210 120 0100 0000 50010 0100 000190
0 2 3 0 5120 45 10 5 0 02 0 0 0 0 28 0 0 0 4 5 0 912 02 00 0 8 04 12 03 001200 020 8100 500
023 020 5 9 02 0 0 02 09 0 1 80 000 1210 10 0004 12 4 912 10 0205 02 3 5 0000 12 005 10 2100 0000 0002
12310 1100 00210 8710 5020 0 0 10 00 10000 800 0902 9800 0205 0000 10005 024 0000 0010 53003 1100 125190
1 0 3 0 0020 45 10 5 0 12 9 2 0 1 08 9 0 0 0 0 0 910 12 00 9 8 04 00 03 001000 024 8100 056
120 020 0 9 02 8 2 02 00 0 1 00 987 1010 05 2000 00 4 902 00 1215 02 3 0 1200 10 010 02 2100 8700 8012
00003 1105 00010 0012 5100 3 0 00 08 02002 810 8910 0800 0005 0403 10000 020 5004 0302 03013 1150 020100
0 0 3 0 5100 45 10 0 0 00 9 2 0 1 00 9 0 1 0 0 0 902 12 00 0 8 04 12 23 890003 000 8003 006
000 003 5 9 10 8 2 02 09 0 1 00 087 0200 15 2014 10 4 910 00 1000 10 3 0 1200 00 005 02 0000 0702 8002
00003 0135 13215 8012 0101 0 0 02 08 10102 800 8000 0002 1000 0400 12200 124 0134 5000 53200 0100 025000
0 2 3 0 5000 00 00 5 0 02 0 2 0 1 28 9 0 1 4 0 1 000 02 00 9 0 00 12 00 001203 004 0000 000
003 003 0 0 02 0 2 00 80 0 1 00 000 0014 15 2000 02 4 000 14 0015 02 0 0 1200 12 415 02 2100 0002 0900
10300 1005 10200 8010 5121 0 5 02 98 02000 010 0000 0810 1010 0400 10215 120 5100 5312 00003 0050 100108
1 2 0 0 0020 05 00 0 5 10 0 2 0 0 00 0 0 0 0 0 1 900 00 05 0 8 04 00 03 091223 000 0020 550
120 000 0 9 00 8 2 02 80 0 0 82 980 1204 10 0304 10 4 912 10 1015 12 3 0 1200 12 400 10 0105 8000 0910
00310 1135 13200 8002 5120 0 5 00 08 12000 010 0902 0000 0205 0410 02000 000 5030 0312 03210 1000 020000
0 0 3 4 0103 40 00 0 5 02 9 0 0 0 28 9 2 1 0 0 0 902 02 40 9 0 20 10 20 001220 104 0023 050
003 103 0 9 00 0 2 02 89 0 1 82 080 1214 10 2004 10 4 002 10 1200 00 3 5 0009 10 000 12 0140 8700 8012
10003 1100 03015 0010 0001 3 0 00 08 10002 005 0900 0800 1010 5410 02015 024 0000 5012 03003 0153 020008
1 0 3 0 0100 00 10 0 0 00 9 0 0 1 00 0 2 1 4 0 1 912 00 00 0 8 00 00 20 891020 120 8000 000
00 023 0 0 10 0 2 00 89 0 0 00 980 1000 00 2304 02 4 012 14 0005 10 3 0 0080 00 400 12 2045 0000 0902
12000 0030 00210 8000 0100 0 5 12 00 10000 800 0010 0800 0005 5400 12215 020 0030 0312 53200 0003 020098
1 0 0 0 5003 45 00 5 5 00 9 0 0 1 08 9 2 0 0 0 0 000 02 00 9 0 20 00 20 890020 104 8100 050
023 120 5 0 02 0 2 02 80 0 1 02 907 1000 00 2304 00 4 010 04 1200 12 0 5 1200 00 010 02 0100 8700 0002
02310 1100 10015 8712 0001 0 5 00 00 00002 000 0902 0800 0005 0400 12205 104 5004 5302 50213 1103 025008
1 0 3 4 5100 40 10 5 0 00 0 0 0 0 28 0 0 1 4 0 1 012 02 00 9 0 20 02 03 001220 100 0020 000
000 000 5 0 12 8 2 02 09 0 0 00 007 0000 10 0314 00 0 000 14 0010 10 3 0 1200 10 010 10 0100 0702 0012
10003 1035 00005 8702 0000 0 5 02 98 12000 015 0900 0002 0005 0000 10005 104 5030 5000 53003 1000 025000
1 0 0 0 0100 40 02 0 0 12 0 0 0 1 00 9 0 1 4 5 0 010 10 05 9 0 20 00 20 001200 000 0023 000
000 100 5 9 00 8 0 10 00 0 0 00 900 1010 10 2300 02 4 010 10 0000 00 3 0 0289 00 000 02 0045 0700 8010
00310 0135 10000 8710 5121 0 5 02 00 10102 815 0902 9800 0210 5000 02010 120 0134 0012 03203 0003 005008
1 0 3 0 5003 00 00 5 5 02 0 2 0 1 28 0 0 1 0 0 0 012 00 05 9 0 04 02 00 890203 020 0120 056
100 120 0 0 10 8 0 10 00 0 1 02 907 0210 05 0314 10 0 900 10 0210 10 3 5 0089 10 000 12 0000 0700 8910
12000 0105 13005 0002 5000 0 5 10 08 10100 000 0000 0802 0000 5403 00000 124 0100 0310 53013 0050 025190
1 0 0 0 0023 45 10 5 5 02 0 0 0 0 00 0 2 1 4 5 1 000 00 05 9 8 00 10 03 891003 124 8100 056
000 103 0 0 10 8 0 00 80 0 1 80 987 1200 15 2314 10 0 910 00 1000 10 0 5 1000 02 405 12 2005 8702 8010
00000 0135 03210 8000 5001 0 5  5101 0 0 10 98 12102 810 8910 0010 0215 5000 10010 020 0000 5310 50213 0053 000008
0 0 0 4 0003 05 00 5 5 00 0 0 0 1 08 0 2 0 0 5 0 910 00 40 9 0 24 02 20 001020 100 0020 006
100 103 5 9 12 0 0 12 09 0 1 02 907 0014 05 0000 10 4 902 00 1215 12 0 0 0080 00 000 10 2105 0002 8902
12303 0005 03205 8002 0001 3 0 00 00 00100 010 8912 9800 1200 0013 12000 100 0004 0002 03203 0103 005008
0 2 3 4 0023 40 02 5 5 02 9 0 0 0 20 0 2 1 0 0 1 010 12 00 9 0 20 02 23 891000 104 0123 050
000 123 5 0 10 0 0 12 09 0 1 82 007 0010 10 0014 12 4 900 04 1215 10 0 0 0080 12 000 00 0000 0700 8002
00313 1000 10200 0002 0121 0 5 00 98 02100 000 8000 9802 0005 5003 02015 000 5130 5300 50210 0150 105100
1 0 0 0 0000 45 02 0 0 02 0 2 0 1 00 0 2 1 4 5 1 900 00 40 9 0 20 10 03 800203 124 0020 050
00 020 0 9 02 8 2 00 89 0 0 80 000 0210 10 2314 00 0 000 14 0205 10 3 5 0289 02 410 02 2145 0710 0912
10300 0100 10200 0702 0100 0 0 00 90 10000 805 0900 9810 1005 0010 02200 004 0104 5010 53003 0150 125098
0 0 0 4 5100 40 12 5 5 12 9 2 0 0 28 9 0 0 0 5 0 010 02 40 9 8 24 02 23 000223 000 8020 000
000 003 0 0 00 8 2 02 80 0 1 02 987 0200 05 0310 10 0 910 14 0215 02 0 5 1289 00 000 10 0145 0010 8000
00300 0035 00010 8700 0000 0 0 00 00 12000 015 8010 0010 0010 5010 02000 124 5104 5012 00000 1100 105000
1 2 3 0 0020 40 00 5 5 00 9 0 0 0 08 9 2 0 0 0 0 902 02 05 9 0 04 12 03 090020 120 0120 056
000 000 5 9 00 0 0 10 00 0 0 80 987 1014 00 0300 00 0 912 10 0205 02 3 5 0080 10 000 12 2005 0700 0010
02000 1000 00210 8702 0120 0 5 02 00 12100 815 8010 0000 0210 5000 00000 020 0000 5300 50210 1003 125008
1 0 0 0 0120 00 12 5 0 10 0 2 0 0 00 9 0 0 4 0 1 902 10 40 0 8 00 02 00 890003 100 0120 506
103 103 5 0 10 8 2 12 80 0 0 80 907 0200 00 0004 02 0 002 00 1000 00 0 5 0009 12 405 00 2005 0710 8912
12003 1000 10000 8002 5121 3 5 12 08 02100 005 8910 9010 0005 0010 12010 104 0100 0012 00213 1100 100098
1 0 3 4 0123 05 10 0 0 10 0 2 0 1 00 0 0 0 0 5 1 010 02 05 9 8 00 10 00 801023 104 0100 556
120 123 0 0 02 0 2 00 80 0 1 82 087 0204 05 2300 10 0 900 00 0005 02 0 5 1200 12 415 10 0145 0012 0010
02000 0130 03200 0712 0020 0 0 12 90 12002 815 8912 0812 0000 5403 02010 004 5104 0310 00213 1000 000108
0 0 0 4 0123 40 02 0 5 10 9 2 0 0 08 9 0 0 4 5 1 902 10 05 0 8 00 00 20 000020 024 8103 000
000 123 5 9 00 0 0 02 00 0 0 00 907 0004 05 0304 02 4 900 14 0000 10 0 0 0200 10 405 10 0145 8010 8900
02010 0005 03010 0010 0020 3 0 02 90 02102 800 8012 9802 0010 0003 12005 020 0000 0000 50210 0053 000100
0 0 0 4 0000 05 12 0 5 02 0 0 0 0 00 9 2 1 0 0 1 912 10 05 0 8 24 12 20 890000 124 8120 050
123 003 0 0 10 8 2 12 00 0 0 82 007 1204 10 2014 10 0 902 14 0000 12 3 5 0200 00 015 02 0005 0712 0012
02300 0035 13005 8010 5120 3 0 12 98 12102 005 0012 0000 1015 5400 00210 000 5130 5002 53013 1103 000100
0 0 0 4 5103 40 00 0 5 12 9 0 0 1 20 0 0 1 0 5 0 012 00 05 9 0 20 00 23 001223 120 8100 000
123 003 0 9 12 8 0 00 00 0 0 00 987 1200 05 2014 00 0 912 00 0010 02 3 0 0009 02 010 10 0145 0002 0002
10313 1100 00005 8710 5021 0 5 02 90 00102 815 0910 9812 0010 0010 12205 104 0034 5010 00000 0153 005108
1 2 0 4 0000 45 02 0 5 00 9 0 0 0 08 0 2 1 0 5 0 012 10 00 9 0 20 00 00 000020 104 0120 506
120 023 0 0 00 8 2 02 89 0 0 00 080 1014 05 2000 02 0 002 00 1005 10 3 0 1089 12 015 10 0045 8000 8012
00310 1000 03215 8010 5121 0 0 10 08 10100 010 0002 0000 0215 5400 00005 104 0030 0010 50213 0003 000108
0 0 0 4 5000 05 02 5 5 10 9 0 0 1 08 9 2 0 4 0 0 010 10 45 9 0 04 12 00 801200 004 0023 556
100 103 5 0 02 0 2 10 80 0 1 02 000 0014 05 0314 02 0 902 00 0000 00 0 0 1000 02 010 12 0140 0700 8000
12000 0000 10205 0000 0101 0 5 12 98 02000 010 8900 9010 0015 5010 02000 004 0104 0300 50210 1050 105190
1 0 0 4 0020 40 12 5 5 00 0 0 0 1 00 9 2 0 0 0 1 900 10 00 0 0 00 02 23 090220 000 0003 000
020 103 0 9 02 8 0 10 00 0 0 80 000 0210 00 0300 02 0 010 00 0000 00 3 5 1000 00 005 10 2040 0010 0900
02313 0135 00000 0710 0021 0 5 02 08 00102 805 8002 0810 0215 5000 12005 124 0034 5300 50213 1100 000000
1 0 0 4 0123 40 10 0 0 02 0 0 0 1 00 9 2 1 0 5 1 912 02 45 9 0 00 12 00 800020 020 0020 500
00 103 5 9 10 0 0 00 89 0 0 00 080 0010 15 0300 10 4 010 10 1005 10 0 5 1080 12 415 12 0000 0002 0002
02310 1130 13215 8000 0000 3 0 00 00 10002 800 0012 9800 0200 0400 10215 020 0030 5300 50213 0000 005090
0 0 0 4 0023 05 12 5 5 10 9 2 0 1 28 0 0 1 0 0 0 002 02 00 9 8 00 02 23 800023 004 8123 050
123 123 0 0 10 0 0 02 80 0 0 00 000 0200 05 0010 12 4 010 10 1000 10 0 5 0209 00 405 00 0000 8710 8910
10313 0130 00205 0002 5001 3 0 00 08 10100 000 0910 0810 0200 5410 10000 004 5104 0300 50010 1103 025100
1 2 3 0 5000 00 12 5 0 10 9 0 0 1 20 9 2 0 4 5 0 912 10 40 9 0 20 00 23 090020 000 0123 000
120 103 0 0 10 8 0 12 89 0 0 82 907 0004 10 0314 02 0 000 14 0000 12 0 5 0089 02 415 00 2100 8710 8012
12310 0100 13205 0700 5100 0 5 02 08 00100 000 0000 0010 0005 5410 00205 020 0034 0000 03200 0100 000198
0 2 0 4 0123 40 12 5 0 12 9 2 0 0 00 0 2 0 4 5 1 902 02 05 0 8 04 00 03 890203 000 0103 000
000 123 5 0 02 8 2 12 09 0 0 02 000 0004 00 2314 12 4 902 14 1010 10 0 0 0000 10 005 00 0140 0712 8910
02000 0035 00005 8712 0001 0 5 00 90 10100 810 0000 9802 0205 0003 02210 004 0000 0300 00013 1000 100198
1 0 3 0 0100 00 10 5 5 10 0 2 0 0 00 0 2 1 0 5 0 002 00 05 0 0 00 00 03 000003 100 0100 556
123 023 0 9 10 0 2 00 00 0 1 00 087 0204 15 0304 00 0 000 00 1210 12 0 0 0080 10 400 00 2000 8000 8012
00300 1130 03000 0012 5021 3 0 02 00 12100 800 0012 9802 1015 5010 02015 020 0104 5010 03010 0103 020008
0 0 0 4 0000 05 02 0 0 02 0 0 0 0 08 9 0 1 0 5 0 912 12 45 9 8 04 12 00 000023 120 8123 050
003 003 0 0 00 8 0 02 00 0 1 02 007 1010 00 0010 00 4 900 14 1200 00 3 5 0280 02 010 12 2100 0002 8002
00300 1130 13215 0012 5001 0 5 12 00 00000 010 0900 0002 0005 0000 10210 104 0134 5000 03013 0003 025108
1 0 0 4 0020 00 12 0 5 02 0 2 0 1 08 0 2 1 0 0 1 010 10 00 9 8 04 02 20 091003 104 0123 500
000 003 0 0 10 0 0 10 09 0 1 80 080 1004 05 2004 00 4 002 10 1005 02 0 5 1000 10 415 00 0000 0700 0910
12313 1100 03205 0000 0021 3 0 10 08 02000 815 8000 0802 1010 5400 10000 104 5134 0002 00003 0003 025100
0 0 0 4 0120 45 12 0 5 12 9 0 0 1 08 9 2 1 4 5 1 012 10 40 9 0 00 00 03 000203 020 0003 006
120 003 0 0 10 8 2 10 00 0 1 82 087 0210 15 0010 12 0 010 00 0205 00 0 5 1089 00 000 00 0040 8712 0910
02000 0130 03015 0702 0001 3 5 10 90 12002 015 8902 0002 0215 0403 02210 004 0034 0002 53000 0053 120190
1 0 0 4 5000 40 00 0 0 12 0 0 0 0 20 0 2 1 0 0 0 002 02 00 0 8 00 00 20 800020 124 0120 556
000 100 5 9 12 8 0 00 09 0 0 80 087 1200 15 2004 00 0 000 04 0000 00 0 0 0000 02 000 12 0105 8002 0002
12310 0035 10015 0702 5121 3 5 12 08 10100 005 8000 9802 0210 0010 10015 104 5004 5010 00000 1153 020000
0 0 3 0 0000 00 00 0 0 02 0 0 0 1 28 0 0 1 4 5 0 912 02 45 9 0 04 12 03 800020 004 8003 056
023 100 0 9 00 8 2 10 89 0 1 82 907 1200 05 0304 00 4 002 00 0000 10 0 0 0089 12 405 12 0000 0000 0012
10310 1000 03000 0012 0000 3 0 10 08 10100 010 0912 9802 1010 0400 10015 020 0034 5000 53203 0103 120000
1 0 0 4 0023 05 02 0 0 10 9 0 0 0 08 0 2 1 4 0 0 000 00 00 0 0 04 00 20 891003 124 8003 000
120 103 5 9 12 0 0 12 00 0 1 02 007 0200 05 2010 02 0 900 10 0015 12 3 5 1089 00 015 12 2000 0010 8912
00300 0100 00210 8000 5120 0 0 10 08 02102 805 0912 9002 0005 5013 02010 100 5130 0310 03010 0103 000008
0 2 3 4 5023 40 00 0 5 10 0 2 0 0 08 0 0 0 4 5 0 912 02 05 9 8 04 02 23 800020 004 0000 000
00 120 5 9 10 8 0 10 09 0 0 80 080 0010 15 2014 00 0 912 10 1215 12 3 5 0000 02 015 00 2100 8010 8910
00303 1005 00015 8700 0121 3 5 10 08 00000 000 0902 0802 0205 5000 10205 000 0034 0300 53010 0000 120090
1 2 3 4 0000 40 00 0 5 10 0 0 0 0 00 0 2 0 4 5 0 010 02 00 9 0 20 00 20 001000 024 8100 050
103 000 5 9 12 8 0 00 80 0 0 00 900 0214 05 0014 10 4 002 04 1005 00 3 0 1209 12 405 10 0005 0002 0002
02000 0035 03210 0000 0101 0 0 02 90 12002 015 8902 0000 0200 5003 00205 020 5000 5002 50000 0103 025000
0 2 0 4 0020 40 00 0 0 10 0 0 0 1 20 0 0 1 0 0 1 000 12 00 9 8 20 10 23 090220 004 8103 506
123 003 0 9 02 0 2 12 00 0 0 02 000 0000 10 0010 00 0 902 00 1000 02 0 5 0000 00 400 10 2105 8010 0012
02000 0100 00210 8710 0100 0 0 10 90 02002 005 8000 0002 0200 0010 00200 020 5130 5012 53013 0050 005098
0 2 0 0 0023 00 02 5 0 00 0 2 0 0 08 9 2 1 0 0 0 910 02 45 0 8 20 12 20 891000 020 8123 500
103 000 0 9 10 8 2 02 00 0 1 00 080 0214 05 0310 12 0 000 04 1015 10 0 0 0009 10 005 02 0000 8012 0902
10013 0135 13015 8010 0001 3 0 00 00 10100 000 0012 9010 1000 0400 12205 100 5004 0302 00203 0053 025008
0 2 0 0 0123 45 00 0 0 02 9 0 0 1 00 0 0 0 4 5 0 000 00 40 9 8 20 12 03 001200 104 8123 550
003 003 5 9 00 8 2 00 09 0 1 82 007 0014 10 0304 02 0 000 00 1015 00 0 0 0209 00 005 02 2005 0712 0912
00010 1100 03010 8000 5101 0 5 10 98 10102 010 0900 9802 0205 5003 10215 020 5104 0310 50000 1150 000090
0 2 0 4 5000 45 12 5 0 10 9 2 0 1 08 0 2 0 0 0 0 910 00 05 9 0 00 02 03 090003 104 8000 006
100 100 0 0 12 0 2 10 09 0 1 82 987 0200 10 0010 12 0 012 00 0015 10 3 0 1200 02 005 12 0045 0710 0000
00313 1000 13215 0700 5121 0 0 12 90 10000 015 8910 0000 0010 5400 10205 024 0030 0002 53200 1150 125090
1 2 3 0 0023 00 02 0 5 10 0 0 0 1 00 0 2 0 4 0 1 900 00 45 9 8 20 00 20 090200 100 0120 500
120 123 0 0 00 0 0 10 00 0 0 80 907 0014 00 0000 10 0 902 10 0000 02 0 5 1209 00 400 00 2005 0700 8912
12003 1130 13000 0000 0121 3 0 10 98 12100 005 8010 0010 0010 5413 12000 000 0100 0002 53203 0050 100098
0 0 0 4 0100 40 00 0 5 12 9 0 0 1 20 0 0 1 0 0 1 900 00 40 0 0 24 02 03 890000 020 8020 006
023 000 0 9 00 0 2 00 89 0 0 82 980 0014 00 2314 12 0 910 00 1215 10 3 0 0089 00 000 02 2105 8710 8902
12303 0135 13005 0702 0020 3 5 00 08 12000 805 0900 9800 0010 5000 00000 124 5100 5312 03203 0100 100098
1 0 0 0 0003 45 10 0 0 02 9 2 0 1 08 0 2 0 0 5 0 900 10 40 0 0 20 00 03 001220 104 0000 006
020 023 0 0 02 8 0 00 00 0 1 80 987 0210 00 2304 00 4 900 00 1010 12 0 0 1000 10 015 12 2005 8710 8010
02300 0005 00010 8000 0101 0 5 12 98 00000 815 0000 0000 1205 0013 10215 000 5134 5300 50213 0050 005008
1 2 0 4 0120 05 12 5 0 10 0 2 0 0 28 9 2 0 0 0 0 000 12 45 9 8 00 12 20 090003 120 0003 000
023 000 5 9 12 8 0 12 00 0 1 82 987 1200 15 2014 00 4 000 04 0000 12 0 0 1209 00 015 00 0140 0012 0910
02300 0035 00215 8700 0021 0 0 10 98 12102 010 8900 0002 0015 0413 10010 024 0134 0010 03200 0150 105190
0 2 0 4 5000 40 12 0 5 12 9 0 0 0 00 0 0 1 0 0 1 010 00 05 9 0 00 10 23 001000 124 8000 556
000 100 0 0 02 0 2 10 00 0 1 00 007 1004 05 0310 10 0 902 00 0010 00 3 5 1289 12 015 10 2105 0010 0000
12010 0135 03005 8010 5000 0 5 02 08 00102 015 8900 9002 1200 5013 10005 124 0000 0012 50000 1000 020100
0 0 3 0 5120 00 00 5 0 02 9 0 0 1 00 9 2 0 4 5 0 002 10 45 0 0 20 02 03 000203 100 8023 506
00 003 5 0 00 8 0 02 09 0 0 00 000 1204 10 0000 10 0 902 14 0010 00 0 5 1089 02 405 02 0045 0010 8002
12013 0000 10000 0700 5021 0 0 12 00 02100 010 8902 0012 1200 0000 00205 020 0030 5300 53010 1003 005100
0 0 0 0 0000 00 10 5 5 02 0 2 0 1 28 0 2 1 0 5 1 000 00 05 0 0 20 10 23 090023 124 0020 000
100 023 5 9 00 8 2 12 09 0 0 82 980 0214 10 2314 12 0 002 10 0215 00 0 0 0000 02 005 02 0000 8012 8012
10013 0005 10200 0700 0001 3 0 00 90 10100 810 8900 0810 0205 0403 02200 000 0134 5002 00203 1003 100000
0 2 3 4 0020 45 00 0 5 10 0 0 0 0 08 0 2 0 0 0 1 910 00 00 9 0 00 02 23 000220 100 0100 000
120 000 5 0 00 8 0 12 00 0 0 82 000 0214 10 2014 10 0 900 04 0000 10 3 0 0009 02 010 00 2105 0702 8010
10010 1000 10000 0010 5001 0 0 12 08 02000 000 0012 0800 0205 0003 10005 000 5130 5012 03003 0153 025008
0 0 0 0 0103 45 10 0 0 12 9 0 0 0 28 0 0 0 0 5 1 910 02 40 0 8 04 10 03 800020 000 8103 500
020 120 0 0 00 0 0 00 89 0 1 00 007 0000 00 2004 00 0 000 00 1200 00 0 5 1080 00 400 02 0005 8710 8010
02300 0000 00210 0000 5020 3 0 12 90 00000 805 0012 9000 0015 5003 02200 100 0130 0002 53010 0000 000008
0 0 3 4 0103 00 10 5 0 12 0 2 0 0 08 9 2 1 0 5 1 912 00 40 0 8 04 00 00 000023 020 8003 006
123 123 0 0 10 0 2 00 89 0 0 80 987 1004 00 0014 02 0 000 04 1005 10 0 5 1080 02 400 02 0105 8002 0002
10300 0030 00010 0702 5000 0 5 10 00 10102 810 8000 9000 0000 5403 02200 020 0030 5310 50203 0153 100190
1 0 3 0 0103 00 12 0 5 12 0 2 0 1 00 0 0 0 4 5 1 910 02 45 9 0 20 02 20 001200 120 8020 500
003 000 5 9 10 0 2 00 00 0 0 02 080 0204 05 2000 02 4 002 14 0215 02 3 0 0209 00 000 00 2005 0710 0012
02313 1030 03200 8700 0100 0 5 00 00 02002 015 0910 0002 1005 5000 02005 004 5030 5012 50200 0050 020090
0 2 0 0 5023 05 00 5 0 00 9 2 0 0 20 0 2 1 0 5 1 902 02 05 9 8 24 10 20 000200 020 8123 506
120 100 0 9 02 8 0 12 00 0 0 80 080 0004 15 0304 10 4 902 00 0015 02 3 0 0280 00 000 10 0145 0012 0900
02010 1030 13010 8000 0020 3 5 10 08 10000 005 8000 9012 0000 0400 02010 124 0034 0300 50000 1000 100100
0 2 0 4 5003 05 12 0 0 00 0 2 0 0 28 9 2 1 0 0 1 010 12 40 0 8 04 02 00 801020 104 0100 506
123 120 0 0 12 8 2 00 89 0 1 02 000 0200 05 2300 02 0 010 10 1210 02 0 5 1280 00 015 12 0040 0710 0012
12003 1135 00210 8002 5001 3 0 00 90 10102 000 8910 0000 0005 0403 12005 024 5104 5302 00010 1100 005000
0 0 0 0 0000 45 02 5 5 10 9 2 0 0 20 0 0 1 4 0 1 012 12 00 0 0 24 00 23 891000 100 0120 550
000 120 5 0 10 8 2 00 09 0 0 80 980 0004 10 0004 10 0 900 10 1005 10 0 5 0209 12 005 02 2005 8710 0002
12013 1130 10200 0010 0101 3 0 12 00 02002 810 0012 0010 1000 0403 02215 020 5034 5310 00200 0003 025000
0 2 0 4 0120 45 10 0 5 00 0 0 0 1 08 0 0 0 0 5 0 912 02 00 9 0 20 12 20 801023 120 0003 556
000 120 0 9 12 0 2 02 09 0 0 02 007 1010 10 2300 10 0 900 10 1015 00 0 5 0080 00 410 10 0140 8010 0000
00310 0030 00000 0002 5120 3 5 10 00 10102 805 8002 0810 0005 0400 02000 004 5134 5310 53213 1053 000100
1 0 3 4 0100 05 02 5 5 10 9 2 0 1 00 9 0 1 4 0 0 012 00 45 9 0 00 12 00 000203 104 0000 000
000 003 0 0 10 8 0 00 89 0 0 80 907 1004 15 0314 00 0 002 00 0200 12 3 0 1200 00 405 00 2100 8710 0002
12310 1105 13215 8710 5001 0 5 00 98 02000 800 8902 9002 0000 5010 10205 020 5100 5002 00200 0100 025190
0 2 0 4 5123 45 10 0 0 02 0 2 0 0 20 0 0 1 4 5 1 912 12 05 0 8 20 12 23 001000 000 8000 500
00 023 5 9 02 8 0 00 09 0 1 00 000 0200 05 0000 00 0 900 00 0200 02 0 0 0000 10 015 00 2000 8000 0912
12313 0000 00015 0700 0020 3 0 10 00 02002 000 8900 9002 0010 5400 00010 120 5104 5000 03203 1053 000198
0 2 3 0 5123 00 10 0 0 00 0 2 0 0 08 9 0 0 0 5 0 002 12 00 0 0 04 00 03 091220 100 50
100 100 0 9 10 0 2 12 09 0 0 82 007 0004 10 2010 12 0 900 04 1215 00 0 5 1000 12 410 10 0000 8000 0000
02010 0000 10200 0000 5100 0 5 10 00 02100 000 0910 0802 0005 0410 00200 124 0000 5312 03013 0053 020108
0 0 0 4 0020 40 10 0 0 10 0 2 0 1 20 0 0 0 4 5 1 002 10 00 9 0 24 00 03 091020 004 0000 500
000 003 0 0 00 8 0 02 09 0 0 80 900 0200 05 0004 10 4 010 14 0210 00 3 5 1080 10 405 00 0005 8702 8000
10300 1105 13215 8710 5020 0 5 02 90 00102 800 0000 9802 0000 0400 02010 000 5004 5010 50013 1103 100198
1 0 0 0 0023 45 10 0 5 02 0 0 0 0 28 9 2 1 0 5 0 002 10 05 0 0 00 10 20 800000 020 0120 506
023 000 5 9 02 8 2 10 09 0 1 80 900 0214 10 2010 00 4 000 10 0200 00 3 5 1089 00 410 12 0005 0000 8000
10313 1100 10015 0000 0021 3 0 00 00 10100 810 0900 0000 0215 0010 10010 004 5000 5010 03010 0000 120000
0 2 3 0 5103 45 10 0 0 02 9 2 0 1 08 0 2 1 4 5 1 002 10 05 0 0 00 00 23 091003 104 0020 506
120 003 5 0 10 8 0 02 80 0 1 80 980 0200 10 0314 00 4 002 00 0005 00 0 0 0289 12 005 10 0040 8700 8000
10000 1005 13215 8702 0001 0 5 02 00 00002 805 8902 0800 0200 0000 10200 004 5004 5310 03000 0000 005108
0 0 0 4 0000 00 00 5 0 00 9 0 0 1 00 9 0 1 0 5 0 902 12 40 9 0 00 10 03 890220 120 8103 000
103 103 5 0 00 0 2 02 00 0 1 80 000 0200 10 2300 02 4 012 10 0000 02 3 5 0000 02 000 00 0100 0002 0002
10010 0105 03010 8000 5101 3 0 02 08 02102 805 0910 0002 1000 0003 10005 004 0000 5002 53000 0053 125198
0 2 3 0 0003 00 12 5 0 00 9 2 0 0 00 0 2 0 0 5 1 900 10 05 0 8 04 02 20 000200 004 8100 056
023 123 5 0 02 8 2 02 80 0 1 82 080 0010 10 0004 10 0 910 10 1000 00 0 0 1089 10 010 12 2105 0712 0902
00310 0030 10205 8702 5020 0 0 00 08 00102 810 0902 9810 0200 5003 12000 120 0100 0010 03000 0103 005108
0 2 0 0 0003 45 00 5 0 00 0 0 0 0 00 9 0 1 4 0 1 900 02 00 0 8 04 12 00 000003 024 0000 000
023 103 5 0 12 0 2 10 80 0 0 00 980 0010 05 2304 10 0 902 14 1200 10 0 0 1089 00 015 00 0045 0702 0000
02300 1135 13010 8012 5000 3 0 02 08 02002 815 0912 0810 1205 5003 02000 024 5000 0010 50000 0150 105000
0 0 3 0 0023 00 10 5 5 00 9 2 0 0 00 0 0 1 0 0 0 900 00 45 0 0 00 00 03 891220 004 8120 506
000 003 0 0 10 0 0 02 80 0 0 00 087 0014 10 2010 00 4 900 14 1000 02 3 5 0080 12 000 00 0140 8710 0010
12010 0100 10205 8002 5020 0 5 00 98 00002 005 0002 0012 1205 0400 00010 024 0000 5000 50013 1050 020008
0 0 0 0 0100 40 10 5 5 10 9 0 0 1 00 0 0 0 0 0 0 000 02 45 0 0 24 00 20 001000 000 0023 500
00 103 5 0 00 8 0 12 00 0 0 82 087 0004 00 2314 12 0 002 14 0000 12 0 0 0089 10 000 02 0105 8712 8912
12303 1030 13010 8010 0000 3 5 10 90 02000 800 8900 0800 0000 5013 02200 020 0130 5310 53010 0153 125100
0 2 0 0 5123 45 12 0 0 12 9 2 0 0 20 0 0 1 0 0 0 912 02 00 0 8 24 10 03 801020 104 0000 006
100 020 5 0 12 0 0 10 00 0 1 80 987 1214 10 2004 00 4 010 04 1200 12 0 0 0080 00 000 00 2000 8010 8002
00300 0000 10015 0010 5000 3 0 12 98 12100 815 8000 0000 1200 5013 12200 104 5030 0300 03003 1103 020108
0 0 0 4 5000 05 02 0 0 12 9 0 0 0 00 0 0 0 4 0 0 900 00 40 9 8 24 10 03 800023 024 8000 556
120 000 0 9 10 8 0 12 09 0 1 00 087 0210 05 2004 00 4 012 04 0015 12 0 0 1209 10 010 10 2140 0712 8002
10013 1000 03215 8700 5020 0 0 10 08 10002 800 0910 9810 0205 5003 00005 124 5000 5002 00210 0053 125100
1 0 0 4 5103 45 02 0 0 12 9 2 0 0 00 9 0 1 0 0 0 002 00 45 0 0 24 10 20 800023 100 8103 550
023 000 5 9 10 0 2 02 09 0 1 00 907 1004 05 0314 10 0 902 10 0005 12 0 0 0009 12 400 00 0005 8702 8902
12310 1030 00010 8012 5000 0 5 10 90 10000 810 8912 9800 0000 0010 10205 004 5100 5002 50000 1050 105198
0 0 0 4 5000 45 10 0 0 10 9 0 0 0 00 9 2 1 4 0 1 000 10 05 0 0 20 10 00 000003 024 0120 550
103 020 5 9 02 0 0 12 00 0 0 00 000 0210 10 0000 00 4 012 00 0205 10 0 5 0000 02 000 10 0045 8710 8902
02013 0000 03205 8710 5000 3 0 02 90 10102 005 0002 9812 1000 0010 00005 104 5100 5002 03203 0150 125100
0 0 3 0 0003 05 10 0 0 10 0 0 0 1 20 0 2 0 0 5 0 002 12 40 9 8 20 00 00 891000 120 0103 050
020 023 5 9 00 8 2 00 00 0 0 80 980 0200 10 0010 02 0 000 14 0205 12 0 0 1089 10 000 00 0005 0002 0902
00310 0030 10210 8010 0001 0 0 00 00 10100 015 0910 9810 1005 0403 00215 104 5000 5000 00203 1103 020000
0 2 3 4 0103 05 10 0 0 02 9 0 0 0 20 9 0 0 4 5 1 912 00 45 0 0 24 02 23 000200 100 0100 006
123 023 0 0 00 0 2 02 00 0 0 80 980 0014 00 2010 00 0 000 00 0000 02 0 5 0200 00 005 10 2105 0700 8002
12003 0135 13000 0712 5101 3 0 12 98 10100 810 0910 0012 0210 5403 00000 020 0034 5312 03210 0053 100108
0 2 0 0 5123 05 10 5 5 10 0 0 0 0 00 0 0 0 0 5 0 000 00 00 0 8 20 00 03 891000 104 0000 500
103 003 0 9 10 8 2 00 00 0 1 80 007 1004 10 2010 02 4 902 04 1200 12 0 0 1289 12 005 12 0140 0012 0012
10003 1100 10005 8010 0001 0 5 10 90 00102 010 0910 9800 0000 0413 00205 104 0104 0310 53213 0103 125090
1 2 0 0 0120 05 10 5 0 12 9 0 0 0 00 9 0 1 4 5 0 910 10 00 9 0 00 02 23 800003 124 8023 000
000 120 5 0 02 8 0 00 80 0 1 80 987 0214 10 2000 02 0 912 04 0010 10 3 0 0209 02 410 00 0005 8712 8002
12000 0000 00000 0012 5000 3 5 02 08 02102 800 0900 0000 1005 0010 00210 020 0134 0000 53210 1103 105108
1 2 0 0 5123 40 00 0 0 00 9 0 0 1 20 9 0 0 0 5 0 010 10 00 9 0 20 12 20 001223 120 0103 050
020 023 0 0 02 8 0 10 09 0 1 02 987 1200 00 0000 00 4 900 00 0005 10 0 0 0009 10 000 12 2045 0012 0912
02300 0105 00000 0710 5120 0 5 10 08 02102 815 0000 0000 1215 5010 00210 104 0004 5310 00003 0050 020000
1 0 3 4 0020 45 12 0 5 10 9 0 0 1 00 0 0 0 0 0 1 910 12 00 0 8 24 10 20 090003 104 0120 556
100 003 5 0 00 0 0 12 80 0 0 80 000 1014 05 2314 12 0 902 10 0215 00 3 0 0000 00 400 00 2000 8002 0912
00010 0105 00215 0710 0120 0 5 00 90 12100 000 8910 0012 0200 5013 00015 004 5100 5310 03000 0100 125198
0 2 3 4 0123 00 12 0 0 00 0 2 0 1 00 9 0 0 0 0 0 000 12 05 9 0 20 02 00 801200 000 0020 556
00 103 5 9 12 8 2 02 00 0 0 82 007 1210 05 0000 00 0 002 00 0000 10 0 0 1200 12 410 12 2045 8010 0900
12300 0130 03000 8012 0000 0 5 00 90 00100 005 0002 0810 1200 0000 12015 104 0030 0010 53213 0003 020190
0 2 0 0 5120 05 02 5 0 12 9 0 0 0 08 9 2 1 4 0 0 000 10 05 0 8 00 10 23 001203 020 8100 506
000 123 5 0 12 0 2 10 00 0 1 00 007 1200 05 0010 02 0 000 04 0205 10 0 0 0209 10 400 10 0105 8702 8912
02300 1105 10200 8012 0101 0 5 02 90 00100 005 8902 9000 0010 5400 12210 100 0134 0002 50010 0100 025000
0 2 3 0 0120 40 10 5 0 12 9 2 0 0 20 0 2 0 4 5 0 002 00 40 9 0 00 12 00 800220 020 8123 006
020 020 0 9 10 0 0 02 00 0 0 00 080 1204 15 2010 12 4 900 14 0215 12 0 0 0289 10 415 10 2140 0002 0000
00013 0030 03210 0702 0121 0 5 10 08 02000 010 0912 9000 1000 5413 00215 024 0004 5310 53010 0000 005108
0 0 3 4 0000 00 10 5 0 00 0 0 0 1 08 9 0 1 4 5 0 000 12 45 9 0 04 12 00 800220 020 8003 050
100 100 5 0 10 0 2 02 09 0 1 02 980 0200 10 2300 02 4 910 10 0005 00 0 0 0080 12 000 10 2100 8710 0000
00003 0000 10015 8702 5101 0 0 10 98 12000 000 8902 9010 0005 0000 02005 100 5134 5300 00003 1003 120190
1 2 0 0 5020 00 10 5 5 02 9 2 0 1 00 0 0 1 0 5 0 900 10 05 0 0 04 10 03 090000 004 8023 000
023 103 0 9 00 0 2 10 09 0 0 80 007 1210 10 2300 10 4 002 00 0010 00 3 5 1089 12 015 00 2040 0000 0912
10300 1000 03005 0000 0020 3 5 00 08 02100 000 8902 9010 0200 5000 10200 024 5100 0310 03000 1050 000100
1 2 0 0 5123 00 00 5 5 10 0 0 0 1 08 9 2 0 0 0 1 902 02 05 9 8 24 02 20 001000 020 0103 000
020 020 0 9 10 8 0 10 09 0 1 02 907 1204 00 2010 00 4 000 00 0215 10 3 0 1289 00 415 02 2140 8702 0012
10000 0000 00200 8002 0121 0 5 10 90 12100 000 0000 9800 0015 5010 10015 020 5034 0302 50200 1150 000000
0 2 0 0 5100 05 10 5 5 00 0 2 0 0 20 0 0 0 0 5 1 902 12 40 0 0 20 10 03 091000 120 8000 506
120 123 0 0 00 0 0 02 80 0 1 82 980 0200 00 0004 02 0 902 04 0010 12 0 5 1009 02 015 12 0040 0000 8002
02300 1130 13015 0702 0020 0 5 00 00 10002 810 0912 9002 0205 5003 12005 020 5034 0000 03013 0003 025100
1 2 0 0 0103 45 10 5 0 00 0 2 0 0 00 0 0 0 4 0 1 910 12 00 0 0 20 12 00 891223 024 0100 050
023 123 0 0 10 8 2 00 00 0 0 80 000 0214 15 2010 02 0 012 10 0015 10 0 5 1200 00 410 02 0000 0010 0010
00003 1035 00205 0000 5101 3 0 02 90 02100 005 0012 0800 1210 0003 00010 124 5030 5300 50213 1000 000098
1 0 0 0 0120 00 02 5 0 12 9 0 0 1 08 9 0 0 4 5 0 910 02 40 0 8 04 12 20 801203 120 0023 500
003 023 5 0 00 0 0 00 89 0 1 82 000 0200 10 0304 00 4 000 04 0200 00 3 0 0000 02 410 12 2000 0712 8000
12313 1130 03010 8002 5100 3 0 12 90 00002 015 8002 9012 0205 0413 02200 020 0000 0012 53010 1000 100000
0 0 0 4 5000 05 12 0 5 02 9 2 0 0 20 0 0 1 0 0 0 012 02 00 0 0 04 00 23 090000 020 0000 500
000 023 0 0 00 0 2 02 09 0 1 00 980 0014 10 2014 10 4 912 14 0010 00 3 5 0009 10 010 02 2140 0700 0902
02000 1130 03205 0702 5100 3 0 12 00 00000 805 8000 0800 0215 0400 02010 020 0034 5310 53000 1053 120000
1 0 3 0 0123 05 10 5 5 02 9 0 0 0 28 9 0 1 4 0 1 910 10 00 0 8 00 00 00 091203 124 8023 000
003 003 0 0 00 8 0 10 89 0 0 82 907 0204 15 2010 10 4 902 04 0215 12 3 0 1280 00 405 10 2140 8712 0000
00013 1000 03005 0000 5000 0 0 00 00 12100 010 8012 0002 0200 0403 10005 020 0134 0000 50200 1050 020008
0 0 0 0 5000 05 10 5 0 02 0 0 0 0 08 0 0 1 4 5 0 902 00 00 9 8 20 00 03 890003 100 0020 556
00 020 0 0 12 0 0 10 09 0 0 82 980 1004 10 0314 10 4 902 14 1000 02 3 0 1280 12 015 00 0000 0700 0010
02300 0130 13210 8012 0100 3 0 02 98 12000 815 0010 9800 0015 5003 10000 004 5000 0002 03210 1100 120108
1 0 0 4 0003 45 00 0 0 02 9 2 0 1 20 0 0 0 4 0 0 012 02 45 0 0 00 00 00 000223 004 8120 056
023 100 0 0 02 0 2 02 00 0 0 82 007 0010 00 2010 00 0 010 10 1015 10 3 0 1000 00 005 12 0005 0012 8012
12010 1030 00005 8702 5020 0 0 12 98 02102 810 8002 9012 0200 5413 00200 024 0000 0302 00200 1103 020100
1 2 0 4 0123 40 10 5 5 12 9 2 0 1 28 0 0 1 0 0 1 010 10 05 9 0 04 10 23 801000 000 0000 006
103 100 0 0 00 8 0 02 00 0 1 00 087 1014 10 0000 02 4 912 14 1205 02 3 0 0000 10 000 00 0140 8710 0002
00013 0005 00210 0012 5020 0 0 02 08 02000 815 8910 0812 1200 5410 00200 120 0030 5010 50203 0150 120198
1 2 3 4 5003 40 10 5 0 10 9 2 0 1 08 9 2 0 0 5 0 912 12 40 9 0 24 02 20 000020 104 8000 006
023 000 5 0 10 8 2 10 09 0 0 80 080 1200 00 2300 10 0 900 14 0200 00 0 0 1089 02 405 02 0045 8002 0900
00013 1000 13205 8010 5000 0 0 00 08 10100 805 0010 9810 0005 5403 00005 120 0100 5010 53003 1153 100090
0 0 3 0 5120 40 12 5 0 10 0 0 0 1 08 0 2 0 4 0 0 010 00 45 0 0 00 02 00 000023 000 0000 556
100 123 5 9 00 0 0 10 80 0 0 82 000 0204 10 0300 02 4 002 00 1200 00 0 0 1280 10 415 02 0000 0700 0000
00013 1000 13215 8000 5000 3 5 00 90 00100 800 8902 9800 1015 0010 10210 120 0130 0000 03013 0000 105000
1 2 0 0 0003 00 00 5 0 00 9 0 0 1 08 9 2 1 4 0 1 012 00 40 9 0 00 02 23 800003 100 0123 000
120 123 5 9 00 0 2 02 09 0 0 00 000 1000 15 2004 00 0 902 00 1210 00 0 0 1289 02 405 02 2045 0712 0000
12003 0100 13005 0700 0101 0 0 00 08 10002 015 0010 9010 1215 0400 02005 120 0130 0010 03010 0103 005198
0 2 0 4 5120 00 00 5 5 12 0 0 0 0 00 0 0 0 0 5 1 902 10 40 0 0 24 12 00 890023 000 0100 056
103 100 0 9 12 0 2 10 89 0 0 82 900 0210 15 0314 10 0 900 00 0000 00 0 0 1289 10 410 12 0100 8710 0900
00010 1005 00010 8700 5120 0 0 02 08 10002 810 8902 9812 0010 5000 02005 124 5100 0302 50010 0000 020198
0 0 0 4 0020 05 02 0 5 00 0 0 0 1 08 9 0 0 0 5 1 900 02 00 0 0 24 00 00 000220 024 0100 056
020 020 5 0 00 0 0 10 09 0 1 80 900 0000 10 2010 00 0 902 14 1205 00 3 0 0080 02 405 10 2140 0012 8910
00313 0105 00010 0012 0121 3 0 00 08 02102 805 8910 9802 1000 5010 00200 020 0130 0000 00210 1053 125100
0 0 3 0 0103 05 10 0 0 02 9 2 0 0 00 0 2 0 0 5 1 912 12 05 9 0 24 00 00 800003 120 8000 500
103 100 5 9 12 0 2 00 00 0 0 00 987 1210 10 2300 10 0 000 00 1210 12 3 0 0009 12 415 02 0005 8000 0000
12000 0035 03210 0700 5100 0 0 10 90 12100 005 8012 0800 0215 0400 02015 020 5000 5002 50000 1103 005008
0 0 0 0 5100 05 10 0 0 02 9 2 0 1 20 0 2 1 4 0 0 002 00 40 9 8 24 10 20 800200 020 8000 556
023 023 0 9 10 8 0 00 80 0 1 00 980 0000 00 0010 10 0 000 10 0200 12 3 5 1200 00 015 00 0040 0702 0902
12303 1100 03010 8010 0021 0 0 02 08 00002 010 0012 0012 1200 0400 00015 004 5104 0300 03203 0050 020008
1 0 3 4 5120 40 02 0 0 00 0 0 0 0 00 0 0 0 4 0 1 010 10 00 9 0 20 00 03 800200 004 0020 006
000 020 5 9 12 0 2 00 09 0 1 02 000 1204 10 0004 00 4 010 10 1010 12 3 0 1209 12 410 02 0045 0012 0010
02000 0000 00200 8702 0100 3 5 02 08 02102 815 8000 9812 1205 0413 00000 024 0000 5010 00013 1000 005008
1 2 3 0 5123 45 12 0 5 02 9 2 0 1 08 9 0 0 0 0 0 902 02 00 0 0 20 10 03 000003 000 8120 500
50 000 5 0 10 8 0 02 80 0 1 80 987 0204 10 0314 10 0 900 04 0010 00 3 5 0009 00 405 12 0000 0700 8900
10003 1005 10205 8702 5100 0 5 10 98 02102 805 8010 9810 1000 0413 00010 020 0134 5302 50200 1003 020108
1 2 0 4 0000 05 10 0 5 10 0 2 0 1 28 9 2 1 0 5 1 900 12 40 9 0 24 00 03 091223 024 8103 556
003 120 0 9 12 0 2 10 89 0 0 00 007 1204 05 0300 10 4 002 04 0005 10 0 5 0289 10 410 10 0045 0002 0000
10000 0105 00000 0702 0101 0 0 12 90 02102 000 0900 9812 0005 5003 10215 000 5000 5312 50003 1050 120090
1 0 3 0 5103 40 00 0 5 12 9 0 0 0 08 0 0 1 0 0 1 900 00 05 9 8 20 02 20 800023 024 8003 556
120 000 0 9 00 0 0 10 89 0 0 82 900 0004 10 2300 02 4 912 04 0200 02 3 0 0009 02 400 00 0100 8710 0000
02000 0130 00005 0702 5020 3 5 02 90 02100 815 8912 0012 0015 0003 12015 120 5030 5010 50210 0153 000008
1 0 0 0 5023 05 00 5 5 00 0 0 0 1 00 9 2 0 0 0 1 010 02 05 9 0 20 10 20 090000 020 8000 500
020 003 5 9 02 8 2 10 89 0 0 80 000 1000 00 0004 00 0 910 00 0210 12 0 0 0209 00 000 00 0145 0702 0912
00300 0100 00215 0000 5001 0 5 02 00 10102 815 0012 9002 0215 0410 12005 124 0000 0002 50010 0100 120198
0 2 3 0 5023 45 12 0 5 12 9 0 0 1 28 9 0 1 0 5 1 900 10 40 9 8 00 02 20 801023 124 8123 500
020 123 5 9 10 8 2 02 80 0 0 02 980 1014 00 0004 00 4 010 00 0215 02 0 5 1089 10 015 00 2105 0010 0010
00010 0035 00015 8700 0000 0 5 02 00 02002 815 0012 9000 0010 5413 02010 124 0000 5002 00203 1000 005090
0 0 0 4 0120 05 02 0 5 00 9 0 0 1 28 9 0 0 0 5 0 010 12 45 0 8 20 10 03 090220 100 0020 056
123 100 0 0 02 8 2 12 80 0 1 02 087 1000 00 0314 10 0 002 00 1000 02 0 0 1080 00 005 00 0140 8700 8900
00310 1100 13010 8700 0000 0 5 00 98 10000 010 0910 0000 0000 0003 00205 004 0104 5002 50000 0000 100108
1 2 0 0 5020 00 02 5 0 10 9 2 0 1 00 0 2 0 4 0 1 000 02 40 0 0 04 00 20 891203 024 8000 500
023 000 0 0 10 0 2 10 00 0 1 02 080 0010 05 0314 00 4 000 10 0205 00 3 0 1080 10 400 00 2005 0012 8002
12310 0100 13200 8710 0100 0 0 02 98 00102 800 0900 0812 0005 0013 10005 100 0100 0012 00210 0053 120090
1 2 3 0 0023 40 12 0 5 00 0 0 0 0 20 9 0 1 0 5 0 010 10 05 0 8 04 10 00 090220 020 8020 550
023 103 0 9 12 8 2 10 09 0 1 00 007 1004 05 0304 12 4 912 00 1010 00 0 5 0000 00 005 02 0100 0002 0002
12013 1130 13015 8700 5100 0 5 12 08 00102 000 0000 9810 1200 5010 02200 124 0134 5012 00200 0153 105100
0 2 0 4 0100 45 02 0 5 12 9 0 0 0 00 0 2 1 4 5 0 002 10 05 9 8 24 00 23 801023 024 8103 000
103 000 0 0 10 0 2 12 00 0 0 02 087 0204 00 2014 02 4 910 00 1015 02 3 5 0289 02 010 12 0045 0700 0002
02003 0135 13200 0002 0020 3 5 12 90 00000 805 0002 9802 0010 0410 10005 020 5004 0302 00203 1000 025108
0 2 0 0 5103 40 02 0 0 12 0 0 0 1 00 9 2 1 0 5 0 902 00 00 0 0 20 12 00 001200 020 0100 500
000 023 0 9 00 0 0 00 00 0 0 82 007 0210 10 2304 12 0 900 10 0010 10 0 0 0209 02 410 10 0045 8000 8010
00000 1130 00215 8000 5121 3 0 12 98 02000 805 8910 0000 1205 0013 10010 004 0034 5012 00000 0153 120090
00300 1130 10215 0000 0121 0 0 02 98 10002 800 8000 9002 0000 0003 12205 020 0004 0010 50010 1003 020108
