1 2 3 4 8127 70 12 5 9 80 4 2 6 1 25 7 0 0 4 5 9 912 62 38 5 4 24 67 23 191970 104 8153 080 
426 637 0 9 12 6 2 02 09 4 8 38 987 1982 05 7014 82 6 212 74 1213 10 0 5 1336 97 915 02 7143 8850 6889
14005 6007 43605 5732 8371 9 6 12 34 80109 610 9712 9060 1097 3413 62995 964 7014 5692 53113 8157 185497
7 9 3 5 6123 15 12 8 2 62 9 2 5 6 26 9 0 6 4 5 4 992 12 05 7 8 20 82 83 880227 787 8660 558
70 623 5 9 82 8 2 19 80 5 1 87 087 2814 90 2308 12 7 932 80 4815 18 3 0 0299 84 445 50 9365 8710 8879
92317 1137 45080 0280 5320 8 7 49 08 34175 778 8998 1054 8160 5605 08460 174 6143 8317 58813 4136 190018
7 6 7 6 0103 65 12 9 5 82 9 6 6 1 01 5 4 9 0 3 1 998 12 85 7 8 42 80 43 095924 124 8123 598
623 190 5 1 71 8 2 12 79 9 9 42 687 0250 18 2374 81 7 078 58 1010 09 3 5 1239 52 415 22 5845 0797 8719
02223 1136 59260 9099 5851 3 3 02 98 02867 879 6512 0838 2200 5402 68285 747 5098 5268 30293 0926 145590
9 2 7 9 5843 75 19 5 7 13 8 2 9 8 28 0 0 4 4 8 9 054 12 95 9 9 54 82 20 628223 729 0723 555
403 123 5 9 17 2 5 72 89 7 0 62 880 1004 35 4319 62 3 758 19 0015 19 3 0 8289 12 379 72 2945 7729 9712
79065 9140 13625 8012 5501 3 6 02 08 16805 896 6510 7918 1238 5083 12215 504 5004 2300 55217 2768 225858
8 2 6 9 4130 49 52 4 5 83 6 2 1 0 90 9 7 9 4 2 0 692 17 43 9 8 26 12 25 000250 159 8122 936
920 773 5 5 19 8 8 12 30 8 1 75 497 1210 08 7794 13 4 907 14 8205 12 4 0 1299 10 405 71 2445 8052 8962
12303 1936 53215 8717 0741 7 0 98 08 02382 092 9972 8816 1995 7493 65916 759 5383 5355 57240 0153 323168
0 2 3 6 5622 26 72 5 5 52 7 7 0 1 28 3 2 1 4 5 0 902 49 49 4 0 39 93 38 871200 404 4223 979
523 123 5 9 36 9 2 12 84 8 8 82 566 4214 10 2560 72 8 915 14 1119 52 3 0 1888 12 459 12 2867 4932 6072
82353 9536 10230 0742 7120 7 0 08 98 26532 575 0827 9895 1230 9099 04515 106 5030 5192 29213 1043 020090
1 7 8 4 5168 17 10 5 3 96 9 2 0 9 48 9 2 1 4 9 9 032 14 95 9 7 25 15 59 293293 034 8423 596
980 133 4 9 60 8 2 08 77 8 1 82 987 1794 74 7716 15 4 939 10 5265 40 3 0 5929 20 327 32 8456 8482 8959
14393 3839 52275 0012 8616 9 0 13 27 32060 965 0912 8354 4915 0993 22413 124 9337 5315 55713 1053 168158
1 6 8 4 5177 95 10 5 8 05 9 0 0 1 76 9 9 3 0 8 1 918 42 74 0 8 84 12 20 674213 156 8126 053
363 146 7 9 10 8 3 17 00 7 1 38 786 5225 17 2014 17 4 818 19 6215 92 3 5 6289 82 487 72 2747 8712 6912
12503 6135 13735 8918 5920 5 5 62 97 70065 015 9912 9432 8295 7013 02625 024 7284 5346 33013 1157 927078
8 1 0 1 5926 44 00 1 5 18 8 2 4 1 60 9 0 1 4 5 6 093 18 45 0 6 20 12 86 591223 527 5723 088
123 128 5 6 62 8 2 12 85 6 8 42 487 8217 35 2313 19 4 997 16 0202 12 4 5 1289 50 010 12 2170 8582 8412
02333 7478 33310 8712 5149 0 4 02 68 13142 802 3972 3819 5315 5013 32599 847 5139 5960 53219 1153 788106
5 9 3 7 9187 47 12 8 9 37 4 2 8 1 68 9 2 1 0 5 0 947 54 95 0 1 04 10 23 791223 824 1039 578
000 104 9 9 22 8 2 12 85 6 4 59 087 5207 15 2657 70 4 917 16 7805 12 9 9 1088 10 560 12 8148 8019 4911
82383 2630 10245 8719 4551 3 5 84 98 12402 314 9712 9387 1215 5493 97261 929 5198 5312 79217 1957 025100
7 5 3 4 6324 79 19 0 6 77 9 2 9 1 27 9  1 0 5 1 902 42 94 9 8 74 12 03 833322 134 8183 556
184 190 5 1 32 8 2 72 89 0 4 02 784 1218 75 2314 92 0 810 14 9215 10 3 5 1289 72 715 34 2745 8058 8935
7 2 3 4 5127 45 52 5 5 17 9 2 9 9 09 0 2 0 7 3 0 519 00 40 9 8 06 07 53 044204 720 5523 050
523 726 2 9 72 8 4 10 09 8 1 62 808 5908 15 2917 84 5 912 14 9615 32 3 5 8499 17 485 90 3005 6735 0977
12403 1198 13215 8002 5127 3 5 10 98 15302 715 2997 9842 0010 5585 92519 163 5634 5992 53253 9403 185666
9 7 5 4 5425 76 19 5 3 12 7 2 0 9 20 0 5 4 4 1 9 492 10 49 6 8 24 87 53 191727 183 8108 553
56 184 5 0 38 7 2 39 92 8 1 10 808 0914 97 2414 02 8 837 44 9815 28 5 5 1477 05 515 12 6105 7792 9992
12383 0325 18683 8910 5151 5 5 82 08 12192 829 7092 9573 1815 5018 50212 624 5134 5998 93263 0153 925188
2 2 5 4 8292 40 72 5 5 22 0 2 1 1 38 9 6 0 4 5 7 314 17 45 3 8 84 02 24 881223 124 8953 160
809 825 5 0 82 6 8 68 00 5 1 82 085 6274 18 7014 92 4 190 14 1655 28 3 5 8289 72 490 10 4040 8762 8612
25713 8435 13795 3707 5195 3 5 12 65 16962 855 8067 6812 0815 5913 16019 427 0134 4472 54910 5751 328498
2 2 3 9 5170 85 13 5 3 12 9 8 6 5 77 9 0 5 3 7 3 691 74 45 7 7 94 73 23 818083 159 8123 056
191 126 5 9 12 8 5 08 19 6 9 85 573 1035 05 0304 12 4 394 10 1595 12 0 5 9789 12 675 92 3608 6712 6974
72811 1934 50295 8792 0199 3 7 42 58 10187 895 8950 9882 1270 5413 17263 600 9134 5760 51203 1114 198198
8 5 8 4 9627 95 92 5 5 52 0 2 8 0 39 9 0 9 1 5 0 512 17 48 9 8 20 72 33 898723 124 6335 556
124 153 5 8 18 8 2 75 89 8 8 85 997 9909 15 0636 60 4 319 16 8015 12 8 8 7488 12 905 15 2545 3912 7912
42013 3638 53204 8006 8154 4 6 12 08 12968 815 0914 7865 0550 5613 16879 974 5140 5213 03533 1173 726108
1 0 9 3 8243 09 84 5 8 32 9 2 9 1 20 4 7 0 9 5 1 618 62 46 6 8 24 12 73 799523 920 8493 006
053 103 5 4 02 7 5 02 79 8 9 80 980 1874 38 1480 10 6 903 16 1515 02 3 4 3289 12 410 15 9144 8712 5812
02317 1475 10616 1772 0851 7 5 19 69 42892 895 8913 4916 3265 5480 12905 124 5178 7310 00298 3154 625708
5 0 3 9 0170 40 12 5 5 12 5 2 8 8 28 9 2 9 4 0 1 096 05 46 1 3 83 62 23 070210 924 0073 155
983 123 5 0 29 1 5 12 87 1 2 62 987 9274 65 2359 02 4 972 15 1265 16 4 6 0207 92 785 12 7234 6702 8004
82473 1179 40218 8712 3021 2 7 02 99 08007 815 8784 9412 1015 5513 12715 277 4078 9328 55980 4166 301108
0 9 7 4 0526 95 74 6 9 17 9 6 3 1 58 3 4 8 4 8 1 096 14 45 5 8 24 60 23 090823 124 8783 596
963 023 5 9 60 8 7 49 89 2 1 82 987 1517 10 2710 70 0 998 14 5459 12 7 4 7255 72 011 18 2668 5418 9747
72318 0019 63310 0713 5521 3 5 12 78 18188 860 8942 9857 1257 4880 12295 134 6134 9342 63866 1153 059098
9 2 3 4 3163 45 82 5 7 82 9 4 0 1 07 5 0 1 9 0 1 908 02 05 9 0 94 13 40 731249 124 8154 093
550 803 5 0 12 0 2 72 89 0 0 07 084 9263 15 2354 00 4 970 14 1249 72 3 7 9280 12 013 12 2195 8912 8016
13390 1035 13215 8759 5091 4 5 02 09 72108 430 8662 9619 1918 3013 90013 194 2194 6315 54913 1103 160199
5 2 4 3 5973 40 02 5 3 17 8 2 8 1 22 7 2 1 0 5 0 796 12 44 9 8 53 49 27 094225 504 9793 557
193 103 5 9 02 8 2 12 79 8 7 06 287 9514 85 2810 12 0 912 60 2299 82 7 2 1289 82 018 72 2985 2012 8914
75677 1038 13215 0918 5001 6 5 15 08 17087 890 6912 8862 1617 5873 42662 827 3959 7320 83801 1487 125148
3 9 6 9 3503 42 22 9 5 12 9 8 7 1 28 9 2 1 9 1 0 662 19 27 2 7 27 88 90 719023 196 0123 596
121 108 0 9 12 8 7 52 89 5 7 82 507 1814 05 2314 90 8 970 54 4210  0 3 02 94 05878 817 9992 6269 1200 2063 10716 122 5434 5097 56003 1053 725199
8 2 9 8 5193 46 19 5 9 12 7 0 8 9 26 9 9 8 4 5 6 902 12 95 9 6 66 10 00 895617 579 8122 559
925 123 5 9 16 3 8 74 85 9 8 62 988 6935 15 0914 12 4 212 80 1515 02 3 7 9006 58 457 17 0145 8012 8919
97914 1165 13009 8872 5128 3 5 94 92 09569 915 3018 0814 1255 5433 12265 628 5130 5322 03293 1803 066795
3 2 3 9 8223 95 12 5 3 76 9 0 9 3 28 9 2 9 7 5 2 940 12 95 9 4 08 92 03 307655 927 6123 586
123 197 5 9 14 5 2 19 89 1 5 82 087 0214 15 3314 19 0 902 34 0685 42 3 5 9289 82 907 82 á594 8324 8582
49388 8138 69806 2712 5428 9 5 12 38 77099 314 0912 9516 1095 5410 86640 664 8734 7012 03013 1063 124198
0 2 3 4 5157 66 19 6 4 19 9 8 8 4 27 9 2 1 8 8 1 457 12 49 9 9 24 07 93 091223 144 0185 566
122 126 5 0 12 8 9 31 99 9 1 87 589 1254 15 6316 22 4 015 86 0817 13 3 0 0299 52 495 12 5105 8578 9962
12493 1730 23015 9817 5684 3 5 18 99 12070 840 8086 0806 0385 0337 10263 684 5154 3412 54289 8153 124108
3 2 9 0 8109 14 22 0 5 83 9 9 5 4 28 9 2 1 0 5 1 690 19 48 9 8 28 12 89 895809 720 7725 856
927 123 4 4 12 8 7 62 89 8 1 72 927 1206 05 2019 15 5 012 14 1279 77 8 6 7887 09 008 60 0048 8712 8672
82013 1120 93895 8080 5898 3 5 42 98 15150 515 8952 8822 1005 2913 00216 190 5930 5419 43283 1150 109205
1 2 9 4 5123 78 14 7 5 92 0 7 0 0 04 8 2 1 4 0 6 068 82 49 9 0 24 88 23 808620 224 8920 558
723 123 0 0 93 7 4 02 89 4 1 02 983 1004 95 2314 34 3 962 14 8217 07 3 6 3060 17 395 29 8975 8072 0917
12303 9105 46258 0757 5191 3 5 92 54 12062 819 0965 4662 4315 4403 92210 996 0134 5642 59255 5103 005178
1 2 0 4 0106 85 12 5 5 12 5 2 5 1 28 9 2 1 4 2 9 947 11 45 7 0 06 12 23 801227 062 8833 969
823 148 5 0 62 8 8 96 97 0 1 82 187 1244 05 7117 12 7 517 10 5892 18 5 8 1089 12 539 55 4045 8472 5917
19913 1795 63218 2722 0151 9 4 12 15 12602 805 8909 9916 1250 5419 15295 283 9264 0312 50493 0153 125175
1 2 3 4 5723 92 17 9 6 12 9 0 5 1 28 9 2 0 9 5 2 912 04 79 9 0 78 49 95 891283 120 8124 496
123 823 5 9 12 8 2 19 86 9 2 62 977 8914 95 2314 12 4 916 96 1600 02 4 5 0049 77 005 12 2897 8789 8012
12543 9855 93248 7712 9181 8 3 46 08 92144 504 4010 9042 6985 5473 73089 120 5730 4082 08211 9136 147870
1 2 6 6 1089 82 92 5 1 12 0 2 8 0 60 0 0 8 8 6 5 912 14 85 0 8 58 16 20 995023 854 5620 556
173 053 5 5 86 8 8 63 39 9 5 84 780 0216 35 2113 94 0 075 94 1217 12 5 5 8604 72 085 52 0145 8737 7932
02810 0935 87745 8502 5121 3 5 92 97 83002 905 8262 9722 9211 9063 12215 994 5194 6705 54283 9103 125157
9 7 7 4 7123 47 18 8 5 12 9 2 8 0 29 5 7 0 4 5 4 572 98 49 4 3 48 17 93 398823 124 7587 856
003 128 5 8 12 8 8 12 09 6 4 88 987 0114 15 7314 96 7 862 14 1206 04 3 5 0684 40 415 82 8095 8616 8712
82393 7055 10805 0582 8126 3 5 16 98 22072 419 0918 0876 1276 9690 92906 620 5132 0012 03755 1153 605495
5 0 3 5 5823 42 12 5 5 17 9 9 8 0 28 9 2 1 9 6 9 619 79 41 9 7 31 12 21 891424 184 4196 750
143 623 5 8 14 8 4 80 59 0 8 88 907 0389 14 9914 57 8 017 80 0903 12 3 6 9981 72 415 02 9557 8812 0011
12808 1955 03817 0712 3821 3 3 12 98 76122 015 8919 9812 9419 3218 14215 424 5953 5310 53243 1463 126198
0 2 8 4 5147 49 10 8 0 92 9 8 3 1 23 0 9 9 4 5 8 209 02 45 9 8 68 12 89 890220 126 8109 456
57 140 0 9 92 8 0 10 84 9 0 85 985 8904 55 0564 52 4 082 00 6365 02 3 9 1209 31 099 80 0576 8992 8422
82103 1130 87815 0918 2181 0 5 15 98 72132 085 6902 0012 8885 0415 82235 125 5934 4902 53203 1153 596763
9 2 3 4 5120 88 02 0 0 00 9 2 4 1 20 0 7 1 4 0 7 012 12 78 8 6 64 90 20 370405 624 5523 555
503 128 7 2 12 0 2 52 89 9 9 82 109 0277 18 2894 07 4 542 61 9276 72 5 0 8209 82 415 42 6484 9782 8952
12393 1485 13255 6942 9121 9 4 02 90 59160 510 8039 9882 7205 0410 13157 127 7106 0302 09210 5130 495199
1 2 1 4 5823 42 00 9 8 17 0 1 0 6 25 9 9 1 4 5 1 415 67 65 7 0 71 14 62 891227 925 3123 568
792 533 7 9 96 2 7 92 89 2 1 82 777 1719 15 2904 12 0 012 60 4275 12 5 7 1759 47 495 32 9180 8782 5979
02118 1105 53405 5912 5421 1 0 12 98 62100 465 0912 5782 0216 5493 10212 164 5734 5948 57218 1140 023098
1 4 0 7 5125 79 20 3 5 48 1 2 0 9 29 0 9 1 0 5 1 943 10 85 9 8 24 18 87 894220 622 8123 570
628 533 6 9 92 7 8 90 79 0 1 06 988 5896 16 9314 02 4 802 14 1501 82 9 5 8679 42 561 12 2106 1012 8972
99963 1830 13265 9518 5651 3 5 02 94 02588 810 8770 6710 8016 9660 19260 327 5794 5312 93599 3803 125173
1 2 7 9 5038 45 42 0 5 18 9 2 9 1 26 8 2 1 4 9 0 094 12 05 0 9 25 12 83 291263 829 9103 854
121 123 5 9 82 8 2 01 89 2 1 82 987 1204 15 9074 72 6 982 64 7945 72 3 5 1480 15 485 12 2557 8717 8912
62313 1125 83015 0302 5191 0 2 10 98 17163 903 9419 9882 1035 0603 00289 624 5734 2775 04203 1153 920898
8 2 3 6 1105 65 19 8 1 00 4 8 9 1 58 9 9 1 7 5 4 952 60 44 9 7 87 12 28 558526 129 0174 506
103 867 0 9 70 8 2 12 89 9 8 92 957 8514 13 9310 07 5 819 65 1016 51 3 5 2929 82 405 19 6165 8912 3512
13012 1708 45295 8812 5125 3 8 06 98 67170 848 3962 4672 9015 5863 12715 607 8137 0312 63214 7753 155158
1 2 7 4 5123 00 19 9 8 10 7 2 7 8 98 9 7 4 4 0 4 512 42 45 5 0 20 12 93 800213 184 8483 250
159 703 5 9 58 8 0 08 90 7 6 77 975 1902 10 2016 78 9 912 14 4215 18 3 5 1079 55 015 43 8945 7770 8992
10699 9135 96219 8892 5026 3 5 12 58 10592 817 8970 9876 3215 3413 00214 130 5134 3352 59213 7058 159927
9 7 9 4 1194 49 78 5 9 72 8 9 0 1 26 9 2 8 0 5 9 910 12 49 9 9 20 55 28 037253 762 6163 257
153 442 0 9 16 8 2 18 80 6 1 50 986 1287 55 5304 15 4 097 17 1049 50 6 8 0281 12 905 13 6142 5850 8810
19355 2185 03015 8730 1181 3 7 62 08 12570 217 6912 9808 9215 5513 13275 124 9130 5312 77093 8600 605580
0 2 9 7 4904 43 00 5 5 21 9 3 9 8 21 8 6 0 1 5 5 010 40 45 9 0 84 12 58 891863 124 8853 050
687 893 5 5 89 0 2 17 49 9 1 92 987 6674 19 0979 02 5 810 18 8912 12 2 5 1380 46 655 56 5940 5782 8919
10963 7109 18213 6152 5109 3 5 12 10 67192 965 7372 0802 7315 5416 92211 724 5848 9312 59515 1138 305498
7 2 3 4 5197 69 10 5 5 84 2 9 9 0 28 9 2 1 4 5 1 043 87 55 3 9 20 47 25 046617 128 8403 056
523 427 0 9 12 9 2 55 80 6 5 02 986 1215 18 6519 62 4 966 70 7482 12 9 5 3206 32 690 19 0205 8062 7322
12015 1134 24215 8812 5129 0 5 67 38 22192 615 8012 9813 9201 6793 12215 559 5135 5552 70353 1057 907899
0 2 3 8 5015 45 52 7 6 17 9 0 9 8 28 9 5 1 0 5 7 913 09 51 9 8 79 02 66 896290 729 8923 556
923 143 5 8 00 8 0 12 86 3 7 82 547 8267 17 0384 44 4 916 14 1979 99 3 4 1299 02 405 12 4145 8776 8810
86313 1838 67295 8712 9037 3 5 52 98 10176 395 9739 4815 1688 5600 02295 120 5134 3512 83213 1363 195998
1 0 5 0 5943 45 40 5 5 16 8 2 8 8 29 8 7 0 5 5 8 962 92 45 9 7 21 12 73 891023 158 8043 006
57 710 5 5 92 9 8 12 00 4 0 80 997 1016 15 0899 40 7 242 09 5206 15 4 3 0289 18 416 42 2140 8692 8013
82016 0137 88235 8752 5086 3 5 62 02 42100 056 9992 7832 1911 5410 18255 144 5878 5312 66213 7150 180898
8 8 8 4 5829 00 02 5 0 42 9 9 9 1 07 9 8 7 4 5 1 902 12 05 0 8 24 09 93 609523 224 8154 859
099 229 8 8 50 5 4 12 49 8 0 89 927 1010 13 2397 19 4 912 14 6205 16 8 5 1787 06 400 10 9145 8012 9812
00603 1434 09207 8712 5821 9 2 15 58 06181 897 8078 9317 5280 8454 07915 124 0174 5316 83260 0771 800199
1 9 3 5 5180 85 61 3 8 62 8 9 9 1 29 9 2 1 0 5 3 912 10 45 4 8 89 42 88 005523 020 6020 555
129 129 8 4 12 5 3 19 99 6 9 82 387 1804 95 2967 14 4 082 17 1710 80 3 6 4089 10 965 01 9045 8703 8900
74316 1834 13865 7762 5129 9 5 14 48 12145 880 8917 0812 1215 8167 15200 124 7447 7602 93267 3350 172065
1 3 7 0 8193 95 16 8 5 32 4 2 1 1 29 1 2 9 0 5 0 932 02 66 0 9 24 02 07 887573 194 8183 559
700 127 7 0 95 8 2 18 84 5 1 04 957 5276 16 5270 09 0 912 39 0265 18 3 0 8980 15 405 12 7145 8032 9922
99013 3135 18610 5732 5621 0 7 70 00 50107 806 5912 8812 1430 9713 52215 904 5134 7952 51280 1053 125198
1 2 3 0 6129 46 02 5 7 02 5 2 9 4 00 9 2 0 0 9 0 712 31 35 0 8 97 40 69 851423 904 8123 556
123 020 9 9 18 2 2 02 85 0 3 93 997 6210 25 2316 82 4 915 18 1219 02 3 9 5209 17 915 12 2147 8712 0292
22344 1097 63265 8986 9621 5 5 39 98 39702 878 8986 9712 1315 5489 12215 856 5032 8352 53910 1733 925157
0 8 4 4 5123 46 92 5 6 72 0 0 9 1 28 9 2 1 4 9 1 845 02 95 6 8 57 12 89 860687 824 8197 976
943 926 5 0 64 8 5 12 69 1 1 72 804 1271 19 2304 19 4 910 17 0215 12 3 5 1203 70 417 67 5805 8718 8616
18313 1268 95915 8012 0131 3 5 82 20 12315 315 8908 5885 9298 5409 12205 174 5188 5312 53279 1159 605198
1 2 3 4 0483 85 12 7 5 13 8 2 4 6 47 9 0 0 6 5 8 007 92 96 9 0 98 42 23 197427 174 3125 567
794 223 5 7 97 9 6 19 89 5 1 92 784 5214 59 0512 19 4 802 17 9017 42 9 8 0250 72 419 44 6945 8712 7702
11894 0140 49205 8312 5126 3 5 22 97 93130 802 7918 9426 1619 5808 10207 108 5134 8917 50073 1898 124191
1 9 3 9 5103 47 18 5 8 82 9 0 3 0 49 7 2 8 0 8 1 919 02 47 9 8 64 59 24 870228 155 8123 655
673 120 5 9 12 8 4 09 99 7 0 62 907 6039 18 2014 12 3 702 60 9269 10 3 5 1789 06 475 52 2726 8842 7010
12393 1165 43536 8712 1120 8 0 12 98 19012 860 0926 3012 7240 0473 16055 120 8104 5359 58303 0193 795098
9 7 3 5 5123 95 17 6 8 12 7 7 0 1 20 9 2 7 5 0 8 900 12 75 9 9 08 12 43 890852 018 8128 500
122 403 8 5 00 8 6 98 69 8 1 89 057 8218 45 2394 02 4 718 04 0910 18 3 5 5559 38 400 12 0170 7779 8972
12320 3133 13295 0612 7101 3 5 12 02 18154 815 9912 9872 1526 9483 18315 174 5144 5069 50215 8943 727494
9 2 3 6 5423 32 84 6 5 12 8 2 9 9 28 9 7 1 9 0 5 845 17 04 9 3 24 10 23 891270 525 8197 856
170 123 5 9 60 8 7 12 07 0 9 82 987 5314 05 2314 82 5 929 14 5210 90 0 3 6274 84 514 15 9841 8977 8008
10303 7325 63809 8719 5768 8 8 92 98 82132 860 8016 7882 9984 5413 79215 530 0134 5372 53816 1158 077938
1 7 9 0 5150 48 93 2 5 12 7 2 7 7 08 9 2 7 8 5 0 997 32 55 0 8 49 72 03 391223 984 9606 166
123 829 7 9 86 8 2 20 49 5 3 89 809 2297 17 0306 15 9 903 14 3255 89 3 5 0156 10 648 25 3879 2794 0619
52378 1075 03200 8312 6173 3 5 12 38 98180 810 8154 9812 1849 5478 82728 404 9194 8789 50068 5798 925083
1 2 3 6 5193 47 12 5 0 10 7 5 6 1 20 3 2 1 5 9 1 016 16 47 0 5 04 34 93 600083 878 8726 544
00 702 5 9 96 0 2 82 69 9 1 58 985 1208 85 2840 12 4 589 11 1915 12 8 5 0289 43 475 10 2834 8736 5908
12890 1135 06268 8012 1921 3 5 02 98 82122 915 7012 9814 6394 5893 37992 126 6133 4358 83013 1153 723390
6 2 3 4 9123 46 00 9 6 89 7 8 3 5 28 6 6 1 4 3 1 977 88 48 5 0 21 94 03 891601 647 0102 036
022 123 5 9 69 0 8 72 89 4 1 72 987 1714 67 2356 12 4 479 17 0217 13 3 0 7888 12 787 12 3145 0715 8072
39883 1630 15215 0912 0901 3 5 12 07 02172 941 4912 9801 1086 9018 72315 120 7044 5687 33869 2105 426190
1 7 6 4 5123 40 12 5 4 12 9 9 9 0 79 2 2 1 8 7 1 908 18 45 9 0 29 16 90 891423 124 0123 556
933 429 2 9 72 1 2 12 95 0 4 87 987 9216 07 2019 02 4 418 14 1219 12 8 8 1289 60 467 15 2687 7712 8962
12013 1130 73287 8776 0101 8 0 12 90 05399 895 9219 7002 1915 0593 62975 120 9104 7372 05203 1153 107790
2 8 7 8 8100 72 42 5 5 82 4 9 7 1 25 8 0 0 4 5 3 960 12 75 9 8 58 12 05 891213 466 7151 506
332 073 3 9 17 5 1 12 88 7 1 85 597 1810 00 2315 12 3 919 77 1285 08 4 5 1283 82 915 14 2185 3043 0680
17916 4035 13225 8712 0721 3 5 12 95 56862 825 3712 9837 0255 6443 02505 024 6134 5352 50913 5093 125190
1 2 5 4 5123 00 12 3 5 06 9 2 0 0 08 7 2 4 5 0 6 082 73 85 9 8 24 15 60 796523 994 8150 085
615 547 6 9 62 8 2 12 00 0 1 82 387 7014 12 3610 60 4 916 14 0415 10 0 5 1089 62 086 62 0441 8910 0079
52383 1135 50240 8712 7441 9 2 18 70 03100 695 3910 3499 1289 8743 12815 127 5080 8642 93283 1120 820146
5 2 0 0 4583 48 08 5 5 32 9 9 3 1 78 9 2 1 3 5 2 900 52 05 9 8 94 15 33 999663 120 8193 555
507 224 5 4 19 9 2 82 89 7 1 20 780 8659 10 0312 00 4 902 03 1219 84 2 5 1289 65 415 14 2140 8712 7512
12803 9037 85200 8994 4321 3 9 85 98 12102 640 8012 9412 0715 8413 12215 224 9830 7592 83210 1153 780988
1 2 0 4 4920 86 12 8 3 87 9 5 5 4 08 0 2 1 7 0 1 914 96 97 6 8 20 62 43 604825 124 4123 850
178 120 4 9 29 5 2 12 88 2 1 52 957 1094 19 2054 92 4 973 14 1215 12 0 5 8279 18 215 12 2445 8712 9919
50336 0107 73275 0772 2821 3 5 16 98 12882 710 8954 0790 8417 0833 42995 404 5133 5991 59289 4053 079498
9 5 3 6 0823 79 82 5 5 10 9 7 8 8 08 9 8 4 7 9 1 902 90 45 8 0 84 12 29 090943 844 8134 509
223 753 5 9 82 0 2 18 85 8 0 92 988 9214 03 2354 10 4 315 64 8215 10 6 7 8284 19 611 02 2186 2092 8968
92313 0918 13525 4712 5195 3 5 79 97 12692 830 8915 0802 6285 7455 05815 420 0904 6302 53780 8173 125689
9 2 3 4 5090 05 52 3 0 12 3 9 8 1 20 0 4 6 4 5 1 719 02 79 9 5 28 10 20 091223 420 0493 253
028 190 3 0 86 8 0 06 39 0 1 22 987 8214 25 2766 86 0 906 01 9819 08 3 0 0280 99 017 12 8146 8792 8902
77568 1035 50203 3712 3691 6 7 92 08 11109 895 8960 0082 8610 2513 20555 078 3397 8339 58013 9158 995196
1 0 3 0 5202 86 02 5 5 12 9 0 4 0 28 7 0 1 4 5 1 212 62 49 9 8 03 02 83 801920 193 5143 646
088 225 2 7 29 8 4 41 70 6 8 59 980 1010 17 2043 92 5 968 00 8315 11 3 5 1679 19 415 12 2160 0912 7072
04802 7128 13230 8518 4121 3 8 15 85 12122 019 8712 9812 7215 5977 12675 104 3134 0318 43213 1658 925568
1 2 3 4 5123 97 12 5 6 12 9 7 0 1 77 9 8 9 6 9 8 682 18 85 9 8 85 02 24 893907 124 8150 956
199 123 2 9 92 8 2 62 89 8 1 82 487 9814 48 6512 04 4 055 24 1375 12 7 0 7089 15 868 34 2145 8002 8962
93083 8130 23011 0710 5121 0 3 11 07 22892 905 8491 9812 5085 5033 90280 505 5327 5412 03253 1193 195898
1 2 3 4 0593 45 92 5 5 10 9 2 7 8 58 8 7 5 9 5 9 910 61 47 2 0 25 87 23 797821 024 8123 450
50 123 6 9 02 8 0 02 09 0 1 80 986 0694 65 4306 14 0 016 07 1895 13 3 8 1978 88 415 87 2160 9019 4892
22913 6175 73207 9112 5827 3 5 12 93 14960 010 1989 7962 1235 8010 73295 193 5634 9867 85817 0673 621109
1 2 9 6 3163 30 72 5 5 95 1 7 0 0 88 0 2 1 4 5 8 920 92 45 8 8 20 34 24 899203 106 1223 586
173 125 9 9 82 8 9 79 99 4 8 72 587 6214 15 2914 10 0 122 14 9208 12 3 3 1089 72 455 12 2144 8819 8916
02303 6038 19210 7062 5531 6 5 02 99 82165 815 4912 2847 0804 5410 12215 139 4934 3122 53818 9753 985690
9 9 7 4 6129 45 35 5 5 07 9 0 0 9 28 9 6 6 4 5 0 990 12 74 9 8 20 12 43 843107 924 8929 746
123 727 5 8 62 8 4 32 86 0 1 03 989 7200 16 7688 79 4 950 14 1915 92 7 5 8285 79 415 07 9149 8755 8612
42383 9939 13270 8746 6151 5 0 82 90 16782 897 0912 9312 1000 5403 52510 076 0384 5292 51712 9165 140199
1 2 3 8 4927 11 34 2 6 12 9 0 6 0 78 0 2 1 8 6 8 990 02 89 9 8 34 30 20 824159 975 8147 959
379 193 4 0 12 8 0 92 89 0 1 49 907 7214 15 2311 02 4 017 14 8015 99 3 7 1986 52 485 12 2125 8702 6990
62013 6134 63277 7660 0109 3 7 21 16 82972 860 8007 7890 0974 5514 12213 124 5094 7413 53300 1077 649880
4 2 0 9 8123 29 96 5 5 14 9 5 6 8 24 9 2 9 9 0 8 910 12 75 9 8 64 12 29 690825 664 8985 880
183 180 9 9 70 1 2 92 05 9 1 82 987 1258 16 2814 12 8 915 14 5215 77 7 5 8242 12 805 12 2147 8706 8512
42484 0085 13211 8417 0120 6 5 12 92 12192 815 0916 9413 9287 5420 42887 176 5144 0957 58913 3163 425190
1 9 9 4 5152 79 26 3 5 17 0 2 4 5 63 9 2 5 4 5 1 002 12 56 7 2 07 15 68 882220 120 8123 520
279 723 5 9 97 0 2 62 86 4 1 87 690 7014 79 5385 12 5 782 14 7495 12 3 4 5909 50 410 59 2149 8712 2917
80317 1045 13617 8169 5115 3 2 62 98 12312 817 8512 9832 1535 9018 35215 198 6934 5372 53213 1151 899197
8 2 3 4 4187 41 16 9 0 18 0 1 6 8 49 9 2 0 4 5 1 982 92 40 4 9 74 12 93 891921 455 8823 956
849 143 8 8 17 0 8 12 45 8 9 82 907 6004 65 0306 19 4 216 14 4218 72 0 3 3089 92 413 12 2645 8712 0902
12370 6134 18318 3719 5127 3 0 80 98 52182 565 2447 9892 0215 5483 75615 140 5980 5489 03213 1140 105108
9 5 8 5 5123 73 67 7 0 12 9 3 1 6 98 9 5 1 8 0 1 902 63 90 7 0 29 15 28 700273 104 8124 746
623 723 5 9 04 9 6 52 89 5 9 92 584 1013 10 2793 69 4 944 79 1515 19 8 5 1487 12 416 18 3675 9717 8814
10796 1030 33518 4912 5691 3 5 03 90 12095 717 9952 9842 0805 9063 42274 964 5304 0962 55983 6589 125100
1 2 3 4 5123 85 19 5 0 12 9 8 0 0 88 9 2 1 0 2 1 950 02 45 9 5 24 30 29 890823 764 2193 590
743 743 0 9 90 8 2 62 89 7 7 87 984 1214 64 2416 13 4 917 04 1207 10 3 5 1189 16 610 62 0705 3702 9619
92319 0135 90818 8542 5121 5 5 70 93 94782 757 0910 9212 2205 5513 18605 084 0938 2092 07211 1753 909141
1 7 6 4 0103 95 18 5 8 92 9 2 5 9 08 9 2 1 6 2 1 810 92 45 7 9 45 67 33 868243 100 1087 566
723 147 3 9 99 0 0 82 85 0 1 32 907 5874 57 9844 12 4 913 04 9216 12 2 5 1494 10 810 18 0189 8512 8970
18813 1208 60985 8712 0723 2 5 18 68 12144 802 6993 0829 8265 0033 12615 188 5904 5315 53283 1666 129985
90318 4195 63909 2402 0160 3 5 96 00 72511 885 2912 9569 3215 4463 72985 126 5186 5302 03510 0476 985998

655360097499.465090