1 8 3 4 8080 77 12 9 6 90 4 2 2 9 20 7 0 8 6 5 9 977 72 80 0 6 24 67 25 799772 154 6103 388 
495 637 1 6 82 1 2 22 46 8 8 37 997 4585 00 4838 40 6 312 48 9643 10 3 5 4737 07 710 92 4149 9860 2389
03450 6367 99625 0032 8349 0 6 92 34 90778 809 9022 9560 1991 3458 52985 058 7114 8692 53910 0110 185297
7 0 3 0 8120 90 17 2 2 40 6 2 3 2 50 9 6 6 4 5 4 362 62 60 8 8 67 09 73 050067 987 0968 550
79 623 6 0 32 8 2 19 80 6 1 87 089 7914 44 2398 12 7 278 98 4625 11 7 4 9293 60 445 74 9875 2718 0979
82303 0137 74903 8579 0724 0 2 44 04 84795 070 8988 1334 8997 3658 76520 134 2141 2830 58713 4175 106398
7 0 7 6 8874 32 12 0 5 45 8 6 2 0 91 0 4 3 6 1 0 973 14 65 5 7 72 84 63 930039 100 8153 596
026 193 7 0 60 8 2 92 76 7 9 07 557 4104 40 7044 81 7 578 30 1954 19 3 0 1049 52 410 26 5845 3768 8719
42003 8450 41274 0099 5080 7 3 32 63 02439 479 6812 9206 8286 9406 68285 400 2797 7868 04253 6662 875090
5 2 7 9 5843 70 10 5 7 10 8 6 9 8 25 0 0 0 4 8 9 908 12 95 9 9 50 02 29 008223 726 8763 559
603 093 5 4 07 8 5 46 80 7 4 66 803 1264 65 4887 62 0 008 16 6411 19 5 0 8774 10 339 79 8945 4712 9917
39710 8007 10380 7692 5591 3 6 62 08 15550 846 0546 7030 6279 0758 59214 890 5708 2386 56109 2004 295608
0 3 6 9 0637 76 52 4 5 30 8 2 1 5 90 9 7 0 4 0 0 890 56 40 5 0 68 16 54 099209 609 3627 085
026 458 9 5 15 8 8 14 70 0 1 76 887 8410 16 7798 50 5 787 11 9275 87 4 5 7890 63 405 91 2465 8038 7907
06083 0036 93215 8212 9049 1 0 48 50 70609 590 0972 8616 9958 0198 60504 979 0470 5005 57909 0107 295198
0 7 8 0 0620 24 80 1 5 02 7 0 6 1 27 6 2 1 0 5 6 282 00 95 0 7 80 94 87 873003 374 4288 070
903 177 0 9 34 9 2 32 88 8 8 82 356 4048 17 9060 69 9 410 14 1116 62 3 8 1639 12 458 12 2867 8830 2638
92353 7536 10835 9790 9195 7 1 53 96 79534 775 7887 0635 1227 0069 94819 176 5994 5698 25893 1899 508597
5 2 7 0 9968 88 98 8 5 96 9 8 4 9 98 6 2 1 4 9 9 666 09 25 5 7 55 95 34 047257 904 8720 696
964 286 4 9 19 7 4 70 79 8 5 86 909 9704 49 6810 17 6 500 00 7205 39 9 8 5032 96 630 32 0098 8482 5700
04003 0939 48296 0712 0806 4 4 08 29 82061 765 0919 0650 9411 5979 60410 026 0367 5615 55719 1553 942198
9 6 4 4 9178 05 70 2 0 17 9 9 6 2 75 6 9 1 7 0 1 318 22 79 2 4 56 12 28 660823 156 8176 659
385 180 6 6 97 1 8 52 68 0 6 30 486 8228 16 0914 60 4 704 17 0269 97 3 9 7050 80 487 74 4758 4692 9042
17003 6173 98035 8004 9469 7 9 83 29 82355 008 5602 9772 8009 4010 90265 524 6044 4096 33773 3050 927990
8 1 9 7 5726 84 60 4 5 88 8 9 7 1 00 9 0 1 8 7 6 993 28 85 2 7 89 08 64 399309 705 1313 320
503 020 8 0 62 8 9 22 85 6 0 02 777 3205 35 6378 10 4 260 09 4292 12 0 8 1089 09 910 86 2100 8682 8809
49733 7577 83719 3702 1829 0 4 77 68 17182 858 6072 0815 5319 8013 72790 879 5998 5986 56018 8056 698858
4 9 8 7 9575 97 80 8 9 38 0 3 8 1 38 1 0 1 7 0 5 949 56 15 4 1 60 19 81 197282 826 0539 297
555 674 9 0 48 8 6 12 68 0 1 09 387 3607 15 9755 00 4 967 75 7055 12 1 9 1088 10 209 62 8349 7187 8880
79300 0499 13745 0317 4041 3 6 84 97 10400 019 9017 0885 6218 5489 77264 869 5158 5308 78229 5551 290107
7 0 9 4 6934 14 00 4 8 75 9 0 6 6 10 9  1 3 5 9 972 72 58 8 8 64 12 03 563300 364 3003 556
170 170 8 1 32 7 2 92 80 5 2 92 082 8210 45 0905 02 7 819 70 3215 03 4 5 1749 72 905 34 2045 8108 8739
6 2 4 8 5997 02 26 9 0 17 0 5 7 0 49 0 2 8 7 4 5 912 64 49 9 8 56 89 03 940604 709 0043 850
943 756 6 8 12 9 9 27 89 8 1 24 868 9009 04 9057 80 7 940 44 0306 52 9 7 8698 19 075 98 3306 9670 5929
00077 1978 10016 8002 0128 3 0 11 97 15985 015 3987 9902 8905 5565 92548 143 9634 5831 37255 0959 179063
8 7 5 4 5935 56 99 5 6 34 9 8 0 9 89 8 7 0 4 8 9 799 10 26 6 6 08 27 57 091733 100 0038 595
76 930 7 7 39 7 2 80 83 3 1 76 978 1018 77 8710 62 7 999 46 8317 20 5 0 6670 00 080 12 5835 9792 9916
52963 7605 90803 2315 5172 5 3 32 09 17198 098 4596 5073 0215 5808 20212 716 5134 4678 64768 7306 705807
3 7 0 8 8665 68 72 2 8 72 0 2 3 1 87 8 9 9 9 0 6 018 17 59 6 0 44 88 24 881520 724 8057 170
966 825 0 8 89 8 6 60 09 5 7 90 083 6050 44 6783 92 8 198 10 2850 44 3 5 6236 72 557 07 4646 0762 8710
97043 7439 02058 5747 5985 1 5 57 91 37960 851 0808 6519 0818 0812 18383 444 9714 6492 53013 5083 928094
9 6 9 9 7909 35 17 5 9 12 9 8 3 6 07 8 3 2 3 0 3 934 84 06 5 2 96 96 80 400537 117 8123 977
383 128 7 0 48 8 6 47 99 0 2 70 733 8035 25 7346 62 0 894 16 4399 12 9 9 2489 12 655 91 9208 6059 6908
90911 8908 10675 2784 3495 0 8 40 89 66969 894 8049 9982 9270 5413 18263 098 9702 5106 51027 1014 958873
0 0 5 2 0789 55 79 5 9 56 2 4 5 8 97 9 2 9 1 5 0 912 13 45 3 8 00 09 97 070653 647 3735 558
150 153 8 6 18 8 3 00 80 4 0 85 087 8786 95 6036 87 6 219 14 6475 10 9 9 0338 12 843 96 8165 3912 8905
40733 3470 03254 5285 2190 8 2 30 03 95009 512 0810 0807 4954 6512 16899 077 0144 5003 70877 2037 929877
0 9 9 3 7696 09 84 5 9 02 9 4 8 8 20 9 7 7 9 7 0 788 02 46 8 0 84 12 58 799923 574 0679 076
860 109 8 8 02 7 7 42 51 7 3 88 660 1879 38 0480 07 9 900 62 4515 92 9 7 0293 17 817 10 0344 9740 5737
82115 1675 10067 2896 9051 2 9 20 60 62782 715 8008 9011 3565 0486 00565 824 5070 7314 78278 3454 665608
6 9 3 8 2037 46 12 8 5 16 9 2 0 8 26 0 0 4 4 3 7 796 25 46 1 3 49 97 63 567249 694 8480 150
890 002 9 6 49 0 7 14 80 0 0 32 554 9073 75 2344 02 5 072 85 8286 08 4 9 4984 09 589 31 7037 6252 3662
12903 7140 49605 8764 9955 4 9 94 99 79599 010 8085 0310 0915 5884 12720 567 4679 7378 40889 3066 071178
0 9 4 0 3722 55 79 5 9 18 9 0 6 5 05 3 4 9 8 9 9 096 12 43 5 4 76 99 96 473823 137 4288 606
063 500 8 9 06 8 7 94 89 8 1 80 567 1107 15 2600 78 5 612 64 4369 98 6 8 2265 72 083 18 2768 5472 9749
07564 3990 80305 0193 5520 3 9 12 90 81887 080 0997 9150 1257 4935 66095 184 7158 1940 69858 4459 459998
6 8 7 4 9978 06 66 9 3 96 9 6 6 1 57 5 4 1 8 3 0 598 92 75 2 3 44 06 59 029359 124 8455 299
759 803 0 5 17 0 5 70 60 0 4 67 783 0263 15 2606 99 5 070 43 8149 79 7 7 9260 06 889 72 9845 5955 8906
68899 1545 13011 8798 5007 0 5 20 99 72128 768 7608 9909 1916 7813 07052 714 2694 6864 58913 1583 169128
0 2 4 7 0868 48 62 5 0 97 5 2 0 0 25 3 2 1 4 3 6 666 72 44 9 2 73 92 23 996225 654 9779 556
990 100 5 5 84 8 2 98 10 8 8 58 897 9916 86 9266 78 8 915 45 7209 80 1 4 6109 82 168 72 9585 4716 6919
49677 4698 79257 1917 8051 6 6 15 96 18565 839 6902 2709 1615 0080 58609 525 0794 1969 96909 4087 929243
7 9 0 0 8523 40 52 9 5 00 7 8 9 6 29 9 2 1 9 6 6 754 09 27 2 9 29 87 76 712793 799 9043 096
141 158 3 2 82 8 7 57 85 9 7 08 504 1894 65 7864 08 8 708 77 9200  7 8 07 66 70272 812 4068 0507 4685 0823 56748 520 5104 5700 53846 0556 680193
9 2 0 8 4909 46 80 1 0 79 7 7 8 8 02 9 8 7 4 0 0 980 16 67 9 1 96 77 74 963587 559 0122 558
520 173 9 8 16 3 9 75 85 9 8 93 505 8933 15 4080 93 0 241 89 1017 02 3 5 9350 05 478 49 5155 8982 8359
97094 1975 13535 6050 0860 3 0 74 72 89864 097 7918 5077 1955 7453 12265 720 6798 5622 67599 1833 070790
0 2 3 9 0677 91 12 9 3 96 5 4 9 6 70 9 3 9 9 5 2 540 37 95 9 9 87 70 97 757407 520 6124 540
153 195 4 9 15 5 2 66 59 1 0 71 579 7214 05 8312 98 9 052 27 9101 02 3 5 0779 62 752 02 9004 2973 3001
40073 8158 19687 9006 0423 4 5 12 38 87406 310 8017 9806 6379 8510 86633 494 8672 5712 73604 4760 180198
5 4 4 1 2159 70 17 7 4 16 1 6 8 9 28 9 7 1 4 1 1 340 12 30 4 9 23 47 97 891472 184 4186 566
429 128 5 0 12 4 6 49 45 8 0 87 587 2203 13 0497 32 4 810 92 7813 03 0 0 9990 78 595 12 3005 8474 9962
02792 1704 83810 9607 5500 6 5 00 93 12876 844 3586 8886 4880 5937 78263 690 0188 6415 50876 9029 129950
3 2 9 8 5144 19 50 6 6 70 3 1 5 4 28 7 9 7 1 5 7 669 68 07 9 6 70 00 79 598839 627 7550 256
658 123 7 6 72 4 0 77 82 9 1 42 469 1276 90 4819 62 3 480 10 1299 70 4 7 0087 65 764 67 6645 8757 4872
09030 9954 93065 8464 5695 3 5 43 03 16350 615 6997 0957 1854 2415 70016 590 0030 0439 43903 0057 009909
2 5 9 8 5593 94 69 8 5 52 0 0 3 6 53 8 0 1 7 5 6 664 92 60 9 8 24 40 63 738023 909 5339 554
723 523 7 0 23 6 4 22 61 4 8 02 990 1294 85 3399 97 3 966 14 6219 50 6 9 9088 15 469 09 8965 8505 1017
92073 4105 43530 5750 5591 0 8 99 54 88875 811 5165 1082 5377 4444 84012 936 0834 6642 84254 5604 958198
1 2 6 4 0006 89 52 5 3 10 8 2 5 1 03 0 8 1 4 1 9 927 91 45 4 6 98 07 53 443287 291 8863 989
273 998 5 0 52 2 8 95 97 9 8 52 487 3274 05 3110 54 9 700 17 7892 18 5 4 0389 12 639 48 7845 8472 5999
10917 1395 03216 2862 7101 8 0 10 13 12062 872 8169 9516 1254 9457 25289 683 3564 4800 11160 0153 125445
1 2 3 7 5778 47 17 7 7 12 9 2 4 8 28 0 2 9 0 5 7 412 56 09 9 0 73 97 93 595243 139 8154 106
129 120 4 9 92 5 5 77 80 0 2 00 975 8614 55 9435 12 7 978 89 1646 52 4 6 7700 77 895 87 3858 2576 8502
10780 9059 98218 9714 3181 4 9 78 88 92104 877 4758 9047 6075 5909 08786 829 7634 4082 26211 9145 139707
3 2 8 5 4789 92 62 5 1 52 0 8 8 9 58 5 5 0 8 4 5 912 94 84 5 8 00 06 28 963423 884 5689 856
173 450 5 0 89 8 8 68 39 9 7 80 787 7208 34 2603 28 3 805 54 1297 05 0 5 8084 78 305 40 2185 4837 6982
80717 1038 99905 8524 5821 4 4 92 97 86327 837 8948 9150 8281 1068 62275 194 5594 0086 07033 9773 195167
1 7 8 4 7923 48 56 8 5 12 9 0 8 0 09 5 8 9 0 0 5 792 58 93 4 3 78 68 95 868447 128 9830 876
785 928 9 8 99 7 8 12 57 8 6 19 887 1618 16 7904 08 9 860 14 0236 60 3 9 7044 54 419 74 7995 3072 8722
00669 0085 10829 0507 8165 7 7 16 99 70192 412 5009 6877 0277 6296 01989 620 5635 9316 08465 0153 748465
9 2 0 0 5825 42 89 5 5 19 0 9 9 0 88 9 0 1 9 3 7 619 70 82 9 3 90 12 76 899479 958 7096 497
140 679 3 2 14 4 4 89 12 4 0 88 999 1309 25 9814 30 3 547 50 7800 15 3 6 5689 20 975 82 0755 8042 2016
83008 1355 00615 2712 3820 3 8 12 34 06923 888 8917 6782 9029 9008 10254 974 5758 6310 93243 1083 529907
4 2 7 8 9147 49 11 7 9 92 9 8 3 8 33 7 3 9 5 4 8 202 88 47 5 8 88 15 89 997246 166 6070 070
52 148 6 7 82 8 8 18 12 3 7 25 785 0984 55 1107 00 4 602 06 6392 22 0 6 1900 06 955 00 5586 4806 8554
80106 9135 56806 0998 2181 5 3 75 98 02132 905 5372 8790 8400 0415 88038 021 4963 7090 34080 9803 893266
4 2 7 0 9139 58 32 0 6 99 0 2 5 1 23 0 7 0 4 0 0 890 32 82 8 6 03 70 99 503909 394 5404 090
003 108 5 2 45 9 2 52 64 0 0 84 509 4290 74 0924 07 4 500 91 9220 72 5 8 8209 82 875 84 6808 0784 4648
01058 1799 15227 3922 9920 6 8 62 46 09681 708 8079 5860 8255 8404 12159 120 0924 1652 08660 9633 495860
1 2 4 4 5083 42 66 5 7 97 7 1 2 8 25 0 7 9 4 9 1 406 43 64 5 0 69 10 69 840725 925 5123 668
393 573 2 0 96 5 7 52 19 3 2 87 770 1719 98 5594 02 8 110 98 8354 10 9 1 5794 47 472 09 9150 9788 8907
78107 1855 09584 4608 5421 1 0 92 90 88700 407 7501 5784 5254 7403 19268 443 5030 4988 55215 1140 370738
8 4 0 7 2976 77 80 7 6 48 1 6 0 0 70 0 2 6 0 4 1 907 10 75 9 8 09 16 87 821229 922 8105 370
325 903 0 5 30 7 9 90 78 2 1 36 638 5987 79 0116 78 8 427 52 1460 32 9 5 3009 09 807 12 2100 9007 8058
98966 2887 75975 0518 5651 9 6 02 97 02588 488 0459 0017 7919 9695 18805 570 5670 0372 90898 9863 187178
1 3 9 6 1036 45 93 7 5 88 9 2 7 8 46 0 2 1 8 8 5 378 12 45 0 9 04 12 88 889973 897 0143 810
821 147 5 0 84 8 5 01 90 9 1 72 489 4284 15 9764 15 8 598 64 9945 60 7 9 0972 66 459 08 2500 6748 8912
52363 1129 23460 8920 9751 2 0 18 38 83860 500 8419 0869 1700 5033 05279 607 1934 2725 80200 1123 905897
6 2 4 6 4195 65 51 7 7 92 4 8 8 1 58 9 9 1 6 8 8 970 66 03 9 0 27 85 41 958680 829 9174 187
135 037 8 0 05 7 2 86 89 8 2 92 974 0581 57 9387 92 2 019 65 5910 09 3 9 2676 85 495 56 7168 8950 0712
83557 1908 07795 7802 3380 3 8 76 78 65477 091 3562 4676 0905 8893 80725 467 0830 7386 69017 7653 541156
9 2 8 0 8177 50 99 5 0 16 9 2 6 8 36 9 7 5 0 9 4 502 42 47 8 1 27 15 68 867713 884 8804 657
054 337 5 0 88 8 9 00 99 9 6 47 980 1089 89 1796 07 0 962 90 6245 76 3 9 4079 55 715 43 7375 7749 8982
19890 0127 63236 8852 5509 9 5 66 48 13502 837 5907 4896 3615 0917 85205 137 4706 3765 50215 8054 058963
9 8 5 0 1903 49 78 5 0 00 6 6 8 0 45 9 2 4 0 0 0 009 12 67 9 4 24 58 78 674484 799 6373 390
353 572 9 5 36 8 9 16 29 2 0 57 580 1069 55 5384 35 9 999 19 1644 99 6 0 0748 82 399 48 6946 9840 4319
85069 2695 13505 8620 4782 3 0 78 67 12848 518 6912 9878 5245 5503 80279 149 9130 5612 77693 9603 584085
0 5 6 7 0068 46 69 2 5 41 7 4 7 4 95 5 0 6 4 0 6 303 01 44 9 7 86 09 88 798863 764 8376 150
288 808 5 0 88 7 7 08 49 9 4 92 986 4900 60 0665 99 8 617 78 8915 12 0 5 4300 06 665 56 1990 8702 8957
70163 5189 19253 9062 9450 0 5 15 18 60902 860 7302 3090 0318 0781 62061 620 5848 5395 09518 0158 318988
7 4 3 4 8197 68 17 2 5 79 6 9 9 5 00 9 6 9 7 5 1 073 66 79 0 7 38 68 48 669807 634 0469 550
423 697 6 8 02 6 2 29 98 6 2 92 906 1290 80 4519 52 0 497 59 7467 82 8 5 3206 38 709 15 7208 5001 8095
10955 0299 25215 0807 9805 8 5 90 08 83799 805 0912 5019 4074 6693 19215 952 9635 5540 89873 1998 000499
2 0 3 9 8706 44 30 7 6 77 9 7 9 2 28 7 4 5 0 5 8 615 09 99 8 0 99 20 60 097299 838 8969 555
943 800 0 8 47 8 0 74 06 3 6 08 548 9709 17 5494 95 9 005 58 9909 00 3 7 1359 64 405 32 4180 5772 8819
40911 1840 69295 8719 7807 0 9 08 96 75146 608 6849 9012 1778 5084 95747 029 5054 3592 87203 1923 095979
6 2 5 3 5640 05 45 9 8 96 7 3 8 0 89 4 7 4 0 9 2 062 99 44 8 9 38 12 75 965003 108 8448 786
58 714 5 9 97 6 9 12 78 0 8 82 997 6660 80 8094 89 8 290 30 4475 15 4 9 0389 18 402 92 2145 6604 8578
88805 7134 83248 3099 9786 1 5 92 59 56967 786 5949 4932 1911 5016 68257 874 5860 7687 58710 7063 187580
5 0 5 4 9025 41 08 5 8 42 0 9 9 3 29 9 4 7 0 4 0 922 12 79 0 8 64 09 93 605523 204 7696 278
689 520 8 9 58 5 8 62 09 6 5 89 977 6010 78 0966 08 9 012 09 3760 60 8 5 1588 88 580 15 0875 8692 0402
03449 7074 42227 8792 3821 9 2 15 08 46064 857 8970 8997 6058 9753 07915 128 0177 5324 87205 8761 839169
5 0 3 3 5180 32 87 3 2 02 0 0 9 0 08 9 2 5 1 5 8 509 90 47 0 7 89 84 02 688887 829 6887 575
122 198 8 6 30 5 4 19 06 3 9 82 388 6464 05 2760 52 5 762 17 1070 06 6 6 7809 16 875 69 4640 8783 8968
88315 0038 03680 4762 4026 9 5 15 98 02145 710 8703 6872 8639 8188 18307 120 4097 9802 43265 3384 100485
1 3 6 8 8103 65 06 0 5 07 2 4 9 8 85 0 2 0 8 7 0 580 95 09 4 2 24 72 04 777955 789 7884 509
870 038 7 7 09 8 2 15 84 9 7 04 950 7279 16 1246 49 8 012 69 8705 87 9 8 8808 17 075 12 0743 6590 9845
46013 3100 18617 5933 5081 0 7 68 80 58137 820 9696 5810 1878 9789 52715 077 5838 2970 53450 1584 128848
1 8 9 3 6129 40 07 5 7 92 0 8 7 0 39 9 2 7 8 3 3 512 08 89 3 8 94 40 99 841923 209 0303 856
923 029 0 9 18 2 6 79 76 0 6 63 997 8210 45 6819 82 4 910 17 1919 72 3 9 4769 49 825 18 2276 7770 3202
28778 6729 69065 8086 7671 6 5 39 98 30705 358 9916 9772 1718 8489 18210 990 9430 7309 59311 8493 920147
8 8 4 0 5945 09 38 9 6 92 0 8 2 1 24 9 0 8 4 4 1 705 89 00 1 8 07 12 75 880035 079 8992 079
965 986 5 5 60 8 7 12 79 2 6 72 608 9270 18 8394 08 9 911 60 7275 10 3 0 1770 75 485 60 5966 0418 3586
68316 4262 95910 8682 9137 8 3 36 29 17810 466 3940 5907 0290 5569 10288 804 8180 5112 95279 1959 645580
4 2 3 4 9383 03 02 7 9 00 0 7 4 8 29 6 7 3 1 4 9 967 90 86 9 6 09 98 83 198027 158 9925 527
748 893 7 0 97 0 9 19 68 5 4 97 096 1019 50 1550 17 9 702 97 6019 80 0 8 8757 35 466 45 9005 7072 8706
19706 4165 30205 8315 3926 3 5 27 63 93098 857 7082 9406 7869 3909 16107 158 4130 8915 55903 1989 004190
8 9 3 9 8103 40 58 6 8 82 6 8 0 8 40 8 2 8 0 0 1 610 82 47 1 8 09 57 24 168042 155 8723 750
873 179 5 9 14 6 9 39 59 7 0 63 027 6709 10 2012 12 8 392 03 9397 33 3 0 1789 47 575 62 2066 8882 7711
02343 5190 48449 0711 3597 8 0 12 59 19802 877 7902 3522 9047 4683 95455 897 9279 5802 55350 2195 695368
0 7 3 0 5420 37 68 6 9 52 7 5 0 1 27 1 2 7 7 4 3 197 02 05 9 9 68 22 02 805889 757 8946 880
024 083 9 2 09 6 0 08 65 8 1 38 950 8092 45 0066 52 4 800 34 8775 88 3 5 5550 00 404 98 2000 5650 8909
12353 0153 20265 5010 9975 3 5 32 19 98184 815 5217 9692 8727 9401 88316 177 5986 0467 77153 8913 067790
9 2 3 6 5458 22 90 6 5 12 8 0 9 9 01 6 9 1 5 9 5 641 12 22 0 5 44 10 23 090278 827 5109 450
046 057 7 9 66 8 7 72 07 2 7 42 989 5915 45 7640 70 5 396 74 5216 77 8 3 4290 44 514 60 9484 5676 8768
14083 4343 63806 8219 7766 0 0 72 07 12032 870 8113 3592 9678 5413 85214 230 2134 8009 83000 9878 509979
5 7 9 2 5819 48 93 8 0 12 7 9 7 0 54 0 2 7 5 8 0 978 82 55 9 8 00 20 98 081203 244 5083 086
128 704 7 9 86 7 5 67 40 0 9 37 297 9057 12 6379 10 1 968 74 7279 77 8 5 8106 05 648 29 5890 5602 9016
50370 0909 53269 8310 6891 3 3 13 49 03130 402 9603 9812 0807 0478 82708 794 5194 8509 67088 5798 525033
1 2 0 2 5191 00 19 8 9 18 0 7 6 1 20 3 7 1 6 1 9 716 36 48 8 5 84 33 97 098343 758 5999 040
12 567 5 3 06 0 9 80 37 0 1 54 985 1204 99 2070 72 2 790 09 1936 17 9 5 0288 07 405 00 2620 8007 5908
02750 1190 45264 8920 5829 3 7 83 90 92500 965 6852 9417 6364 5493 37999 676 6339 4306 00083 1145 797390
7 2 5 4 9679 45 68 3 5 49 9 9 0 8 28 6 9 1 4 3 1 790 10 98 8 8 24 62 00 895661 647 0904 151
804 028 5 7 69 1 7 72 89 4 8 04 980 7815 66 2956 13 4 719 12 7568 00 5 9 0087 12 587 82 3148 5775 6677
75833 1628 05298 9712 0797 5 7 12 02 93109 571 5016 6898 3806 2852 77095 177 7764 0097 93960 2926 820990
1 7 6 0 5070 67 12 1 4 12 9 8 4 0 85 3 0 9 8 7 3 987 80 90 1 5 58 16 39 248083 704 9163 556
480 451 2 3 72 5 2 06 94 6 4 40 909 9516 97 2019 63 4 810 65 3391 70 0 0 7509 30 466 40 6847 4062 8469
09883 0734 53905 9757 9106 6 9 88 42 76103 805 2013 2807 6975 9595 95575 125 2198 7786 85403 7953 927704
2 8 4 4 8155 72 62 5 7 42 4 7 5 1 80 9 8 7 4 6 4 489 58 05 0 2 86 70 89 491218 806 9157 406
389 873 9 9 67 5 0 12 99 8 1 85 500 0899 86 5685 99 4 469 77 0285 77 4 9 5523 76 017 00 9185 8099 6689
48474 7835 13315 8017 5750 4 5 72 65 50962 820 7072 9885 7925 0046 79505 424 6138 5782 58223 9904 195199
3 2 5 4 8183 79 10 9 3 76 9 1 0 4 77 4 2 4 0 6 6 005 73 05 9 7 94 05 09 398763 709 0106 886
606 507 6 2 62 8 6 12 03 8 1 82 087 7014 78 9626 90 4 415 84 5055 42 2 5 6908 57 680 60 9439 0110 9988
58383 3138 36398 8767 7547 9 7 10 79 69320 616 3910 0695 1773 8065 12815 105 9990 9647 37236 0368 626144
5 0 9 0 0543 48 99 5 5 08 9 9 0 1 79 0 0 3 3 3 7 307 52 74 9 8 84 10 39 175803 020 8103 497
085 690 5 5 40 6 8 82 84 0 1 24 677 5209 90 9019 09 4 752 23 2600 84 2 0 8269 55 465 04 2056 8812 6912
16840 0037 92870 0964 5655 3 4 09 98 12792 649 8720 9413 8710 8458 12185 224 8893 7599 63895 0153 466978
1 9 6 4 4840 56 22 7 3 80 7 9 3 2 68 0 8 7 2 0 1 384 56 85 8 2 73 50 54 054699 199 4120 969
178 944 4 7 22 6 2 02 38 2 1 08 907 8094 17 7798 85 5 584 04 1218 72 4 6 0909 18 204 82 4049 8818 0919
59096 0140 49204 5680 6002 3 6 89 72 12885 113 8998 7729 8460 3839 44049 939 5853 8790 00294 8853 879406
9 2 3 6 8820 76 87 5 5 10 9 5 2 8 89 3 5 4 6 4 6 882 13 93 5 0 64 02 80 597806 089 6114 983
889 303 5 9 87 3 8 18 99 7 0 08 988 9214 48 8984 16 0 315 18 9719 06 0 9 0287 19 869 76 5986 2802 8868
99413 9588 33020 9712 5785 0 5 93 97 97682 836 8965 0090 6280 0726 93697 694 0987 6337 54313 0030 065359
9 2 8 4 0996 93 50 8 8 50 9 0 3 0 25 6 0 4 0 3 8 419 82 49 4 5 28 58 24 996023 426 0993 259
529 000 6 5 87 0 0 97 98 9 4 92 879 5314 20 0438 80 4 999 91 9819 46 8 8 0185 97 517 12 0148 8495 8567
67818 2995 63253 0783 3566 9 7 92 28 05159 895 8560 9590 2604 9318 90055 574 3098 8333 96003 9160 989600
8 6 3 1 5579 19 42 0 5 22 3 8 8 7 18 7 9 6 9 5 4 504 36 07 9 0 04 70 90 800990 187 5167 146
778 205 2 7 20 8 8 60 88 9 8 55 907 4919 88 0363 92 5 958 90 8585 96 2 9 5495 03 966 14 2262 6817 0392
31809 3024 13208 8352 7111 3 7 05 87 17167 539 4792 2016 8219 5177 12178 004 9144 0712 43913 1656 009698
7 2 2 9 5720 57 12 5 8 12 8 8 2 0 90 0 8 9 6 9 8 505 10 98 9 6 85 72 24 453894 784 6175 708
333 989 7 9 92 5 0 12 69 8 0 85 937 0914 40 0220 47 6 485 24 0776 17 9 0 9093 16 888 83 2545 5605 8230
90895 0879 23941 7076 0108 7 8 11 00 08202 920 8491 0882 9088 5087 24724 400 5927 5804 00253 5041 197834
1 0 3 2 4513 07 92 8 5 40 0 2 8 8 98 5 7 3 9 7 9 604 41 80 5 0 37 89 63 596821 655 8193 458
56 159 9 7 52 8 9 42 51 3 1 88 906 1694 68 8306 14 4 719 97 1895 43 7 3 0975 07 415 08 2106 9805 7590
22216 4103 76287 9112 9826 0 1 12 93 14129 799 0084 7976 8239 0079 73297 993 5834 5795 35814 9043 729970
1 2 9 0 9168 42 87 2 5 85 7 7 7 0 08 0 8 7 6 5 6 720 66 47 5 7 32 08 29 899270 108 4262 483
873 325 9 7 80 8 9 59 88 4 7 45 207 8269 15 2964 89 7 172 10 0980 77 6 4 6980 72 435 17 2125 5918 9016
40383 6639 18723 1862 7509 2 5 02 45 74768 075 4042 9085 8694 8475 72213 755 3757 6982 50118 6757 988389
7 8 0 7 6549 80 08 3 5 70 9 5 8 9 68 9 6 0 4 0 9 999 57 09 0 9 78 10 42 803167 970 8588 000
523 859 5 8 48 0 7 32 86 8 8 03 951 0094 18 0908 80 8 900 94 1417 08 5 9 0785 75 705 86 0240 8505 8610
42889 9590 75970 8549 5478 9 7 82 00 16030 597 9916 9312 1474 5535 05513 066 8984 2290 50703 0267 140193
3 0 7 0 7927 12 35 9 6 16 0 0 6 0 78 9 0 1 8 0 7 905 60 89 0 8 34 30 29 828198 979 8489 710
039 053 8 2 19 5 8 82 89 0 1 50 976 7640 15 7367 49 4 057 17 8715 99 3 9 9987 98 995 12 3075 8062 6904
02399 7134 60430 6303 9100 3 6 21 76 82595 969 8604 7008 4967 9513 12003 154 7700 7713 74379 1877 608984
7 9 7 9 7029 28 99 9 9 88 0 5 3 9 76 9 2 9 8 7 0 980 12 05 6 8 64 11 86 699209 848 7885 893
703 930 7 7 77 1 8 90 00 9 1 08 957 0458 16 2616 02 3 995 17 5007 77 2 5 6868 04 209 06 8177 8986 9585
77227 9029 53218 8417 6124 6 5 52 36 12163 815 6904 6118 9807 5424 82077 134 5444 7079 77013 8706 735889
4 9 8 0 4100 89 67 5 0 99 8 0 9 5 90 9 2 6 4 4 0 068 72 66 0 2 63 13 68 282255 126 0174 558
366 823 5 9 57 6 2 97 84 2 8 83 598 0990 79 3285 12 5 090 13 7307 62 6 4 0038 51 404 97 8145 8712 8962
50313 1503 43617 1163 5675 0 7 07 99 92352 007 8812 9200 6537 2718 39235 478 6595 5372 57213 2156 068197
6 0 4 4 0027 41 76 5 6 10 0 1 6 7 09 9 2 7 0 5 1 942 39 66 0 9 08 62 73 896420 455 9743 696
986 517 1 8 16 7 3 76 42 8 9 05 757 6885 92 5829 19 6 210 06 4319 42 8 5 8589 42 413 69 3652 7772 8705
10374 6016 18380 9715 6127 3 2 75 88 50098 569 2485 9862 0215 7586 36607 500 5790 5082 23813 1747 775178
0 2 8 7 5129 83 57 7 8 14 9 0 8 0 95 4 4 1 5 7 3 002 65 97 6 8 86 04 68 885270 124 8707 004
023 123 0 0 94 6 3 88 89 3 7 90 784 3012 19 2740 08 0 949 09 5590 11 6 8 2593 90 056 18 3775 0717 0615
09796 5940 23017 0948 5009 0 5 08 97 19495 757 0902 0858 4005 0763 42059 934 8784 5900 55960 6580 480100
9 8 0 4 5563 85 68 5 2 02 8 8 7 8 88 9 2 0 8 6 1 955 72 84 0 1 57 06 09 894603 764 2013 988
773 709 4 9 97 8 6 42 87 7 7 88 408 9278 68 2917 76 0 906 74 3480 85 3 8 1089 11 576 70 6005 5762 8610
00010 7152 09676 0520 0171 5 4 04 75 97930 787 0570 3012 2560 5951 98605 724 5700 0397 07108 1778 984160
1 8 8 5 4240 98 58 3 8 02 9 2 5 9 08 7 8 1 6 2 1 817 52 45 7 3 47 63 33 868937 188 9398 876
023 747 7 8 98 6 7 85 85 9 0 39 998 0484 77 4444 12 7 913 60 6920 12 7 7 1980 18 017 15 8109 8512 9940
25843 1298 60991 8013 5627 2 5 88 96 14106 009 6983 0093 5245 7727 85345 184 6974 2342 53083 4067 728995
69314 6835 69675 3280 3100 3 5 96 60 02036 889 6052 8764 3209 4408 02994 926 5133 9928 85518 5076 956099

055700997798.465090