1 2 3 4 8120 79 12 5 9 83 4 2 6 1 29 7 0 9 4 5 0 915 62 98 0 8 24 67 23 191770 104 8153 089 
426 637 8 9 12 6 2 02 09 4 8 31 987 1080 45 0614 82 6 012 74 1213 18 0 5 1336 97 915 02 7145 8850 2889
17969 6297 33665 5732 8301 5 6 12 34 84104 610 9512 9568 1497 3413 62095 964 7614 5692 53113 0152 185097
7 0 3 0 6123 00 12 8 2 62 9 2 5 6 26 9 0 6 4 5 4 992 12 05 0 8 20 87 83 884207 780 8667 550
79 623 5 9 82 8 2 19 87 5 1 87 687 2414 97 2308 12 7 002 86 4015 10 3 0 0289 84 445 08 9365 0710 8878
02317 1137 45986 0200 7327 8 3 49 08 34175 073 8998 1054 8885 5655 68860 104 6143 8317 58813 4106 128118
7 0 7 6 8103 60 12 8 5 82 9 6 0 1 01 5 4 9 9 3 1 998 12 05 0 8 42 80 43 095024 124 8123 598
423 100 5 1 71 8 2 12 79 9 9 42 687 1259 18 2304 81 7 178 68 1510 69 3 5 1239 02 415 22 5945 6797 8719
62223 1136 09248 0099 5091 3 3 02 98 02897 899 6512 0880 2243 5456 68285 700 5998 5268 33293 0980 145598
8 2 7 9 5843 95 19 5 7 16 8 2 9 8 28 3 0 0 4 8 9 056 12 95 9 9 54 82 20 608223 729 9723 555
483 123 5 9 17 2 5 72 89 7 0 62 780 1904 45 4319 62 3 758 13 0415 19 3 0 6289 12 379 72 2945 7799 9712
09265 9140 13605 8012 5561 3 6 72 08 10845 896 0518 7918 1208 5283 12215 704 5044 2350 59210 2768 225408
8 2 6 9 4137 49 52 4 5 82 6 2 1 4 90 9 7 9 4 8 8 692 17 43 9 8 26 12 25 819209 149 8122 966
929 773 5 5 19 8 8 12 38 8 1 00 867 1516 08 7796 13 4 957 14 3245 12 4 8 1209 17 405 71 2445 8052 8962
12343 1936 73215 8717 6741 7 7 18 58 02382 092 9972 8816 1935 7493 00916 809 5580 5355 57286 0153 023168
5 2 3 6 5020 27 42 5 5 72 7 0 2 1 28 3 2 1 4 5 1 992 49 42 4 2 39 93 38 871205 434 4223 679
423 173 5 9 36 9 2 12 85 8 8 82 550 0214 18 2560 22 0 915 14 1119 02 3 0 1880 12 455 12 2867 3032 6872
82353 5536 10236 4742 0120 7 0 08 98 40532 075 0827 9055 1240 9099 04515 106 5736 5192 29203 1043 027094
1 0 8 4 0160 17 10 5 3 96 9 2 0 9 48 9 2 1 4 9 9 092 14 05 9 7 25 65 59 290293 934 8423 596
988 133 4 9 68 8 2 68 77 8 1 82 987 1794 00 7716 15 4 930 10 5265 46 3 7 5049 24 221 32 2456 8082 8959
14393 3839 52295 8812 8676 9 2 10 20 32160 065 9912 8354 4915 0993 62417 124 9337 5315 55718 1053 168158
0 6 1 4 5177 95 15 5 8 00 9 0 9 1 76 9 9 3 7 8 1 918 82 74 0 8 80 12 20 670293 156 8126 650
333 144 7 9 17 8 4 17 00 5 0 30 786 5225 10 2014 17 4 810 19 6215 92 3 5 6289 82 487 72 2140 8712 9912
12903 6135 13735 8918 5920 0 5 02 97 77265 055 4912 9032 8205 7013 02625 024 7904 5346 33013 1157 927768
8 1 6 7 5926 46 99 5 5 18 4 2 8 1 66 9 2 1 4 5 8 803 18 45 4 6 22 12 06 591223 627 5723 098
123 124 5 4 62 8 2 12 85 6 4 02 487 9217 35 2313 10 4 905 10 9202 12 9 5 1289 50 018 12 2140 8582 8412
72333 7470 33318 8712 5100 0 4 02 68 13182 804 9972 6810 5315 5013 32099 847 5139 5969 53219 1153 008176
5 9 3 7 9185 47 12 8 9 30 9 2 8 1 08 9 7 1 9 5 0 942 54 05 0 1 94 15 23 781220 824 0439 578
705 104 9 9 22 8 2 12 80 0 0 79 087 5267 15 2658 79 4 917 16 7075 12 9 9 1288 16 786 12 8148 8012 5910
62383 2032 17245 8719 4501 3 5 04 98 12432 214 9212 9384 1215 5493 95263 900 8198 5312 79217 1050 085110
7 8 3 4 6324 94 19 0 6 77 9 2 9 1 27 9  1 0 5 1 002 62 08 9 2 34 12 03 833320 134 8103 556
134 190 5 1 32 8 2 02 89 7 4 52 784 1210 75 2314 92 0 810 14 9215 19 3 5 1289 02 015 34 2745 8258 8935
9 2 3 4 5127 43 82 5 5 17 9 2 9 1 79 6 2 8 7 3 0 519 80 49 9 8 86 97 73 044274 760 5923 950
323 726 2 9 02 8 0 14 09 8 1 62 823 5398 15 2917 80 5 912 14 8918 92 3 5 8499 17 485 90 3505 6705 9950
12403 1108 13215 8802 5127 3 5 10 98 15372 015 0997 9862 7610 5555 92313 103 5634 5982 53253 0003 185667
9 7 5 4 5425 76 19 5 3 12 8 2 0 9 29 0 5 4 4 1 9 090 10 49 6 8 20 07 53 191720 193 8176 573
56 184 5 0 34 8 2 08 80 8 1 14 808 0914 97 2314 52 8 867 44 6815 28 5 5 1477 69 515 12 0105 0792 9942
12383 0705 13657 8710 5151 5 5 02 68 12102 824 0092 9573 1215 5018 50212 824 5134 5298 03263 0153 925188
0 2 0 4 8892 40 72 5 5 72 7 2 1 1 08 9 0 6 4 5 7 314 10 45 3 8 04 02 24 881723 124 8953 104
009 825 5 6 82 0 9 68 02 5 1 82 085 6274 18 7914 92 4 190 14 1455 28 3 5 8289 72 490 18 4240 8762 8612
50713 8435 13095 3732 5195 3 5 12 71 16962 855 8267 6812 0815 5913 16515 427 9134 7442 58015 5750 028498
2 2 3 9 5103 85 17 5 3 12 9 8 6 5 77 9 0 9 3 7 3 091 94 45 1 9 94 83 23 808663 159 8123 056
199 120 5 9 12 8 0 08 19 9 9 85 503 1835 05 6384 12 4 394 13 1595 12 0 5 6089 12 675 92 0628 6712 6970
72811 1936 50255 8792 0199 3 8 42 08 19180 880 8950 9882 1275 5413 10263 600 9134 5060 51293 1114 198190
8 5 8 4 9620 95 92 5 9 52 7 2 0 3 30 9 0 9 1 5 0 512 17 48 9 8 20 72 13 898023 124 9335 556
120 153 5 8 18 8 2 85 89 8 8 85 907 7909 15 0636 60 4 319 17 8015 12 8 8 0088 12 065 10 2015 3912 0912
42013 3638 33204 8006 8161 6 0 12 88 12005 815 7914 6865 3550 5613 16879 974 5140 5213 73633 1173 523128
1 3 9 3 8923 09 84 5 8 52 9 2 5 1 20 4 7 7 9 5 9 610 62 46 6 8 24 12 73 799523 021 0400 706
883 193 5 6 02 0 5 02 09 7 0 85 980 1874 38 1480 15 0 983 16 1515 72 3 4 3289 12 410 15 9144 2742 5812
92313 1405 10018 6772 0851 7 5 12 69 42902 895 8913 6916 3265 5484 12005 124 5178 7310 99208 3154 625708
0 8 3 9 8166 48 12 5 5 12 5 2 0 8 28 9 2 0 4 7 1 796 55 46 1 3 83 02 23 978205 924 0803 150
203 123 5 6 20 1 5 12 85 0 2 42 987 9274 75 2350 72 4 972 15 1265 16 4 6 8279 92 285 12 7234 6702 8064
02493 1100 40218 8712 3021 2 5 62 99 56177 815 8784 9412 1715 5513 12715 207 4378 9308 59288 4160 301178
6 9 7 4 0527 95 74 6 9 10 9 0 3 1 58 3 4 0 4 8 1 096 14 45 5 8 24 60 23 990823 124 8003 506
663 023 5 9 49 8 7 49 89 2 1 82 987 1017 18 2017 70 8 990 14 5459 12 7 4 7265 72 918 18 2868 5410 9740
02313 0719 63315 5713 5521 3 5 12 78 18188 800 8972 9850 1257 4030 18295 174 6134 9342 33836 1153 259698
7 2 3 4 3103 05 82 5 7 82 9 8 0 1 00 5 3 1 9 0 1 958 02 05 9 7 64 13 70 731246 124 8154 693
556 803 5 5 12 5 2 72 89 0 2 07 084 0233 15 2354 01 4 973 14 1249 72 3 7 9289 12 013 12 2105 8912 8016
13394 1035 13215 8700 5001 4 5 52 09 72158 439 8662 9619 1918 3213 90013 194 2194 6315 50913 1163 160109
5 2 4 3 5073 40 62 5 6 17 8 2 0 1 26 0 2 1 5 5 0 896 12 44 9 8 53 47 27 996225 534 9743 557
193 123 5 9 02 8 2 12 79 8 0 06 587 9514 85 2818 12 0 912 70 8279 82 7 2 1289 82 419 72 2585 0012 8914
05037 1038 13215 6918 5301 1 5 15 08 17087 898 6912 8162 1610 5883 42642 027 3050 8368 83721 1480 125148
0 9 6 8 3983 42 02 9 5 12 9 8 7 1 28 9 2 1 9 0 0 462 19 27 2 7 20 88 32 713003 196 4123 596
121 108 0 9 12 8 7 52 89 0 7 82 597 1814 75 2314 93 8 980 54 7216  0 6 92 94 70578 818 9902 9069 1269 2463 18716 122 5434 5007 56903 1053 925190
9 2 9 8 5153 47 19 5 9 12 7 8 8 9 26 9 0 0 4 5 3 952 12 95 9 2 06 12 07 895017 579 8122 550
025 123 5 9 16 3 0 74 85 9 8 62 980 6939 15 4914 12 4 212 80 1715 92 3 7 9077 58 457 10 0145 8012 8919
97914 1105 13400 8872 5128 3 5 94 92 19560 915 3018 8814 1255 5403 12265 628 5130 5322 03293 1813 866795
3 2 3 9 0223 95 12 5 3 96 9 7 1 7 28 9 2 9 0 5 2 940 12 95 9 7 78 92 03 207600 927 6123 546
123 197 5 9 14 5 2 13 89 1 5 82 087 5214 15 3314 15 0 902 94 0090 02 3 5 9289 82 099 82 2594 8303 8862
49380 7138 09897 7712 6428 9 5 12 38 77056 317 2912 9215 1685 5410 86480 624 8734 7012 03013 1963 124198
0 2 3 4 5157 60 19 0 4 19 9 8 8 4 21 9 2 1 0 0 1 059 12 40 9 9 24 00 93 991223 124 0185 506
120 126 5 0 12 8 9 60 99 6 1 87 589 1284 15 0313 22 4 010 86 0817 13 3 0 0299 52 495 12 0175 8070 9962
12093 1735 83015 9017 5891 3 5 19 99 12370 840 8906 8856 7085 7337 10260 684 5104 3412 54288 8153 124198
4 2 9 0 8100 18 02 4 5 83 9 0 5 4 28 9 2 1 3 5 1 609 19 40 9 8 28 12 49 095809 720 7025 056
920 123 4 0 12 8 7 92 89 8 1 02 927 1206 05 2019 10 5 412 14 1239 77 8 6 0887 09 058 60 4748 8712 8672
82913 1120 93095 8482 5090 3 5 42 98 15150 015 8992 8002 1475 2913 00216 190 5030 5419 43203 1159 109785
1 2 9 4 5123 78 19 7 5 92 0 0 8 8 04 8 2 1 4 4 6 568 02 40 9 0 24 54 23 898620 024 8928 550
723 123 1 9 03 7 4 32 89 4 1 42 983 1004 45 2314 34 3 962 14 0217 07 3 0 3060 17 385 29 8975 8072 4917
12383 9105 46258 9757 5191 3 5 02 54 12762 813 0965 4402 4315 4403 02215 996 0134 5642 50255 5103 315118
1 2 2 4 9146 85 12 5 5 12 5 2 5 1 28 9 2 1 4 7 0 947 11 45 7 0 00 12 23 841220 002 8843 969
723 168 5 7 62 8 5 96 77 0 1 82 187 1244 05 0117 12 7 017 15 5092 18 5 8 1089 12 539 55 4045 8472 5917
19913 1705 63218 2702 0131 9 0 12 15 12632 805 0919 9216 1250 5419 15205 683 9864 0312 57093 3153 125103
1 2 3 4 5723 92 17 9 6 12 9 2 0 1 28 9 2 6 9 5 2 912 00 79 9 0 78 09 95 891203 129 8129 506
123 223 7 9 12 8 2 19 80 9 2 62 977 0914 95 2314 12 4 017 90 1640 92 4 5 9849 77 905 12 2800 8786 8212
12043 9855 93208 7714 9181 5 2 40 98 92144 574 4018 9742 6985 5423 83989 120 5730 4882 08211 4130 107071
1 2 5 0 1089 80 92 5 9 12 4 2 8 0 04 2 0 2 8 6 5 912 14 85 0 8 78 16 20 995023 854 5626 056
173 063 5 5 86 8 8 64 39 0 5 84 789 0210 35 2913 90 0 095 94 1217 12 5 5 5674 72 085 72 3145 8737 7902
02510 6935 80005 8502 5021 3 5 92 97 00092 965 8252 9022 9211 9063 12215 994 5194 0705 52203 9103 125159
9 7 7 4 7123 45 18 8 5 12 9 2 8 9 29 5 6 7 4 5 7 072 68 09 4 3 48 17 93 398823 124 7587 856
403 128 5 8 12 8 8 12 09 6 4 89 987 4114 15 0314 06 0 862 14 1206 02 3 5 1684 70 415 82 8095 0616 8712
02093 0685 19805 0582 8126 3 5 16 98 22072 419 0918 0876 1275 4600 32958 620 5132 4012 03755 1153 005495
5 1 3 0 5823 42 12 5 5 17 9 9 8 9 28 9 2 1 9 0 0 619 89 40 9 2 71 12 20 891429 174 4196 758
143 623 5 8 14 8 4 80 59 7 8 88 917 9389 17 9814 57 3 617 09 0903 12 3 6 0981 72 415 52 5057 8812 9211
12308 1955 03817 9712 3821 3 6 12 98 06120 115 8919 9812 9019 3018 14215 924 5953 5314 53243 1763 120108
5 2 8 4 5147 49 10 0 0 92 9 8 3 1 23 8 9 9 4 5 7 289 32 45 0 8 68 12 89 899220 126 8189 056
50 140 0 9 02 8 8 10 80 9 0 85 985 8994 55 8604 72 4 682 31 6765 12 3 8 1209 31 570 87 6506 8002 8002
82183 1130 77815 9918 2181 6 6 15 98 72132 085 6932 6012 8795 2415 82235 120 5934 4902 53253 1153 790060
9 2 3 4 5100 08 92 8 0 89 9 2 4 1 28 8 7 1 4 8 0 012 12 08 8 6 04 06 20 370405 024 5523 559
503 128 7 2 12 2 2 52 29 9 6 82 192 5207 18 2894 07 4 542 61 9249 72 5 0 8209 82 415 40 6484 0782 8902
12363 1465 13255 0992 9121 0 0 62 98 59160 519 8904 9802 8205 0410 13157 127 7186 9372 03216 5130 495199
1 2 0 4 5823 42 00 6 8 17 7 1 8 6 25 9 9 1 4 5 1 415 87 65 0 0 70 17 56 801220 925 3123 568
092 533 0 9 96 2 7 92 09 2 1 82 777 1719 15 2004 12 0 012 65 4254 12 5 7 1759 47 445 02 9106 8782 0909
22110 1105 53465 5912 5421 1 0 12 98 62183 465 0912 5782 7216 5493 10212 164 5034 5948 57218 1140 020598
1 4 0 7 5125 09 70 3 5 48 1 2 7 7 20 0 9 1 0 5 1 945 19 85 9 8 24 18 47 890222 022 8123 579
528 583 6 9 92 7 9 99 79 0 1 06 988 5896 17 9314 06 4 012 14 1906 02 0 5 8779 42 501 12 2160 9012 8972
09903 1830 13265 9518 5651 3 5 02 94 92588 819 8770 6010 8016 9660 19267 520 5794 5302 93599 0803 125173
1 2 7 6 5830 45 42 5 5 18 7 2 9 1 26 8 2 1 4 9 0 094 12 95 0 9 25 12 83 091223 829 9103 850
121 123 5 9 82 8 2 91 89 2 1 82 987 1204 15 0074 72 0 972 64 7945 02 3 5 1486 15 485 12 2550 8717 8912
02313 1125 83010 0302 5191 0 2 13 98 17163 809 9919 9882 1735 0643 09289 624 5034 2775 04273 1153 920898
8 2 3 7 1105 65 19 0 1 00 4 8 0 1 58 9 9 1 7 5 4 902 60 44 9 7 87 12 28 578026 129 5174 546
113 897 0 9 00 8 2 12 89 9 2 92 900 8514 13 9310 67 0 819 65 1916 01 3 7 0929 82 485 18 6165 8912 5512
13018 1908 05295 8812 5125 3 8 06 98 67170 890 3962 4672 0015 5803 12715 667 9137 0319 63214 7753 155158
1 2 0 4 9123 96 19 0 8 13 7 2 7 8 98 9 7 4 4 7 4 012 42 45 5 4 29 12 93 870213 684 8083 750
150 203 5 9 58 8 0 03 90 7 6 07 975 1067 10 2616 08 8 912 14 4215 18 3 5 1579 05 915 46 8945 7770 8992
10699 2135 00218 8892 5026 3 5 12 58 15592 810 8909 9876 3215 3413 00215 130 5134 3362 51213 5158 159927
4 0 9 4 1127 09 08 5 0 76 8 8 4 1 26 9 2 8 0 5 9 918 12 49 9 0 29 40 28 537253 702 6103 268
153 442 0 9 16 8 2 18 80 6 1 50 986 1287 55 5304 15 4 695 14 1049 57 6 9 1280 12 095 13 6147 3850 8910
19356 2185 93315 8737 0181 3 7 82 08 12560 010 6912 9888 0215 5553 19275 124 9139 5312 70893 8600 605084
8 2 9 7 5064 43 50 5 5 01 9 3 9 0 21 8 6 6 1 5 4 010 49 45 9 9 84 12 58 891063 124 8853 950
087 890 5 5 89 0 2 17 49 9 1 92 987 6674 19 0619 92 0 819 18 8910 12 2 5 1389 06 695 56 5942 5782 8916
10963 7199 19213 9152 5109 3 5 12 16 67102 925 7372 0812 0315 5416 02211 024 5848 9312 09515 1198 395898
7 2 3 4 5197 10 10 5 5 84 2 9 9 6 28 9 2 1 4 5 1 043 85 55 3 0 20 47 20 646000 128 8093 556
023 027 9 9 12 9 2 99 80 0 5 02 986 1210 15 0019 62 4 966 06 7487 12 0 5 3206 32 606 19 8205 8002 7302
12015 1134 24215 8812 5129 0 5 67 08 22192 615 8012 9813 9250 6793 12215 559 5132 5552 87353 1050 907899
4 2 3 9 5619 45 52 7 6 17 9 8 9 8 28 9 5 1 3 5 0 913 10 58 9 5 09 02 66 895296 729 8927 556
923 103 5 8 79 8 0 12 86 3 0 82 547 8287 17 0384 40 4 919 14 1959 70 3 8 1299 02 405 12 4145 8776 8810
86313 1830 67295 8712 0087 3 5 52 98 16176 395 9009 0815 1388 5629 02205 129 5134 3512 80213 1003 195998
1 7 5 0 5043 45 40 5 5 16 8 2 8 7 29 3 7 0 5 5 8 962 92 45 9 7 27 12 73 891023 155 8043 026
57 740 5 0 92 8 0 12 81 0 7 84 997 1816 15 7690 40 0 242 39 5206 15 4 3 0289 17 410 32 2148 8692 8810
82710 9134 88235 8702 5086 0 5 62 28 02177 056 9992 6832 1911 5410 18255 144 5074 5312 66213 7154 189898
6 8 8 4 0820 30 02 5 0 42 9 9 9 1 07 9 6 7 4 5 1 902 12 05 9 8 24 09 93 699523 224 8190 556
099 029 8 9 50 5 2 12 49 0 5 89 927 1710 10 2340 10 4 912 14 6205 10 8 5 1787 96 479 17 9145 8412 9912
04603 1434 89207 8712 5821 7 2 15 08 26186 897 8079 9017 5269 2454 07915 124 0174 5316 83262 0771 899199
1 9 3 0 5180 55 00 3 8 62 0 0 9 1 29 9 2 1 0 5 9 912 17 45 6 8 89 42 88 669523 722 6020 555
129 129 8 0 12 5 3 19 99 6 9 82 387 1994 95 2461 12 4 082 17 1710 85 3 8 0089 10 865 71 9745 8703 8980
76316 1738 13085 0762 5129 9 5 14 08 12145 898 8917 0812 1215 8107 15210 124 0677 7052 03267 3350 179665
1 3 7 0 7193 05 16 0 5 32 4 2 1 1 28 1 2 8 0 5 6 962 02 06 2 9 24 02 77 887573 194 8183 559
000 123 7 0 95 8 2 15 84 5 1 34 957 8270 16 7200 69 3 912 39 2265 18 3 0 8000 15 755 12 7145 8132 9992
99513 3135 18616 5732 5621 0 7 80 09 58107 800 7912 8812 1435 9713 02215 904 5134 9952 51200 1053 125198
1 2 3 0 6129 46 46 5 7 72 8 2 9 4 39 9 2 0 0 9 0 712 31 35 0 8 96 40 69 851023 804 8123 556
123 920 9 9 10 2 2 08 80 0 7 93 997 0215 25 2016 82 4 915 19 1219 02 3 9 5200 10 015 12 2147 8712 3202
22347 1645 63265 8086 9621 0 5 39 98 39752 878 8986 9712 1915 5489 12215 872 5832 8302 53910 1733 925157
0 8 4 4 5123 47 92 5 6 92 8 0 9 1 28 9 2 1 4 9 1 045 52 95 6 8 57 12 82 868609 824 8194 976
943 626 5 0 70 8 5 12 67 1 1 72 094 1275 10 2314 18 4 910 10 8215 12 3 5 1253 77 418 67 5800 8718 8616
18313 1264 03915 8012 0131 3 5 62 20 12315 315 8908 5858 8276 5469 12238 174 5188 5312 53279 1159 605098
1 2 3 4 5483 65 12 7 5 13 0 2 4 6 87 9 0 6 6 5 8 987 92 96 9 0 90 72 23 107427 174 7125 587
099 223 5 9 97 9 9 14 85 5 1 92 788 5214 54 0510 19 4 802 17 9617 02 6 8 0253 32 419 40 6945 8712 0792
10694 3100 49275 8312 5126 3 5 82 97 93138 802 0910 9426 1619 5800 10237 158 5134 0917 58603 1598 124190
1 9 3 9 5173 40 18 5 8 82 9 7 3 1 49 7 2 8 3 8 1 919 02 47 7 8 64 59 24 838228 150 8123 055
473 120 5 9 10 8 4 09 99 7 0 92 907 6909 18 2514 12 9 802 50 9269 17 3 0 1789 86 475 02 2726 8842 7018
12313 1165 43036 8712 1124 8 5 12 98 19012 863 9900 3012 7049 5073 16255 128 8104 5359 58363 0193 895798
0 7 3 5 5120 45 12 6 8 02 7 6 5 1 28 9 2 7 5 8 8 967 12 05 9 9 08 12 43 897852 013 8128 500
122 003 0 0 50 9 6 98 60 8 1 89 350 8218 45 2394 02 4 718 34 6657 18 3 5 5559 38 428 12 9174 0727 8922
12323 3133 13295 0712 9101 3 5 12 02 18154 815 0912 9882 1526 9483 18315 174 5144 5068 54215 8903 727694
9 2 3 6 5423 32 05 6 5 12 8 2 9 9 08 9 7 1 9 0 5 846 14 94 9 3 24 19 23 891279 025 8176 356
180 123 5 9 60 8 0 12 77 8 0 82 987 5314 05 2314 82 5 969 14 5210 94 7 3 0278 84 514 11 9841 8977 8408
16393 7305 63800 8719 5768 8 5 12 98 82192 809 8710 0872 9904 5413 70215 030 0134 5302 53816 1158 077938
1 0 9 2 5150 48 93 2 5 12 7 2 7 7 78 9 2 7 0 5 8 990 32 55 8 8 70 72 03 391223 984 9646 166
123 026 7 9 86 8 2 20 49 5 8 80 003 5277 17 0300 15 0 903 84 9255 89 3 5 0156 10 648 20 6873 0754 3619
52378 1070 03200 8312 6987 3 5 12 38 69102 810 8154 9812 1840 5478 82799 394 9194 8789 58066 9098 025663
1 2 3 8 5103 47 12 5 0 14 2 5 6 1 25 8 2 1 8 9 1 816 16 47 7 5 04 35 93 500883 808 8726 544
00 760 5 9 66 0 2 82 59 4 1 58 985 1209 04 2800 12 4 584 10 1915 12 0 5 0289 40 475 18 2830 8796 5908
12090 1135 06260 8012 0821 3 5 62 98 62102 915 7012 9816 6314 5793 37992 126 6133 4390 83813 1153 723398
6 2 3 4 9123 49 00 6 7 89 7 8 3 5 28 6 6 1 4 3 1 977 80 48 5 0 21 90 00 891681 647 0102 536
020 123 5 9 66 4 8 72 89 4 1 42 987 1714 67 2356 12 4 479 17 8212 10 3 0 8888 12 887 12 3145 0715 8072
37883 1637 15215 8912 3021 3 5 12 07 52172 051 0912 9803 1486 9017 02315 125 7444 5687 23060 2109 829195
1 7 3 4 5123 40 12 5 4 12 9 0 9 0 79 0 2 1 8 7 1 908 10 40 9 5 29 16 90 891423 124 0123 556
033 429 2 9 72 1 2 12 95 2 4 87 907 9216 07 2519 62 4 410 14 1216 12 0 5 1289 60 461 15 2607 7712 8962
12013 1137 73280 8076 7131 0 0 12 74 65399 835 0219 7042 1915 0593 02975 120 9104 7877 05213 1153 158095
2 8 7 9 8106 72 02 5 5 72 4 0 0 1 20 8 6 0 4 5 3 704 12 75 9 8 04 12 05 891213 066 0150 536
339 973 0 9 17 5 1 12 88 0 1 85 557 1810 77 2315 12 3 919 77 1285 38 4 5 1283 02 915 10 2185 6903 0667
14910 4935 13225 8712 0721 3 5 12 95 57862 825 7912 9827 0255 6443 02595 624 6134 5352 52113 5093 125197
1 2 5 4 5123 06 12 3 0 06 9 2 0 7 08 0 2 4 8 8 6 582 73 85 9 9 24 15 28 592023 044 8159 085
617 557 6 9 02 8 2 12 52 0 1 82 087 7014 16 0613 80 4 916 14 0415 18 7 5 1689 62 780 62 4440 8910 6700
52383 1135 60248 8712 7481 9 2 18 77 43105 695 3910 3699 1280 8773 12815 127 5005 8242 93283 1126 829146
5 2 7 8 4583 48 08 5 5 62 9 9 9 1 78 9 2 1 3 5 9 900 52 55 9 8 54 15 33 990603 122 8193 555
500 820 5 2 19 0 2 82 89 0 1 26 780 8359 16 6310 30 4 902 03 1216 84 2 5 1289 35 415 14 2140 8712 7012
12803 9937 00230 8994 0321 3 9 85 98 12122 696 8510 9412 0715 8413 12215 224 4838 9592 83217 1153 080988
1 2 6 4 4020 86 12 0 3 87 9 5 5 0 08 9 2 1 7 6 1 914 96 97 6 8 26 62 93 004025 124 4123 858
178 129 4 9 29 5 2 12 88 2 1 50 967 1094 10 2254 82 4 970 14 1215 12 0 5 3209 18 215 12 2445 8712 9019
00336 6170 73245 0772 7821 3 5 16 98 12882 216 8950 0704 8417 9823 42095 004 5133 5996 59209 3053 479498
9 0 3 6 5823 79 92 5 5 10 9 7 8 8 48 9 8 4 7 7 1 962 08 45 8 6 04 12 29 792843 844 9164 599
423 053 5 9 82 9 2 18 85 8 9 92 988 9214 80 2354 14 4 315 64 3215 10 6 7 6284 19 311 32 2186 2992 8968
92313 5908 13925 7712 5195 3 5 79 97 12662 830 8915 3802 6285 0405 05815 128 0904 6352 53780 8173 125609
9 2 3 4 5290 45 52 4 9 12 3 0 0 1 23 5 4 0 4 5 1 019 62 79 9 9 28 15 20 991223 420 0693 253
027 190 3 0 89 0 0 06 29 0 1 42 987 8214 25 2769 86 8 906 71 9819 58 3 7 0281 99 217 12 8146 8792 8902
77560 1035 80253 3712 3681 6 7 02 08 11179 875 8969 4082 8610 2510 20555 070 3399 8339 50053 9158 995106
1 0 3 0 5272 85 02 5 5 12 9 0 8 0 28 7 0 1 4 5 1 212 02 49 9 8 03 02 03 861921 103 5143 846
048 220 2 7 23 8 8 41 76 6 8 56 980 1610 10 2003 92 5 938 10 8015 19 3 5 1679 46 415 12 2175 4912 7572
74872 4120 13290 8518 0121 3 8 15 84 12122 819 8712 9812 7215 5987 12075 184 0134 0318 43213 1658 975008
1 2 3 4 5123 97 12 5 7 12 9 4 9 1 87 9 8 9 6 3 8 082 18 85 9 5 85 02 24 893007 124 8159 956
139 123 2 9 92 8 2 32 89 8 1 82 487 0814 48 6512 84 4 885 24 1375 12 6 2 0089 16 868 30 2145 8062 8062
93683 3133 23911 8716 5121 8 3 11 47 22892 985 8491 2812 0785 5673 90286 501 5427 5412 33253 1193 195893
1 2 3 4 0593 45 92 5 5 17 9 2 0 8 58 8 7 5 9 5 9 917 61 47 0 4 25 87 23 796821 324 8123 450
50 123 6 9 02 8 0 32 09 6 1 83 986 8694 65 7363 14 5 010 77 1595 13 3 9 1972 88 415 87 2160 9619 4792
22913 6175 73297 9112 5827 3 5 12 93 14060 010 1989 7902 1235 0912 73295 193 5634 9960 85813 0673 621108
1 2 9 6 3163 09 02 0 5 95 7 7 0 6 08 5 2 1 4 5 8 020 02 45 8 8 28 00 24 899253 146 1223 586
173 125 9 9 82 8 9 79 99 4 0 72 587 1214 15 2914 14 0 122 14 8203 12 3 3 1189 72 455 12 2140 8019 8916
22383 6030 18210 7062 5551 0 5 02 99 82165 815 4912 0897 1834 7410 12215 139 8934 0142 53818 9753 985690
9 9 7 0 6929 45 30 5 5 07 9 8 6 9 28 9 6 6 4 5 0 901 12 29 9 8 20 12 43 803107 920 8928 006
123 927 5 8 62 8 0 32 86 2 1 93 989 7290 10 7688 87 4 950 14 1915 92 7 5 0285 79 415 97 0144 8005 8612
42383 9039 13279 8746 6151 5 7 42 91 16772 897 0912 9312 1635 5483 52516 066 5384 5292 51712 7165 143198
1 2 3 0 4926 10 37 2 6 12 3 0 6 0 78 6 2 1 8 9 8 990 52 89 9 8 34 38 28 820159 965 8127 959
970 193 4 8 12 0 0 92 89 2 1 49 957 7214 15 2310 92 4 017 10 8815 99 3 7 1986 52 485 12 2805 8702 6998
62413 0134 63277 7664 0189 3 0 21 86 82992 870 8907 7896 8908 5519 12213 124 5894 7413 53305 1077 640882
8 2 2 9 8023 20 99 5 5 14 9 5 6 0 24 9 2 0 5 7 6 912 12 05 9 8 64 12 20 690025 064 8985 870
103 189 9 9 00 1 2 92 08 9 1 82 987 1208 16 2814 12 8 915 14 5215 77 0 5 8200 12 565 12 2147 8706 0512
42680 6485 13211 8417 9125 6 5 12 97 12192 815 4918 9416 9257 5424 42487 106 5144 0977 58013 0163 425198
1 9 0 4 5100 79 26 3 5 10 0 2 0 5 01 9 2 5 4 5 1 062 12 56 7 2 07 15 68 882220 129 8123 506
206 723 5 9 97 8 2 62 86 0 0 87 990 7014 79 0385 12 5 482 14 7995 12 3 4 5379 50 417 06 2140 8712 2917
86317 1045 13617 8179 5115 3 0 12 98 12312 817 8512 9832 1535 7718 35215 108 6934 5372 53213 0159 899197
8 2 3 4 5187 41 16 9 0 18 0 1 6 8 99 9 2 0 4 5 1 902 02 49 4 9 44 12 73 891925 455 0823 956
800 183 6 4 18 3 8 12 45 8 9 82 987 6094 65 5316 19 4 216 14 4218 02 5 7 3389 42 413 12 2645 8712 3902
12375 6134 18018 4719 5127 3 8 80 98 52152 565 2447 0842 0215 5413 71615 144 5927 5389 03213 1144 195108
7 5 8 5 5123 03 87 7 0 12 9 9 7 6 98 9 5 1 8 8 1 962 63 90 7 8 25 16 28 700273 164 8124 749
623 023 5 9 04 9 6 32 89 5 3 92 584 1213 10 2798 69 4 944 79 1515 19 8 5 1483 12 416 10 3675 6717 8010
15796 1935 03518 0912 5381 3 5 63 95 12897 717 8942 9842 0875 9463 42254 984 5704 0962 53983 6589 125154
1 2 3 4 5123 85 19 5 5 12 9 8 5 7 38 9 2 1 7 2 1 959 32 45 9 0 24 80 29 895023 764 2193 090
743 703 0 9 90 8 0 62 80 7 7 80 984 1214 64 2419 10 4 914 34 1247 10 3 5 1789 16 610 62 5095 8772 9619
99319 1135 96818 8502 5121 5 5 70 93 99052 767 8810 9512 2265 5015 18855 804 8338 9092 47213 1753 900190
1 7 0 4 8153 95 18 5 8 72 9 2 5 9 68 9 2 1 9 2 1 815 62 45 7 9 45 67 33 848243 108 1280 566
723 147 7 9 99 0 0 82 85 6 1 32 927 0804 07 0844 12 4 913 04 9216 12 2 5 1004 15 010 18 0189 8512 8970
08813 1298 69985 8712 0023 2 5 18 08 12182 890 6993 0829 8265 0033 12615 188 5914 5316 53283 1668 129485
00310 5105 63989 2402 9140 3 5 96 99 72716 885 2912 9466 3215 4463 72905 126 5108 5322 23510 0076 985698

655360097069.465090
655369790965.903000