5 2 3 4 5123 45 12 5 5 12 9 2 7 1 28 9 2 1 4 5 1 912 12 45 9 8 24 12 23 891223 124 8123 556 
123 123 5 9 12 8 2 12 89 0 1 82 987 1214 15 2314 12 4 912 14 1215 12 3 5 1289 12 415 12 2145 8712 8912
12313 1135 13215 8712 5121 3 5 12 98 12182 815 8912 9812 1215 5413 12215 124 5134 5312 53213 1153 125198
1 2 3 4 5123 45 12 5 5 12 9 2 0 1 28 9 2 1 4 5 1 912 12 45 9 8 24 12 23 891223 124 8123 556
50 123 5 9 12 8 2 12 89 0 1 82 987 1214 15 2314 12 4 912 14 1215 12 3 5 1289 12 415 12 2145 8712 8912
12313 1135 13215 8712 5121 3 5 12 98 12102 815 8912 9812 1215 5413 12215 124 5134 5312 53213 1153 125198
1 2 3 4 5123 45 12 5 5 12 9 2 6 1 28 9 2 1 4 5 1 912 12 45 9 8 24 12 23 891223 124 8123 556
123 123 5 9 12 8 2 12 89 4 1 82 987 1214 15 2314 12 4 912 14 1215 12 3 5 1289 12 415 12 2145 8712 8912
12313 1135 13215 8712 5121 3 5 12 98 12102 815 8912 9812 1215 5413 12215 124 5134 5312 53213 1153 125198
1 2 3 4 5123 45 12 5 5 12 9 2 5 1 28 9 2 1 4 5 1 912 12 45 9 8 24 12 23 891223 124 8123 556
123 123 5 9 12 8 2 12 89 7 1 82 987 1214 15 2314 12 4 912 14 1215 12 3 5 1289 12 415 12 2145 8712 8912
12313 1135 13215 8712 5121 3 5 12 98 12102 815 8912 9812 1215 5413 12215 124 5134 5312 53213 1153 125198
1 2 3 4 5123 45 12 5 5 12 9 2 0 1 28 9 2 1 4 5 1 912 12 45 9 8 24 12 23 891223 124 8123 556
123 123 5 9 12 8 2 12 89 3 1 82 987 1214 15 2314 12 4 912 14 1215 12 3 5 1289 12 415 12 2145 8712 8912
12313 1135 13215 8712n5121 3 5 12 98 12162 815 8912 9812 1215 5413 12215 124 5134 5312 53213 1153 125198
1 2 3 4 5123 45 12 5 5 12 9 2 0 1 28 9 2 1 4 5 1 912 12 45 9 8 24 12 23 891223 124 8123 556
123 123 5 9 12 8 2 12 89 0 1 82 987 1214 15 2314 12 4 912 14 1215 12 3 5 1289 12 415 12 2145 8712 8912
12313 1135 13215 8712 5121 3 5 12 98 12102 815 8912 9812 1215 5413 12215 124 5134 5312 53213 1153 125198
1 2 3 4 5123 45 12 5 5 12 9 2 5 1 28 9 2 1 4 5 1 912 12 45 9 8 24 12 23 891223 124 8123 556
123 123 5 9 12 8 2 12 89 6 1 82 987 1214 15 2314 12 4 912 14 1215 12 3 5 1289 12 415 12 2145 8712 8912
12313 1135 13215 8712 5121 3 5 12 98 12102 815 8912 9812 1215 5413 12215 124 5134 5312 53213 1153 125198
1 2 3 4 5123 45 12 5 5 12 9 2 2 1 28 9 2 1 4 5 1 912 12 45 9 8 24 12 23 891223 124 8123 556
123 123 5 9 12 8 2 12 89 0 1 82 987 1214 15 2314 12 4 912 14 1215 12 3 5 1289 12 415 12 2145 8712 8912
12313 1135 13215 8712 5121 3 5 12 98 12182 815 8912 9812 1215 5413 12215 124 5134 5312 53213 1153 125198
1 2 3 4 5123 45 12 5 5 12 9 2 5 1 28 9 2 1 4 5 1 912 12 45 9 8 24 12 23 891223 124 8123 556
123 123 5 9 12 8 2 12 89 0 1 82 987 1214 15 2314 12 4 912 14 1215 12 3 5 1289 12 415 12 2145 8712 8912
12313 1135 13215 8712 5121 3 5 12 98 12162 815 8912 9812 1215 5413 12215 124 5134 5312 53213 1153 125198
1 2 3 4 5123 45 12 5 5 12 9 2 0 1 28 9 2 1 4 5 1 912 12 45 9 8 24 12 23 891223 124 8123 556
123 123 5 9 12 8 2 12 89 8 1 82 987 1214 15 2314 12 4 912 14 1215 12 3 5 1289 12 415 12 2145 8712 8912
12313 1135 13215 8712 5121 3 5 12 98 12102 815 8912 9812 1215 5413 12215 124 5134 5312 53213 1153 125198
1 2 3 4 5123 45 12 5 5 12 9 2 6 1 28 9 2 1 4 5 1 912 12 45 9 8 24 12 23 891223 124 8123 556
123 123 5 9 12 8 2 12 89 6 1 82 987 1214 15 2314 12 4 912 14 1215 12 3 5 1289 12 415 12 2145 8712 8912
1 2 3 4 5123 45 12 5 5 12 9 2 0 1 28 9 2 1 4 5 1 912 12 45 9 8 24 12 23 891223 124 8123 556
123 123 5 9 12 8 2 12 89 5 1 82 987 1214 15 2314 12 4 912 14 1215 12 3 5 1289 12 415 12 2145 8712 8912
12313 1135 13215 8712 5121 3 5 12 98 12172 815 8912 9812 1215 5413 12215 124 5134 5312 53213 912 14 1215 12 3 5 1289 12 415 12 2145 8712 8912
12313 1135 13215 8712 5121 3 5 12 98 12182 815 8912 9812 1215 5413 12215 124 5134 5312 53213 1153 125198
1 2 3 4 5123 45 12 5 5 12 9 2 0 1 28 9 2 1 4 5 1 912 12 45 9 8 24 12 23 891223 124 8123 556
123 123 5 9 12 8 2 12 89 0 1 82 987 1214 15 2314 12 4 912 14 1215 12 3 5 1289 12 415 12 2145 8712 8912
12313 1135 13215 8712 5121 3 5 12 98 12192 815 8912 9812 1215 5413 12215 124 5134 5312 53213 1153 125198
1 2 3 4 5123 45 12 5 5 12 9 2 0 1 28 9 2 1 4 5 1 912 12 45 9 8 24 12 23 891223 124 8123 556
123 123 5 9 12 8 2 12 89 6 1 82 987 1214 15 2314 12 4 912 14 1215 12 3 5 1289 12 415 12 2145 8712 8912
12313 1135 13215 8712 5121 3 5 12 98 12102 815 8912 9812 1215 5413 12215 124 5134 5312 53213 1153 125198
1 2 3 4 5123 45 12 5 5 12 9 2 4 1 28 9 2 1 4 5 1 912 12 45 9 8 24 12 23 891223 124 8123 556
123 123 5 9 12 8 2 12 89 9 1 82 987 1214 15 2314 12 4 912 14 1215 12 3 5 1289 12 415 12 2145 8712 8912
12313 1135 13215 8712 5121 3 5 12 98 12132 815 8912 9812 1215 5413 12215 124 5134 5312 53213 1153 125198
1 2 3 4 5123 45 12 5 5 12 9 2 6 1 28 9 2 1 4 5 1 912 12 45 9 8 24 12 23 891223 124 8123 556
123 123 5 9 12 8 2 12 89 0 1 82 987 1214 15 2314 12 4 912 14 1215 12 3 5 1289 12 415 12 2145 8712 8912
12313 1135 13215 8712 5121 3 5 12 98 12102 815 8912 9812 1215 5413 12215 124 5134 5312 53213 1153 125198
1 2 3 4 5123 45 12 5 5 12 9 2 5 1 28 9 2 1 4 5 1 912 12 45 9 8 24 12 23 891223 124 8123 556
123 123 5 9 12 8 2 12 89 4 1 82 987 1214 15 2314 12 4 912 14 1215 12 3 5 1289 12 415 12 2145 8712 8912
12313 1135 13215 8712 5121 3 5 12 98 12182 815 8912 9812 1215 5413 12215 124 5134 5312 53213 1153 125198
1 2 3 4 5123 45 12 5 5 12 9 2 0 1 28 9 2 1 4 5 1 912 12 45 9 8 24 12 23 891223 124 8123 556
50 123 5 9 12 8 2 12 89 4 1 82 987 1214 15 2314 12 4 912 14 1215 12 3 5 1289 12 415 12 2145 8712 8912
12313 1135 13215 8712 5121 3 5 12 98 12162 815 8912 9812 1215 5413 12215 124 5134 5312 53213 1153 125198
1 2 3 4 5123 45 12 5 5 12 9 2 2 1 28 9 2 1 4 5 1 912 12 45 9 8 24 12 23 891223 124 8123 556
123 123 5 9 12 8 2 12 89 5 1 82 987 1214 15 2314 12 4 912 14 1215 12 3 5 1289 12 415 12 2145 8712 8912
12313 1135 13215 8712 5121 3 5 12 98 12132 815 8912 9812 1215 5413 12215 124 5134 5312 53213 1153 125198
1 2 3 4 5123 45 12 5 5 12 9 2 4 1 28 9 2 1 4 5 1 912 12 45 9 8 24 12 23 891223 124 8123 556
123 123 5 9 12 8 2 12 89 0 1 82 987 1214 15 2314 12 4 912 14 1215 12 3 5 1289 12 415 12 2145 8712 8912
12313 1135 13215 8712 5121 3 5 12 98 12102 815 8912 9812 1215 5413 12215 124 5134 5312 53213 1153 125198
1 2 3 4 5123 45 12 5 5 12 9 2 0 1 28 9 2 1 4 5 1 912 12 45 9 8 24 12 23 891223 124 8123 556
123 123 5 9 12 8 2 12 89 8 1 82 987 1214 15 2314 12 4 912 14 1215 12 3 5 1289 12 415 12 2145 8712 8912
12313 1135 13215 8712 5121 3 5 12 98 12142 815 8912 9812 1215 5413 12215 124 5134 5312 53213 1153 125198
1 2 3 4 5123 45 12 5 5 12 9 2 1 1 28 9 2 1 4 5 1 912 12 45 9 8 24 12 23 891223 124 8123 556
123 123 5 9 12 8 2 12 89 6 1 82 987 1214 15 2314 12 4 912 14 1215 12 3 5 1289 12 415 12 2145 8712 8912
12313 1135 13215 8712 5121 3 5 12 98 12102 815 8912 9812 1215 5413 12215 124 5134 5312 53213 1153 125198
1 2 3 4 5123 45 12 5 5 12 9 2 0 1 28 9 2 1 4 5 1 912 12 45 9 8 24 12 23 891223 124 8123 556
123 123 5 9 12 8 2 12 89 3 1 82 987 1214 15 2314 12 4 912 14 1215 12 3 5 1289 12 415 12 2145 8712 8912
12313 1135 13215 8712 5121 3 5 12 98 12112 815 8912 9812 1215 5413 12215 124 5134 5312 53213 1153 125198
1 2 3 4 5123 45 12 5 5 12 9 2 7 1 28 9 2 1 4 5 1 912 12 45 9 8 24 12 23 891223 124 8123 556
123 123 5 9 12 8 2 12 89 5 1 82 987 1214 15 2314 12 4 912 14 1215 12 3 5 1289 12 415 12 2145 8712 8912
12313 1135 13215 8712 5121 3 5 12 98 12102 815 8912 9812 1215 5413 12215 124 5134 5312 53213 1153 125198
1 2 3 4 5123 45 12 5 5 12 9 2 6 1 28 9 2 1 4 5 1 912 12 45 9 8 24 12 23 891223 124 8123 556
123 123 5 9 12 8 2 12 89 5 1 82 987 1214 15 2314 12 4 912 14 1215 12 3 5 1289 12 415 12 2145 8712 8912
12313 1135 13215 8712 5121 3 5 12 98 12102 815 8912 9812 1215 5413 12215 124 5134 5312 53213 1153 125198
1 2 3 4 5123 45 12 5 5 12 9 2 0 1 28 9 2 1 4 5 1 912 12 45 9 8 24 12 23 891223 124 8123 556
123 123 5 9 12 8 2 12 89 9 1 82 987 1214 15 2314 12 4 912 14 1215 12 3 5 1289 12 415 12 2145 8712 8912
12313 1135 13215 8712 5121 3 5 12 98 12102 815 8912 9812 1215 5413 12215 124 5134 5312 53213 1153 125198
1 2 3 4 5123 45 12 5 5 12 9 2 0 1 28 9 2 1 4 5 1 912 12 45 9 8 24 12 23 891223 124 8123 556
123 123 5 9 12 8 2 12 89 5 1 82 987 1214 15 2314 12 4 912 14 1215 12 3 5 1289 12 415 12 2145 8712 8912
12313 1135 13215 8712 5121 3 5 12 98 12182 815 8912 9812 1215 5413 12215 124 5134 5312 53213 1153 125198
1 2 3 4 5123 45 12 5 5 12 9 2 0 1 28 9 2 1 4 5 1 912 12 45 9 8 24 12 23 891223 124 8123 556
123 123 5 9 12 8 2 12 89 0 1 82 987 1214 15 2314 12 4 912 14 1215 12 3 5 1289 12 415 12 2145 8712 8912
12313 1135 13215 8712 5121 3 5 12 98 12192 815 8912 9812 1215 5413 12215 124 5134 5312 53213 1153 125198
1 2 3 4 5123 45 12 5 5 12 9 2 0 1 28 9 2 1 4 5 1 912 12 45 9 8 24 12 23 891223 124 8123 556
57 123 5 9 12 8 2 12 89 0 1 82 987 1214 15 2314 12 4 912 14 1215 12 3 5 1289 12 415 12 2145 8712 8912
12313 1135 13215 8712 5121 3 5 12 98 12102 815 8912 9812 1215 5413 12215 124 5134 5312 53213 1153 125198
1 2 3 4 5123 45 12 5 5 12 9 2 6 1 28 9 2 1 4 5 1 912 12 45 9 8 24 12 23 891223 124 8123 556
123 123 5 9 12 8 2 12 89 0 1 82 987 1214 15 2314 12 4 912 14 1215 12 3 5 1289 12 415 12 2145 8712 8912
12313 1135 13215 8712 5121 3 5 12 98 12182 815 8912 9812 1215 5413 12215 124 5134 5312 53213 1153 125198
1 2 3 4 5123 45 12 5 5 12 9 2 0 1 28 9 2 1 4 5 1 912 12 45 9 8 24 12 23 891223 124 8123 556
123 123 5 9 12 8 2 12 89 0 1 82 987 1214 15 2314 12 4 912 14 1215 12 3 5 1289 12 415 12 2145 8712 8912
12313 1135 13215 8712 5121 3 5 12 98 12102 815 8912 9812 1215 5413 12215 124 5134 5312 53213 1153 125198
1 2 3 4 5123 45 12 5 5 12 9 2 0 1 28 9 2 1 4 5 1 912 12 45 9 8 24 12 23 891223 124 8123 556
123 123 5 9 12 8 2 12 89 0 1 82 987 1214 15 2314 12 4 912 14 1215 12 3 5 1289 12 415 12 2145 8712 8912
12313 1135 13215 8712 5121 3 5 12 98 12132 815 8912 9812 1215 5413 12215 124 5134 5312 53213 1153 125198
1 2 3 4 5123 45 12 5 5 12 9 2 8 1 28 9 2 1 4 5 1 912 12 45 9 8 24 12 23 891223 124 8123 556
123 123 5 9 12 8 2 12 89 0 1 82 987 1214 15 2314 12 4 912 14 1215 12 3 5 1289 12 415 12 2145 8712 8912
12313 1135 13215 8712 5121 3 5 12 98 12182 815 8912 9812 1215 5413 12215 124 5134 5312 53213 1153 125198
1 2 3 4 5123 45 12 5 5 12 9 2 0 1 28 9 2 1 4 5 1 912 12 45 9 8 24 12 23 891223 124 8123 556
123 123 5 9 12 8 2 12 89 0 1 82 987 1214 15 2314 12 4 912 14 1215 12 3 5 1289 12 415 12 2145 8712 8912
12313 1135 13215 8712 5121 3 5 12 98 12102 815 8912 9812 1215 5413 12215 124 5134 5312 53213 1153 125198
1 2 3 4 5123 45 12 5 5 12 9 2 7 1 28 9 2 1 4 5 1 912 12 45 9 8 24 12 23 891223 124 8123 556
123 123 5 9 12 8 2 12 89 0 1 82 987 1214 15 2314 12 4 912 14 1215 12 3 5 1289 12 415 12 2145 8712 8912
12313 1135 13215 8712 5121 3 5 12 98 12182 815 8912 9812 1215 5413 12215 124 5134 5312 53213 1153 125198
1 2 3 4 5123 45 12 5 5 12 9 2 0 1 28 9 2 1 4 5 1 912 12 45 9 8 24 12 23 891223 124 8123 556
123 123 5 9 12 8 2 12 89 4 1 82 987 1214 15 2314 12 4 912 14 1215 12 3 5 1289 12 415 12 2145 8712 8912
12313 1135 13215 8712 5121 3 5 12 98 12182 815 8912 9812 1215 5413 12215 124 5134 5312 53213 1153 125198
1 2 3 4 5123 45 12 5 5 12 9 2 2 1 28 9 2 1 4 5 1 912 12 45 9 8 24 12 23 891223 124 8123 556
123 123 5 9 12 8 2 12 89 9 1 82 987 1214 15 2314 12 4 912 14 1215 12 3 5 1289 12 415 12 2145 8712 8912
12313 1135 13215 8712 5121 3 5 12 98 12142 815 8912 9812 1215 5413 12215 124 5134 5312 53213 1153 125198
1 2 3 4 5123 45 12 5 5 12 9 2 7 1 28 9 2 1 4 5 1 912 12 45 9 8 24 12 23 891223 124 8123 556
123 123 5 9 12 8 2 12 89 8 1 82 987 1214 15 2314 12 4 912 14 1215 12 3 5 1289 12 415 12 2145 8712 8912
12313 1135 13215 8712 5121 3 5 12 98 12102 815 8912 9812 1215 5413 12215 124 5134 5312 53213 1153 125198
12313 1135 13215 8712 5121 3 5 12 98 12102 815 8912 9812 1215 5413 12215 124 5134 5312 53213 1153 125198
5 2 3 4 5123 45 12 5 5 12 9 2 0 1 28 9 2 1 4 5 1 912 12 45 9 8 24 12 23 891223 124 8123 556
123 123 5 9 12 8 2 12 89 0 1 82 987 1214 15 2314 12 4 912 14 1215 12 3 5 1289 12 415 12 2145 8712 8912
12313 1135 13215 8712 5121 3 5 12 98 12142 815 8912 9812 1215 5413 12215 124 5134 5312 53213 1153 125198
1 2 3 4 5123 45 12 5 5 12 9 2 9 1 28 9 2 1 4 5 1 912 12 45 9 8 24 12 23 891223 124 8123 556
55 123 5 9 12 8 2 12 89 0 1 82 987 1214 15 2314 12 4 912 14 1215 12 3 5 1289 12 415 12 2145 8712 8912
12313 1135 13215 8712 5121 3 5 12 98 12102 815 8912 9812 1215 5413 12215 124 5134 5312 53213 1153 125198
1 2 3 4 5123 45 12 5 5 12 9 2 0 1 28 9 2 1 4 5 1 912 12 45 9 8 24 12 23 891223 124 8123 556
123 123 5 9 12 8 2 12 89 4 1 82 987 1214 15 2314 12 4 912 14 1215 12 3 5 1289 12 415 12 2145 8712 8912
12313 1135 13215 8712 5121 3 5 12 98 12162 815 8912 9812 1215 5413 12215 124 5134 5312 53213 1153 125198
1 2 3 4 5123 45 12 5 5 12 9 2 9 1 28 9 2 1 4 5 1 912 12 45 9 8 24 12 23 891223 124 8123 556
123 123 5 9 12 8 2 12 89 9 1 82 987 1214 15 2314 12 4 912 14 1215 12 3 5 1289 12 415 12 2145 8712 8912
12313 1135 13215 8712 5121 3 5 12 98 12142 815 8912 9812 1215 5413 12215 124 5134 5312 53213 1153 125198
1 2 3 4 5123 45 12 5 5 12 9 2 7 1 28 9 2 1 4 5 1 912 12 45 9 8 24 12 23 891223 124 8123 556
123 123 5 9 12 8 2 12 89 0 1 82 987 1214 15 2314 12 4 912 14 1215 12 3 5 1289 12 415 12 2145 8712 8912
12313 1135 13215 8712 5121 3 5 12 98 12102 815 8912 9812 1215 5413 12215 124 5134 5312 53213 1153 125198
1 2 3 4 5123 45 12 5 5 12 9 2 8 1 28 9 2 1 4 5 1 912 12 45 9 8 24 12 23 891223 124 8123 556
123 123 5 9 12 8 2 12 89 6 1 82 987 1214 15 2314 12 4 912 14 1215 12 3 5 1289 12 415 12 2145 8712 8912
12313 1135 13215 8712 5121 3 5 12 98 12182 815 8912 9812 1215 5413 12215 124 5134 5312 53213 1153 125198
1 2 3 4 5123 45 12 5 5 12 9 2 8 1 28 9 2 1 4 5 1 912 12 45 9 8 24 12 23 891223 124 8123 556
123 123 5 9 12 8 2 12 89 0 1 82 987 1214 15 2314 12 4 912 14 1215 12 3 5 1289 12 415 12 2145 8712 8912
12313 1135 13215 8712 5121 3 5 12 98 12102 815 8912 9812 1215 5413 12215 124 5134 5312 53213 1153 125198
1 2 3 4 5123 45 12 5 5 12 9 2 4 1 28 9 2 1 4 5 1 912 12 45 9 8 24 12 23 891223 124 8123 556
123 123 5 9 12 8 2 12 89 5 1 82 987 1214 15 2314 12 4 912 14 1215 12 3 5 1289 12 415 12 2145 8712 8912
12313 1135 13215 8712 5121 3 5 12 98 12192 815 8912 9812 1215 5413 12215 124 5134 5312 53213 1153 125198
1 2 3 4 5123 45 12 5 5 12 9 2 0 1 28 9 2 1 4 5 1 912 12 45 9 8 24 12 23 891223 124 8123 556
123 123 5 9 12 8 2 12 89 0 1 82 987 1214 15 2314 12 4 912 14 1215 12 3 5 1289 12 415 12 2145 8712 8912
12313 1135 13215 8712 5121 3 5 12 98 12102 815 8912 9812 1215 5413 12215 124 5134 5312 53213 1153 125198
1 2 3 4 5123 45 12 5 5 12 9 2 7 1 28 9 2 1 4 5 1 912 12 45 9 8 24 12 23 891223 124 8123 556
123 123 5 9 12 8 2 12 89 0 1 82 987 1214 15 2314 12 4 912 14 1215 12 3 5 1289 12 415 12 2145 8712 8912
12313 1135 13215 8712 5121 3 5 12 98 12132 815 8912 9812 1215 5413 12215 124 5134 5312 53213 1153 125198
1 2 3 4 5123 45 12 5 5 12 9 2 4 1 28 9 2 1 4 5 1 912 12 45 9 8 24 12 23 891223 124 8123 556
123 123 5 9 12 8 2 12 89 2 1 82 987 1214 15 2314 12 4 912 14 1215 12 3 5 1289 12 415 12 2145 8712 8912
1 2 3 4 5123 45 12 5 5 12 9 2 7 1 28 9 2 1 4 5 1 912 12 45 9 8 24 12 23 891223 124 8123 556
123 123 5 9 12 8 2 12 89 9 1 82 987 1214 15 2314 12 4 912 14 1215 12 3 5 1289 12 415 12 2145 8712 8912
12313 1135 13215 8712 5121 3 5 12 98 12102 815 8912 9812 1215 5413 12215 124 5134 5312 53213 1153 125198
1 2 3 4 5123 45 12 5 5 12 9 2 0 1 28 9 2 1 4 5 1 912 12 45 9 8 24 12 23 891223 124 8123 556
51 123 5 9 12 8 2 12 89 0 1 82 987 1214 15 2314 12 4 912 14 1215 12 3 5 1289 12 415 12 2145 8712 8912
12313 1135 13215 8712 5121 3 5 12 98 12132 815 8912 9812 1215 5413 12215 124 5134 5312 53213 1153 125198
1 2 3 4 5123 45 12 5 5 12 9 2 0 1 28 9 2 1 4 5 1 912 12 45 9 8 24 12 23 891223 124 8123 556
123 123 5 9 12 8 2 12 89 0 1 82 987 1214 15 2314 12 4 912 14 1215 12 3 5 1289 12 415 12 2145 8712 8912
12313 1135 13215 8712 5121 3 5 12 98 12182 815 8912 9812 1215 5413 12215 124 5134 5312 53213 1153 125198
1 2 3 4 5123 45 12 5 5 12 9 2 0 1 28 9 2 1 4 5 1 912 12 45 9 8 24 12 23 891223 124 8123 556
123 123 5 9 12 8 2 12 89 0 1 82 987 1214 15 2314 12 4 912 14 1215 12 3 5 1289 12 415 12 2145 8712 8912
12313 1135 13215 8712 5121 3 5 12 98 12102 815 8912 9812 1215 5413 12215 124 5134 5312 53213 1153 125198
1 2 3 4 5123 45 12 5 5 12 9 2 9 1 28 9 2 1 4 5 1 912 12 45 9 8 24 12 23 891223 124 8123 556
123 123 5 9 12 8 2 12 89 9 1 82 987 1214 15 2314 12 4 912 14 1215 12 3 5 1289 12 415 12 2145 8712 8912
12313 1135 13215 8712 5121 3 5 12 98 12102 815 8912 9812 1215 5413 12215 124 5134 5312 53213 1153 125198
1 2 3 4 5123 45 12 5 5 12 9 2 5 1 28 9 2 1 4 5 1 912 12 45 9 8 24 12 23 891223 124 8123 556
123 123 5 9 12 8 2 12 89 5 1 82 987 1214 15 2314 12 4 912 14 1215 12 3 5 1289 12 415 12 2145 8712 8912
12313 1135 13215 8712 5121 3 5 12 98 12192 815 8912 9812 1215 5413 12215 124 5134 5312 53213 1153 125198
1 2 3 4 5123 45 12 5 5 12 9 2 2 1 28 9 2 1 4 5 1 912 12 45 9 8 24 12 23 891223 124 8123 556
123 123 5 9 12 8 2 12 89 0 1 82 987 1214 15 2314 12 4 912 14 1215 12 3 5 1289 12 415 12 2145 8712 8912
12313 1135 13215 8712 5121 3 5 12 98 12192 815 8912 9812 1215 5413 12215 124 5134 5312 53213 1153 125198
1 2 3 4 5123 45 12 5 5 12 9 2 7 1 28 9 2 1 4 5 1 912 12 45 9 8 24 12 23 891223 124 8123 556
123 123 5 9 12 8 2 12 89 9 1 82 987 1214 15 2314 12 4 912 14 1215 12 3 5 1289 12 415 12 2145 8712 8912
12313 1135 13215 8712 5121 3 5 12 98 12102 815 8912 9812 1215 5413 12215 124 5134 5312 53213 1153 125198
1 2 3 4 5123 45 12 5 5 12 9 2 7 1 28 9 2 1 4 5 1 912 12 45 9 8 24 12 23 891223 124 8123 556
123 123 5 9 12 8 2 12 89 4 1 82 987 1214 15 2314 12 4 912 14 1215 12 3 5 1289 12 415 12 2145 8712 8912
12313 1135 13215 8712 5121 3 5 12 98 12102 815 8912 9812 1215 5413 12215 124 5134 5312 53213 1153 125198
1 2 3 4 5123 45 12 5 5 12 9 2 7 1 28 9 2 1 4 5 1 912 12 45 9 8 24 12 23 891223 124 8123 556
123 123 5 9 12 8 2 12 89 7 1 82 987 1214 15 2314 12 4 912 14 1215 12 3 5 1289 12 415 12 2145 8712 8912
12313 1135 13215 8712 5121 3 5 12 98 12102 815 8912 9812 1215 5413 12215 124 5134 5312 53213 1153 125198
1 2 3 4 5123 45 12 5 5 12 9 2 7 1 28 9 2 1 4 5 1 912 12 45 9 8 24 12 23 891223 124 8123 556
123 123 5 9 12 8 2 12 89 7 1 82 987 1214 15 2314 12 4 912 14 1215 12 3 5 1289 12 415 12 2145 8712 8912
12313 1135 13215 8712 5121 3 5 12 98 12182 815 8912 9812 1215 5413 12215 124 5134 5312 53213 1153 125198
1 2 3 4 5123 45 12 5 5 12 9 2 8 1 28 9 2 1 4 5 1 912 12 45 9 8 24 12 23 891223 124 8123 556
123 123 5 9 12 8 2 12 89 9 1 82 987 1214 15 2314 12 4 912 14 1215 12 3 5 1289 12 415 12 2145 8712 8912
12313 1135 13215 8712 5121 3 5 12 98 12172 815 8912 9812 1215 5413 12215 124 5134 5312 53213 1153 125198
1 2 3 4 5123 45 12 5 5 12 9 2 0 1 28 9 2 1 4 5 1 912 12 45 9 8 24 12 23 891223 124 8123 556
54 123 5 9 12 8 2 12 89 5 1 82 987 1214 15 2314 12 4 912 14 1215 12 3 5 1289 12 415 12 2145 8712 8912
12313 1135 13215 8712 5121 3 5 12 98 12102 815 8912 9812 1215 5413 12215 124 5134 5312 53213 1153 125198
1 2 3 4 5123 45 12 5 5 12 9 2 0 1 28 9 2 1 4 5 1 912 12 45 9 8 24 12 23 891223 124 8123 556
123 123 5 9 12 8 2 12 89 5 1 82 987 1214 15 2314 12 4 912 14 1215 12 3 5 1289 12 415 12 2145 8712 8912
12313 1135 13215 8712 5121 3 5 12 98 12192 815 8912 9812 1215 5413 12215 124 5134 5312 53213 1153 125198
1 2 3 4 5123 45 12 5 5 12 9 2 6 1 28 9 2 1 4 5 1 912 12 45 9 8 24 12 23 891223 124 8123 556
123 123 5 9 12 8 2 12 89 0 1 82 987 1214 15 2314 12 4 912 14 1215 12 3 5 1289 12 415 12 2145 8712 8912
12313 1135 13215 8712 5121 3 5 12 98 12152 815 8912 9812 1215 5413 12215 124 5134 5312 53213 1153 125198
1 2 3 4 5123 45 12 5 5 12 9 2 8 1 28 9 2 1 4 5 1 912 12 45 9 8 24 12 23 891223 124 8123 556
123 123 5 9 12 8 2 12 89 0 1 82 987 1214 15 2314 12 4 912 14 1215 12 3 5 1289 12 415 12 2145 8712 8912
12313 1135 13215 8712 5121 3 5 12 98 12102 815 8912 9812 1215 5413 12215 124 5134 5312 53213 1153 125198
1 2 3 4 5123 45 12 5 5 12 9 2 0 1 28 9 2 1 4 5 1 912 12 45 9 8 24 12 23 891223 124 8123 556
123 123 5 9 12 8 2 12 89 7 1 82 987 1214 15 2314 12 4 912 14 1215 12 3 5 1289 12 415 12 2145 8712 8912
12313 1135 13215 8712 5121 3 5 12 98 12132 815 8912 9812 1215 5413 12215 124 5134 5312 53213 1153 125198
1 2 3 4 5123 45 12 5 5 12 9 2 0 1 28 9 2 1 4 5 1 912 12 45 9 8 24 12 23 891223 124 8123 556
123 123 5 9 12 8 2 12 89 5 1 82 987 1214 15 2314 12 4 912 14 1215 12 3 5 1289 12 415 12 2145 8712 8912
12313 1135 13215 8712 5121 3 5 12 98 12102 815 8912 9812 1215 5413 12215 124 5134 5312 53213 1153 125198
1 2 3 4 5123 45 12 5 5 12 9 2 5 1 28 9 2 1 4 5 1 912 12 45 9 8 24 12 23 891223 124 8123 556
123 123 5 9 12 8 2 12 89 8 1 82 987 1214 15 2314 12 4 912 14 1215 12 3 5 1289 12 415 12 2145 8712 8912
12313 1135 13215 8712 5121 3 5 12 98 12102 815 8912 9812 1215 5413 12215 124 5134 5312 53213 1153 125198
1 2 3 4 5123 45 12 5 5 12 9 2 4 1 28 9 2 1 4 5 1 912 12 45 9 8 24 12 23 891223 124 8123 556
123 123 5 9 12 8 2 12 89 0 1 82 987 1214 15 2314 12 4 912 14 1215 12 3 5 1289 12 415 12 2145 8712 8912
12313 1135 13215 8712 5121 3 5 12 98 12152 815 8912 9812 1215 5413 12215 124 5134 5312 53213 1153 125198
1 2 3 4 5123 45 12 5 5 12 9 2 9 1 28 9 2 1 4 5 1 912 12 45 9 8 24 12 23 891223 124 8123 556
123 123 5 9 12 8 2 12 89 5 1 82 987 1214 15 2314 12 4 912 14 1215 12 3 5 1289 12 415 12 2145 8712 8912
12313 1135 13215 8712 5121 3 5 12 98 12102 815 8912 9812 1215 5413 12215 124 5134 5312 53213 1153 125198
1 2 3 4 5123 45 12 5 5 12 9 2 6 1 28 9 2 1 4 5 1 912 12 45 9 8 24 12 23 891223 124 8123 556
123 123 5 9 12 8 2 12 89 9 1 82 987 1214 15 2314 12 4 912 14 1215 12 3 5 1289 12 415 12 2145 8712 8912
12313 1135 13215 8712 5121 3 5 12 98 12142 815 8912 9812 1215 5413 12215 124 5134 5312 53213 1153 125198
1 2 3 4 5123 45 12 5 5 12 9 2 0 1 28 9 2 1 4 5 1 912 12 45 9 8 24 12 23 891223 124 8123 556
123 123 5 9 12 8 2 12 89 2 1 82 987 1214 15 2314 12 4 912 14 1215 12 3 5 1289 12 415 12 2145 8712 8912
12313 1135 13215 8712 5121 3 5 12 98 12102 815 8912 9812 1215 5413 12215 124 5134 5312 53213 1153 125198
1 2 3 4 5123 45 12 5 5 12 9 2 0 1 28 9 2 1 4 5 1 912 12 45 9 8 24 12 23 891223 124 8123 556
54 123 5 9 12 8 2 12 89 8 1 82 987 1214 15 2314 12 4 912 14 1215 12 3 5 1289 12 415 12 2145 8712 8912
12313 1135 13215 8712 5121 3 5 12 98 12102 815 8912 9812 1215 5413 12215 124 5134 5312 53213 1153 125198
1 2 3 4 5123 45 12 5 5 12 9 2 0 1 28 9 2 1 4 5 1 912 12 45 9 8 24 12 23 891223 124 8123 556
123 123 5 9 12 8 2 12 89 0 1 82 987 1214 15 2314 12 4 912 14 1215 12 3 5 1289 12 415 12 2145 8712 8912
12313 1135 13215 8712 5121 3 5 12 98 12192 815 8912 9812 1215 5413 12215 124 5134 5312 53213 1153 125198
1 2 3 4 5123 45 12 5 5 12 9 2 0 1 28 9 2 1 4 5 1 912 12 45 9 8 24 12 23 891223 124 8123 556
123 123 5 9 12 8 2 12 89 0 1 82 987 1214 15 2314 12 4 912 14 1215 12 3 5 1289 12 415 12 2145 8712 8912
12313 1135 13215 8712 5121 3 5 12 98 12142 815 8912 9812 1215 5413 12215 124 5134 5312 53213 1153 125198
1 2 3 4 5123 45 12 5 5 12 9 2 5 1 28 9 2 1 4 5 1 912 12 45 9 8 24 12 23 891223 124 8123 556
123 123 5 9 12 8 2 12 89 9 1 82 987 1214 15 2314 12 4 912 14 1215 12 3 5 1289 12 415 12 2145 8712 8912
12313 1135 13215 8712 5121 3 5 12 98 12182 815 8912 9812 1215 5413 12215 124 5134 5312 53213 1153 125198
1 2 3 4 5123 45 12 5 5 12 9 2 8 1 28 9 2 1 4 5 1 912 12 45 9 8 24 12 23 891223 124 8123 556
123 123 5 9 12 8 2 12 89 1 1 82 987 1214 15 2314 12 4 912 14 1215 12 3 5 1289 12 415 12 2145 8712 8912
12313 1135 13215 8712 5121 3 5 12 98 12162 815 8912 9812 1215 5413 12215 124 5134 5312 53213 1153 125198
1 2 3 4 5123 45 12 5 5 12 9 2 7 1 28 9 2 1 4 5 1 912 12 45 9 8 24 12 23 891223 124 8123 556
123 123 5 9 12 8 2 12 89 7 1 82 987 1214 15 2314 12 4 912 14 1215 12 3 5 1289 12 415 12 2145 8712 8912
12313 1135 13215 8712 5121 3 5 12 98 12102 815 8912 9812 1215 5413 12215 124 5134 5312 53213 1153 125198
1 2 3 4 5123 45 12 5 5 12 9 2 0 1 28 9 2 1 4 5 1 912 12 45 9 8 24 12 23 891223 124 8123 556
123 123 5 9 12 8 2 12 89 8 1 82 987 1214 15 2314 12 4 912 14 1215 12 3 5 1289 12 415 12 2145 8712 8912
12313 1135 13215 8712 5121 3 5 12 98 12172 815 8912 9812 1215 5413 12215 124 5134 5312 53213 1153 125198
1 2 3 4 5123 45 12 5 5 12 9 2 9 1 28 9 2 1 4 5 1 912 12 45 9 8 24 12 23 891223 124 8123 556
123 123 5 9 12 8 2 12 89 0 1 82 987 1214 15 2314 12 4 912 14 1215 12 3 5 1289 12 415 12 2145 8712 8912
12313 1135 13215 8712 5121 3 5 12 98 12102 815 8912 9812 1215 5413 12215 124 5134 5312 53213 1153 125198
1 2 3 4 5123 45 12 5 5 12 9 2 0 1 28 9 2 1 4 5 1 912 12 45 9 8 24 12 23 891223 124 8123 556
123 123 5 9 12 8 2 12 89 4 1 82 987 1214 15 2314 12 4 912 14 1215 12 3 5 1289 12 415 12 2145 8712 8912
12313 1135 13215 8712 5121 3 5 12 98 12162 815 8912 9812 1215 5413 12215 124 5134 5312 53213 1153 125198
1 2 3 4 5123 45 12 5 5 12 9 2 0 1 28 9 2 1 4 5 1 912 12 45 9 8 24 12 23 891223 124 8123 556
123 123 5 9 12 8 2 12 89 0 1 82 987 1214 15 2314 12 4 912 14 1215 12 3 5 1289 12 415 12 2145 8712 8912
12313 1135 13215 8712 5121 3 5 12 98 12182 815 8912 9812 1215 5413 12215 124 5134 5312 53213 1153 125198
1 2 3 4 5123 45 12 5 5 12 9 2 0 1 28 9 2 1 4 5 1 912 12 45 9 8 24 12 23 891223 124 8123 556
123 123 5 9 12 8 2 12 89 0 1 82 987 1214 15 2314 12 4 912 14 1215 12 3 5 1289 12 415 12 2145 8712 8912
12313 1135 13215 8712 5121 3 5 12 98 12102 815 8912 9812 1215 5413 12215 124 5134 5312 53213 1153 125198
1 2 3 4 5123 45 12 5 5 12 9 2 0 1 28 9 2 1 4 5 1 912 12 45 9 8 24 12 23 891223 124 8123 556
50 123 5 9 12 8 2 12 89 0 1 82 987 1214 15 2314 12 4 912 14 1215 12 3 5 1289 12 415 12 2145 8712 8912
12313 1135 13215 8712 5121 3 5 12 98 12192 815 8912 9812 1215 5413 12215 124 5134 5312 53213 1153 125198
1 2 3 4 5123 45 12 5 5 12 9 2 9 1 28 9 2 1 4 5 1 912 12 45 9 8 24 12 23 891223 124 8123 556
123 123 5 9 12 8 2 12 89 0 1 82 987 1214 15 2314 12 4 912 14 1215 12 3 5 1289 12 415 12 2145 8712 8912
12313 1135 13215 8712 5121 3 5 12 98 12172 815 8912 9812 1215 5413 12215 124 5134 5312 53213 1153 125198
1 2 3 4 5123 45 12 5 5 12 9 2 9 1 28 9 2 1 4 5 1 912 12 45 9 8 24 12 23 891223 124 8123 556
123 123 5 9 12 8 2 12 89 0 1 82 987 1214 15 2314 12 4 912 14 1215 12 3 5 1289 12 415 12 2145 8712 8912
12313 1135 13215 8712 5121 3 5 12 98 12162 815 8912 9812 1215 5413 12215 124 5134 5312 53213 1153 125198
1 2 3 4 5123 45 12 5 5 12 9 2 5 1 28 9 2 1 4 5 1 912 12 45 9 8 24 12 23 891223 124 8123 556
123 123 5 9 12 8 2 12 89 0 1 82 987 1214 15 2314 12 4 912 14 1215 12 3 5 1289 12 415 12 2145 8712 8912
12313 1135 13215 8712 5121 3 5 12 98 12132 815 8912 9812 1215 5413 12215 124 5134 5312 53213 1153 125198
1 2 3 4 5123 45 12 5 5 12 9 2 0 1 28 9 2 1 4 5 1 912 12 45 9 8 24 12 23 891223 124 8123 556
123 123 5 9 12 8 2 12 89 0 1 82 987 1214 15 2314 12 4 912 14 1215 12 3 5 1289 12 415 12 2145 8712 8912
12313 1135 13215 8712 5121 3 5 12 98 12102 815 8912 9812 1215 5413 12215 124 5134 5312 53213 1153 125198
1 2 3 4 5123 45 12 5 5 12 9 2 3 1 28 9 2 1 4 5 1 912 12 45 9 8 24 12 23 891223 124 8123 556
123 123 5 9 12 8 2 12 89 0 1 82 987 1214 15 2314 12 4 912 14 1215 12 3 5 1289 12 415 12 2145 8712 8912
12313 1135 13215 8712 5121 3 5 12 98 12192 815 8912 9812 1215 5413 12215 124 5134 5312 53213 1153 125198
1 2 3 4 5123 45 12 5 5 12 9 2 0 1 28 9 2 1 4 5 1 912 12 45 9 8 24 12 23 891223 124 8123 556
123 123 5 9 12 8 2 12 89 0 1 82 987 1214 15 2314 12 4 912 14 1215 12 3 5 1289 12 415 12 2145 8712 8912
12313 1135 13215 8712 5121 3 5 12 98 12102 815 8912 9812 1215 5413 12215 124 5134 5312 53213 1153 125198
1 2 3 4 5123 45 12 5 5 12 9 2 0 1 28 9 2 1 4 5 1 912 12 45 9 8 24 12 23 891223 124 8123 556
123 123 5 9 12 8 2 12 89 0 1 82 987 1214 15 2314 12 4 912 14 1215 12 3 5 1289 12 415 12 2145 8712 8912
12313 1135 13215 8712 5121 3 5 12 98 12102 815 8912 9812 1215 5413 12215 124 5134 5312 53213 1153 125198
1 2 3 4 5123 45 12 5 5 12 9 2 9 1 28 9 2 1 4 5 1 912 12 45 9 8 24 12 23 891223 124 8123 556
123 123 5 9 12 8 2 12 89 2 1 82 987 1214 15 2314 12 4 912 14 1215 12 3 5 1289 12 415 12 2145 8712 8912
12313 1135 13215 8712 5121 3 5 12 98 12102 815 8912 9812 1215 5413 12215 124 5134 5312 53213 1153 125198
1 2 3 4 5123 45 12 5 5 12 9 2 0 1 28 9 2 1 4 5 1 912 12 45 9 8 24 12 23 891223 124 8123 556
123 123 5 9 12 8 2 12 89 0 1 82 987 1214 15 2314 12 4 912 14 1215 12 3 5 1289 12 415 12 2145 8712 8912
12313 1135 13215 8712 5121 3 5 12 98 12102 815 8912 9812 1215 5413 12215 124 5134 5312 53213 1153 125198
1 2 3 4 5123 45 12 5 5 12 9 2 1 1 28 9 2 1 4 5 1 912 12 45 9 8 24 12 23 891223 124 8123 556
123 123 5 9 12 8 2 12 89 0 1 82 987 1214 15 2314 12 4 912 14 1215 12 3 5 1289 12 415 12 2145 8712 8912
12313 1135 13215 8712 5121 3 5 12 98 12192 815 8912 9812 1215 5413 12215 124 5134 5312 53213 1153 125198
1 2 3 4 5123 45 12 5 5 12 9 2 3 1 28 9 2 1 4 5 1 912 12 45 9 8 24 12 23 891223 124 8123 556
50 123 5 9 12 8 2 12 89 6 1 82 987 1214 15 2314 12 4 912 14 1215 12 3 5 1289 12 415 12 2145 8712 8912
12313 1135 13215 8712 5121 3 5 12 98 12102 815 8912 9812 1215 5413 12215 124 5134 5312 53213 1153 125198
1 2 3 4 5123 45 12 5 5 12 9 2 0 1 28 9 2 1 4 5 1 912 12 45 9 8 24 12 23 891223 124 8123 556
123 123 5 9 12 8 2 12 89 0 1 82 987 1214 15 2314 12 4 912 14 1215 12 3 5 1289 12 415 12 2145 8712 8912
12313 1135 13215 8712 5121 3 5 12 98 12102 815 8912 9812 1215 5413 12215 124 5134 5312 53213 1153 125198
1 2 3 4 5123 45 12 5 5 12 9 2 4 1 28 9 2 1 4 5 1 912 12 45 9 8 24 12 23 891223 124 8123 556
123 123 5 9 12 8 2 12 89 0 1 82 987 1214 15 2314 12 4 912 14 1215 12 3 5 1289 12 415 12 2145 8712 8912
12313 1135 13215 8712 5121 3 5 12 98 12192 815 8912 9812 1215 5413 12215 124 5134 5312 53213 1153 125198
1 2 3 4 5123 45 12 5 5 12 9 2 5 1 28 9 2 1 4 5 1 912 12 45 9 8 24 12 23 891223 124 8123 556
123 123 5 9 12 8 2 12 89 2 1 82 987 1214 15 2314 12 4 912 14 1215 12 3  3 4 5123 45 12 5 5 12 9 2 9 1 28 9 2 1 4 5 1 912 12 45 9 8 24 12 23 891223 124 8123 556
123 123 5 9 12 8 2 12 89 0 1 82 987 1214 15 2314 12 4 912 14 1215 12 3 5 1289 12 415 12 2145 8712 8912
12313 1135 13215 8712 5121 3 5 12 98 12102 815 8912 9812 1215 5413 12215 124 5134 5312 53213 1153 125198
1 2 3 4 5123 45 12 5 5 12 9 2 7 1 28 9 2 1 4 5 1 912 12 45 9 8 24 12 23 891223 124 8123 556
123 123 5 9 12 8 2 12 89 9 1 82 987 1214 15 2314 12 4 912 14 1215 12 3 5 1289 12 415 12 2145 8712 8912
12313 1135 13215 8712 5121 3 5 12 98 12172 815 8912 9812 1215 5413 12215 124 5134 5312 53213 1153 125198
1 2 3 4 5123 45 12 5 5 12 9 2 4 1 28 9 2 1 4 5 1 912 12 45 9 8 24 12 23 891223 124 8123 556
50 123 5 9 12 8 2 12 89 0 1 82 987 1214 15 2314 12 4 912 14 1215 12 3 5 1289 12 415 12 2145 8712 8912
12313 1135 13215 8712 5121 3 5 12 98 12132 815 8912 9812 1215 5413 12215 124 5134 5312 53213 1153 125198
1 2 3 4 5123 45 12 5 5 12 9 2 0 1 28 9 2 1 4 5 1 912 12 45 9 8 24 12 23 891223 124 8123 556
123 123 5 9 12 8 2 12 89 2 1 82 987 1214 15 2314 12 4 912 14 1215 12 3 5 1289 12 415 12 2145 8712 8912
12313 1135 13215 8712 5121 3 5 12 98 12102 815 8912 9812 1215 5413 12215 124 5134 5312 53213 1153 125198
1 2 3 4 5123 45 12 5 5 12 9 2 0 1 28 9 2 1 4 5 1 912 12 45 9 8 24 12 23 891223 124 8123 556
123 123 5 9 12 8 2 12 89 0 1 82 987 1214 15 2314 12 4 912 14 1215 12 3 5 1289 12 415 12 2145 8712 8912
12313 1135 13215 8712 5121 3 5 12 98 12162 815 8912 9812 1215 5413 12215 124 5134 5312 53213 1153 125198
1 2 3 4 5123 45 12 5 5 12 9 2 0 1 28 9 2 1 4 5 1 912 12 45 9 8 24 12 23 891223 124 8123 556
123 123 5 9 12 8 2 12 89 3 1 82 987 1214 15 2314 12 4 912 14 1215 12 3 5 1289 12 415 12 2145 8712 8912
12313 1135 13215 8712 5121 3 5 12 98 12182 815 8912 9812 1215 5413 12215 124 5134 5312 53213 1153 125198
1 2 3 4 5123 45 12 5 5 12 9 2 8 1 28 9 2 1 4 5 1 912 12 45 9 8 24 12 23 891223 124 8123 556
123 123 5 9 12 8 2 12 89 0 1 82 987 1214 15 2314 12 4 912 14 1215 12 3 5 1289 12 415 12 2145 8712 8912
12313 1135 13215 8712 5121 3 5 12 98 12102 815 8912 9812 1215 5413 12215 124 5134 5312 53213 1153 125198
1 2 3 4 5123 45 12 5 5 12 9 2 0 1 28 9 2 1 4 5 1 912 12 45 9 8 24 12 23 891223 124 8123 556
123 123 5 9 12 8 2 12 89 6 1 82 987 1214 15 2314 12 4 912 14 1215 12 3 5 1289 12 415 12 2145 8712 8912
12313 1135 13215 8712 5121 3 5 12 98 12102 815 8912 9812 1215 5413 12215 124 5134 5312 53213 1153 125198
1 2 3 4 5123 45 12 5 5 12 9 2 0 1 28 9 2 1 4 5 1 912 12 45 9 8 24 12 23 891223 124 8123 556
123 123 5 9 12 8 2 12 89 0 1 82 987 1214 15 2314 12 4 912 14 1215 12 3 5 1289 12 415 12 2145 8712 8912
12313 1135 13215 8712 5121 3 5 12 98 12122 815 8912 9812 1215 5413 12215 124 5134 5312 53213 1153 125198
1 2 3 4 5123 45 12 5 5 12 9 2 0 1 28 9 2 1 4 5 1 912 12 45 9 8 24 12 23 891223 124 8123 556
123 123 5 9 12 8 2 12 89 0 1 82 987 1214 15 2314 12 4 912 14 1215 12 3 5 1289 12 415 12 2145 8712 8912
12313 1135 13215 8712 5121 3 5 12 98 12172 815 8912 9812 1215 5413 12215 124 5134 5312 53213 1153 125198
1 2 3 4 5123 45 12 5 5 12 9 2 0 1 28 9 2 1 4 5 1 912 12 45 9 8 24 12 23 891223 124 8123 556
123 123 5 9 12 8 2 12 89 9 1 82 987 1214 15 2314 12 4 912 14 1215 12 3 5 1289 12 415 12 2145 8712 8912
12313 1135 13215 8712 5121 3 5 12 98 12192 815 8912 9812 1215 5413 12215 124 5134 5312 53213 1153 125198
1 2 3 4 5123 45 12 5 5 12 9 2 0 1 28 9 2 1 4 5 1 912 12 45 9 8 24 12 23 891223 124 8123 556
123 123 5 9 12 8 2 12 89 0 1 82 987 1214 15 2314 12 4 912 14 1215 12 3 5 1289 12 415 12 2145 8712 8912
12313 1135 13215 8712 5121 3 5 12 98 12102 815 8912 9812 1215 5413 12215 124 5134 5312 53213 1153 125198
1 2 3 4 5123 45 12 5 5 12 9 2 9 1 28 9 2 1 4 5 1 912 12 45 9 8 24 12 23 891223 124 8123 556
123 123 5 9 12 8 2 12 89 0 1 82 987 1214 15 2314 12 4 912 14 1215 12 3 5 1289 12 415 12 2145 8712 8912
12313 1135 13215 8712 5121 3 5 12 98 12192 815 8912 9812 1215 5413 12215 124 5134 5312 53213 1153 125198
1 2 3 4 5123 45 12 5 5 12 9 2 6 1 28 9 2 1 4 5 1 912 12 45 9 8 24 12 23 891223 124 8123 556
57 123 5 9 12 8 2 12 89 0 1 82 987 1214 15 2314 12 4 912 14 1215 12 3 5 1289 12 415 12 2145 8712 8912
12313 1135 13215 8712 5121 3 5 12 98 12102 815 8912 9812 1215 5413 12215 124 5134 5312 53213 1153 125198
1 2 3 4 5123 45 12 5 5 12 9 2 8 1 28 9 2 1 4 5 1 912 12 45 9 8 24 12 23 891223 124 8123 556
123 123 5 9 12 8 2 12 89 0 1 82 987 1214 15 2314 12 4 912 14 1215 12 3 5 1289 12 415 12 2145 8712 8912
12313 1135 13215 8712 5121 3 5 12 98 12102 815 8912 9812 1215 5413 12215 124 5134 5312 53213 1153 125198
1 2 3 4 5123 45 12 5 5 12 9 2 6 1 28 9 2 1 4 5 1 912 12 45 9 8 24 12 23 891223 124 8123 556
123 123 5 9 12 8 2 12 89 0 1 82 987 1214 15 2314 12 4 912 14 1215 12 3 5 1289 12 415 12 2145 8712 8912
12313 1135 13215 8712 5121 3 5 12 98 12102 815 8912 9812 1215 5413 12215 124 5134 5312 53213 1153 125198
1 2 3 4 5123 45 12 5 5 12 9 2 0 1 28 9 2 1 4 5 1 912 12 45 9 8 24 12 23 891223 124 8123 556
123 123 5 9 12 8 2 12 89 4 1 82 987 1214 15 2314 12 4 912 14 1215 12 3 5 1289 12 415 12 2145 8712 8912
12313 1135 13215 8712 5121 3 5 12 98 12172 815 8912 9812 1215 5413 12215 124 5134 5312 53213 1153 125198
1 2 3 4 5123 45 12 5 5 12 9 2 9 1 28 9 2 1 4 5 1 912 12 45 9 8 24 12 23 891223 124 8123 556
123 123 5 9 12 8 2 12 89 0 1 82 987 1214 15 2314 12 4 912 14 1215 12 3 5 1289 12 415 12 2145 8712 8912
12313 1135 13215 8712 5121 3 5 12 98 12102 815 8912 9812 1215 5413 12215 124 5134 5312 53213 1153 125198
1 2 3 4 5123 45 12 5 5 12 9 2 0 1 28 9 2 1 4 5 1 912 12 45 9 8 24 12 23 891223 124 8123 556
123 123 5 9 12 8 2 12 89 8 1 82 987 1214 15 2314 12 4 912 14 1215 12 3 5 1289 12 415 12 2145 8712 8912
12313 1135 13215 8712 5121 3 5 12 98 12102 815 8912 9812 1215 5413 12215 124 5134 5312 53213 1153 125198
1 2 3 4 5123 45 12 5 5 12 9 2 0 1 28 9 2 1 4 5 1 912 12 45 9 8 24 12 23 891223 124 8123 556
123 123 5 9 12 8 2 12 89 0 1 82 987 1214 15 2314 12 4 912 14 1215 12 3 5 1289 12 415 12 2145 8712 8912
12313 1135 13215 8712 5121 3 5 12 98 12142 815 8912 9812 1215 5413 12215 124 5134 5312 53213 1153 125198
1 2 3 4 5123 45 12 5 5 12 9 2 9 1 28 9 2 1 4 5 1 912 12 45 9 8 24 12 23 891223 124 8123 556
123 123 5 9 12 8 2 12 89 0 1 82 987 1214 15 2314 12 4 912 14 1215 12 3 5 1289 12 415 12 2145 8712 8912
12313 1135 13215 8712 5121 3 5 12 98 12102 815 8912 9812 1215 5413 12215 124 5134 5312 53213 1153 125198
1 2 3 4 5123 45 12 5 5 12 9 2 5 1 28 9 2 1 4 5 1 912 12 45 9 8 24 12 23 891223 124 8123 556
123 123 5 9 12 8 2 12 89 0 1 82 987 1214 15 2314 12 4 912 14 1215 12 3 5 1289 12 415 12 2145 8712 8912
12313 1135 13215 8712 5121 3 5 12 98 12182 815 8912 9812 1215 5413 12215 124 5134 5312 53213 1153 125198
1 2 3 4 5123 45 12 5 5 12 9 2 0 1 28 9 2 1 4 5 1 912 12 45 9 8 24 12 23 891223 124 8123 556
123 123 5 9 12 8 2 12 89 0 1 82 987 1214 15 2314 12 4 912 14 1215 12 3 5 1289 12 415 12 2145 8712 8912
12313 1135 13215 8712 5121 3 5 12 98 12182 815 8912 9812 1215 5413 12215 124 5134 5312 53213 1153 125198
1 2 3 4 5123 45 12 5 5 12 9 2 6 1 28 9 2 1 4 5 1 912 12 45 9 8 24 12 23 891223 124 8123 556
123 123 5 9 12 8 2 12 89 5 1 82 987 1214 15 2314 12 4 912 14 1215 12 3 5 1289 12 415 12 2145 8712 8912
12313 1135 13215 8712 5121 3 5 12 98 12122 815 8912 9812 1215 5413 12215 124 5134 5312 53213 1153 125198
1 2 3 4 5123 45 12 5 5 12 9 2 0 1 28 9 2 1 4 5 1 912 12 45 9 8 24 12 23 891223 124 8123 556
58 123 5 9 12 8 2 12 89 8 1 82 987 1214 15 2314 12 4 912 14 1215 12 3 5 1289 12 415 12 2145 8712 8912
12313 1135 13215 8712 5121 3 5 12 98 12102 815 8912 9812 1215 5413 12215 124 5134 5312 53213 1153 125198
1 2 3 4 5123 45 12 5 5 12 9 2 6 1 28 9 2 1 4 5 1 912 12 45 9 8 24 12 23 891223 124 8123 556
123 123 5 9 12 8 2 12 89 6 1 82 987 1214 15 2314 12 4 912 14 1215 12 3 5 1289 12 415 12 2145 8712 8912
12313 1135 13215 8712 5121 3 5 12 98 12142 815 8912 9812 1215 5413 12215 124 5134 5312 53213 1153 125198
1 2 3 4 5123 45 12 5 5 12 9 2 0 1 28 9 2 1 4 5 1 912 12 45 9 8 24 12 23 891223 124 8123 556
123 123 5 9 12 8 2 12 89 3 1 82 987 1214 15 2314 12 4 912 14 1215 12 3 5 1289 12 415 12 2145 8712 8912
12313 1135 13215 8712 5121 3 5 12 98 12102 815 8912 9812 1215 5413 12215 124 5134 5312 53213 1153 125198
1 2 3 4 5123 45 12 5 5 12 9 2 9 1 28 9 2 1 4 5 1 912 12 45 9 8 24 12 23 891223 124 8123 556
123 123 5 9 12 8 2 12 89 0 1 82 987 1214 15 2314 12 4 912 14 1215 12 3 5 1289 12 415 12 2145 8712 8912
12313 1135 13215 8712 5121 3 5 12 98 12152 815 8912 9812 1215 5413 12215 124 5134 5312 53213 1153 125198
1 2 3 4 5123 45 12 5 5 12 9 2 4 1 28 9 2 1 4 5 1 912 12 45 9 8 24 12 23 891223 124 8123 556
123 123 5 9 12 8 2 12 89 9 1 82 987 1214 15 2314 12 4 912 14 1215 12 3 5 1289 12 415 12 2145 8712 8912
12313 1135 13215 8712 5121 3 5 12 98 12102 815 8912 9812 1215 5413 12215 124 5134 5312 53213 1153 125198
1 2 3 4 5123 45 12 5 5 12 9 2 8 1 28 9 2 1 4 5 1 912 12 45 9 8 24 12 23 891223 124 8123 556
123 123 5 9 12 8 2 12 89 0 1 82 987 1214 15 2314 12 4 912 14 1215 12 3 5 1289 12 415 12 2145 8712 8912
12313 1135 13215 8712 5121 3 5 12 98 12112 815 8912 9812 1215 5413 12215 124 5134 5312 53213 1153 125198
1 2 3 4 5123 45 12 5 5 12 9 2 9 1 28 9 2 1 4 5 1 912 12 45 9 8 24 12 23 891223 124 8123 556
123 123 5 9 12 8 2 12 89 0 1 82 987 1214 15 2314 12 4 912 14 1215 12 3 5 1289 12 415 12 2145 8712 8912
12313 1135 13215 8712 5121 3 5 12 98 12102 815 8912 9812 1215 5413 12215 124 5134 5312 53213 1153 125198
1 2 3 4 5123 45 12 5 5 12 9 2 0 1 28 9 2 1 4 5 1 912 12 45 9 8 24 12 23 891223 124 8123 556
123 123 5 9 12 8 2 12 89 0 1 82 987 1214 15 2314 12 4 912 14 1215 12 3 5 1289 12 415 12 2145 8712 8912
12313 1135 13215 8712 5121 3 5 12 98 12122 815 8912 9812 1215 5413 12215 124 5134 5312 53213 1153 125198
1 2 3 4 5123 45 12 5 5 12 9 2 9 1 28 9 2 1 4 5 1 912 12 45 9 8 24 12 23 891223 124 8123 556
123 123 5 9 12 8 2 12 89 9 1 82 987 1214 15 2314 12 4 912 14 1215 12 3 5 1289 12 415 12 2145 8712 8912
12313 1135 13215 8712 5121 3 5 12 98 12102 815 8912 9812 1215 5413 12215 124 5134 5312 53213 1153 125198
1 2 3 4 5123 45 12 5 5 12 9 2 0 1 28 9 2 1 4 5 1 912 12 45 9 8 24 12 23 891223 124 8123 556
123 123 5 9 12 8 2 12 89 0 1 82 987 1214 15 2314 12 4 912 14 1215 12 3 5 1289 12 415 12 2145 8712 8912
12313 1135 13215 8712 5121 3 5 12 98 12132 815 8912 9812 1215 5413 12215 124 5134 5312 53213 1153 125198
12313 1135 13215 8712 5121 3 5 12 98 12102 815 8912 9812 1215 5413 12215 124 5134 5312 53213 1153 125198

-655360000000.000000