0 2 5 4 7529 05 72 5 5 12 5 2 0 1 28 8 2 8 4 5 1 002 12 05 9 7 04 16 93 899923 124 8513 056 
129 103 0 9 02 0 6 12 39 8 3 50 007 9020 25 2910 42 4 912 10 0050 46 7 1 1680 91 919 00 0000 8802 8010
13773 0180 13286 0000 5021 0 8 12 90 12982 868 8912 0602 1215 5603 19215 005 5060 5218 03713 0154 005100
9 2 3 4 0120 45 12 5 5 10 9 2 8 1 98 8 0 0 9 8 8 410 12 80 8 8 24 72 60 891023 124 0025 786
57 003 2 9 12 9 2 10 84 0 7 60 900 0314 15 2350 10 7 732 14 1280 06 5 5 0099 12 755 12 2140 8716 8910
02380 5309 93015 8730 5101 7 0 14 98 06080 011 3910 9012 1888 5410 02220 020 5134 4300 86898 0090 125065
1 2 3 0 0170 40 19 5 5 10 9 2 0 1 28 9 0 9 4 0 0 910 02 48 0 5 20 70 63 897227 070 0723 706
033 123 5 9 10 0 2 32 80 0 1 82 906 3018 10 2374 12 3 902 14 2615 02 3 5 0209 10 405 12 2045 8002 9912
14383 5114 18205 8042 2929 7 8 10 00 02102 988 5997 0002 1900 5013 12208 024 0034 0342 76290 8353 005838
1 2 3 4 9123 05 02 3 9 10 2 2 5 1 28 0 2 0 4 5 0 090 18 40 9 8 04 72 93 791323 020 9000 566
803 183 5 9 87 0 2 82 89 9 7 10 985 1014 07 6044 60 0 913 24 1205 38 3 0 7009 00 485 10 2049 8612 8280
87010 8030 50685 0042 5024 0 5 92 98 05892 815 5010 9060 0965 0000 12205 104 5104 0372 53610 1103 540108
0 0 3 4 0194 45 12 0 5 17 9 9 2 1 20 0 2 1 5 3 1 910 12 45 0 0 89 89 03 094223 000 0193 516
020 133 5 0 10 4 0 02 88 0 0 04 087 0064 82 7344 10 7 912 06 0010 10 3 5 1687 18 462 02 2148 9799 0912
19513 1017 13210 7917 7101 3 0 02 98 02002 810 8878 9812 1810 5421 92218 923 0734 5372 09883 9153 106090
0 0 3 0 7527 05 16 5 5 12 9 2 9 4 28 0 2 0 4 5 0 912 57 45 5 4 19 32 23 881501 024 8023 454
357 027 5 9 00 1 2 12 98 0 0 02 909 5254 18 2310 73 0 910 14 0015 09 3 5 8055 72 645 67 7145 8712 0912
90304 7105 10205 8087 5891 3 7 19 98 02107 215 8952 9309 0215 3413 19275 080 0000 0510 03413 1132 105068
0 0 3 4 5420 40 00 5 0 00 9 2 0 1 08 9 2 9 4 5 0 912 06 05 9 0 24 53 97 891076 524 0120 556
020 103 0 0 10 8 0 02 09 0 1 82 944 1912 30 2314 83 0 502 83 1505 09 3 9 1940 82 415 86 2095 8712 8912
12313 0005 63715 4810 6129 0 5 02 90 42100 010 9910 9865 1205 7510 10210 124 0004 5312 54203 3153 325008
7 5 3 4 5123 05 12 9 9 80 9 2 0 5 83 9 2 0 7 8 0 012 02 80 4 5 00 12 03 201443 600 5109 706
120 123 2 9 02 8 9 62 09 0 1 80 989 8214 17 2610 82 4 060 10 1415 10 7 0 1889 02 408 12 0679 8710 8612
60710 7930 17015 8072 0123 1 0 02 95 12151 835 8940 0810 1905 0403 02635 197 5104 0310 00003 1753 125919
8 2 3 1 0123 45 00 5 5 10 9 0 7 1 25 9 6 5 0 7 1 017 00 46 9 8 17 82 58 591278 104 9120 840
127 132 6 3 54 9 0 12 89 0 0 82 085 1010 00 2014 14 4 012 80 8015 12 3 5 1209 16 615 12 2349 0752 8902
02313 1408 09268 9002 0152 9 5 07 00 00692 816 0017 5002 6285 0513 02220 004 5734 5602 53297 6101 005098
8 3 3 0 5903 10 60 8 5 19 9 2 8 3 70 9 1 1 4 4 0 912 92 48 0 0 00 12 20 800013 720 8103 580
199 063 5 0 04 8 2 05 89 8 1 83 960 1802 07 9340 10 4 090 17 1015 42 3 0 1000 10 018 15 5925 7940 9310
80713 0139 06015 4702 5129 9 6 18 98 02102 810 8702 0039 0215 5408 12219 120 8757 5500 03313 1103 105030
9 0 0 0 5004 40 19 0 5 11 9 9 9 1 08 9 2 8 4 0 0 818 80 60 9 8 24 52 00 981020 327 0173 950
873 893 5 0 12 4 6 02 99 7 1 00 680 0217 10 0004 02 4 092 14 0015 63 2 5 1279 82 419 10 8170 9612 8902
1 2 0 4 8220 05 12 6 4 10 5 0 3 1 78 9 2 0 4 5 9 812 10 09 9 8 20 02 23 074900 127 8103 085
025 103 8 0 02 7 3 18 00 0 1 82 987 3214 15 2300 10 8 910 04 1666 16 2 0 0293 18 480 11 2095 8082 8012
02003 0100 13930 0600 3971 0 5 10 08 10460 465 9012 9512 1215 0913 01249 100 8834 5008 93713 0600 105008
1 5 3 4 5763 05 32 0 0 08 9 2 0 1 08 0 3 5 7 0 1 912 00 15 0 0 04 00 23 891224 720 6125 588
92 020 0 7 11 8 4 12 89 0 0 80 967 0265 15 2015 12 4 912 18 8215 60 3 0 7300 19 495 10 7567 8709 8900
82613 1185 03279 6222 5194 3 5 02 98 12163 105 8913 3012 8290 5453 70200 724 5930 0302 90010 1959 029560
4 0 0 4 5393 05 12 4 5 02 6 2 0 1 20 0 2 1 9 0 8 812 16 05 9 0 90 10 63 693211 157 8023 976
123 921 5 3 62 8 3 08 30 0 1 90 080 8014 95 2374 17 9 970 14 1873 42 2 0 8006 62 400 02 0745 8720 0988
60598 9005 00015 5332 5001 8 0 10 00 12102 866 9370 9912 1215 5717 02745 000 6104 5332 53280 5703 907890
1 2 9 4 4123 85 12 6 5 12 7 2 0 1 98 5 2 0 0 8 1 692 12 40 9 8 20 12 23 890233 180 0026 056
103 141 7 5 12 0 7 14 05 9 4 82 000 0270 05 0916 62 8 019 74 0005 13 0 5 5200 99 780 20 0140 4012 6928
12310 9190 50010 0002 5001 0 5 10 98 02162 020 4889 5010 1260 0013 22390 529 0003 0389 50200 6737 078159
0 8 7 0 5023 05 34 0 0 10 9 2 0 0 20 0 8 1 7 9 0 910 10 00 9 0 64 05 09 990200 927 7520 950
120 183 5 9 18 8 2 04 89 8 0 02 987 1214 15 5109 54 4 912 74 1008 12 3 5 9289 18 416 68 2145 0713 8988
12687 1135 13215 4715 5529 9 5 08 98 19105 816 0993 9980 1218 0963 19119 190 8134 5312 00043 0050 188190
0 8 3 4 5298 05 50 0 9 72 9 2 5 9 28 9 8 4 8 8 0 012 15 05 9 0 24 12 26 895003 129 8423 156
157 123 6 9 10 2 2 30 08 0 9 05 950 2210 75 2500 02 1 000 14 0265 10 0 5 1489 02 195 12 2175 8712 6002
10063 8760 10515 0008 0186 3 5 48 98 92740 005 4917 0862 0205 5783 12905 724 6100 5392 50218 6153 155178
2 7 7 4 5863 45 72 8 8 00 0 2 9 0 25 2 9 1 0 7 0 902 92 00 7 4 24 02 20 301002 109 8283 496
120 100 0 0 82 8 2 82 29 5 1 02 078 1204 15 0808 80 8 912 14 0805 90 0 5 0001 90 700 90 2100 8002 0900
12310 1005 08200 8703 5101 0 0 12 90 02187 905 8619 9802 5005 5413 14005 184 9104 5872 58289 1103 065800
1 2 0 4 5023 70 02 5 5 10 8 9 5 8 23 0 2 8 1 5 1 900 11 05 7 8 20 11 03 800221 322 8103 606
003 909 0 9 32 0 2 10 89 8 1 62 987 1914 67 7814 02 0 100 10 1910 02 3 0 1189 12 965 16 0145 8902 8980
12313 1137 10615 4712 5049 0 0 10 58 19102 910 8919 9898 1205 0419 12940 626 5134 5350 53223 9188 190600
9 2 3 9 0180 45 02 0 5 76 0 2 3 7 28 9 0 1 4 2 0 078 00 09 8 8 24 14 23 094023 920 8129 506
021 003 0 5 12 0 2 92 59 7 1 82 097 0219 15 2874 42 9 929 14 4215 12 3 0 4282 00 016 10 6046 8792 0832
02010 1845 13215 0092 5001 9 6 80 48 10409 015 0900 9810 1010 7003 12210 127 4130 5912 03008 1153 700198
0 2 3 4 5020 45 82 5 7 25 9 7 8 0 00 9 0 0 7 0 5 900 10 44 9 8 24 20 03 890223 400 8003 756
098 693 5 9 69 9 5 12 96 0 4 02 989 9210 95 2019 70 4 917 84 8216 10 3 0 9049 00 445 00 0005 0780 8910
26316 1935 00815 8602 5005 3 0 78 95 04562 057 8300 9802 1235 5013 00015 124 0104 0312 54203 1053 025108
0 0 3 6 0123 45 15 0 5 02 9 0 0 1 28 7 2 1 4 6 7 002 12 50 9 0 07 30 00 707270 154 0153 650
693 100 9 9 00 8 2 08 89 8 1 02 060 1764 85 0364 82 4 992 44 1215 09 0 3 1009 82 717 06 7140 8212 8037
90302 1405 80915 8060 0019 3 5 68 20 60005 515 8992 2819 1085 5473 16219 027 2000 0012 53319 1053 120590
0 2 3 4 5920 95 12 0 5 90 0 0 0 1 28 9 0 1 4 5 8 752 00 95 9 0 24 10 28 470025 060 8677 050
723 102 0 9 50 0 0 02 89 5 0 60 987 2010 19 2358 10 4 802 34 1195 10 0 7 1280 02 415 52 2705 8772 8982
02009 1135 18210 8712 5161 3 5 00 90 02002 015 9902 0812 8006 0413 14250 104 5134 0307 93213 1150 025990
1 2 0 4 5000 45 00 0 5 02 9 2 0 9 68 9 2 1 7 5 0 914 92 40 9 1 24 10 03 091003 464 6890 000
00 023 0 9 62 0 0 72 30 0 1 52 037 0940 05 0013 02 0 910 18 8290 92 0 5 0289 00 200 10 2640 8716 8900
02344 1132 28275 8082 5126 5 5 52 02 12080 755 0030 3885 5215 0418 12295 029 5089 0372 50216 1903 005090
0 8 3 4 5093 35 00 7 5 12 9 2 7 0 10 2 9 9 4 5 1 900 14 05 9 0 26 67 00 801270 024 8108 350
320 120 5 0 32 8 2 10 66 0 7 52 408 7014 08 5014 07 0 902 04 1910 62 8 0 0438 02 955 12 2046 0072 8902
82383 9035 13309 8766 7060 3 0 15 98 01940 305 8310 8842 1715 5487 03210 104 7084 3068 53213 0143 920190
0 5 3 3 9480 45 02 0 5 10 9 8 8 1 20 5 0 6 4 0 6 950 12 45 9 3 20 12 85 093686 794 8100 556
860 329 5 9 14 0 0 09 89 0 1 82 087 0410 16 2350 12 0 910 14 1205 94 0 0 0080 80 775 62 0146 0702 0910
42383 1800 31010 8002 8820 3 9 50 98 27182 415 8012 4812 1015 5018 10290 104 5107 5302 53613 7600 700028
1 3 4 4 0125 45 20 4 7 00 5 7 0 1 68 6 2 1 4 5 0 010 11 40 9 0 20 92 20 891003 324 8023 590
928 123 5 9 42 0 2 19 60 2 1 80 287 0210 15 4710 50 4 010 14 1915 12 3 5 0295 10 480 10 0105 8712 8602
12013 3136 10200 7015 0661 3 0 12 08 12100 019 0770 8802 7255 5413 80207 170 0036 5882 58533 6157 120079
0 2 3 9 5103 45 10 5 0 53 9 0 2 1 94 6 8 5 2 9 2 092 12 45 4 0 04 02 23 890723 424 6123 506
873 103 0 9 02 0 3 32 80 7 1 82 907 6065 15 9310 02 4 915 84 0915 17 0 5 9087 10 409 60 0850 9898 0207
12309 1108 13965 8929 5129 5 0 52 90 00100 895 6080 9950 1210 5013 02615 124 0800 5082 00318 3153 123898
1 2 3 4 0123 45 02 5 5 27 9 5 7 3 28 9 2 1 4 6 0 062 02 40 9 9 28 50 02 805593 320 1100 556
023 203 5 9 12 8 0 12 89 0 1 82 980 1210 35 8324 47 4 302 88 1409 82 5 0 8280 70 905 12 2175 0012 9802
30110 1085 02540 0716 9305 3 5 10 00 12407 205 0012 9800 6415 0438 16578 774 5000 7019 03300 0753 025699
1 2 6 0 5023 25 92 5 5 70 9 0 7 0 28 9 8 1 0 5 9 915 02 49 6 8 14 82 00 806623 724 4123 057
023 100 5 9 90 8 2 12 89 7 6 52 081 0209 10 2050 02 0 070 19 1700 12 3 5 0083 02 475 18 2040 8606 0019
19710 0130 10710 0310 7120 0 5 10 90 19202 805 4861 6022 8907 5410 12005 120 8934 0818 53023 1159 120138
1 2 3 4 5623 45 92 9 5 82 9 2 3 7 88 1 0 1 4 5 1 832 52 50 0 2 08 32 22 499223 109 7273 006
693 120 5 0 92 0 9 10 03 7 1 04 987 0584 70 8014 03 4 009 14 1895 10 9 5 0249 91 410 69 2605 8702 8400
10310 1175 09255 8002 0101 3 5 12 88 76860 810 0989 9002 1810 9010 92915 064 5534 5398 00213 1473 205098
0 2 4 7 0180 45 12 0 7 02 0 2 8 9 28 0 2 8 6 0 1 910 08 05 0 4 05 72 04 081820 000 9169 554
123 123 6 9 12 8 2 10 89 0 1 82 080 1840 95 0904 17 0 912 15 0215 08 0 6 1289 12 015 00 6045 0058 2005
12913 0125 00210 0618 6081 3 5 19 98 12872 805 7912 9610 1205 0010 52415 824 5100 0302 69006 1005 175198
0 9 3 3 0120 40 42 5 2 07 0 8 6 1 20 0 2 1 0 6 4 910 02 00 7 8 00 03 39 890003 924 9623 358
073 703 5 0 12 7 0 12 89 9 1 20 020 0148 10 2334 04 0 781 52 1410 70 3 5 1277 20 495 19 0000 8912 1916
02713 1139 09990 9868 5062 3 5 00 98 70142 855 0042 6815 1520 0070 12540 025 0634 5412 53603 1149 023098
8 0 3 4 7123 45 02 0 5 62 7 2 6 5 84 0 2 1 4 9 9 912 12 40 4 0 25 07 28 891223 029 8103 653
143 653 9 0 10 0 0 10 85 0 0 02 080 9290 00 2314 12 4 902 50 0262 10 6 0 1068 92 415 50 2145 0712 0942
62913 3760 13515 8092 4186 7 5 12 94 02102 701 8905 0582 1719 5403 90210 105 5030 0000 13238 1053 125198
1 2 3 0 4123 55 12 4 0 02 7 8 5 0 08 0 8 0 4 5 0 512 02 10 9 8 20 10 80 890028 359 8123 590
08 121 5 0 19 0 7 02 00 0 9 80 907 0213 15 7310 14 4 917 10 1385 18 3 5 9480 02 010 05 2140 8792 8902
04315 1136 80009 8709 4125 0 0 69 90 12190 415 0002 0810 1716 0443 82015 894 0000 1372 53270 1000 125998
1 8 3 0 5320 95 05 9 0 02 9 0 7 1 78 9 2 1 4 5 4 812 02 93 0 0 79 15 69 090223 528 0223 583
080 123 5 0 72 8 2 12 84 0 0 84 008 9214 07 0204 62 4 902 00 7215 10 3 5 0486 02 410 58 9090 9712 0902
18313 1005 13255 2018 5021 9 5 10 96 98100 815 4090 7875 1405 5400 17015 077 5794 5002 00010 1059 021098
1 0 3 4 1823 00 10 5 7 04 9 0 7 1 02 9 2 5 4 0 8 780 02 45 7 8 20 30 17 906229 021 8023 556
003 123 0 9 79 0 0 02 80 0 6 22 087 1014 15 5044 00 4 960 14 4713 00 3 0 1220 17 415 96 6140 8567 8910
72350 1636 49200 8004 7901 3 7 10 10 19502 953 6802 4818 1070 5008 16003 404 0037 8312 83296 1198 140098
0 0 3 8 0023 45 12 7 9 72 9 5 5 0 28 9 0 1 4 9 1 800 95 37 9 0 94 02 00 891500 004 0125 500
723 928 0 9 10 8 2 17 89 0 1 72 280 1772 05 3518 18 8 302 10 4210 12 6 0 1309 08 410 10 2107 8512 0922
10306 1055 93036 8010 5920 0 4 88 03 48392 015 8912 0952 1410 0413 63616 754 0934 2512 50270 0183 195098
7 2 3 4 9691 40 52 0 5 12 9 7 0 7 28 9 2 3 4 5 8 602 32 60 9 8 24 00 89 001290 120 9403 550
110 063 5 0 10 9 7 10 89 0 8 92 980 0014 10 2714 00 4 980 04 0605 12 6 5 0883 18 410 09 2105 2750 8011
90314 1030 97415 8708 5391 6 5 06 87 20150 815 0810 0910 8064 5810 02910 120 0630 9302 95203 0078 529708
1 0 0 0 1128 45 10 0 4 52 2 2 9 1 28 0 2 1 3 5 1 332 00 05 9 8 20 12 00 995253 020 0163 596
720 163 0 9 12 8 2 08 09 6 1 82 787 1219 08 2008 02 0 912 00 0225 22 3 5 0249 10 407 16 0140 8012 6902
19300 1905 80280 8700 0160 0 5 02 48 12847 805 8986 9870 0205 5400 60205 527 5130 5310 06013 9888 173198
6 3 8 4 5423 45 12 0 0 38 9 8 0 0 28 9 3 1 4 5 4 907 13 93 9 5 20 99 20 881961 004 8124 056
590 623 0 9 02 5 2 12 80 0 8 82 900 1219 06 0384 00 4 202 04 1108 18 3 5 0089 12 430 02 2104 8307 4910
12320 0038 10015 9063 5184 0 5 12 08 92592 315 0095 3914 1255 5010 12805 124 0064 5312 03803 7993 020108
1 2 9 4 3123 40 12 5 2 12 4 7 9 1 08 9 3 1 3 0 9 818 02 40 0 8 90 12 23 841263 700 7368 550
603 070 5 9 08 0 0 02 99 6 5 82 980 1210 35 7314 00 4 078 07 1655 18 0 0 1239 16 008 67 2040 8414 8612
72313 1105 23075 8710 0121 0 8 10 09 10142 802 8900 9002 5215 0017 32215 070 0200 0312 02210 0103 185890
8 0 0 0 0604 45 54 0 0 19 0 6 4 1 20 3 8 0 0 5 1 010 10 49 9 8 24 02 90 090823 020 3750 570
190 723 6 0 12 0 9 10 49 0 0 82 948 8210 13 1300 58 4 910 10 7205 00 3 3 1009 05 015 12 7000 8945 8019
02043 0135 00610 0564 5121 0 5 12 90 12003 817 8810 9812 0012 6913 00682 120 5734 8394 02202 4053 023198
1 2 3 4 0120 15 11 5 5 17 8 5 0 1 28 9 2 1 7 0 1 912 12 75 9 8 39 07 23 891020 104 8920 050
123 127 6 1 50 8 2 14 89 5 1 49 987 0214 15 7310 12 8 602 17 1415 12 0 6 0089 10 016 18 0106 4512 2905
88019 1030 19405 0049 5070 3 4 19 98 16509 705 8302 0882 1209 5050 12594 904 0830 0008 52203 1103 075099
1 2 5 0 0123 45 12 5 5 12 9 2 5 1 08 9 2 1 4 0 9 012 12 40 0 1 04 02 13 001220 009 8003 556
163 103 0 0 12 8 1 30 89 5 7 00 970 0218 85 7400 02 6 245 04 1715 10 3 9 0080 02 405 12 6049 8704 8699
14963 1000 16819 4016 5820 3 5 62 88 07002 818 7916 9802 7007 5410 03231 904 5337 9810 58617 2150 025068
0 8 0 4 5193 09 12 6 0 10 9 0 9 5 08 7 0 1 0 5 3 000 90 05 0 7 20 00 20 801203 073 4123 550
50 157 0 9 10 8 2 85 83 0 1 08 980 0910 15 7319 12 4 916 17 8015 10 0 0 6003 50 010 08 2005 8083 8915
89313 0065 10205 8096 5081 0 5 07 98 00733 815 7930 8819 0515 5493 79210 321 5904 8812 50173 1030 095190
1 2 3 4 0003 05 72 5 5 02 0 2 0 1 28 9 9 1 0 5 6 007 82 25 9 0 90 02 54 021003 307 9080 526
723 150 9 9 10 8 2 10 83 5 7 87 087 0289 15 0314 82 7 000 08 0205 62 3 0 1384 02 400 02 2709 0410 0912
10310 1735 10205 8340 5121 9 5 09 90 11182 095 8992 0818 1230 0465 82200 004 0104 5059 50703 1459 025702
1 2 0 4 0023 45 12 5 0 07 9 3 6 9 20 0 8 1 5 5 1 012 08 51 9 0 80 10 23 000200 162 8003 056
008 105 7 2 12 4 0 90 09 6 1 82 987 0004 10 0517 09 8 982 14 0295 07 3 4 1289 12 400 12 2105 2799 0910
22000 0175 03005 0016 5107 3 3 12 30 92462 050 8050 0810 0200 0413 85395 020 0007 0312 40040 7158 125108
1 2 3 4 5823 43 12 5 5 10 0 9 0 1 28 9 9 6 0 0 0 900 12 44 9 9 24 12 23 951204 189 0023 856
107 523 5 0 02 8 0 12 82 8 0 02 307 1209 75 2300 14 9 919 14 9218 79 8 0 1089 12 410 14 2195 0082 0930
02389 0105 10205 0005 5031 0 5 12 98 28109 815 8958 7702 1905 5412 62275 128 8104 5012 53203 0109 686108
0 0 0 0 5000 48 01 4 5 09 0 2 0 1 20 7 3 4 4 9 0 819 02 49 4 8 20 02 29 796923 604 8083 596
120 623 0 0 00 8 2 17 09 8 1 82 907 0204 45 6304 12 4 597 90 1505 02 3 0 8489 10 418 14 2145 0716 8012
62003 0735 15200 0710 0120 0 5 02 58 12132 813 6910 9899 1410 0412 08020 090 0604 5312 83290 1150 180098
1 5 0 0 6170 00 57 5 5 19 9 2 0 2 26 8 2 1 4 0 0 412 16 40 9 0 04 12 67 897923 064 8020 550
123 106 0 9 12 8 2 00 01 9 0 02 087 0234 10 2004 02 3 812 84 3215 62 0 5 1550 10 019 46 2105 8702 8913
12303 0005 03005 9519 5021 3 5 80 93 12050 810 8617 9832 0217 5410 60205 620 5084 2819 07217 0080 101628
0 4 3 9 5023 05 12 0 5 12 9 2 0 5 28 8 7 9 0 0 0 912 02 40 9 8 00 59 03 890090 126 6122 020
120 125 5 7 15 8 2 97 09 9 0 39 982 1910 60 7020 12 4 012 05 1215 12 6 5 1270 09 559 10 2640 0702 8962
30403 1135 10815 7712 7701 5 5 12 91 19602 885 8920 9018 8515 2900 80217 004 7137 0392 63296 1050 125108
1 8 0 0 1120 75 10 0 5 00 9 2 0 5 29 9 2 1 0 5 2 916 12 40 9 7 29 12 08 191283 104 8129 702
023 109 5 2 12 9 9 92 00 8 1 05 004 1214 09 2904 02 4 080 14 1240 12 3 0 0409 10 040 02 4145 5710 8172
20318 9005 16830 7709 5809 9 0 09 09 88120 015 8900 7812 0915 5707 88011 004 8137 0370 59063 1057 155138
1 2 3 0 0029 00 09 0 5 02 9 2 0 1 04 1 8 5 2 5 0 982 49 45 0 8 24 02 25 890028 120 8123 062
720 823 5 0 78 8 2 12 08 0 3 30 087 1519 10 0304 10 4 906 10 1015 02 3 7 0109 80 475 09 2755 0702 0280
17000 1065 18015 0702 5126 3 5 14 08 12002 995 3516 0862 1215 8483 15015 126 5194 7310 57303 0150 100904
4 2 3 9 9103 05 12 7 0 10 9 0 0 9 20 9 5 8 4 5 0 082 12 39 2 8 24 00 20 081023 114 8120 006
009 120 0 9 23 5 0 12 59 0 0 80 380 8214 05 0314 10 4 012 14 9016 52 9 5 0089 12 015 12 2605 6702 0016
92317 1035 13010 0700 5020 3 5 12 98 12102 810 1419 5829 1305 5793 02695 120 4134 5813 28010 1053 605102
1 2 8 4 1023 45 17 8 5 10 9 2 8 1 08 1 0 9 4 5 0 913 02 40 8 8 20 19 00 801023 924 7020 556
080 120 5 0 92 8 0 00 89 0 0 82 990 0614 75 2014 13 3 612 04 1010 12 3 0 1079 12 005 22 2100 8602 8512
02308 0030 13000 8019 0226 2 8 12 38 82110 817 5002 9052 1270 0473 82210 004 5000 5002 59819 9027 105008
1 2 0 4 0060 45 02 5 5 16 7 8 0 4 20 9 6 0 7 7 1 682 82 00 9 0 04 02 20 463923 104 4180 087
40 023 5 0 02 8 6 72 73 0 1 52 930 9200 10 7334 10 0 012 04 0025 10 0 9 0529 02 415 14 6145 3810 8902
22003 1156 13216 8705 6735 3 0 12 97 12130 805 8978 9812 8215 0903 16003 520 5036 5000 53215 1108 025698
0 0 0 0 7123 46 89 7 3 14 9 0 8 1 48 9 0 1 4 5 1 992 12 96 9 8 04 13 20 006328 120 0120 555
989 543 0 0 07 0 0 00 79 4 1 00 003 1914 15 9389 90 0 502 14 0030 10 6 5 1589 12 470 00 2785 9312 8002
18003 0065 07030 8702 2101 3 6 12 08 19830 800 8627 7817 1315 0410 12293 304 0104 5302 50218 0109 595198
0 5 0 0 8309 45 10 5 4 10 9 0 8 9 20 9 2 1 0 5 1 982 12 60 9 4 24 12 70 090028 020 8039 586
103 103 5 2 12 8 0 02 89 0 3 02 880 1218 18 0060 12 7 900 04 0915 10 3 5 0281 92 418 92 0175 8716 0940
02317 1840 33215 8712 0155 8 0 12 02 52102 818 0912 0772 1075 5703 90200 274 8134 0709 53233 8108 095147
1 2 0 4 3625 45 18 9 5 12 9 5 0 1 28 0 8 9 4 7 1 909 18 44 0 8 20 12 53 891127 124 8693 050
120 620 0 9 12 8 2 10 85 6 1 02 900 1210 09 7300 92 3 958 14 1815 82 0 5 0289 02 490 72 0495 8712 8912
05352 9061 13115 3710 5161 3 5 02 68 12840 885 8213 0862 0225 0563 12250 184 0054 0302 03263 0103 128193
1 5 3 4 0428 95 12 5 7 16 5 0 0 0 25 0 4 0 4 5 1 110 34 47 9 0 24 10 76 061960 104 0953 550
940 128 5 7 23 8 5 12 88 8 0 30 980 1019 95 3440 60 4 596 19 0205 12 0 0 0979 18 915 10 2845 0782 8012
00217 1137 93210 8402 8001 3 5 10 70 04075 010 5017 9212 1015 0000 42218 824 8134 5002 53515 1053 155005
1 2 3 8 0190 75 12 5 5 08 1 2 0 6 00 9 8 1 4 5 1 112 00 87 9 8 24 02 23 006220 004 8123 086
173 928 5 0 19 0 2 87 08 8 1 82 980 1204 00 3810 00 9 012 11 1240 02 9 0 1670 12 417 10 2040 5710 8012
00453 9035 00008 8030 0128 3 0 82 68 00863 208 4900 5182 1218 5213 59205 160 0109 0830 09200 7101 095698
8 0 6 4 5003 45 04 5 5 13 9 4 0 1 29 9 0 6 8 0 1 000 02 40 8 8 54 00 25 808708 164 8020 080
193 300 5 9 02 8 0 12 70 0 2 28 970 1014 46 7310 00 4 902 94 0216 00 0 0 1989 72 915 07 2305 8789 0910
96663 1090 70215 8712 5022 3 5 02 98 52602 995 8502 7510 1019 5713 12215 004 2250 5310 58203 5173 425903
1 0 0 4 0063 05 55 5 0 02 0 1 4 1 20 9 0 9 9 5 0 602 02 45 0 0 24 00 23 891287 044 0029 256
628 123 5 1 12 0 2 59 89 0 1 84 987 4204 58 2006 12 4 912 17 3075 99 8 5 4708 50 296 06 2045 8760 8818
19310 1105 10255 9012 2931 8 5 02 90 82002 817 0010 9810 0210 5479 10205 124 8130 5390 73613 1058 128108
1 0 3 8 0728 40 10 5 9 79 9 2 7 7 90 0 2 0 7 5 1 932 92 05 2 9 24 08 20 815220 104 8186 517
100 163 5 2 05 0 2 02 89 0 4 90 987 1115 15 0368 40 4 702 14 0210 02 3 0 1289 02 241 80 0000 0000 4919
02310 1705 07015 8712 3121 3 5 30 96 82502 410 8009 9802 0630 5080 10208 050 5134 5918 83510 7903 020198
0 0 3 4 5598 40 03 5 8 12 9 9 0 0 28 9 8 6 4 5 0 012 65 45 9 4 74 12 25 860223 020 8023 003
220 020 0 9 90 0 0 30 79 9 1 02 997 1214 00 5809 55 4 000 10 0715 80 0 0 0780 19 015 97 2149 4809 0900
92080 1730 02005 7602 5529 7 5 00 78 68998 005 8010 9802 1215 0059 70070 124 5030 5304 50010 1983 025030
1 2 3 0 0120 45 00 5 5 02 9 0 9 9 09 0 0 0 0 5 0 710 18 47 9 8 34 12 23 890033 104 8823 206
023 164 5 9 72 8 0 72 80 9 4 58 487 0712 00 0300 12 8 900 14 9210 10 3 4 4280 02 505 10 0045 0972 1912
12812 0505 03215 8808 0121 0 5 12 06 92352 009 3902 2617 8200 5406 14355 109 5072 5347 03010 9303 690698
0 2 3 4 9763 40 52 3 0 02 9 2 9 1 28 0 2 1 4 5 1 605 07 03 9 9 28 60 05 801003 027 8903 060
60 150 0 9 10 8 8 70 99 7 1 80 072 1307 15 2308 97 4 620 04 7010 72 3 2 0099 15 465 00 5140 0719 0770
70303 0130 83208 8218 3121 3 0 02 08 80102 019 8902 7068 1285 5810 90268 620 6939 4312 54217 0159 128007
1 0 8 6 5703 00 99 8 5 10 0 7 7 1 08 6 0 1 0 8 1 402 19 92 9 8 94 02 20 691224 628 8463 556
100 076 5 9 12 8 2 72 09 0 0 80 085 1214 15 9019 12 5 029 90 1273 00 5 5 0610 02 950 32 2100 4912 8012
12353 1040 03010 0745 6176 3 5 10 08 87109 016 8910 0828 9215 5403 10215 045 5036 0602 90087 8003 101088
0 2 7 4 0520 40 22 2 0 02 5 2 0 0 28 6 2 1 4 5 9 000 19 80 2 8 03 14 23 899020 124 8024 506
198 003 0 9 02 0 2 92 39 9 8 50 087 0216 00 0014 00 4 090 14 1215 12 0 5 0088 04 412 82 8820 0710 0012
02373 1135 18726 8705 0127 5 5 14 90 12002 875 6990 9912 1035 0013 05005 060 5994 5292 03003 0069 100098
0 2 0 4 9188 45 12 5 5 07 5 0 3 1 08 9 2 1 4 9 3 912 72 60 9 8 27 12 03 606240 124 6570 056
903 040 9 9 15 0 2 07 89 9 1 88 977 1234 15 0614 02 9 912 14 1215 16 0 0 1289 11 413 10 9105 7715 9402
82308 0835 60215 8712 0186 3 5 42 90 08197 805 8252 1107 1040 4013 12295 122 5004 5308 53713 0150 770108
1 0 4 5 0123 00 72 5 5 10 9 2 9 0 39 9 9 1 5 0 8 042 30 97 8 8 06 12 47 091203 000 0100 556
143 883 0 5 19 8 2 08 80 4 1 87 900 1016 10 2316 10 4 472 24 0735 82 3 0 4289 92 017 62 2600 8712 8900
62314 1035 13250 0780 1120 0 3 00 90 12142 812 0002 9014 0005 5410 02216 194 5640 0042 07113 3953 925108
1 0 5 0 0193 05 60 9 7 12 9 4 7 0 29 5 6 1 4 8 5 912 10 40 9 8 04 05 63 891203 004 8100 550
903 120 0 9 41 8 2 52 89 0 1 02 980 6860 10 5011 14 0 912 89 1068 05 3 0 1280 12 010 42 0106 8712 8900
19319 0109 05415 0786 5167 3 0 18 98 00348 805 0010 7310 1512 5403 12805 707 5134 0003 50236 1003 103188
9 9 3 4 5023 85 12 0 0 52 9 2 0 1 08 9 2 9 9 0 1 982 10 40 9 0 08 16 79 861023 120 0933 460
928 025 5 0 12 3 2 00 00 9 1 85 457 1017 10 9316 09 7 976 10 4010 12 0 5 8887 10 115 09 2030 8012 8942
12018 0135 13210 0071 0521 0 4 12 98 60277 829 0992 9700 1215 0416 10915 000 2130 9390 03613 0080 400698
5 0 0 0 0153 48 10 0 5 48 5 1 0 9 08 9 2 1 4 5 1 076 12 70 4 0 24 12 20 291003 160 8146 050
183 220 5 0 19 8 2 19 15 9 0 62 987 1204 00 2314 92 4 002 10 4285 62 0 0 1279 40 808 16 4000 9702 8713
12400 1035 16815 8706 0921 1 5 28 80 06495 800 8112 7802 1255 0313 29015 124 9050 5307 53743 1355 125483
0 8 0 0 0004 40 12 0 8 08 0 0 0 0 28 0 2 9 4 8 1 916 16 90 0 8 74 02 06 268583 094 7193 588
929 723 0 9 96 0 0 19 89 0 9 00 006 0214 15 1914 72 8 742 18 1215 80 3 7 8080 04 405 55 2065 0718 0974
09113 0530 13015 7039 0020 3 7 12 00 14090 899 8912 9000 1205 0910 02616 180 5194 8098 53914 7093 170088
0 2 3 7 5050 05 90 5 4 02 0 2 0 7 28 0 2 2 9 0 0 900 32 07 6 0 24 60 50 895293 004 8026 006
123 153 5 6 90 8 6 10 09 0 1 80 087 1715 79 0402 88 4 908 14 3295 02 3 5 1209 00 405 12 0108 8712 9902
19309 0785 04205 5712 5901 3 5 02 08 10102 005 0850 9082 0208 5413 95215 104 6797 5398 00443 1153 100107
1 8 0 9 5120 45 02 0 8 79 9 8 0 8 98 9 2 8 0 5 1 012 10 40 0 6 24 00 23 890823 124 8526 502
170 100 0 5 12 0 2 70 89 7 0 52 087 6064 85 5998 12 9 672 10 0090 90 3 4 1289 12 487 02 2045 4612 7012
00013 1635 10864 8712 6121 0 5 08 98 78162 005 8906 8792 1810 0079 98250 004 8030 5119 00216 1950 095148
1 2 3 9 0123 90 52 9 5 00 5 2 0 1 20 5 5 1 3 5 6 019 00 65 0 4 20 02 53 990823 734 6100 706
87 724 3 9 00 0 0 16 00 0 5 70 917 0240 92 2304 10 4 092 14 0200 10 5 9 1089 05 915 50 2148 9700 8010
16903 1995 53010 0082 0164 3 5 12 07 09120 610 8919 8010 2075 0603 30205 108 5100 5386 53208 0153 105118
0 2 8 0 5613 65 80 5 3 14 6 2 0 5 27 8 2 0 4 5 1 902 12 88 9 0 84 12 23 801520 124 8003 699
427 127 7 9 02 5 9 52 93 8 1 80 087 8807 15 0310 02 0 602 10 0210 09 0 9 1699 17 010 06 0158 3010 0915
12018 8840 63210 8919 5721 0 5 10 90 13047 860 6910 0900 0015 6093 02215 120 5134 5012 13013 0053 924 8069 556
005 094 0 9 12 0 2 10 69 0 3 82 889 1050 11 0828 10 4 912 00 0205 88 3 5 1180 17 405 82 2105 8710 8919
12408 1635 63060 8705 5310 3 8 02 08 10265 815 8072 9008 1265 9553 10015 924 5374 5010 37713 1050 005993
0 2 9 4 5520 65 19 5 0 69 9 8 5 1 09 0 0 1 0 0 9 942 12 25 9 5 70 09 20 807023 804 9103 506
103 423 5 9 12 8 2 20 89 7 0 02 907 1380 15 0014 02 0 202 10 9085 77 3 1 1289 87 915 02 2868 8742 8012
00515 6130 39318 0502 8821 3 0 02 04 12002 815 8002 9482 1610 5480 03204 124 5035 8393 53200 1140 122195
0 6 1 4 0526 05 02 5 5 02 9 2 0 0 29 7 6 0 4 0 1 912 15 45 0 0 24 08 07 401220 175 4920 050
504 039 5 0 09 8 2 02 09 7 0 80 007 0280 00 2310 48 0 916 04 1318 12 3 9 7200 14 405 10 3075 8002 5288
02013 1100 10205 8100 0126 0 5 12 98 12005 875 8012 9072 1035 6019 65219 102 9130 5082 53006 0191 125045
0 2 5 4 5423 05 12 5 7 10 9 1 9 3 28 9 4 0 0 5 1 002 10 40 0 3 54 06 20 690820 722 8703 556
023 223 0 4 10 0 9 02 09 7 7 82 080 1204 10 2304 02 0 912 54 8205 92 3 5 2260 00 075 03 0045 1032 9915
18713 0035 05069 7797 4020 0 0 80 08 37903 855 8902 9002 1900 5410 10118 794 0534 9302 53082 1155 275098
0 1 3 0 0023 05 12 7 6 02 6 0 0 0 20 0 0 3 2 5 1 080 19 95 9 8 74 12 20 891093 124 0350 803
023 820 0 9 05 8 0 00 89 9 1 87 907 7857 90 2814 12 4 615 10 8205 12 0 0 0584 12 414 12 2085 8916 8309
15810 0190 03215 8710 0601 0 5 10 38 50777 885 0942 0052 1210 0018 89705 058 3100 5318 90008 0500 185691
9 0 6 3 5123 05 10 5 6 02 9 2 2 0 08 9 2 8 4 0 1 916 80 45 1 0 75 15 23 801203 424 8729 556
50 023 5 8 72 8 0 73 30 7 2 89 906 1047 05 6350 17 4 915 04 1055 52 2 0 5288 07 010 00 0846 7716 8812
49303 0600 83010 0902 5122 0 0 13 98 80195 810 8112 9022 0700 6013 17002 120 5039 5312 63700 1658 595191
8 2 0 0 8100 45 02 5 5 12 0 2 6 1 78 9 0 1 9 0 1 942 06 40 6 6 84 12 90 891003 125 1629 052
076 063 5 9 03 0 2 02 49 9 6 89 983 4036 10 7390 12 7 902 14 1210 07 3 7 6070 12 415 12 0305 4750 8000
59309 1835 03260 0700 5020 3 8 90 95 10909 605 7910 5019 0210 0403 18895 054 5064 4319 03513 1153 020100
7 0 0 4 0903 00 92 0 5 02 9 2 3 1 09 7 0 1 0 4 1 017 92 00 9 1 20 12 97 990620 929 0623 506
023 020 0 9 12 5 2 12 89 5 1 80 907 0910 25 8314 05 4 910 04 1215 10 3 8 7280 19 415 12 0805 8702 0617
10370 9135 03015 0300 5300 0 5 22 20 02102 005 0910 9813 4015 5053 18219 604 5034 6320 59647 9109 126098
0 4 6 6 0623 40 06 0 5 72 9 2 0 6 08 2 0 1 4 2 0 012 12 47 1 8 24 48 20 997203 424 8123 576
143 120 5 9 12 3 6 92 99 6 0 82 000 8215 90 2518 02 4 910 04 0215 10 0 0 5082 10 019 06 0045 5715 0982
15400 1035 10210 0018 6358 9 0 82 08 12032 810 0900 5852 0505 1093 10815 420 5530 9692 80008 1106 185998
0 2 0 4 5123 05 06 5 7 12 9 2 0 1 00 6 2 0 7 0 1 912 12 05 3 9 84 97 60 000423 994 5163 980
103 176 5 0 10 0 2 12 49 0 1 02 080 8716 05 3714 00 4 982 06 1817 12 3 0 1780 12 415 02 2693 8712 8912
02313 8435 73209 8702 0141 0 6 02 08 90170 817 0902 9710 1200 4006 90216 128 0183 7043 50017 0190 226190
9 2 3 8 5128 45 13 5 0 52 7 0 7 0 28 0 0 0 4 5 9 912 32 67 0 8 04 12 03 091200 425 8140 507
323 929 5 9 82 5 9 82 09 9 1 86 870 1219 10 8084 12 4 912 19 7205 02 3 5 8800 12 005 13 2190 2600 7042
12310 1140 17210 8716 5927 0 8 13 30 19000 800 3912 9829 5265 8602 15435 024 0050 7018 53003 1100 125190
1 0 3 9 0725 45 17 5 9 12 9 2 0 1 08 9 6 0 0 5 8 919 12 60 9 8 44 00 03 041899 024 8180 056
120 724 0 9 82 8 2 02 00 5 1 79 987 1410 05 2080 90 4 902 60 1215 82 3 0 1200 17 912 02 2194 8770 8012
97093 1105 35013 8012 5100 3 0 70 08 52872 816 8916 0800 8905 0493 19008 024 5004 8392 03013 1150 025104
0 0 3 0 5187 45 17 9 8 96 9 2 5 1 00 9 0 1 0 0 0 962 12 00 8 8 04 12 23 891503 884 8003 006
808 003 5 9 13 8 2 72 89 0 1 43 987 5204 15 2514 10 4 914 91 1806 14 3 0 1299 08 755 72 5580 0752 8052
91683 7135 13215 8912 0101 2 2 92 08 17142 867 8860 0402 1150 7406 12247 124 0134 5550 53200 0102 025908
4 2 3 0 5000 48 63 5 0 02 7 2 0 1 28 9 0 1 4 7 1 400 02 97 9 0 08 12 30 941203 804 0000 000
953 083 9 9 02 0 2 00 80 7 1 97 275 5014 15 2890 92 4 642 14 0015 02 0 9 1200 12 415 82 2109 6022 0909
19389 1005 10207 8019 5121 2 5 92 98 42604 910 6000 8810 1714 0400 10215 120 5193 5312 07003 0050 189138
1 2 0 9 0529 55 70 4 5 19 0 2 8 8 10 0 0 3 6 7 1 900 09 05 0 8 94 00 93 291223 008 0828 550
121 715 6 9 08 8 2 52 83 7 0 82 980 1214 10 0344 17 4 912 12 1715 12 3 0 1203 12 403 11 9165 8008 3910
80317 1135 13200 8042 5129 0 5 69 28 12784 219 9902 6004 7205 6410 82040 006 5037 4312 63219 1009 920830
0 0 3 4 9103 40 09 4 5 02 9 0 7 5 28 9 2 1 0 6 0 902 82 40 9 0 26 10 27 871220 104 0023 559
003 163 8 9 08 0 2 32 89 0 1 82 084 1214 10 2004 19 4 002 10 1200 62 3 5 0709 17 050 12 0148 8709 8512
10403 1100 83615 0910 3861 3 0 38 98 17352 905 0988 2870 1013 5411 72715 424 8007 5612 03903 0153 020098
1 0 3 0 2100 78 14 0 0 30 9 0 7 1 00 8 2 1 4 5 1 912 00 04 0 8 36 69 20 891626 129 8000 000
78 023 8 9 17 0 2 09 89 7 3 09 980 1006 01 2394 02 4 412 14 0445 10 3 0 5088 00 409 12 2045 0807 9982
12007 0230 98218 8900 5144 0 5 12 78 16359 805 0915 8800 0805 5430 12215 023 0030 5312 53224 0883 027598
1 0 0 5 5003 45 86 5 5 87 9 5 0 1 08 9 2 4 0 9 6 850 42 02 9 9 20 09 27 897720 104 8140 950
023 122 5 4 02 1 2 82 80 4 1 92 907 1000 29 2304 70 4 010 64 1298 12 0 5 1206 00 017 82 0180 8760 6002
42310 1172 10015 8712 0001 7 5 09 77 08392 700 7902 0814 6705 6471 12295 104 5404 5342 51213 1193 025808
1 9 3 4 5100 40 10 5 8 00 6 4 7 0 28 4 0 1 4 9 1 012 32 00 9 4 29 72 53 771225 100 0025 085
004 674 5 8 12 8 2 02 09 8 2 76 877 8404 19 9314 00 0 360 14 5516 18 3 0 1280 19 518 10 3100 0732 0512
14773 1035 90905 8702 4030 0 5 02 98 12440 015 1909 9592 9675 8006 10745 104 5730 5701 53033 1045 025204
1 0 0 0 0109 44 02 7 1 12 9 8 2 1 52 9 9 1 4 5 0 710 10 05 9 0 29 00 29 001200 500 5023 005
687 137 5 9 04 8 0 10 96 9 5 03 900 1210 10 2397 02 4 019 10 0094 06 3 6 4289 02 864 92 7045 6757 8910
08313 0135 12000 8710 5121 8 5 92 09 11162 815 8982 9858 9210 5940 02615 129 3134 7012 33233 3003 305508
1 6 3 1 5683 00 00 5 5 92 8 2 0 1 28 5 0 1 4 5 0 912 66 75 9 3 84 92 04 890203 028 0120 856
198 120 7 9 10 8 0 19 88 0 1 22 907 7210 65 0314 17 0 990 13 0214 18 3 5 0089 10 087 12 9000 0700 8910
12803 5155 13505 0802 5004 7 5 18 08 10101 040 7020 8862 0309 5483 55959 124 0130 0316 53013 6056 025198
1 4 0 0 0423 45 10 5 5 82 7 0 0 0 04 0 2 1 4 5 1 050 76 15 9 8 09 10 03 891003 124 8157 456
090 113 8 0 19 8 0 70 80 6 1 80 987 1200 15 2314 19 0 918 04 1870 10 8 5 1900 02 405 12 2945 8732 8412
66000 0135 03217 8200 5001 8 5  5171 0 0 10 98 12162 810 8910 4918 6215 5080 19010 025 3309 5310 52213 0653 660008
0 8 0 4 0003 65 06 5 5 70 0 6 3 1 08 9 2 0 9 5 0 910 02 40 9 1 24 62 20 661024 100 5020 086
170 123 5 9 12 9 0 12 09 0 1 02 937 0814 05 6589 18 4 962 89 1215 12 0 0 6482 81 001 14 2195 7042 8982
12303 7905 43285 8002 0001 3 2 68 00 00100 310 8912 9898 1240 2913 12006 190 0504 0802 03283 6103 065688
0 2 3 4 0923 40 92 5 5 02 9 0 5 7 20 6 2 1 0 6 1 316 12 05 9 5 20 02 23 891000 104 0123 059
060 123 5 9 10 7 0 12 89 7 1 82 997 0010 10 9014 12 4 909 84 1215 18 4 0 2580 12 006 79 4060 0700 8082
02313 1070 15205 8602 0121 0 5 00 98 02170 053 8040 9882 4975 5393 62015 040 5130 5300 50211 0153 155170
1 6 0 8 7500 45 02 6 0 62 0 2 8 1 03 4 2 1 4 5 1 950 88 46 9 9 23 19 03 870263 124 8822 550
08 020 9 9 02 8 2 57 89 2 9 80 204 7210 10 2314 37 6 003 14 0245 15 3 5 0289 02 416 02 2145 1710 0912
16326 8165 18252 0702 3160 8 5 09 90 19039 875 0904 9816 1025 0618 02249 984 0104 5819 53083 2156 125398
9 9 7 4 5103 41 12 5 5 12 9 2 0 8 28 9 0 4 0 5 0 310 12 42 9 8 24 02 23 190223 547 8020 000
262 003 8 9 70 8 2 92 80 0 1 72 987 3208 85 9317 19 0 916 14 9215 02 7 5 1289 03 070 10 6145 0010 8040
07390 0535 09010 8775 0075 8 0 00 08 12949 015 8017 7710 0919 5014 02848 124 5174 5012 00930 1124 175008
1 2 3 0 2922 45 00 5 5 07 9 0 8 0 08 9 2 0 4 0 0 962 02 05 9 0 04 12 03 993729 120 7127 456
800 500 5 9 03 7 0 10 79 0 8 80 987 1514 03 6370 63 0 912 10 6295 62 3 5 0784 10 990 12 2005 0700 4816
12160 1004 49210 8702 0128 0 5 72 05 12100 815 8016 7607 0216 5580 80006 829 7809 5303 53217 1033 125008
1 0 0 4 6120 05 12 5 0 10 0 2 6 0 48 9 9 0 4 0 1 902 19 40 0 8 72 02 74 890993 190 0126 506
153 173 5 0 17 8 2 12 88 0 0 82 937 8200 80 0034 02 9 072 30 1080 09 6 5 6009 12 405 00 2705 6710 8912
12403 1507 19245 8762 5121 3 5 12 88 02170 105 8918 9211 5025 1610 12017 194 0107 0012 90213 1140 109098
1 0 3 4 7123 85 18 5 9 13 0 2 9 1 98 0 0 3 4 5 1 016 02 05 9 8 80 10 24 861023 104 0190 556
126 123 0 7 02 0 2 69 81 0 1 82 087 0274 05 2335 17 0 900 90 0005 02 0 5 1286 12 415 16 5145 6012 6710
92085 0134 43290 4712 3620 0 8 12 98 12062 815 8912 7812 0848 5473 52015 984 5164 0316 47213 1800 005108
0 8 0 4 9123 40 22 7 5 18 9 2 9 0 68 9 7 7 4 5 1 902 15 85 0 8 85 36 20 330020 024 8133 687
038 123 5 9 00 0 0 42 75 5 0 79 997 0754 05 3384 32 4 978 14 7790 10 7 0 9278 16 475 12 8145 8016 8933
02314 9025 53617 7010 0020 3 2 02 90 02192 840 8712 9802 4710 0003 12785 020 0998 8436 50217 2053 727179
8 0 6 4 9707 05 12 0 5 72 8 6 9 7 05 9 2 1 4 1 1 912 13 05 7 8 24 12 27 890028 124 8127 059
123 573 9 3 10 8 2 12 78 0 0 82 077 1264 16 2214 14 3 982 14 4000 12 3 5 5260 90 915 02 9905 4712 6012
92306 0335 13305 8910 5126 3 0 12 98 12142 005 0012 0800 1015 5470 00218 706 5139 5142 53313 1103 000107
7 7 0 4 5113 47 80 9 5 12 9 0 9 1 20 4 0 1 0 5 0 012 35 85 9 8 28 77 23 701223 120 8108 009
123 073 7 9 12 8 6 70 70 0 0 04 987 1200 45 2914 04 8 912 88 0611 02 3 9 3029 02 410 10 0145 0062 7752
18313 1100 98305 8710 5721 6 5 92 99 09192 815 0910 9812 0217 2010 12205 134 9834 5919 04009 8153 385118
1 2 0 4 9120 45 52 3 5 00 9 0 7 0 08 1 2 1 6 5 1 212 10 05 9 0 28 00 80 860020 104 9120 546
129 023 0 9 90 8 2 02 89 0 0 00 082 1014 05 2720 52 6 042 94 1085 14 3 0 1089 12 315 13 8445 8060 8012
00310 1490 03215 8010 5121 5 0 10 18 19110 010 9562 5064 0215 5408 02075 104 9736 7710 50213 0903 088108
7 0 0 4 5079 05 02 5 5 10 9 7 3 1 08 9 2 8 4 9 5 410 12 45 9 0 84 12 00 841209 084 0623 556
150 173 5 1 72 9 2 14 80 0 1 92 880 5514 65 8314 92 8 992 00 0080 60 7 8 1048 72 714 12 7140 5709 8000
12063 5590 16205 0010 9121 0 5 12 98 02008 010 8908 9310 5915 5010 92186 404 2174 0308 50218 1050 145197
1 0 2 4 9628 48 12 5 5 00 4 0 9 1 91 9 2 7 0 0 1 900 10 09 0 9 73 42 23 090220 150 1003 087
027 173 9 9 92 8 6 18 90 6 3 80 806 9217 40 5356 02 0 010 05 9909 70 3 5 1076 00 625 10 2740 0819 7903
52313 7135 03009 0714 7021 0 5 02 88 48192 805 8802 9810 0215 5700 12005 124 5334 5344 52213 1130 661040
1 0 4 4 0123 42 10 0 0 02 0 0 6 1 00 9 2 1 9 5 1 912 02 45 9 0 88 12 27 807124 420 3029 580
06 163 5 9 15 9 9 50 89 4 0 07 086 0919 15 0300 17 4 716 13 1695 10 6 5 1380 12 415 12 2608 5802 6002
32310 1139 13215 8000 5780 3 9 99 40 19182 880 0512 9809 0270 0408 18215 720 0030 5305 50213 0984 505796
0 4 9 4 9523 05 12 5 5 10 9 2 6 1 28 0 5 1 0 0 4 562 82 95 9 8 80 82 23 860523 184 8123 056
123 123 7 0 10 0 0 62 84 6 5 76 074 9204 55 0615 12 4 015 13 1686 10 7 5 6209 59 405 00 8606 8710 8919
10313 0132 60295 0002 5191 3 6 89 08 10100 709 8919 1817 0233 5414 14000 404 5124 6373 56512 1103 025110
1 2 3 8 5530 08 12 5 0 10 9 0 0 1 20 9 2 9 4 5 0 912 10 46 9 0 28 00 23 098720 090 0123 480
128 103 8 3 14 8 4 12 89 3 7 82 917 6704 10 0314 02 0 000 14 0067 12 0 5 6989 52 415 00 2109 8710 8412
12313 0100 13205 0795 5120 6 5 02 08 10107 096 0870 6518 9815 5410 05285 020 6534 5576 03272 6172 079198
0 2 0 4 9123 45 12 5 0 12 9 2 0 0 07 9 2 0 4 5 1 992 12 85 0 8 04 58 03 890203 009 0103 700
970 123 5 5 92 8 2 12 49 0 0 02 000 0004 23 2314 12 4 902 14 1514 19 4 0 0000 10 005 09 0149 0712 8919
62730 6035 07815 8712 0501 7 5 08 97 15189 819 0002 9802 0275 0473 02210 004 4006 7307 90013 1606 100198
1 0 3 0 5100 60 16 5 5 19 8 2 8 4 94 0 2 1 7 5 7 252 85 05 0 0 04 70 03 800083 190 0140 556
123 023 7 9 16 0 2 07 00 9 1 79 487 7284 15 0304 09 3 800 08 1219 12 0 0 5686 19 477 90 2173 8179 8012
90307 1139 03499 0812 5021 3 0 02 90 12146 847 0012 9802 1115 5010 82615 029 6104 5918 03015 7193 026048
0 5 6 4 0050 85 02 0 2 92 0 0 3 0 68 9 9 1 9 5 6 912 12 45 9 8 44 12 80 700323 124 8123 050
023 073 0 8 08 8 8 32 00 0 1 22 977 1010 09 0010 07 4 938 14 1206 01 3 5 0280 02 010 12 2103 0002 8952
20300 1136 13215 9012 5091 0 5 12 64 70908 019 0995 0802 0095 0040 12212 184 8134 5811 33013 0803 525108
1 9 4 4 8025 60 12 0 5 02 0 2 7 1 08 0 2 1 0 2 1 815 10 00 9 8 14 02 29 991053 114 7123 570
446 793 2 0 12 9 3 18 09 2 1 83 782 1804 85 2754 00 4 202 14 1055 02 0 5 1606 10 415 00 0374 2700 3910
12313 1120 03235 5000 5221 3 0 10 78 52800 815 8955 9822 1818 5478 18000 104 5134 0002 07073 0003 025190
3 0 6 4 0126 45 12 0 5 12 9 0 8 1 78 9 2 1 4 5 1 012 17 40 9 9 27 00 73 207223 429 1803 506
128 093 0 0 19 8 2 17 40 0 1 82 087 8210 15 1019 12 0 817 92 9275 00 0 5 1489 99 900 59 7342 8712 0918
62790 0130 83715 3702 0401 3 5 10 97 12652 815 8952 7052 6215 3473 02210 074 7334 2962 53735 0553 124190
1 0 8 4 5800 40 77 9 4 12 0 3 0 0 20 8 2 1 0 7 5 002 02 00 1 8 00 87 29 844820 124 0120 556
060 150 5 9 12 8 4 80 09 7 2 88 287 1200 15 2094 40 0 002 64 0907 90 0 6 0930 72 000 12 9105 8082 5082
12315 4035 16015 4702 5121 3 5 12 88 10105 005 8878 9882 9210 7414 10315 154 5044 5810 90706 1153 627828
6 0 3 6 0009 02 76 7 0 72 0 0 9 1 28 7 7 1 4 5 0 912 02 45 9 1 74 12 03 800020 984 8803 156
023 103 8 9 06 8 2 19 89 0 1 82 997 1260 65 0384 04 4 042 90 2100 18 4 2 4789 12 495 12 4900 0925 5012
10317 1060 53080 9012 0000 3 5 15 68 18170 919 2912 9802 1010 0486 19915 820 0034 5800 53203 0103 120599
1 5 7 4 5023 65 02 8 7 10 9 0 3 0 98 0 2 1 4 0 0 034 99 90 0 0 24 00 20 891093 124 8503 604
120 133 5 9 12 4 8 12 80 9 1 02 927 0207 15 2015 32 7 900 10 0915 12 3 5 1489 00 015 12 2403 5014 8912
70302 3170 05215 8083 5120 0 9 13 08 72162 865 9912 9402 0035 5013 02013 107 5134 5315 73313 0183 675008
0 2 3 4 5023 44 46 3 5 10 5 2 0 0 08 5 4 7 4 5 9 912 62 75 9 8 34 82 23 858028 044 2070 306
00 127 5 9 10 8 5 17 99 6 0 86 085 0017 15 2614 00 5 912 17 1215 12 3 5 0700 02 815 00 2165 8710 8913
90303 1005 66015 8709 0121 3 5 10 08 30470 008 0902 0802 6215 5405 19205 080 0834 3300 53010 0570 120097
1 2 3 4 5010 40 00 0 5 15 0 5 0 0 67 9 2 0 4 5 0 410 02 02 9 0 20 00 22 781002 024 8150 050
153 309 5 9 12 8 6 70 82 6 0 77 960 0214 05 5014 10 4 192 74 1775 04 3 3 1209 12 435 16 0545 0682 0002
02007 4735 93210 8908 0101 0 7 02 99 12022 215 8932 6998 0203 5073 80275 720 5206 5002 50000 0123 925000
9 2 6 4 0720 40 74 5 0 10 9 5 0 1 23 0 7 1 8 5 1 948 12 06 9 8 28 13 23 097220 774 8183 506
123 043 0 9 72 0 2 12 80 1 0 62 000 9599 16 0016 70 0 952 68 1590 72 9 5 0008 00 461 10 2105 8819 1612
02100 9187 07219 8710 3160 0 9 17 93 82362 445 8088 0092 0207 6010 60299 020 5130 5312 53013 6850 495098
0 2 3 9 0523 70 02 5 0 70 0 2 6 0 68 9 2 1 0 9 0 916 92 45 0 8 20 12 26 891000 820 8123 500
133 600 0 9 10 8 2 02 26 0 1 54 089 8214 05 6319 12 5 000 04 1015 10 0 0 0989 10 055 42 0005 8512 4902
10913 9135 13915 8710 0011 3 8 08 79 18105 005 0012 9617 1700 0470 12205 141 5004 6302 00223 4053 025208
7 2 4 0 0123 45 68 0 3 02 9 0 0 1 60 0 0 2 4 5 0 087 08 44 9 8 28 12 23 001280 144 8123 558
573 893 5 9 26 8 2 70 69 9 1 82 077 0014 12 0304 02 6 202 98 1015 86 6 0 0209 87 925 02 2095 0712 0912
09017 1181 43810 8990 5101 0 5 17 98 18102 010 0966 9802 0245 5703 10215 226 5104 8315 55000 1158 408597
1 2 0 4 5084 45 12 5 0 19 9 2 0 1 08 7 2 4 0 2 0 911 00 05 9 0 07 02 93 090003 194 8920 006
167 180 5 0 12 0 2 10 09 0 1 82 987 0200 10 7010 12 0 812 70 9215 10 3 3 1238 02 005 12 2745 4710 2700
90313 1650 13215 7700 5121 1 0 12 90 10809 415 8910 4180 0010 5483 10205 524 0036 4032 53208 1159 125098
1 2 3 3 7923 09 02 0 5 15 0 9 2 1 80 0 2 4 4 0 1 958 80 45 9 8 20 37 20 095264 109 9127 502
120 123 0 0 07 0 1 10 75 6 0 84 947 0014 04 0740 10 6 972 16 0000 02 4 5 1209 77 487 00 2745 8760 8912
12833 1138 13800 0000 4121 3 0 10 98 12100 105 8516 0918 7010 5413 12090 000 0135 0052 53203 0750 140098
0 0 3 4 9100 44 04 8 5 12 9 7 9 1 26 3 0 1 9 3 1 905 00 40 2 6 24 02 43 890100 220 8027 036
623 067 0 9 08 5 2 00 89 0 0 82 985 0014 80 2314 12 8 910 48 1215 19 3 6 0089 90 604 92 2105 8719 8972
12383 0135 13075 0792 0626 3 5 06 08 12945 805 4909 9857 0013 5090 08380 124 5190 5312 03203 0106 117298
1 4 0 9 8003 45 15 0 0 92 9 2 0 1 08 9 2 0 0 5 8 968 19 46 0 7 25 89 73 701225 104 7054 096
020 023 5 3 52 8 9 64 00 0 1 80 987 7219 50 2304 09 4 909 00 1910 12 7 8 1045 15 015 12 2905 8716 8010
02374 7735 42013 8500 0101 8 5 12 98 98990 815 0490 0760 1295 8013 10215 066 5134 5300 55213 0655 075068
1 2 7 4 0120 05 12 5 0 16 0 2 2 0 28 9 2 0 0 8 0 056 12 45 9 8 00 12 23 094003 120 8703 103
423 050 5 9 12 8 0 12 83 0 1 82 987 1200 15 2914 00 4 099 94 0000 12 0 7 1239 04 515 51 8140 0512 0910
02390 0035 00215 8708 0621 6 2 18 98 12112 510 8906 0002 3715 6413 10019 024 5134 8719 03200 0150 105190
5 2 0 4 5080 45 12 8 5 12 9 0 3 0 84 0 0 1 0 0 1 916 95 45 9 0 00 19 23 791003 124 8077 556
009 101 5 0 02 0 2 10 60 0 1 99 007 1744 95 0310 12 0 992 61 6816 40 3 5 1289 12 715 14 2185 9310 0060
12010 5135 33005 8710 5304 5 5 92 58 00162 915 8960 9092 1240 5513 17605 124 0003 4612 57308 1060 520185
4 9 3 0 5123 95 79 5 0 72 9 0 9 1 00 9 2 7 4 5 9 202 10 45 0 0 23 42 73 948283 140 8323 576
00 973 5 2 04 8 0 62 79 9 0 89 078 1204 18 3049 10 0 952 14 0010 05 6 5 1689 52 405 92 6745 0610 8092
12013 8070 10000 7767 5021 7 0 12 70 02140 317 8992 7712 1204 8000 08265 420 9030 5308 53410 1703 085190
9 0 6 6 0700 00 10 5 5 02 7 2 0 1 28 0 2 1 6 5 1 290 00 95 9 0 20 19 23 094023 124 0620 080
180 023 5 9 07 8 2 12 99 9 7 82 988 6214 10 2314 12 0 002 10 9215 77 0 3 4080 02 905 02 0370 8812 8512
11513 0075 10220 8709 0041 3 0 00 90 10140 810 8900 0819 8235 0453 02238 070 0134 5072 54263 1663 100784
2 2 3 4 8029 45 00 0 5 10 8 0 8 0 08 0 2 9 8 9 1 916 00 08 9 0 37 82 23 230227 109 6164 006
126 683 5 9 00 8 6 12 78 0 0 82 990 0214 10 2714 14 0 908 64 0080 16 3 7 0009 02 010 42 2185 8732 8910
10016 1840 18080 8010 5091 2 0 12 98 42000 307 6012 5806 0245 8403 10905 908 5136 5412 03803 0153 025008
8 0 0 3 9103 45 10 4 9 12 9 0 0 0 28 0 5 6 5 5 1 912 52 40 7 8 04 10 83 805027 674 8193 590
524 127 5 5 03 0 8 60 89 9 1 99 007 4408 50 2604 20 9 000 85 1299 94 0 5 1582 85 400 02 0565 8717 8015
62380 0630 08213 0006 5027 3 0 12 90 03056 805 0912 9600 0115 5083 52240 108 6130 0802 53910 0300 512008
5 9 3 4 0193 00 12 5 0 12 0 2 0 8 68 9 2 1 8 5 1 912 50 40 1 8 84 00 87 600423 023 8003 506
123 123 6 0 13 6 2 70 89 6 7 89 987 1854 00 0014 72 2 000 04 1805 17 0 5 1889 62 440 82 2155 8052 0382
19340 0738 80010 3702 5988 0 5 10 00 12102 813 8005 9070 0850 5493 62220 025 6337 5310 57203 0153 100197
1 9 3 5 8153 96 12 0 5 12 0 2 5 1 00 0 8 4 4 5 1 916 82 45 9 8 28 62 20 001206 128 8029 508
093 078 5 9 10 3 2 90 07 1 9 42 089 0264 95 2019 02 4 512 14 0215 02 3 9 9279 98 093 02 2005 0710 0612
02313 1030 73247 8796 8177 1 5 60 96 62282 015 0910 0192 1005 5970 92005 884 5731 5012 59200 7050 924090
0 2 0 8 5023 05 30 5 0 90 9 2 9 0 26 1 2 1 0 5 1 902 82 95 9 8 24 10 20 804200 420 8123 506
125 104 5 9 82 8 0 12 03 0 0 86 380 0804 15 8304 10 4 992 53 9215 02 3 7 3280 08 164 17 9145 0012 7986
02717 1030 13513 8536 3029 3 5 12 08 15496 775 8052 9012 0004 0440 52517 124 0834 6305 50000 1087 175188
8 2 0 4 5093 75 12 7 1 20 9 2 0 0 28 9 2 1 0 7 1 010 12 43 7 8 74 02 20 831620 174 3180 586
123 124 0 0 12 8 2 50 89 1 1 02 004 6200 75 2350 02 9 810 10 1219 52 6 5 1286 60 015 12 3049 9710 0012
12583 1135 90218 8872 5291 3 5 59 97 10132 808 8910 0650 0585 0483 12005 824 5104 5392 06919 1157 005795
0 7 4 8 2060 45 02 5 5 10 9 2 0 8 25 6 5 1 4 3 1 512 12 00 0 4 24 60 23 891867 180 3121 550
071 128 5 5 17 8 2 80 89 0 0 83 980 0804 12 3004 19 0 905 10 1075 14 2 5 0209 12 005 62 2075 8718 9852
12513 1138 10284 9818 7181 3 7 12 07 82002 813 9012 2219 1035 4483 92215 027 5734 5317 06207 0003 025950
0 2 8 4 0120 45 15 0 5 80 8 3 0 1 88 1 0 0 7 5 0 912 92 08 9 0 20 12 20 801023 129 9093 556
000 120 0 9 12 8 2 52 09 3 0 82 007 1811 16 2333 19 8 908 16 1015 09 0 5 0986 40 410 10 8147 8918 8670
80313 0430 02990 0892 5120 3 5 15 50 10192 805 8072 0810 9055 0400 02696 804 5134 5310 53213 1553 885135
1 7 3 4 8100 05 92 5 5 10 9 2 1 1 00 9 9 1 4 0 9 012 58 45 9 0 00 12 06 928273 104 2804 500
006 003 0 0 10 8 7 00 89 5 1 80 907 1404 15 0314 00 0 052 05 0200 12 3 8 1219 67 405 00 2151 8710 6842
12310 1165 13215 8710 5561 0 5 00 98 02840 800 8902 9802 0500 5810 18275 629 5177 5082 66240 7109 025196
6 2 6 4 5123 45 10 2 6 72 6 2 4 0 20 8 5 1 4 5 1 912 12 65 5 8 24 12 23 681700 759 8001 500
50 523 5 9 02 8 6 90 69 0 1 80 008 4237 05 8964 94 6 940 00 0259 12 9 6 7284 14 615 09 2390 8501 8912
12313 0797 00015 7760 0529 3 9 10 07 02962 090 8938 9082 7910 5477 06018 120 5104 5400 93203 1053 478198
9 2 3 0 5123 00 12 8 0 09 9 2 6 9 08 9 0 7 0 5 7 572 12 10 0 4 84 05 03 091220 190 8185 025
023 123 8 0 47 6 8 32 89 0 1 92 989 4258 81 5090 02 0 000 10 1765 10 0 5 1089 02 615 92 8645 2002 8915
72316 4130 13215 8072 9131 5 5 12 94 19363 895 0993 9802 7205 5487 92019 109 0078 5092 07014 0154 500198
1 7 0 4 5623 45 92 5 5 16 7 6 5 1 08 9 2 0 0 5 1 910 02 45 0 7 24 92 93 897290 124 9003 556
023 023 5 2 09 8 0 12 09 8 0 82 980 0774 15 6315 02 5 012 14 1295 70 3 5 1280 00 415 12 2149 0012 8192
12312 7907 85205 0764 5203 0 5 12 90 10088 010 8992 0005 1985 8307 02212 124 5404 5340 03210 1181 025108
5 2 0 4 9190 45 02 5 5 82 9 0 7 8 07 9 0 1 4 5 1 003 92 45 9 2 20 12 25 600220 624 8060 506
103 126 2 0 18 8 2 12 84 1 1 02 907 1218 05 0694 10 0 070 14 1253 10 0 5 0089 05 615 19 2140 8780 8912
19612 1875 19235 8070 5128 3 5 12 38 62108 415 8012 4862 1316 7313 11015 107 0030 5892 00019 0100 025093
9 6 0 4 5024 00 06 5 5 96 0 2 5 1 80 4 0 0 4 7 1 652 19 45 6 8 24 12 20 891083 154 8073 837
023 030 0 9 80 0 6 12 09 0 1 00 017 1217 17 2308 10 6 910 04 5016 05 3 9 1290 12 010 19 2040 8012 8002
08317 9158 10005 8052 5180 3 0 46 80 00098 805 4913 0087 5915 5403 06917 030 5130 5902 50033 1153 752160
1 0 0 9 5150 55 02 5 5 14 9 0 7 0 28 9 2 1 4 5 1 912 12 49 9 0 27 40 33 890770 064 0003 556
180 710 0 9 62 0 7 12 89 8 1 82 980 1004 15 0313 12 0 905 10 1200 72 3 0 1369 92 890 12 2075 6510 8048
50003 1835 10010 8410 5128 3 9 13 98 12712 816 7752 9072 1274 4090 92210 122 8874 5308 00213 1003 125398
1 7 0 0 9020 45 14 8 6 10 7 7 1 0 28 9 0 9 4 7 0 013 12 45 9 8 24 32 43 840278 128 8103 067
103 603 6 0 09 8 2 02 85 8 1 32 087 9394 70 2605 12 9 010 14 7315 82 3 5 0089 10 910 99 2941 0712 8910
12314 0100 10205 0714 5381 5 5 02 90 16602 000 8118 0870 1295 0475 25215 124 0038 0309 59213 5055 420708
9 2 3 4 0128 05 00 0 5 05 7 2 0 0 00 9 2 1 0 3 0 970 12 45 9 6 40 02 08 880227 089 0329 506
820 167 0 9 02 5 0 10 80 0 1 52 467 1014 05 0310 20 9 012 84 1115 02 3 8 1730 82 410 85 0140 0703 8940
15310 1875 03215 8712 5020 4 5 14 98 02192 400 4670 0002 0205 7007 07905 423 7034 0354 44013 3109 025390
0 0 0 9 0020 55 12 0 0 12 9 2 0 9 58 8 3 1 4 0 1 912 12 40 9 0 09 92 97 883220 120 8120 756
023 528 3 9 10 8 2 01 27 6 0 82 909 1264 97 5364 10 4 812 94 6113 18 3 0 1209 02 710 15 8145 8510 5912
15303 2930 07800 0702 5000 3 0 12 08 12000 010 8812 0060 1260 5780 08975 174 6183 2692 60210 0493 066194
8 2 8 4 4143 45 62 5 5 02 9 0 0 8 20 9 0 8 9 5 1 580 70 45 0 8 90 72 20 895903 854 0700 556
120 120 5 0 12 8 8 13 00 7 1 82 803 1914 05 0360 83 4 916 04 1295 80 3 5 1009 02 405 82 2160 9882 8040
19313 9475 13276 8717 0400 8 5 92 90 10082 995 8012 9002 1265 0480 10010 004 5334 7509 50200 1183 120988

02313 1198 35905 7592 5100 3 5 60 95 19102 012 2907 9807 4065 0413 72208 820 0124 0316 00723 1150 800190
5 2 3 4 3003 65 02 5 0 90 2 0 0 1 26 9 0 1 0 5 0 982 02 45 9 0 28 02 70 889228 194 8020 848
100 023 5 7 12 0 9 02 80 2 1 80 084 8024 10 9010 60 0 910 18 1215 08 7 5 1089 12 745 12 2140 0712 5302
17513 0130 13370 0012 5926 3 5 12 18 62062 569 9710 6892 0200 5410 02013 111 5134 5362 00233 7057 197130
0 2 3 8 0106 00 54 3 5 12 9 2 0 1 08 9 2 0 4 5 0 517 40 07 0 8 20 12 28 091223 124 7103 506
00 105 5 9 02 8 2 12 80 4 1 82 087 1294 18 0010 02 9 462 74 0810 12 5 5 0009 14 416 02 0145 8810 8919
12000 9103 13200 8700 5800 0 5 95 09 12140 878 8787 7417 1560 7403 12210 080 0199 8512 76419 6003 725190
0 2 3 0 0175 45 88 6 0 16 9 2 9 1 68 9 4 0 4 5 1 102 07 25 7 8 04 02 24 271078 126 8120 555
120 103 5 0 10 8 2 00 09 0 1 82 687 1414 15 4014 12 3 986 04 1916 00 1 0 8509 03 015 10 2995 9010 8092
12083 1139 53215 0712 5401 0 5 19 88 12087 016 0910 9879 5615 5013 32210 029 5134 0312 98216 1153 125128
1 0 3 7 0120 95 00 0 5 08 9 5 7 1 00 1 0 7 4 0 1 016 12 45 9 0 24 03 00 894229 109 0108 507
003 100 7 1 10 0 8 90 80 2 0 82 980 1014 00 0010 02 4 080 14 1205 50 3 0 0289 62 815 20 0045 8012 0912
02813 0833 13015 0710 0721 3 0 07 98 12000 879 8917 8680 8295 5470 00235 894 5554 9000 53003 0453 100198
6 0 3 4 5070 40 62 0 6 12 7 2 3 1 20 0 0 1 0 5 1 009 12 40 9 0 24 02 30 094003 128 8026 590
823 097 5 9 02 1 2 10 90 6 0 02 987 0268 15 8010 02 4 919 04 0015 12 3 5 3207 19 405 12 2345 8762 8010
09313 1900 10297 8502 6120 3 5 14 08 10182 050 8910 9912 1017 4010 02012 190 7108 2500 59266 7105 060750
1 9 0 8 5129 40 99 0 8 92 9 0 4 3 89 8 2 1 0 5 5 917 02 05 7 0 20 12 25 081723 004 8129 560
603 143 5 9 02 8 0 12 56 7 0 82 387 7914 17 4204 12 4 909 18 1700 72 3 8 9289 60 019 12 9193 8982 8982
06316 1055 16216 8712 5121 0 5 70 00 12159 079 0910 0812 3095 5910 52910 124 4134 0806 53076 0053 125490
0 2 0 4 9303 45 02 5 7 02 1 2 0 0 06 0 6 1 4 8 0 310 17 40 0 8 22 14 20 358805 104 8103 000
177 163 0 2 90 0 2 94 89 0 5 86 997 0708 10 8020 90 6 912 32 9205 10 9 5 1209 59 405 70 2140 3710 0910
00610 4235 50515 0700 7671 7 0 10 06 04002 815 8816 7812 1715 5407 12010 022 5828 5000 03019 9153 125100
0 3 3 0 5123 08 72 8 5 02 9 5 7 1 00 9 8 5 5 5 9 000 62 49 9 8 24 08 23 907823 094 0793 206
129 103 5 5 12 8 2 80 09 0 1 88 007 0404 10 3313 02 4 018 10 1215 08 3 5 1200 02 482 02 6140 0712 8082
09603 7108 14209 8702 6020 3 0 82 98 02182 615 4986 9800 1270 8423 10205 624 0134 0392 50233 3153 105108
0 2 4 4 5023 45 12 5 5 90 9 2 8 1 20 4 7 3 0 5 4 895 12 28 0 7 80 12 87 098429 800 8900 506
123 120 5 9 18 0 2 09 89 0 0 82 087 1214 15 0014 70 9 928 32 7945 02 0 7 1009 72 405 71 2105 0011 8502
08083 1795 10214 0712 4100 3 5 10 98 02042 808 3082 8752 1005 8000 34265 004 5168 9310 53013 4073 100000
0 9 3 9 0105 05 17 0 5 18 3 0 8 1 30 9 2 0 0 5 0 912 12 65 0 8 09 10 23 091223 194 3120 846
820 623 0 9 44 0 2 09 84 0 7 59 000 1010 14 0774 10 8 982 14 1816 82 0 0 0250 15 980 15 0845 8710 8974
10313 7533 03044 8202 5901 7 0 10 08 08700 709 8962 7212 0035 5403 82206 124 9034 7982 53283 9073 993998
5 7 3 0 0123 45 82 0 8 02 0 2 4 1 88 0 2 6 0 5 9 902 48 09 9 8 07 12 83 890203 820 8723 556
123 160 5 9 10 9 0 12 89 7 1 87 680 1904 15 4394 02 4 970 10 1013 12 7 5 1089 17 415 12 2005 0712 8015
8 0 6 0 5623 30 12 0 0 50 8 0 0 1 20 0 0 8 4 5 0 805 12 00 9 0 05 00 93 890213 014 8120 540
903 020 5 7 12 8 0 10 80 0 0 05 957 1209 13 7449 02 4 842 14 1219 12 1 0 1089 87 410 10 2940 0950 8872
10386 0100 00005 3712 8101 3 4 12 00 13100 805 8952 9622 6210 9013 08715 124 0434 7302 89816 7050 125198
1 0 0 8 9002 45 10 0 5 99 9 2 7 6 00 8 2 1 4 0 0 012 18 40 0 8 29 42 03 891223 120 0942 016
40 141 3 0 12 8 0 12 89 0 1 80 087 6206 01 0890 10 4 012 18 0617 12 0 5 1950 62 095 82 2005 8704 0012
50780 1075 10316 0912 5109 5 5 02 98 72102 019 0005 0312 1015 0429 08279 124 5184 5910 00203 1153 020096
7 0 4 0 2126 05 02 0 5 12 9 2 0 1 86 9 2 9 8 4 1 982 12 96 9 8 20 12 73 090060 000 8803 254
460 020 5 9 15 8 2 12 89 4 1 79 975 1290 00 0083 12 4 012 10 1098 12 5 1 2080 04 019 14 0107 8008 0010
99315 0030 13510 0032 5420 4 5 92 88 12102 909 0034 9810 7350 0400 90015 094 5100 0330 00013 0103 155298
0 0 5 4 0122 65 72 5 5 59 0 2 5 1 09 0 2 8 4 6 0 012 10 00 8 3 54 08 17 895893 956 0020 306
871 620 3 0 08 0 0 15 86 4 0 00 957 0514 85 2009 12 0 910 14 1915 02 0 5 1069 02 600 42 8545 0804 8900
56019 0165 53205 8672 5127 3 5 12 30 12100 806 8902 0062 4415 5010 15005 020 5039 4978 07835 0150 108100
1 2 6 4 8128 45 02 0 0 16 5 6 0 1 99 9 2 0 6 5 1 968 80 70 9 0 90 00 83 800729 124 9000 676
020 103 0 0 12 7 2 16 80 4 8 82 587 0210 14 0014 12 4 008 14 5215 17 3 7 4595 72 412 62 2188 8780 0082
98096 1098 18207 8010 1120 3 0 70 89 09102 815 9959 9810 8215 0007 92200 124 5150 4012 53000 0150 165790
1 2 3 4 5903 80 90 0 0 12 9 2 0 9 30 0 5 1 0 5 9 002 04 45 9 8 20 14 23 891223 020 8020 580
698 523 5 1 12 0 0 32 89 0 0 80 907 1910 16 2300 92 5 900 19 1200 12 8 5 9209 12 416 09 2145 0902 8965
05310 4700 13619 8012 5729 3 4 12 30 07480 555 0002 0912 1215 5403 02515 700 7164 5374 77260 0150 025198
0 7 0 4 9120 05 10 5 5 12 9 2 0 0 28 9 2 5 0 5 4 212 00 45 7 9 54 00 09 841000 604 9003 556
123 570 5 9 02 0 2 12 88 9 1 82 507 0215 17 2404 03 0 912 10 0469 82 0 5 0289 77 705 10 2105 0509 0919
12313 0105 17070 8712 5121 0 7 02 98 12102 715 8912 9862 1704 5467 12000 204 5174 5612 50210 1153 135100
0 2 3 4 5120 40 18 5 5 12 6 1 5 8 06 9 2 3 0 0 0 912 05 49 0 0 00 10 23 801230 026 8193 057
021 140 0 0 09 8 4 03 70 5 5 88 987 8075 56 8000 75 4 912 14 4215 99 3 5 1200 82 410 02 5505 0012 4910
82019 1979 13715 8212 2120 3 7 18 08 02109 043 6912 9070 1229 9350 69815 107 0154 0302 63630 1593 065108
0 2 5 4 7023 55 62 5 5 18 9 4 2 2 08 9 1 0 0 7 1 922 19 45 9 0 24 11 00 800000 504 9120 506
138 123 5 9 08 0 2 56 89 3 0 08 980 0014 10 3707 94 0 872 10 1910 40 8 5 3479 80 016 10 8170 8710 0910
50310 1165 13219 8072 5101 3 4 02 90 40892 005 0010 9410 1805 5013 12817 128 0534 5002 53510 8106 145598
1 5 3 8 5183 45 16 5 8 72 7 2 0 1 28 0 3 0 5 5 0 009 02 45 9 8 00 37 23 591299 623 8023 559
125 150 3 7 10 8 9 07 80 5 0 09 990 1280 15 6314 46 7 010 30 4210 07 3 0 5289 50 055 12 2545 7712 1912
16963 1035 19251 8710 3721 3 0 62 98 62702 925 8912 8812 1575 0497 49075 022 2130 5362 03200 1156 705068
8 0 0 0 0707 41 12 3 5 13 8 2 8 4 25 9 8 4 4 5 0 902 12 40 9 9 04 10 27 891560 120 8023 055
723 123 9 4 70 8 0 05 80 7 0 40 585 0802 15 9310 12 4 612 64 0810 10 0 0 0240 08 095 10 4041 8717 0912
12273 1938 03260 8742 5108 3 5 00 98 40102 806 6617 9712 1283 5406 42019 004 9134 5010 50913 0750 022105
1 2 7 9 3620 35 70 5 7 12 9 2 6 1 78 9 0 1 4 3 9 907 80 65 6 2 07 10 20 896643 006 8003 615
979 020 5 0 10 8 0 02 80 0 1 00 930 8014 45 9314 94 0 910 04 1815 02 3 3 9780 13 010 52 8105 0392 0042
12403 1100 55290 8018 5101 3 4 12 90 02162 815 0110 9812 0415 0513 02515 944 5734 5312 59913 1103 020098
1 2 0 0 0183 45 00 7 9 16 6 2 0 0 00 9 7 1 4 5 8 912 15 08 9 9 24 12 43 891645 024 8120 306
56 603 5 9 10 0 0 82 09 0 1 02 080 0214 15 2714 12 8 012 14 0200 12 8 0 0702 60 012 72 2048 9722 8502
12013 1195 03966 0705 5321 3 5 82 95 53182 876 8912 9802 1275 0003 92363 603 5149 5902 73513 1153 005198
6 2 3 5 9983 45 62 0 5 92 9 7 6 3 22 3 2 7 0 8 1 782 12 70 9 0 20 72 03 621020 184 0120 505
000 666 9 3 02 8 0 99 08 9 1 02 000 0204 15 0314 12 6 010 80 0203 09 3 5 6589 02 415 90 2905 0995 9992
12350 1155 13285 8010 5681 3 6 12 08 10167 803 8912 0802 9205 5009 09548 024 0834 5319 53000 9053 025198
0 2 0 4 8130 44 00 0 5 12 9 2 0 0 28 5 4 1 6 5 1 910 17 05 9 0 03 12 04 800753 104 8320 967
120 123 5 5 84 0 2 12 89 0 1 62 000 7015 07 2317 07 4 942 14 7630 12 0 7 1059 88 010 02 0108 0072 8950
70013 6100 79200 0752 0578 0 5 18 00 02042 818 4910 9812 8200 0353 08065 327 7037 0062 58218 4128 125508
5 2 4 4 3120 45 42 1 8 92 0 2 8 1 20 9 2 1 7 0 9 010 09 45 1 6 04 72 07 870223 000 8726 002
383 103 5 7 58 0 2 12 39 0 1 80 987 1204 09 9016 00 4 910 15 1215 02 0 0 8009 14 715 02 7045 8712 5030
52303 0138 13105 9780 5620 3 5 02 90 12872 810 4830 8062 0205 5410 10615 124 4034 9387 38297 6956 300008
1 2 0 0 5073 00 42 5 0 10 8 0 7 1 28 9 2 3 4 5 0 910 62 45 9 0 34 02 23 898203 126 5028 506
123 173 9 9 02 0 0 89 89 8 9 70 490 0600 16 2014 10 7 079 14 3015 46 3 5 0239 12 475 06 2135 8712 8916
07313 1330 10205 0012 9020 3 0 02 79 82000 818 7010 9810 1715 0055 90217 166 5738 0012 58795 0106 120192
0 4 3 4 5760 45 62 5 5 90 9 3 1 3 21 0 2 1 5 5 8 902 12 40 8 6 22 17 29 800700 100 8103 506
483 353 5 0 92 0 1 10 00 7 0 32 787 0210 10 2399 00 4 687 04 7288 02 3 5 1149 12 485 12 0005 0767 8918
12309 1130 80215 8712 5400 3 0 10 86 18090 010 8949 9010 0709 7400 63215 094 5037 5609 50710 0753 120194
1 0 6 8 5100 45 11 5 5 62 9 0 5 2 33 0 2 1 7 5 0 908 12 46 9 8 08 09 06 896029 144 7180 096
823 600 5 9 10 8 2 12 80 3 1 02 977 1214 05 1090 02 6 902 77 0245 12 3 0 0289 90 495 02 0035 8715 6908
52303 0875 73018 0058 5128 8 0 52 98 12002 006 3992 9000 5000 0043 62505 104 5200 5312 03623 6065 135796
1 8 5 0 5360 40 09 5 5 09 0 2 5 9 00 9 8 0 4 5 7 922 02 45 8 5 60 62 03 891217 027 8163 000
120 023 9 0 10 8 5 02 80 1 1 80 907 1204 45 2300 40 4 902 74 1215 86 3 1 1288 22 405 02 0140 8730 0902
09010 6935 68015 0009 8550 3 0 02 93 12100 815 9872 0842 0072 5083 12705 990 5000 0000 50213 1233 025198
1 4 9 4 5023 45 10 0 5 62 6 8 3 0 90 0 2 1 4 5 8 072 12 80 9 8 27 12 03 801089 706 8020 500
520 023 5 0 02 8 0 12 80 0 1 06 987 1289 10 4998 42 9 902 94 6218 72 6 0 1287 22 400 42 2578 8002 9032
13810 1135 89010 8919 2121 0 5 05 07 02702 615 0912 9817 0310 0643 97205 102 5184 0000 03208 0083 115195
1 2 3 5 5103 45 12 5 6 08 9 2 5 1 28 0 5 3 4 4 1 940 09 49 9 0 04 08 20 890220 100 8086 559
193 124 0 9 19 8 8 10 80 7 2 83 907 1214 15 9304 02 0 910 94 9014 18 7 9 0269 01 419 06 2145 5015 8957
19089 1505 13214 8980 0128 3 0 10 94 12302 015 8912 9807 0010 3415 05210 974 5934 5012 53083 0159 100998
1 2 3 8 0893 45 09 5 5 10 9 0 0 0 28 2 0 1 4 9 1 902 02 45 9 8 40 14 00 860080 802 8723 000
103 130 0 0 17 8 2 02 90 0 1 90 007 0254 06 2340 12 0 058 14 4215 10 5 5 0689 00 415 12 2215 8710 0010
12313 1800 90900 8712 5793 0 5 02 98 02070 885 0070 9852 1270 0613 92219 126 9500 5300 53773 1163 160903
0 2 4 4 6020 35 19 5 5 12 9 2 8 1 28 4 7 1 4 0 7 912 12 46 7 0 20 12 53 091603 024 8003 050
40 100 0 9 08 8 0 12 04 9 1 82 980 0216 85 9714 12 4 900 17 1205 12 3 5 4079 10 415 02 2145 0012 0712
00003 1130 08208 8422 5021 8 5 72 68 20172 015 5908 0562 0805 7010 47205 924 0030 5692 55073 1053 186748
1 2 3 4 5120 45 11 5 5 12 9 2 9 1 98 9 0 8 9 5 1 900 10 45 9 0 06 10 20 898223 226 8443 586
130 713 4 9 82 8 2 10 44 0 1 82 307 1018 10 0060 10 4 906 10 0005 12 3 5 1279 90 515 10 2105 8252 8012
08313 9135 00245 8912 5000 2 0 42 08 12192 800 8900 0010 0215 5463 02082 304 0104 0018 77203 1109 000198
8 2 9 0 0020 05 88 2 0 12 9 8 0 1 08 9 9 0 2 5 1 903 00 60 7 8 30 82 22 890723 106 0123 559
120 003 5 9 12 0 5 17 89 0 6 96 980 0819 40 0304 00 4 556 70 1215 40 6 3 0069 42 405 12 0195 0702 8910
82612 0955 10917 0712 5000 3 5 16 90 05032 816 6912 9002 1685 5313 02219 129 8034 5012 53801 7193 074090
4 0 3 0 5833 05 10 0 4 10 9 2 0 1 60 0 2 0 7 2 1 914 02 38 9 8 24 02 24 891256 084 8033 768
103 820 0 3 14 8 0 18 27 9 1 80 057 1010 00 0345 12 0 969 14 1215 32 3 9 0982 10 415 12 2108 8716 8700
90073 0836 10015 6719 5121 3 5 02 98 19902 810 8080 9984 1210 5423 12295 126 5083 0002 03803 0150 670398
1 2 3 4 0173 45 14 5 5 10 0 9 3 0 29 6 0 1 9 5 1 090 14 48 9 8 00 20 24 880503 170 8025 170
597 900 8 0 16 8 0 42 84 0 1 82 485 7914 25 2311 92 4 000 19 7815 62 3 8 1289 12 415 72 2045 8712 8919
72313 1735 07805 8702 5151 3 5 19 00 10800 909 8012 0813 1003 5993 02270 120 5804 5318 80095 6053 179108
4 2 7 4 0123 80 16 5 9 04 5 3 0 0 27 9 0 0 4 5 9 710 72 45 6 8 24 12 90 997220 204 7020 906
500 205 0 6 52 8 2 12 64 0 0 02 987 0014 14 7310 63 8 812 30 0210 35 0 5 0280 12 310 04 2145 0407 0905
90986 7195 00025 1719 5098 9 5 12 80 02702 866 8016 9012 1618 9013 10215 000 4132 3306 56010 1153 120100
1 2 3 0 8903 40 12 5 9 87 0 2 7 9 80 9 2 9 4 5 2 412 60 45 9 8 04 60 03 806003 520 8123 757
005 128 5 9 70 7 0 02 99 9 0 82 990 1210 10 2308 02 4 910 14 1205 59 5 5 0689 09 415 02 2041 8001 0910
32313 1035 03795 7702 5170 7 9 12 02 12199 815 3910 4814 0295 5400 60215 108 9108 9700 63003 1153 125108
1 0 6 0 0023 68 57 5 5 08 9 2 6 3 20 9 2 0 0 4 1 018 10 75 9 7 74 17 00 898225 104 8920 759
100 087 7 9 10 0 2 63 87 0 0 60 977 1274 00 2716 72 0 010 14 1215 12 7 5 1110 12 817 10 2046 8012 8912
10143 0135 93815 2712 0096 3 0 22 98 10109 015 8910 9869 7009 0016 00205 107 5804 9302 53206 0650 909044
1 2 3 4 7825 45 10 9 5 12 9 2 0 1 20 8 2 0 4 0 0 930 12 48 9 8 20 02 20 871873 484 8306 006
129 923 5 6 13 8 2 60 00 9 0 87 987 8240 15 9014 99 4 052 00 1890 16 0 1 9269 04 407 12 2004 8700 8910
93900 1035 73210 8802 5121 2 2 02 92 86602 860 8012 0000 9000 0420 16205 504 5134 0317 03209 1670 129058
0 6 9 4 5401 95 12 5 5 00 7 2 0 1 29 5 0 2 0 0 8 950 12 41 9 4 69 12 23 091723 000 8423 556
128 228 5 0 92 8 0 36 08 9 1 82 087 1804 08 2302 10 0 813 12 8505 60 3 5 0089 87 017 05 0048 0702 8942
19303 5075 00230 8712 5821 0 5 19 98 00140 804 0912 0812 0206 9413 12205 584 0163 4312 53213 1150 000532
4 3 3 0 5403 27 22 5 0 12 0 2 3 0 08 9 2 0 0 0 0 916 12 80 0 8 04 10 70 871803 182 0083 050
203 929 8 9 10 0 9 14 89 0 9 80 887 1214 18 0394 12 4 906 04 0300 10 3 5 3087 13 048 42 2085 9712 2012
02003 1430 00705 7792 9191 3 5 90 00 02905 800 8916 8900 1008 5055 32280 144 3134 6900 53400 2956 126898
0 2 3 4 0023 92 10 5 5 02 0 2 5 1 20 0 2 1 0 2 0 912 02 05 9 8 24 92 00 891029 164 8229 559
50 148 0 6 02 0 0 92 84 8 2 49 907 1215 57 0010 50 4 912 04 1040 70 0 5 8889 02 490 12 5050 8562 0415
14010 1138 03985 8719 6001 3 5 92 98 12102 815 8914 9800 1215 0440 23905 924 0194 2009 58216 1133 973195
6 2 0 9 4023 40 10 5 4 10 9 2 0 1 29 9 0 0 4 0 0 035 04 46 9 7 24 32 23 801028 220 1403 096
757 625 0 0 12 8 2 95 66 9 1 87 637 1206 00 2094 10 4 910 00 0217 17 3 5 1380 12 616 09 2740 4700 8402
12113 1105 73010 5062 5100 3 5 15 08 18600 195 3912 0800 1010 0500 12210 184 5760 0310 88013 1196 100068
1 9 3 4 5124 45 12 5 0 61 6 4 2 0 68 9 2 0 0 8 0 002 10 45 4 7 10 00 03 091273 524 8100 306
028 693 5 9 12 8 0 02 09 3 3 82 530 0216 15 0904 00 4 909 10 0600 02 0 7 8289 17 915 42 3086 8602 0910
50308 1835 13230 5519 0027 2 5 40 98 12142 500 0312 0802 5015 9499 86215 224 0034 5392 57210 0838 005090
8 2 3 8 5523 47 16 5 5 12 9 2 0 1 05 0 0 1 4 5 5 992 70 64 9 8 04 10 23 800200 024 0020 050
159 140 9 9 10 0 2 12 09 8 5 82 007 0054 19 2310 12 0 988 84 1215 00 0 5 1908 12 410 10 3858 8900 8817
32019 4056 16200 0183 5130 5 5 10 40 02158 767 0910 0892 7005 0419 89204 124 9708 5312 63813 0853 420168
0 9 9 4 9228 40 19 6 0 10 6 2 7 1 20 0 7 0 4 5 1 062 10 50 9 8 24 70 03 091020 004 2850 500
090 073 0 8 00 8 7 82 79 0 5 80 939 7216 05 0094 10 4 010 14 0217 00 3 5 1880 19 485 17 3945 8702 8600
13370 1135 13215 8710 5420 3 5 92 90 50142 806 0905 9802 7000 5450 92719 050 5094 5813 50913 1103 189198
1 7 9 0 0023 45 10 6 5 02 0 4 7 0 28 9 2 1 0 5 4 302 13 05 2 7 00 10 26 832703 028 0120 526
123 400 5 9 02 8 2 10 09 8 1 80 983 5214 16 2615 00 4 062 16 0250 06 3 5 1989 98 410 12 8055 0260 8996
14313 1180 10615 9788 7021 3 0 22 90 15104 810 0900 1003 0215 0919 10010 974 5060 5016 93019 4360 129700
0 2 3 0 5103 45 17 0 0 02 9 2 0 1 08 0 2 1 4 5 1 002 10 85 9 4 00 00 23 091003 194 7728 506
120 663 5 9 11 8 0 02 80 0 1 89 981 1203 10 3314 36 4 002 83 0025 03 0 0 0289 12 065 19 0049 8703 8080
19636 1805 13215 8702 9901 0 5 22 90 90002 895 8902 2808 0296 4870 17244 004 5004 5310 03846 7630 745188
6 0 0 4 0887 04 96 5 0 84 9 4 1 1 09 9 7 1 0 5 0 902 12 40 9 2 00 19 03 890223 120 8103 000
123 103 5 0 70 0 2 02 76 9 1 80 630 6200 16 2339 02 4 912 17 0055 12 3 5 0600 72 800 64 0100 0002 0032
12915 0195 03010 8300 5121 3 5 02 08 72102 805 9916 7582 1300 7363 19005 504 2626 5902 53007 0153 125198
8 2 3 0 0003 99 12 5 9 40 9 2 9 0 70 0 2 0 0 5 1 995 10 05 6 8 04 02 28 009206 004 8170 856
023 123 5 0 02 8 2 62 87 0 1 82 186 9011 10 0774 10 4 918 10 1400 46 0 2 1089 17 013 12 2165 0712 5992
60310 9530 19295 8702 5020 8 0 00 08 04102 810 0932 9812 9200 5003 12810 129 6100 8218 03038 9103 095158
0 2 4 0 3053 45 90 5 0 50 0 0 5 7 07 9 4 1 4 0 1 932 52 09 0 8 04 12 39 859053 824 7006 000
723 103 5 0 12 7 2 10 80 5 9 09 989 9610 05 2394 10 3 932 14 1208 17 0 0 1589 40 015 90 4945 8702 4018
92363 1135 13018 8012 5008 3 0 02 08 02372 815 0912 4812 1265 5683 12970 924 5000 0717 57677 6158 105600
0 9 3 6 0023 24 15 5 5 41 9 2 4 8 99 5 8 1 0 2 0 909 84 45 0 7 05 09 73 891220 074 8120 526
082 503 7 7 10 8 7 02 85 9 1 70 987 3014 10 2012 00 4 900 14 1025 02 3 5 0380 12 050 60 1140 8710 4010
12019 0151 10245 8602 5520 3 5 05 98 70002 365 6442 0012 1285 0490 44010 024 0970 5870 58913 1456 724118
0 9 7 0 0110 45 17 5 5 19 9 0 0 1 09 0 0 8 9 0 5 060 62 45 0 0 24 05 20 091508 590 8023 590
90 103 5 0 68 8 2 12 96 7 7 82 087 0094 88 2314 12 0 002 14 6050 12 0 0 0789 10 890 92 2195 8712 8912
12393 1036 13919 8719 0090 3 5 14 97 92609 806 8902 8800 5090 5413 02208 820 4139 5310 53914 6153 125139
9 2 0 7 5123 45 12 7 0 12 9 2 5 0 27 0 0 1 8 0 0 912 52 06 9 8 24 17 53 881020 124 0908 086
104 024 5 0 12 8 0 17 76 0 1 84 987 1214 18 2104 00 4 010 04 1278 12 0 0 0680 96 006 06 2327 8910 8382
13395 9006 14015 4018 5004 3 0 12 98 12130 815 8097 9077 1208 5813 12250 134 5830 9390 33073 1163 027198
5 7 5 4 5900 35 02 0 7 12 9 0 0 0 09 8 0 1 4 0 5 907 16 40 9 8 24 10 13 890723 024 8060 556
120 350 0 9 10 8 7 12 99 0 1 79 087 0218 95 2054 06 4 012 94 0215 12 7 0 1269 10 016 18 2148 6712 8082
15013 1738 33215 8701 5027 0 6 18 08 10602 800 5918 9810 9205 5083 50705 124 5500 5042 78210 6753 125194
1 0 9 4 5103 45 02 0 8 12 9 2 5 4 36 9 0 1 1 0 0 852 03 45 0 8 24 10 20 800423 109 8103 559
923 000 5 9 10 0 2 72 69 0 1 00 987 1604 05 8314 18 8 902 10 0805 12 0 0 9089 12 494 90 0005 8702 8972
12317 1430 00015 8012 5760 0 5 17 90 15967 810 8912 9837 0053 3717 19265 784 5100 5032 58700 1057 105198
3 1 4 4 5969 45 10 0 7 10 9 0 0 0 60 9 2 1 4 0 1 090 10 25 9 8 20 10 03 019053 524 9125 550
103 420 5 9 92 7 0 12 79 9 8 70 800 0210 10 0008 45 4 012 00 0205 10 6 5 0096 02 001 10 0045 8718 8922
72813 0300 03205 8719 5074 3 0 82 97 10172 055 0072 9812 1570 7010 20205 104 5120 5902 93293 0158 125104
0 0 3 8 9743 05 10 0 0 13 8 0 5 1 27 0 2 8 9 5 0 742 12 45 9 8 20 96 00 891649 124 6183 657
526 523 5 9 90 8 2 07 00 8 2 80 987 6268 10 7810 42 6 060 14 0285 12 8 6 1089 18 800 40 6105 0592 0932
06315 0230 10216 8013 0021 0 0 97 70 10100 115 7910 9816 1275 3403 89215 104 5073 5850 67233 1173 620895
7 2 3 4 0103 65 10 4 7 52 9 0 7 8 24 9 8 0 4 5 1 912 01 45 5 8 24 82 23 997250 123 0150 046
123 823 8 0 09 0 2 92 00 0 8 87 987 1014 78 2010 07 0 899 08 0090 82 4 5 0260 50 905 10 2195 9770 8042
12003 0135 13400 0712 5101 3 7 12 98 10109 812 7917 0012 5210 5403 00545 020 6034 5312 03210 9753 196108
0 2 0 0 5123 45 10 5 5 10 0 8 4 0 00 5 0 5 0 5 7 090 30 20 4 8 28 52 03 891088 154 0870 539
183 903 7 9 16 8 2 08 08 9 1 87 917 1004 10 2718 82 4 972 54 1271 12 4 0 1289 12 505 12 0140 0312 0012
14093 1100 12005 8415 8201 3 5 12 90 00102 010 0913 9804 9503 0413 00205 144 0104 7313 53213 0193 125390
1 2 6 0 9124 05 10 5 6 12 9 3 0 7 50 9 0 1 4 5 0 915 17 02 9 9 00 92 23 860603 124 8523 000
000 128 5 5 02 8 0 51 82 0 1 80 987 0214 10 2003 62 9 912 94 0018 17 3 0 0209 92 418 50 0045 8712 8502
12689 9700 57096 0612 5090 3 5 02 38 82162 808 0904 7006 1585 5710 31210 524 6134 6001 53218 1183 185198
1 2 4 4 5123 46 00 7 9 00 9 0 0 1 28 9 0 8 0 5 8 416 10 78 9 9 21 12 26 601223 120 9153 050
424 623 0 0 02 8 4 11 09 3 1 82 987 1229 07 0678 05 4 907 00 9455 10 0 7 0299 13 239 12 2545 3612 5912
72307 0185 09400 0710 5127 8 5 10 08 52182 815 8090 0500 1215 5510 10216 124 4444 5310 24863 0050 028046
1 7 3 4 4027 45 12 0 5 10 9 0 0 1 84 0 0 4 9 0 1 910 12 08 0 8 24 10 20 896593 104 9120 556
103 083 5 9 06 9 0 12 80 9 0 80 607 1014 45 2314 12 5 972 10 9215 59 3 7 8070 70 496 09 2770 8602 7912
00019 0155 90215 0718 0120 0 5 06 95 12106 000 8910 0012 7209 5013 90015 074 5106 5317 93876 3172 125198
6 2 3 4 9123 10 12 0 0 00 6 2 8 1 98 9 5 9 6 4 6 080 12 65 9 0 20 02 07 801209 062 0028 556
00 103 5 9 12 8 2 42 00 0 7 82 897 1218 65 9009 09 3 052 90 7903 19 7 0 1200 12 418 12 2745 8710 4903
12360 0134 73000 8512 0003 0 5 90 97 00150 005 0992 0810 1295 0880 12015 104 9030 0010 53213 8053 020190
0 2 7 0 5125 05 02 5 0 12 9 0 8 0 08 9 2 1 4 0 0 792 13 05 9 8 95 10 23 901203 529 8140 556
050 123 5 0 12 0 2 10 80 6 1 07 007 1284 05 2019 32 0 900 04 9295 19 5 0 5279 12 446 10 0195 8702 8912
02302 1195 10267 8012 0101 0 5 82 96 75120 705 8902 9090 0010 5459 12216 189 6134 8002 50410 0100 025022
5 2 3 5 8126 46 16 5 7 12 9 2 0 7 22 0 2 0 4 5 0 792 95 49 9 0 06 12 80 860220 620 8123 076
929 029 5 9 10 8 0 72 30 0 6 40 580 1294 15 2612 12 4 977 14 0215 12 8 4 8289 10 415 10 2140 9902 2810
04613 0037 03210 3752 8121 6 5 17 18 72008 017 8912 9158 1540 5413 08215 024 3004 5310 53015 0320 705138
0 8 3 4 0000 00 19 5 0 96 0 6 4 1 48 9 7 1 4 5 7 900 12 45 9 0 04 12 70 879220 028 8983 950
115 181 5 6 13 7 2 02 09 0 1 62 980 5200 17 2387 12 4 910 10 0005 52 5 9 9680 12 498 10 2100 8710 0400
08033 0008 13015 8702 5101 7 9 10 98 12990 939 8992 9010 0795 0300 92085 170 5134 5308 50463 1053 125190
1 2 0 8 5728 80 10 5 5 02 9 2 9 1 70 0 8 1 3 5 0 957 10 05 0 0 94 10 73 693904 004 8023 390
023 103 0 9 00 0 2 19 09 0 9 80 407 1213 10 2305 16 4 002 88 8610 06 3 5 1089 12 715 50 2048 9018 0912
10388 1047 73005 0007 7024 3 5 76 88 22120 593 8902 9910 0258 5065 10270 024 5170 8319 83749 1452 008120
1 2 7 0 5123 05 90 5 5 10 9 6 5 1 98 9 2 9 9 3 1 992 02 35 9 8 24 72 24 681050 020 9163 030
829 520 1 9 17 8 0 18 99 0 1 92 907 1204 00 2410 91 4 401 00 0215 12 3 9 1289 79 415 22 2140 8702 3712
14050 0505 80200 8722 7121 7 5 10 90 12118 800 7003 9895 0015 5017 11015 520 5034 5302 59230 1150 824030
3 2 0 9 5160 65 19 5 5 50 9 2 6 6 20 3 0 9 0 5 1 902 12 40 7 0 28 10 63 791500 122 8080 526
120 123 0 0 10 6 0 82 88 0 1 82 980 0296 15 4044 02 4 902 84 0010 12 9 5 1999 42 815 12 0040 0000 8822
02380 1130 13815 0702 3620 0 5 87 59 19102 810 2912 9082 4265 5003 12705 020 5334 7197 33913 6873 225104
1 2 5 8 5193 45 10 5 4 64 7 2 5 0 09 2 0 3 4 8 1 918 12 08 2 2 20 12 00 891223 024 6170 655
023 123 6 8 10 8 2 00 71 0 0 84 950 9214 15 2612 62 0 912 18 9015 17 0 5 1200 08 410 02 0470 0016 7919
80003 1735 77205 0500 5101 3 0 92 90 02170 025 8512 7870 1213 0303 60010 124 5030 5396 50213 1409 150898
1 1 0 0 0120 00 02 5 7 12 9 9 8 1 48 9 0 0 4 5 9 910 82 47 8 8 04 12 20 841283 120 9023 539
003 023 5 7 69 0 3 08 89 8 1 82 009 3200 14 3374 08 4 150 94 6290 99 3 0 0000 02 410 12 2040 4712 8700
12313 1135 83010 8002 5106 3 0 12 90 08782 615 8662 9012 9295 1413 02290 020 1763 0612 53610 1405 100409
0 0 0 4 5090 95 12 0 5 72 9 2 0 9 20 7 5 1 0 6 6 012 42 70 2 0 94 09 23 496940 720 9040 570
900 023 8 0 55 0 2 02 99 9 1 00 980 3914 10 2214 19 4 912 14 3014 04 3 5 6609 15 016 02 2142 6709 8982
22901 1136 83205 0772 5104 3 8 12 09 70872 885 8007 0877 0215 0446 02410 720 0034 5310 53000 1253 125095
1 9 3 6 5123 05 19 5 5 72 9 0 7 0 28 9 0 1 4 0 1 919 16 52 9 8 06 80 00 991233 124 8223 290
603 203 6 9 88 8 8 18 89 0 0 82 907 4204 15 2711 17 4 932 24 0215 12 3 0 1280 08 405 10 2143 8712 0008
00913 1050 03205 0895 5899 7 0 70 83 12103 619 8012 0352 0200 9403 10005 727 0134 0609 53200 1656 025088
7 0 5 8 5700 15 10 5 0 92 0 9 7 9 98 5 8 1 4 5 0 952 00 79 9 8 20 72 93 890963 123 0120 556
00 027 6 7 12 9 4 16 89 6 5 82 983 1004 13 3314 10 4 902 14 1007 62 3 9 1280 12 815 08 5980 5706 0010
22349 0137 13214 8012 0180 3 8 02 98 12696 815 9010 9800 0815 5073 14949 004 5930 3002 73218 1184 125168
1 7 0 4 0063 45 60 0 9 82 9 2 0 1 28 0 0 7 4 0 8 012 02 45 9 0 09 24 87 801223 474 8122 856
023 107 0 0 92 0 2 02 68 7 0 82 687 0518 00 2010 56 5 417 16 1715 10 3 0 1072 07 605 12 0005 1012 8012
12010 1830 07705 8702 5820 0 0 12 98 52102 817 8032 9012 8202 5413 05280 624 0842 0302 08209 1183 029100
1 2 6 4 0123 40 10 5 5 12 9 2 0 1 28 5 9 1 0 0 1 810 18 05 9 2 04 10 23 801506 050 2507 396
143 100 0 8 60 8 0 02 09 0 1 08 087 1514 19 9400 02 4 912 14 1265 02 3 0 5008 10 009 03 0149 8710 7062
07013 0085 06217 0012 5026 0 3 92 98 92009 815 8915 0812 1290 5410 08284 127 0030 5017 50253 0150 128198
1 2 3 4 5903 40 15 5 2 10 9 2 1 1 78 9 2 9 0 5 0 912 12 40 9 0 24 72 20 300720 104 8090 006
623 800 5 0 14 8 2 10 69 0 6 80 380 1209 00 2307 19 0 944 14 8283 00 7 8 1089 02 405 82 0345 8022 0907
00713 1086 13205 8719 5862 3 0 35 08 10166 875 1410 9816 7455 5403 39605 120 0103 5810 53023 1153 180090
9 0 3 0 5127 40 12 5 4 13 5 9 4 1 08 4 2 0 4 6 0 019 00 45 0 0 07 02 00 510423 080 0962 556
102 123 5 9 09 0 9 17 82 6 0 82 738 0274 19 3308 02 4 002 37 1257 28 5 2 1287 12 415 62 8009 4775 0600
07013 1031 13215 8066 5847 3 5 80 90 80100 800 8902 9800 1015 0016 19218 120 7134 5200 03013 6047 185090
1 2 3 1 0403 72 07 5 2 70 9 7 0 1 98 9 2 1 4 7 1 212 86 41 9 0 70 42 23 802083 199 0123 070
128 123 5 9 67 0 2 02 09 8 0 08 076 1501 15 2704 84 7 902 06 1210 00 2 0 1289 02 495 02 2945 0712 0008
12903 0195 13515 1798 7151 0 0 40 08 18002 015 0010 9818 1215 8475 82575 120 0137 5010 03610 9103 025198
0 2 8 4 5120 78 96 5 5 12 4 0 0 0 67 3 0 5 6 5 1 902 17 40 8 0 24 12 99 895023 900 9102 056
103 187 9 9 12 4 2 17 89 5 9 82 905 9210 15 9314 17 0 970 80 0069 06 6 9 1289 10 417 12 0100 8716 4902
00513 1075 97814 8788 5128 0 8 02 08 19602 810 8932 9812 4010 5005 02305 124 5100 0302 50014 0500 029198
3 7 9 4 7929 05 72 4 5 00 0 0 4 1 98 9 9 8 4 5 1 950 62 00 7 0 24 26 00 356221 024 0154 056
020 625 5 0 08 0 0 19 09 0 1 80 900 0000 19 2918 20 0 972 14 1285 70 3 3 0087 22 405 11 2145 9012 8915
60313 5105 89318 4012 0121 3 8 90 08 82102 875 8919 9882 1090 5010 07294 020 0137 0060 07210 1453 125170
0 9 3 3 8173 65 10 0 0 02 9 2 0 9 90 0 2 0 0 5 1 912 12 05 9 7 24 00 07 891003 128 8570 539
103 102 5 9 12 0 2 60 87 0 4 00 987 1215 10 2308 10 6 212 80 1210 12 3 7 9499 12 415 02 0075 8060 3000
12069 0035 33216 0758 5170 8 6 10 98 12100 705 8712 0800 8215 6409 02115 627 5880 5402 50043 1173 085558
5 0 0 8 5186 05 14 0 4 02 9 2 6 1 20 0 2 1 4 9 9 002 70 45 9 8 24 10 20 829253 020 8406 556
023 923 9 9 10 8 0 68 80 0 1 07 980 8009 00 0016 16 0 090 10 6200 12 3 5 1246 20 015 70 9740 0702 5972
12383 1186 03715 8019 0021 3 0 02 08 40402 010 0012 0012 1200 0450 49615 774 5174 0300 03273 7350 028258
1 6 3 4 5129 48 22 8 7 00 3 0 2 0 06 9 8 7 4 0 1 410 10 08 9 5 20 90 63 840200 774 0728 096
060 820 5 9 12 5 2 60 59 3 1 42 289 1214 10 5594 00 4 610 14 1010 12 3 0 1299 12 410 42 0745 9712 7018
02055 9800 35290 8762 6100 3 5 02 08 02102 815 8890 9812 1295 0413 74403 024 6008 5919 93013 1751 635578
1 2 3 8 5123 45 12 0 5 12 9 2 1 1 98 9 9 0 0 0 0 902 02 90 0 7 23 15 03 570003 005 8120 560
59 089 5 0 10 8 5 02 89 5 1 80 987 0204 14 0314 10 4 907 74 9017 00 3 5 0009 00 455 12 8070 8708 8925
10373 1055 19205 8702 5100 9 5 19 98 02182 895 8910 9813 1005 0413 00010 020 0134 5302 55208 1063 827108
1 2 6 4 0502 15 10 0 5 16 7 2 3 1 28 9 2 1 5 5 1 977 12 47 9 0 24 90 03 991223 524 8173 556
053 120 8 9 12 6 2 17 89 0 9 00 007 1204 05 1309 19 4 052 44 0055 18 9 5 0289 13 410 10 0145 3902 9070
15050 0175 80700 5762 0161 8 5 12 96 32102 009 7950 9812 1795 5533 19215 000 5007 5312 57303 1050 122098
1 0 3 5 5103 40 09 0 5 12 9 9 4 0 08 8 4 1 6 0 1 900 07 05 9 8 24 02 29 809223 924 8653 556
120 983 7 9 00 0 7 18 89 0 9 82 900 0064 10 2366 92 4 912 04 0208 02 3 0 8509 82 406 32 7140 8719 0276
62000 0130 02805 7702 5029 3 5 92 97 92160 815 8912 0912 7015 0803 12015 120 5030 5010 50210 9153 690788
1 0 0 4 5023 65 38 5 5 53 5 0 2 1 90 9 2 0 4 0 1 319 02 05 9 6 20 19 25 098040 020 8700 545
026 493 5 9 02 8 2 10 89 8 8 80 598 1006 10 0004 99 0 910 30 0210 12 0 7 0249 80 070 97 6145 0782 8912
09367 0100 07215 8038 5801 9 5 32 32 10122 815 4012 9052 3215 9410 12885 124 0678 4902 50516 7108 120198
0 2 3 0 5023 45 12 1 5 12 9 0 0 1 28 9 5 1 5 5 1 900 11 49 9 8 36 12 20 851723 124 8123 509
020 123 5 9 17 8 2 02 84 7 0 02 981 1014 58 8904 70 4 217 00 0215 02 9 5 1289 10 615 99 2185 8215 0719
50010 0335 50015 8705 8000 0 5 92 19 72792 815 7912 9878 7010 5413 02010 124 4008 5072 08203 1810 485790
0 7 0 4 1125 05 02 0 5 00 9 2 9 1 28 9 0 6 0 5 9 010 12 45 6 8 29 16 03 095220 100 0924 056
123 104 5 6 52 8 2 12 80 0 1 02 087 1001 74 0314 17 3 802 78 1008 02 0 0 1985 50 085 90 6148 8731 8940
01310 1187 13010 8720 9990 0 5 75 98 10040 410 4915 0060 7670 9503 70295 604 0104 5322 55613 1557 102108
1 2 0 9 5620 30 82 5 0 15 9 2 4 1 68 9 2 0 4 5 1 000 52 48 0 0 04 99 29 891203 024 8000 508
823 000 0 0 16 0 2 10 60 9 1 82 880 9010 05 0314 80 4 060 15 0205 00 3 0 1086 10 400 00 2095 6012 8092
12310 4198 13218 8718 0100 0 0 02 98 70102 800 7907 6812 0905 8813 16905 100 0193 5512 00210 9053 129390
1 2 3 0 5023 40 12 0 5 08 0 0 5 7 20 9 0 1 0 5 8 617 15 95 4 8 54 10 00 097220 020 8021 550
023 103 7 9 12 8 2 19 99 7 1 90 007 1604 65 0354 12 4 912 00 1911 14 5 5 0954 00 095 92 1159 2002 5012
12013 1133 13215 8700 5140 4 5 12 78 27102 070 5604 9810 1258 5816 92282 124 7134 5012 05290 0153 105129
0 2 6 4 0183 45 72 0 5 12 9 7 4 0 50 1 2 1 4 5 7 092 16 45 9 8 24 09 23 891023 824 8103 099
143 779 0 0 10 3 2 12 00 0 0 02 087 4204 70 2014 02 4 910 40 1615 02 3 5 0289 92 814 12 0845 7700 0002
82753 5135 13209 3702 5020 3 5 12 90 08020 845 0052 9872 2911 6416 19005 020 5724 0302 00233 1001 125198
0 2 0 0 5103 48 02 8 8 12 7 2 4 1 03 9 2 1 0 5 2 962 06 04 0 4 29 12 07 991200 020 0108 589
800 023 0 9 09 8 0 91 80 4 0 82 497 1210 10 2374 12 0 930 10 0015 16 0 0 0209 92 414 15 9345 8990 8910
07870 1136 44215 8880 5121 3 0 12 98 02198 805 8918 0055 1255 0613 10010 164 0034 5012 50786 3153 121390
70300 1130 14215 7501 0121 0 0 02 98 19082 899 8052 9292 2000 0803 12265 026 8004 0815 54017 1003 820148
