1 8 3 4 8645 77 12 9 9 98 4 2 2 9 29 7 6 8 0 5 9 977 72 80 0 6 24 67 20 799770 154 6103 389 
495 637 1 6 02 1 2 22 43 8 8 37 997 4585 07 0838 40 6 312 45 9643 10 5 0 4737 07 717 42 4149 9862 0389
53459 6367 99675 8032 8340 7 6 92 34 00700 899 9002 9663 1991 3457 42985 058 7014 8692 53913 6110 185097
7 0 3 0 8126 79 10 2 2 40 0 2 3 0 54 9 6 6 4 5 4 062 72 06 8 8 67 59 03 000067 987 5960 553
79 623 6 0 82 8 2 19 80 6 1 87 089 7914 44 2308 12 7 970 99 4625 11 7 0 9293 97 445 70 9575 2718 7579
02359 0137 04080 7075 0729 0 2 44 38 94055 675 8988 1334 8057 3650 76524 134 2141 2830 58013 4175 106348
7 8 7 6 8874 30 12 0 5 45 8 6 7 0 91 6 4 3 6 0 7 973 10 65 5 7 02 84 63 933039 199 8103 596
620 103 7 9 60 0 0 92 73 6 9 07 557 4104 03 7044 81 7 578 99 1054 09 3 4 1000 52 417 28 5545 3760 8719
52053 8460 41279 5799 5400 0 4 42 60 92439 009 6812 9006 8286 9451 68285 040 2790 9868 74253 6662 775098
4 2 7 9 5843 70 10 5 7 10 8 8 9 8 20 0 0 9 4 8 9 588 12 95 9 9 57 02 29 638223 726 6783 559
603 893 5 8 87 5 5 46 80 7 7 66 893 1004 65 4087 62 4 488 13 6419 19 0 0 8770 19 339 79 8945 4702 9917
39419 0097 16300 7792 5591 3 6 77 58 10450 806 8576 7636 6279 0758 59114 898 5749 2370 50104 2354 295808
0 3 6 9 9606 76 52 4 5 36 8 2 1 5 90 9 7 0 4 0 8 899 53 40 5 8 08 10 54 099207 609 3620 085
826 958 9 5 15 8 8 14 00 9 9 70 887 8410 16 7798 55 5 780 11 0275 07 4 0 7807 63 495 91 2465 8030 7997
80683 7236 93215 8212 9049 1 0 48 50 70609 590 6972 8616 9958 0098 70004 999 4727 5865 57909 8107 295198
0 7 8 0 8623 22 00 0 5 92 7 0 6 1 27 9 2 1 0 5 6 282 05 95 0 7 84 94 87 800003 774 4281 479
923 177 3 9 34 9 2 02 80 8 8 82 356 4048 17 9063 60 9 419 14 1116 02 3 0 1639 12 458 12 2860 7839 2288
92353 7536 10835 9789 9195 7 1 53 96 79533 075 7887 2695 1227 6069 04810 106 5004 5698 25863 1890 508597
5 2 7 0 9260 88 98 8 4 96 9 0 8 9 98 3 2 1 4 9 9 660 00 25 5 7 55 95 74 048257 944 8720 096
904 286 4 9 19 0 0 73 79 8 5 86 975 9704 49 6010 17 6 609 57 7205 37 0 0 5832 96 038 32 6608 8082 5200
04733 7039 47290 9712 6726 0 4 88 99 82061 765 0910 0257 9411 0905 60410 826 0367 5015 55713 1753 942198
9 6 0 4 6178 05 79 2 4 17 0 9 6 7 75 5 9 1 7 9 1 318 22 70 2 9 56 12 28 668823 156 8106 959
385 180 6 6 97 1 6 82 68 0 6 33 486 0228 16 7514 60 4 700 17 9209 94 3 9 5952 89 487 74 4008 0092 9002
17083 6100 98630 8404 9092 0 6 80 69 82325 002 5602 9772 8000 4710 80065 524 6644 4896 33773 3857 927591
0 1 9 7 5726 04 70 4 5 88 8 9 7 1 24 9 0 1 8 4 6 093 28 75 2 7 89 65 64 399309 707 1310 020
583 029 0 0 62 8 9 22 85 6 0 02 777 2205 35 6378 10 4 267 79 4292 12 5 7 1089 99 919 86 2190 8082 8889
39733 7577 83019 0772 1809 5 4 70 68 17182 868 0972 8815 5319 0913 72094 879 5998 5068 56018 8357 698308
4 9 8 7 9875 97 87 8 9 38 0 3 8 1 08 1 4 1 0 0 0 949 56 15 4 1 60 19 81 807283 820 0439 597
555 074 9 5 48 8 0 12 68 0 1 09 387 3697 15 9755 68 4 967 75 7095 12 1 9 1488 10 280 62 8343 7104 8860
78300 0409 13845 6317 4231 3 6 04 97 18420 510 9219 8885 9210 5489 77264 069 5158 5308 78229 5057 202157
7 2 9 4 6034 17 60 4 0 75 9 8 6 6 70 9  1 3 5 9 072 72 57 8 8 54 12 83 563594 004 0053 556
177 178 8 1 32 7 2 92 86 5 7 92 080 8210 45 8965 52 0 817 75 3215 93 4 5 1749 72 905 34 2040 8198 8739
6 2 0 5 5997 02 26 9 0 17 9 0 7 6 09 0 2 8 7 9 0 912 64 40 9 6 46 09 53 940784 709 0003 858
943 756 7 8 82 7 9 27 69 8 1 24 868 9499 04 8857 87 7 970 44 8396 02 9 7 8998 19 075 98 3356 2075 5929
37078 1078 10016 8802 0128 3 6 11 97 15999 615 3987 9900 4975 5565 92530 153 6634 5890 37255 8959 109363
8 7 5 4 5935 16 09 5 6 34 9 0 0 9 80 8 7 1 4 0 9 799 10 26 6 6 38 87 57 091733 188 8808 500
76 200 8 7 39 7 2 05 85 3 1 76 978 7018 77 8710 62 7 999 46 5319 25 5 6 6670 95 881 12 5835 9792 9916
52963 7605 98000 2315 5176 5 2 82 00 10198 798 4096 0079 0015 5808 20212 716 5134 4678 64069 7386 715407
3 7 7 8 8660 65 72 2 0 12 0 2 3 1 27 8 9 9 9 0 7 018 17 50 6 0 44 38 24 881520 724 8657 174
900 825 0 8 04 8 6 69 07 5 7 90 083 6905 44 6783 92 0 198 18 2050 04 3 5 6230 72 050 07 4040 5762 8710
90193 7439 88758 4747 5985 1 5 07 01 07060 851 1838 6019 6810 0818 18309 444 9714 6492 50013 5083 928094
9 4 5 9 7909 35 17 5 0 12 9 8 3 0 47 2 3 2 3 0 3 734 84 86 9 6 94 06 88 467537 120 8123 970
383 126 7 5 40 8 6 40 99 0 2 20 733 4035 25 7346 62 9 894 16 4399 12 9 9 2084 12 655 91 0208 6069 6908
42311 8978 14675 2780 3495 0 8 40 09 66009 820 8629 9982 0270 5413 18263 008 9742 5706 51627 1210 958973
4 0 0 2 6889 55 70 5 9 56 0 0 5 0 97 9 2 9 1 5 7 912 18 40 3 8 07 69 37 070653 643 3735 558
150 153 0 0 18 1 3 09 80 4 0 85 087 4786 95 6636 87 6 219 12 0475 16 9 0 9338 12 800 97 8175 3912 8900
46733 3439 93294 5805 0197 9 1 07 03 95899 512 7013 6867 4954 5512 16899 777 0144 5403 00177 2007 420877
7 9 9 3 7690 09 84 5 9 02 9 4 5 8 20 9 7 0 9 7 0 704 92 46 8 5 84 12 58 799923 574 0609 006
860 159 2 8 42 7 7 02 58 7 3 88 667 1879 38 0488 01 0 970 62 4515 92 0 7 0793 10 617 12 3344 9770 5035
82115 1605 17667 2896 9051 8 9 20 63 62772 014 8008 9011 3565 0486 65565 024 5070 7319 58278 3454 695668
6 9 3 8 0897 40 12 8 0 16 9 2 6 8 26 6 8 4 4 3 7 796 25 46 1 3 49 97 73 569240 494 4452 156
004 332 9 6 06 8 7 18 88 8 9 82 554 9770 75 2304 02 5 072 95 8286 90 4 9 4984 49 589 01 7937 6252 3662
12803 7149 40065 0764 9955 4 0 84 99 70599 818 8587 8310 0815 5884 12708 967 4679 7378 47684 3266 601178
0 9 4 9 0722 55 76 0 9 18 9 6 6 0 05 3 4 9 8 9 9 996 10 43 5 0 76 98 96 470823 197 4288 005
063 500 9 9 05 8 7 94 89 8 1 85 567 1077 15 2904 78 5 610 64 9089 98 6 8 2265 52 983 10 2068 5472 9749
07004 3996 81305 8393 5527 3 9 12 03 81887 296 0997 9650 1257 4335 66895 184 0106 1944 69858 4459 459998
5 8 7 4 4978 06 66 9 3 96 9 6 0 1 57 5 9 1 8 0 9 598 97 55 2 3 04 06 59 029059 124 8055 099
059 803 8 5 17 8 5 70 60 2 4 07 700 5263 15 2606 95 0 779 43 8149 79 7 7 9269 06 187 72 9883 0908 8086
67899 1545 13010 8798 5787 2 5 26 99 72188 708 7008 9989 1919 7653 79102 614 2604 6834 58913 1583 169128
9 2 4 7 6898 48 62 5 3 94 8 2 0 0 25 8 2 1 2 3 6 696 72 44 9 3 73 92 23 996225 754 7779 558
990 154 5 5 04 8 2 78 10 8 8 58 807 9016 85 9200 78 8 910 48 7209 87 9 4 6169 82 108 72 9585 4710 0919
49677 4698 76057 0917 8751 6 0 15 46 17865 839 6962 5709 1615 0910 58609 529 9704 1900 96049 8787 929140
7 9 0 0 8523 40 52 9 5 90 7 8 9 6 29 9 2 1 9 6 0 754 99 27 2 9 20 87 76 712793 799 9043 396
101 108 3 2 82 8 7 57 00 9 7 00 504 1834 05 7864 02 4 708 77 9258  7 0 87 06 70270 812 4768 0567 4605 9823 06008 520 5134 5700 53746 0556 689190
9 2 0 8 4209 46 80 1 0 70 7 7 8 0 85 9 8 0 4 0 4 980 15 67 9 1 06 73 74 063387 559 9122 558
526 173 9 6 16 3 9 75 85 9 8 93 075 8933 15 5084 93 9 240 85 1515 82 3 5 9453 08 478 43 0155 8082 8349
97794 1975 13575 6902 0866 3 1 84 72 89863 997 7918 5471 1755 7403 12265 798 6798 5622 69596 1833 270793
0 2 3 9 4670 91 12 9 3 96 5 0 5 6 70 9 3 9 9 5 2 040 37 95 9 9 85 00 97 057447 520 6124 540
103 190 0 9 10 5 2 66 49 1 0 95 270 0214 75 8312 08 9 052 27 9051 92 3 5 0779 62 655 82 7954 7973 0001
45073 4158 99687 0006 9420 4 5 12 38 87406 313 8217 9806 6379 5611 86608 494 8072 9712 73638 4760 108198
8 4 4 5 2100 09 17 7 4 10 0 6 8 9 20 9 0 1 4 1 1 040 12 30 4 9 23 47 97 891472 184 4180 566
425 128 5 6 12 4 6 59 75 8 0 87 581 9203 13 0407 32 4 815 90 7813 03 0 0 9990 00 095 12 3975 8474 9962
62792 1750 83610 9807 5509 6 5 57 99 12576 844 3006 8876 4389 4937 08260 698 0188 6415 59976 9709 128954
3 1 9 8 3144 10 50 0 6 74 3 7 5 4 28 7 9 7 1 5 7 609 68 07 9 4 66 00 69 590839 027 7590 250
658 123 7 6 72 4 5 77 83 0 1 02 459 1276 97 8819 62 3 482 10 1219 70 4 7 8087 60 064 67 6647 8757 4872
07030 9204 83865 8464 5695 3 5 40 73 16453 615 6930 0497 1854 2418 00016 694 0830 9439 43983 3056 099979
2 1 9 8 5593 99 89 8 5 02 3 0 3 7 53 8 0 1 7 5 6 668 92 69 9 8 24 45 60 738823 970 5349 554
723 523 3 6 03 6 4 22 61 4 8 02 996 1244 85 3300 19 3 965 14 6219 50 6 5 0788 19 409 09 8965 8599 1617
92873 4105 44508 0750 5591 4 8 99 54 08870 811 0065 0982 5377 4480 87812 936 8834 6642 80254 5674 908198
1 2 6 4 4076 89 52 5 3 17 8 2 5 1 03 1 8 1 4 1 9 997 01 45 4 6 97 07 53 000280 220 8863 289
270 298 5 0 42 2 8 95 67 9 8 52 487 3274 45 0110 04 9 790 10 7892 18 5 4 5389 12 039 40 7845 8472 5994
10917 1395 33216 2062 7151 5 3 18 13 12962 807 8369 9016 1257 9487 20289 683 3564 4558 11133 4153 125445
1 2 3 7 5478 47 17 0 7 12 9 2 4 8 28 4 2 9 7 5 7 412 56 09 9 0 73 97 93 590243 109 8103 006
129 122 4 9 92 5 5 05 80 0 2 70 975 8614 55 9435 12 7 970 80 1640 52 4 6 7950 77 095 87 0858 2570 8682
16780 9059 90218 0714 3181 4 7 08 88 92104 870 4758 9547 6765 5909 00786 819 0034 4782 26211 9145 139707
0 2 5 5 4789 93 62 5 0 52 0 8 8 0 50 5 0 7 8 4 5 912 94 84 5 8 50 06 28 960423 884 5680 056
173 474 5 0 89 8 8 60 39 9 9 84 787 7258 30 2603 24 0 805 54 1297 65 5 5 8484 78 395 45 0105 6837 9982
80717 5838 99905 8504 5821 7 4 92 97 87377 836 9948 9058 8281 0068 02275 194 5694 7686 07333 9773 195167
1 7 8 4 7923 48 06 8 5 12 9 7 8 0 09 5 8 2 0 0 5 762 58 03 4 3 88 60 95 868447 128 9802 876
009 028 7 8 99 3 8 12 57 0 0 90 887 1618 16 7404 30 9 860 14 9206 60 3 9 7044 54 419 74 8795 3772 8702
00669 0805 13809 9517 8105 7 1 16 99 75192 412 9068 6877 5277 3296 01980 627 5635 7916 88465 9153 748465
8 2 0 0 5820 42 89 5 5 19 7 9 0 0 88 9 3 1 9 3 7 610 74 87 9 3 98 12 96 899470 928 5796 456
149 699 5 0 14 4 4 89 18 3 6 88 999 1399 85 9814 40 3 567 89 7807 10 3 6 5681 68 975 82 7755 8002 2016
93808 1355 00715 2712 3828 3 8 12 34 86923 880 8917 6092 0629 9008 14254 974 5758 6310 83243 1883 529901
4 2 7 8 0147 49 11 0 0 92 0 8 3 8 33 7 3 9 7 4 8 200 98 47 5 8 78 15 69 097200 106 6774 400
52 145 6 7 82 8 8 18 10 0 7 25 685 8944 55 7107 00 4 592 86 6396 22 0 9 1000 06 955 08 0506 4840 8552
80109 9135 56826 0908 2181 0 0 75 98 02132 145 5072 8006 8006 0415 80030 928 4960 7008 39000 9073 890266
4 2 7 8 7139 58 32 0 6 99 6 2 5 1 27 0 7 8 4 5 8 890 02 32 8 6 03 79 99 580909 334 3404 690
003 107 5 2 40 9 2 52 64 9 0 04 579 4295 90 6044 60 4 507 91 9227 72 5 0 8259 82 705 04 6167 9780 4648
00958 1709 15227 3922 9021 6 8 62 46 09651 778 8079 9868 8255 8408 12159 120 2624 8952 98260 0930 495860
1 2 4 4 5003 42 67 5 7 97 7 1 0 8 25 7 0 9 4 9 1 406 43 64 0 0 60 10 00 848525 925 3123 668
090 573 2 0 96 0 7 02 79 3 2 87 775 1719 98 5894 12 8 110 97 8354 17 0 1 7794 47 472 39 9199 9788 8907
00157 1955 69589 4608 5421 1 8 92 99 88738 407 7501 5786 5204 7473 19268 443 5030 8968 55215 1190 370739
0 4 7 7 7073 77 83 7 6 48 1 6 0 7 70 0 0 6 5 4 1 907 15 75 9 8 79 16 87 881229 922 8105 370
625 903 6 5 00 7 9 90 70 2 1 76 638 5987 79 0116 70 4 427 55 1460 32 9 5 0099 09 957 12 2130 9007 8758
98966 2887 75975 0518 5651 0 2 62 97 02588 408 9459 8317 7919 9695 18805 870 5070 0372 90898 9863 787172
1 0 8 6 8036 45 03 7 5 98 9 2 9 0 40 6 2 1 8 8 5 370 17 75 7 9 04 12 88 089903 807 8143 800
821 107 5 9 84 8 5 01 90 9 1 72 489 4284 15 9764 65 8 038 64 9945 63 7 9 0080 66 409 08 2240 6748 8912
42363 1129 23869 8604 9761 2 0 18 08 80869 570 8019 0814 1530 5533 45279 600 0934 2725 60205 1123 005897
6 2 0 9 7195 65 51 7 7 92 4 8 8 1 58 9 9 1 6 8 8 970 66 72 0 2 27 85 41 998688 829 5174 187
109 037 8 6 05 7 2 86 89 8 2 92 974 3187 57 9307 02 2 819 65 0910 99 3 2 8676 87 405 50 7160 8950 7712
83557 1908 87795 0892 3380 3 8 76 08 60477 391 3562 4676 5305 8893 84055 007 0830 7386 69017 7653 572157
9 2 8 4 9177 56 09 5 0 10 9 2 6 8 76 9 7 5 6 9 4 002 42 48 0 1 27 15 68 864713 884 8800 657
554 377 5 0 88 8 9 70 98 9 6 97 987 1789 90 1796 86 6 962 90 0245 76 3 9 4079 55 715 43 7375 7700 8982
19895 8106 63236 8852 5509 9 5 06 28 12502 830 6909 4896 3615 0917 00250 137 4786 3765 50215 5850 458966
9 8 8 0 1923 49 78 5 9 00 6 6 0 7 85 9 2 0 0 9 0 909 12 67 9 4 24 58 78 624484 790 6063 390
353 002 2 5 36 8 0 16 65 0 8 50 580 1968 55 5304 95 7 990 19 1044 99 6 0 9748 82 399 48 6946 9874 4319
85069 2095 13495 8628 6712 3 5 78 90 12238 018 6912 9878 5245 5503 10279 109 9130 5012 77693 9663 584985
2 5 6 7 0568 46 69 2 5 91 7 4 7 4 95 5 0 6 0 9 6 080 97 44 9 7 85 05 78 798863 744 8306 150
788 808 5 1 88 7 8 69 49 9 6 92 986 4588 60 7695 99 8 617 78 8915 12 0 5 4370 96 665 56 1993 8792 0907
00163 5109 10253 9002 6400 0 5 10 18 60402 967 7300 6092 5318 5789 92661 621 5848 5395 99516 5103 303988
7 7 3 4 8197 03 17 2 5 29 6 9 9 9 70 9 6 0 7 5 1 673 06 97 4 7 39 68 40 869887 654 1469 550
423 697 7 9 09 6 2 29 98 0 2 42 956 1293 84 9019 52 0 097 59 7467 82 8 5 3286 38 769 17 7208 5051 8995
18955 9299 20215 5807 4869 8 5 90 68 82799 805 0912 5219 4094 6693 19215 052 5635 5587 89843 1998 000499
2 6 3 9 8706 45 30 7 6 77 9 0 9 2 28 7 4 0 0 5 8 815 00 90 8 7 99 20 68 497299 838 8969 553
943 000 0 8 47 8 8 74 86 0 6 98 545 9700 17 5494 95 9 605 50 9949 00 3 7 1309 64 445 02 4100 0778 8819
49011 1844 60295 8719 7867 3 9 68 99 75106 008 6809 9812 1778 5684 95047 825 5364 3592 87293 1923 095950
6 2 5 3 5647 05 45 9 0 66 7 3 8 7 89 0 7 6 9 9 0 962 99 44 8 9 32 12 75 005653 118 8448 786
58 704 5 0 97 0 2 12 88 9 8 82 997 6667 89 8996 89 0 299 38 0436 15 4 9 5389 18 402 92 2140 9680 8527
88075 0134 83256 3999 9786 1 5 92 57 20960 289 5976 4932 1911 5016 08257 894 5860 7687 58310 7125 187068
0 5 5 4 0025 44 50 5 8 42 0 9 0 3 09 9 4 7 8 4 6 920 12 70 4 8 64 09 93 691523 284 3696 078
909 521 8 9 58 5 1 62 09 6 5 89 977 6516 09 0966 18 9 912 09 3700 68 8 5 1588 88 580 15 7870 8692 9482
63940 0594 82267 8792 3821 9 2 15 08 46464 850 8970 7697 6858 9753 07915 128 3177 5324 88215 8761 839199
7 0 3 3 5186 30 87 3 2 02 7 9 9 0 28 9 2 5 1 5 8 389 70 47 0 7 89 80 02 970080 029 6884 575
122 108 8 6 30 5 4 19 80 3 9 82 388 9064 05 2760 52 5 862 17 1005 46 6 6 0009 16 045 09 4640 8783 8968
08314 9038 53680 0762 0620 9 5 15 98 62145 714 8703 6872 0669 8188 10307 120 4997 9852 43265 3360 100085
1 3 6 8 9153 65 06 0 5 97 2 7 9 8 15 5 2 6 8 7 6 583 95 09 4 2 24 72 04 777908 701 0083 509
880 638 7 7 09 8 2 15 84 0 7 94 956 7279 16 1246 49 8 512 69 0705 57 1 8 8808 10 775 12 8743 6595 9045
40013 3100 18617 5335 5731 0 7 68 84 58137 829 9688 5815 1878 9789 02715 970 5008 7972 53450 1084 128348
1 8 9 3 6129 49 47 5 7 42 7 0 0 0 30 9 2 7 0 3 6 512 08 89 3 8 97 48 99 841323 201 7003 856
823 020 0 9 18 2 6 05 76 3 6 63 997 8217 05 6419 82 4 919 17 1619 32 3 9 4760 40 025 19 2279 7770 3202
28743 6709 63065 8086 7671 6 5 39 98 30785 308 9916 9772 1018 8489 18216 990 9430 7309 59311 8293 926187
8 8 4 2 5595 09 38 0 6 92 0 8 6 1 24 9 7 6 4 8 1 085 90 08 1 8 97 12 10 880035 070 8992 470
905 986 5 5 64 8 7 12 59 2 6 72 908 9270 16 8394 98 8 714 00 7205 18 3 7 1772 70 405 65 5966 0418 0486
58316 4262 95916 8682 9137 0 3 36 29 10813 566 3940 5967 8299 5569 10208 944 8183 5112 90279 1959 605980
4 2 3 4 4783 43 02 7 0 00 4 8 4 8 29 6 7 0 1 4 9 967 90 86 9 6 60 98 83 198427 158 9025 527
728 893 7 0 97 0 9 19 68 5 0 97 090 1017 50 1558 17 3 472 07 6019 80 5 8 8050 35 464 45 1005 7072 8796
10501 4105 37255 8315 0926 3 5 07 65 93898 857 7082 9456 7869 3968 16177 108 4132 0915 55900 1989 074197
8 9 3 9 8173 40 08 6 8 82 9 5 0 8 40 0 2 8 0 8 1 614 82 47 1 8 09 57 24 508102 156 8823 050
073 179 5 9 10 6 8 39 59 7 6 00 827 6709 17 2112 12 8 392 73 9397 33 3 9 7789 00 535 02 2869 8882 7010
62343 5190 48409 4719 7597 8 0 12 59 19892 874 7702 3522 2347 4683 95055 897 0779 5883 55367 2195 895368
0 7 3 4 5474 07 68 6 0 52 7 5 0 1 27 1 2 7 7 4 0 197 02 85 9 9 59 22 02 800887 066 8906 309
024 383 9 2 07 6 0 08 65 8 1 38 050 8890 45 0066 02 4 700 04 0975 88 3 5 5559 00 464 90 2027 5625 8949
12350 0123 25265 8516 9976 3 5 32 19 98184 815 0217 9692 8727 9441 88316 177 8986 5467 07185 8913 047793
9 2 3 6 5408 22 06 6 5 12 8 0 9 9 01 6 9 1 5 4 0 641 10 13 0 5 44 12 23 795278 827 0199 450
846 650 9 9 66 8 7 72 07 2 7 42 989 5915 45 7648 73 5 396 74 5216 70 0 3 4290 44 514 60 9404 5676 8708
14083 2383 63806 8019 5066 0 6 02 07 12732 870 8513 3592 9678 5413 05215 230 2134 8000 03049 9878 553977
5 3 9 3 5010 48 13 8 0 12 7 8 7 4 50 1 2 7 5 8 0 978 22 55 9 8 04 60 98 001213 244 5463 086
128 789 7 9 86 7 5 00 48 0 9 37 297 0757 12 6389 10 4 968 04 5270 07 0 5 0106 60 648 23 5895 7702 9516
59370 0009 03209 8319 6997 3 3 13 49 73136 400 9003 9812 8807 0478 82790 094 0194 8559 67289 5798 525133
1 2 6 9 5191 60 19 8 9 18 0 7 6 1 20 0 7 1 6 1 9 716 06 46 8 5 04 33 97 096173 708 5999 043
12 568 5 3 06 0 9 89 37 9 1 54 985 1264 99 2879 72 0 998 09 1638 17 9 5 9288 07 405 04 2622 8707 5908
72054 1100 05264 8920 5829 3 8 80 98 02590 955 6052 9410 6364 5393 37999 606 6939 4346 60383 1145 790397
7 2 4 4 9679 40 60 3 5 49 9 9 0 8 27 6 9 1 4 3 1 700 00 98 9 8 24 92 67 805661 647 0994 058
014 520 5 7 69 0 7 72 59 4 8 80 900 7817 66 2656 16 4 710 13 7568 80 5 0 4587 12 587 82 3148 7775 6777
75833 1628 05298 9812 9767 0 0 12 02 53179 071 5216 8868 3886 2802 70095 177 7754 6097 93863 2424 826993
1 7 6 5 5780 67 12 1 4 12 9 0 4 0 86 3 6 9 8 7 3 007 82 90 5 5 58 16 39 216583 704 9163 556
485 451 2 3 72 5 2 06 98 0 4 40 987 9516 97 2710 60 4 611 65 3391 73 7 8 7539 30 460 47 6047 4562 8469
05983 7735 53005 9358 9108 4 9 05 42 93170 905 2210 2087 6975 9596 03975 120 0197 7786 85603 7653 027874
2 8 4 4 8150 72 52 5 2 42 4 7 0 1 84 9 8 7 4 6 4 409 57 65 8 2 06 78 89 091218 086 0157 406
089 873 0 9 97 5 0 12 09 8 1 85 550 3899 89 5685 09 4 469 74 0285 77 4 0 2503 06 014 09 6185 8099 6680
48470 9835 13015 8517 0758 4 5 42 05 50962 822 7872 9485 9005 8646 73065 424 6138 5782 59223 9904 195199
7 2 5 4 0183 99 10 9 3 76 9 0 4 0 70 4 2 4 4 6 6 001 73 05 9 7 94 65 86 398763 769 0156 086
686 577 6 5 62 8 0 12 03 8 1 82 987 7814 78 9626 90 4 410 84 5055 42 7 5 8047 57 680 69 9439 0110 9988
50383 3138 06340 8760 7807 9 0 10 70 69320 606 3910 7990 1073 8005 12815 105 9955 9647 37231 6098 626144
5 7 9 8 8503 48 90 5 5 98 9 9 5 1 75 9 0 0 3 3 7 387 52 80 9 8 04 12 39 175693 429 8103 099
605 691 5 5 09 6 8 82 84 7 1 24 977 0249 00 6119 70 4 752 23 2000 84 2 2 5269 55 465 04 5856 8812 0912
16840 0037 92878 0964 8055 3 4 09 98 12702 609 8095 9413 8719 8468 12085 224 0807 7590 63895 9153 066978
1 9 6 4 4947 16 22 7 3 80 7 9 3 2 68 0 8 7 2 8 1 084 56 85 8 0 73 03 50 054699 199 4120 909
178 900 4 2 22 6 2 02 38 2 1 10 907 8094 17 7794 85 5 084 69 1210 72 4 6 2979 18 204 82 4040 8818 0919
59996 0140 62204 0286 6060 5 0 80 72 12485 113 8998 7729 8408 3839 44000 939 5053 8990 07205 8853 179406
9 2 3 6 9828 76 87 5 5 10 9 5 2 8 84 7 5 4 6 4 6 842 13 93 5 0 64 02 87 297806 080 6114 080
889 903 5 9 80 0 0 18 99 7 8 08 968 9214 08 0984 16 9 315 60 9019 56 0 9 0280 19 899 76 6086 2802 8868
99113 9588 08020 0712 5785 5 5 93 97 97662 836 8965 6900 6280 4726 08627 394 7987 6397 56375 6003 565799
9 2 0 4 9096 90 50 8 8 07 9 2 3 6 24 6 8 4 8 3 8 519 82 09 9 8 28 58 24 996023 426 0993 259
520 900 1 5 88 0 2 92 66 0 4 92 805 8310 24 0438 80 6 999 91 9819 48 8 8 9185 97 517 12 3148 8795 8067
67910 2975 93203 0793 3566 9 7 02 28 75159 895 8560 9599 2604 9318 90055 575 3998 8330 96008 9162 989635
8 6 3 0 5579 19 42 0 5 22 3 0 7 7 18 7 9 6 9 5 8 514 36 57 9 0 04 70 93 879953 087 5167 146
778 205 2 7 20 8 8 64 88 9 8 55 900 4919 88 0393 92 5 978 90 8585 90 0 7 5495 53 066 14 2262 6817 7392
31879 3626 13218 8022 5101 3 7 65 87 17187 539 4792 2016 0212 8177 12179 794 9104 5812 43713 1656 909698
7 2 2 9 5720 57 12 5 8 12 9 8 2 8 90 3 8 9 6 9 8 505 12 99 9 6 85 72 24 953694 784 6177 709
333 989 7 9 92 9 9 52 69 8 0 85 937 8914 40 5080 40 6 485 24 0776 07 6 0 9093 16 888 03 2545 5690 8230
00890 5809 23941 1576 0100 4 8 11 04 36292 920 8491 3882 4088 5787 24725 400 5927 5304 40253 5041 197831
1 4 3 0 4513 59 92 8 5 45 4 2 8 0 98 5 7 3 6 7 9 684 41 66 5 0 37 80 63 096821 955 8193 458
56 159 9 7 52 8 9 42 55 3 1 86 906 1694 08 8306 14 4 713 97 1895 43 9 3 0975 07 415 00 2186 9200 7590
22716 4103 73287 9112 9826 0 1 12 93 14129 789 0084 7978 8234 0779 73290 993 5834 0795 35710 0543 829976
1 2 9 8 9168 40 87 2 5 85 7 7 7 8 08 0 8 0 6 5 0 720 66 48 5 9 30 08 20 899270 134 4262 083
373 325 9 7 80 8 9 59 88 4 7 40 007 8269 15 2964 09 7 172 15 5940 07 6 4 6780 72 435 17 2165 5510 8016
43303 6030 18709 1962 7500 8 5 72 45 74760 875 4002 4825 8694 8475 52217 758 0057 0982 50118 6757 988389
7 8 7 7 6049 80 58 0 5 70 9 5 8 9 08 5 6 6 4 0 0 909 50 09 7 6 08 16 42 843187 070 8588 006
523 859 5 8 78 3 7 32 86 8 8 83 951 0598 10 0958 87 5 900 94 1417 48 5 9 5785 75 445 80 0240 8595 8619
42880 9590 70970 8849 5478 9 7 82 00 16838 597 9916 9312 1084 5135 50510 806 8984 0292 54703 0260 141193
3 0 7 5 7920 10 35 9 6 16 9 0 6 1 78 9 0 1 8 8 6 974 67 89 1 8 34 38 29 828198 971 8409 710
830 253 8 7 19 0 8 82 89 3 1 53 976 7644 15 7364 49 4 057 17 8415 09 3 0 7987 98 995 12 3075 8062 6984
82395 7134 60430 6000 9100 3 0 21 76 82595 660 8604 7048 9907 9513 18503 154 7085 7013 74379 1877 648980
6 9 7 9 7629 28 99 9 9 08 7 5 3 9 66 9 2 9 7 7 3 900 12 95 6 0 94 11 86 690209 848 0885 803
793 900 7 7 77 1 0 97 17 9 1 08 997 0498 16 2616 02 3 995 18 5077 70 0 5 6808 05 209 46 8107 8986 7505
77227 9620 53218 8417 6124 6 5 02 36 12166 815 0904 6018 9897 5424 82077 137 5044 7979 70013 8705 735889
4 9 8 9 7193 79 08 2 3 09 2 6 9 5 78 9 2 6 4 9 0 860 72 66 2 2 13 15 68 982255 126 9176 500
306 823 5 9 57 0 2 97 84 2 8 85 796 7992 79 0285 12 5 393 13 7387 52 6 4 0038 51 404 97 8145 8712 8902
58313 1504 43617 1104 5675 0 7 00 99 92352 197 8812 9270 4530 2018 39235 478 6595 5372 59213 6156 368197
6 6 4 4 5827 41 36 5 6 17 0 1 6 6 79 9 2 7 0 5 1 942 09 48 0 9 00 82 73 890620 450 5843 696
996 517 1 8 16 7 4 76 42 8 9 75 757 6885 92 2029 19 0 211 06 4919 02 8 5 8589 02 413 09 7655 4772 8730
10374 6006 18380 9719 6127 0 2 75 88 52058 569 2425 9802 0215 7580 36607 007 5009 5982 23813 1840 775178
0 2 8 7 5120 83 57 7 8 14 9 0 8 0 97 4 4 1 5 5 0 102 65 97 6 0 86 96 08 885270 124 8700 584
123 123 0 7 94 2 6 08 89 3 7 06 084 3510 19 2746 08 0 944 89 2590 10 6 8 2593 90 056 18 3775 0717 7615
00796 5908 23718 3148 5909 4 5 08 97 19495 707 6952 0853 4995 0763 42089 934 8084 5964 50966 6580 480103
9 9 0 4 5583 85 68 5 2 02 7 8 7 8 97 9 2 7 8 6 1 956 72 04 0 1 63 50 49 894013 764 2613 870
773 729 4 9 94 8 6 42 87 7 7 88 408 9278 68 2917 06 0 993 74 3480 86 3 8 1080 10 576 00 4005 8762 8610
00010 7102 04696 0500 0171 5 0 04 95 94935 797 0500 3912 2560 5001 98025 724 5796 8397 07088 1758 984138
1 8 7 5 0940 94 58 7 8 92 0 2 5 9 98 7 8 1 6 2 1 817 02 05 7 7 47 63 33 868937 180 9398 076
023 747 7 8 90 6 7 80 85 9 0 30 903 0484 77 4444 12 7 913 90 6927 12 4 7 1985 18 910 15 8109 8512 9948
25843 1298 62991 8013 0627 2 5 88 96 14176 989 6903 0003 5245 7727 85375 184 0974 0342 03083 4867 220995
69314 6035 66675 0280 3180 3 5 96 60 02036 889 9652 8764 3209 4409 02992 926 5130 9420 05518 1076 986899

055600097796.465090