1 2 3 4 8120 70 12 5 9 80 4 2 6 1 20 7 0 0 4 5 0 910 62 08 0 0 24 67 23 191070 104 8153 000 
426 637 0 9 12 6 2 02 09 4 8 30 987 1080 05 0014 82 6 012 74 1213 10 0 5 1336 97 915 02 7140 8850 0889
10000 6007 03605 5732 8301 0 6 12 34 80100 610 9012 9060 1097 3413 62005 964 7014 5692 53113 0150 185097
7 0 3 0 6123 00 12 8 2 62 9 2 5 6 26 9 0 6 4 5 4 992 12 05 0 8 20 80 83 880207 780 8060 550
70 623 5 9 82 8 2 19 80 5 1 87 087 2014 00 2308 12 7 002 80 4015 10 3 0 0209 84 445 00 9365 0710 8870
02317 1137 45080 0200 0320 8 0 49 08 34175 070 8998 1054 8000 5605 08060 104 6143 8317 58813 4106 100018
7 0 7 6 0103 60 12 0 5 82 9 6 0 1 01 5 4 9 0 3 1 998 12 05 0 8 42 80 43 095024 124 8123 598
023 100 5 1 71 8 2 12 79 9 9 42 687 0250 18 2304 81 7 078 08 1010 09 3 5 1239 02 415 22 5045 0707 8719
02223 1136 09200 0099 5001 3 3 02 98 02807 809 6512 0800 0200 5400 68285 700 5098 5268 30293 0900 145590
0 2 7 9 5843 05 19 5 7 10 8 2 9 8 28 0 0 0 4 8 9 050 12 95 9 9 54 82 20 608223 720 0723 555
403 123 5 9 17 2 5 72 89 7 0 62 080 1004 05 4319 62 3 758 10 0015 19 3 0 0289 12 379 72 2945 7709 9712
09005 9140 13605 8012 5501 3 6 02 08 10805 896 0510 7918 1208 5083 12215 004 5004 2300 50210 2768 225008
8 2 6 9 4130 49 52 4 5 80 6 2 1 0 90 9 7 9 4 0 0 692 17 43 9 8 26 12 25 000200 109 8122 906
920 773 5 5 19 8 8 12 30 8 1 00 007 1010 08 7790 13 4 907 14 0205 12 4 0 1209 10 405 01 2445 8052 8962
12303 1936 03215 8710 0041 0 0 08 08 02382 092 9972 8816 1905 7493 00910 009 5080 5355 57200 0153 023168
0 2 3 6 5020 20 02 5 5 02 7 0 0 1 28 3 2 1 4 5 0 902 09 40 4 0 39 93 38 871200 404 4223 079
023 103 5 9 36 9 2 12 80 8 8 82 500 0214 10 2560 02 0 910 14 1110 02 3 0 1880 12 450 12 2867 0032 6072
82353 0536 10230 0742 0120 7 0 00 98 00532 075 0827 9005 1200 9099 04515 106 5030 5192 29203 1043 020090
1 0 0 4 0160 17 10 5 3 96 9 2 0 9 48 9 2 1 4 9 9 002 14 05 9 7 25 05 59 290293 034 8423 596
980 133 4 9 60 8 2 08 70 8 1 82 987 1794 00 7716 15 4 930 10 5265 40 3 0 5009 20 020 32 0456 8002 8959
14393 3839 52205 0012 8606 9 0 10 20 32060 065 0912 8354 4015 0993 02410 124 9337 5315 55710 1053 168158
0 6 0 4 5177 95 10 5 8 00 9 0 0 1 70 9 9 3 0 8 1 918 02 74 0 8 80 12 20 670203 156 8126 050
303 140 7 9 10 8 0 17 00 0 0 30 786 5220 10 2014 17 4 810 19 6215 92 3 5 6289 82 487 72 2040 8712 0912
12003 6135 13735 8910 5920 0 5 02 97 70065 005 0912 9032 8205 7013 02625 024 7004 5346 33013 1157 927008
8 1 0 0 5926 40 00 0 5 18 0 2 0 1 60 9 0 1 4 5 0 003 18 45 0 6 20 12 06 591223 027 5723 008
123 120 5 0 62 8 2 12 85 6 0 02 487 0217 35 2313 10 4 900 10 0202 12 0 5 1289 50 010 12 2100 8582 8412
02333 7470 33310 8712 5100 0 4 02 68 13102 800 0972 0810 5315 5013 32099 847 5139 5060 53219 1153 008106
5 9 3 7 9180 47 12 8 9 30 0 2 8 1 08 9 0 1 0 5 0 940 50 05 0 1 04 10 23 701220 824 0039 578
000 104 9 9 22 8 2 12 80 0 0 09 087 5207 15 2650 70 4 917 16 7005 12 9 9 1088 10 000 12 8148 8010 0910
02383 2030 10245 8719 4501 3 5 04 98 12402 014 9012 9380 1215 5493 90260 900 0198 5312 79217 1050 005100
7 0 3 4 6324 00 19 0 6 77 9 2 9 1 27 9  1 0 5 1 002 02 00 9 0 04 12 03 833320 134 8103 556
104 190 5 1 32 8 2 02 89 0 4 02 784 1210 75 2314 92 0 810 14 9215 10 3 5 1289 02 015 34 2745 8058 8935
0 2 3 4 5127 40 02 5 5 17 9 2 9 0 09 0 2 0 7 3 0 519 00 40 9 8 06 07 03 044204 700 5023 050
023 726 2 9 02 8 0 10 09 8 1 62 800 5008 15 2917 80 5 912 14 0010 02 3 5 8499 17 485 90 3005 6705 0900
12403 1108 13215 8002 5127 3 5 10 98 15302 015 0997 9802 0010 5505 92010 103 5634 5902 53253 0003 105660
0 7 5 4 5425 76 19 5 3 12 0 2 0 9 20 0 5 4 4 1 9 090 10 49 6 8 20 07 53 191720 103 8100 503
56 104 5 0 30 0 2 00 00 8 1 10 808 0914 97 2014 02 8 807 44 0815 28 5 5 1477 00 515 12 0105 0792 9902
12383 0005 10600 8010 5151 5 5 02 08 12102 820 0092 9573 1015 5018 50212 024 5134 5098 03263 0153 025188
0 2 0 4 8092 40 72 5 5 02 0 2 1 1 08 9 0 0 4 5 7 314 10 45 3 8 04 02 24 881023 124 8953 100
009 825 5 0 82 0 0 68 00 5 1 82 085 6274 18 7014 92 4 190 14 1055 28 3 5 8289 72 490 10 4040 8762 8612
00713 0435 13095 3700 5195 3 5 12 00 16962 855 8067 6812 0815 5013 16010 427 0134 0402 50010 5750 028498
2 2 3 9 5100 85 10 5 3 12 9 8 6 5 77 9 0 0 3 7 3 091 04 45 0 0 94 03 23 808003 150 8123 056
190 120 5 9 12 8 0 08 19 0 9 85 503 1035 05 0304 12 4 394 10 1595 12 0 5 0089 12 675 92 0608 6712 6970
72811 1930 50205 8792 0199 3 0 42 08 10180 800 8950 9882 1270 5413 10263 600 9134 5060 51203 1114 198190
8 5 8 4 9620 95 02 5 0 52 0 2 0 0 30 9 0 9 1 5 0 512 10 48 9 8 20 72 03 898023 124 0335 556
120 153 5 8 18 8 2 05 89 8 8 85 907 0009 15 0636 60 4 319 10 8015 12 8 8 0088 12 005 10 2005 3912 0912
42013 3638 03204 8006 8100 0 0 12 08 12000 815 0914 0865 0550 5613 16879 974 5140 5213 03033 1103 020108
1 0 9 3 8003 09 84 5 8 02 9 2 0 1 20 4 7 0 9 5 0 610 62 46 6 8 24 12 73 799523 020 0400 006
003 103 5 0 02 0 5 02 09 0 0 80 980 1874 38 1480 10 0 903 16 1515 02 3 4 3289 12 410 15 9144 0702 5812
02310 1405 10010 0772 0851 7 5 10 69 42002 895 8913 0916 3265 5480 12005 124 5178 7310 00208 3154 625708
0 0 3 9 0100 40 12 5 5 12 5 2 0 8 28 9 2 0 4 0 1 096 05 46 1 3 83 02 23 070200 924 0003 150
003 123 5 0 20 1 5 12 80 0 2 02 987 9274 05 2350 02 4 972 15 1265 16 4 6 0200 92 085 12 7234 6702 8004
02403 1100 40218 8712 3021 0 0 02 99 00007 815 8784 9412 1015 5513 12715 207 4078 9308 50080 4160 301108
0 9 7 4 0520 95 74 6 9 10 9 0 3 1 58 3 4 0 4 8 1 096 14 45 5 8 24 60 23 090823 124 8003 506
063 023 5 9 00 8 7 49 89 2 1 82 987 1017 10 2010 70 0 990 14 5459 12 7 4 7205 72 010 18 2068 5410 9740
02310 0019 63310 0713 5521 3 5 12 78 18180 800 8902 9850 1257 4000 10295 104 6134 9342 03806 1153 059098
0 2 3 4 3103 05 82 5 7 82 9 0 0 1 00 5 0 1 9 0 1 908 02 05 9 0 04 13 00 731240 124 8154 093
550 803 5 0 12 0 2 72 89 0 0 07 084 0203 15 2354 00 4 970 14 1249 72 3 7 9280 12 013 12 2105 8912 8016
13390 1035 13215 8700 5001 4 5 02 09 72108 430 8662 9619 1918 0013 90013 194 2194 6315 50913 1103 160109
5 2 4 3 5073 40 02 5 0 17 0 2 0 1 20 0 2 1 0 5 0 096 12 44 9 8 53 40 27 090225 504 9703 557
193 103 5 9 02 8 2 12 79 8 0 06 087 9514 85 2010 12 0 912 00 0209 82 0 2 1289 82 010 72 2085 0012 8914
05000 1038 13215 0918 5001 0 5 15 08 10087 890 6912 8062 1610 5803 42602 027 3050 0300 83001 1480 125148
0 9 6 0 3003 42 02 9 5 12 9 8 7 1 28 9 2 1 9 0 0 062 19 27 2 0 20 88 00 710003 196 0123 596
121 108 0 9 12 8 7 52 89 0 7 82 507 1814 05 2314 90 8 900 54 0210  0 0 02 94 00078 810 9902 0069 1200 0063 10716 122 5434 5007 56003 1053 025190
0 2 9 8 5103 40 19 5 9 12 7 0 8 9 26 9 0 0 4 5 0 902 12 95 9 0 06 10 00 895017 579 8122 550
025 123 5 9 16 3 0 74 85 9 8 62 980 6930 15 0914 12 4 212 80 1015 02 3 7 9000 58 457 10 0145 8012 8919
97914 1105 13000 8872 5128 3 5 94 92 09560 915 3018 0814 1255 5403 12265 628 5130 5322 03293 1803 066795
3 2 3 9 0223 95 12 5 3 06 9 0 0 0 28 9 2 9 0 5 2 940 12 05 9 0 00 92 03 007600 927 6123 506
123 197 5 9 14 5 2 10 89 1 5 82 087 0214 15 0314 10 0 002 04 0000 02 3 5 9289 82 000 02 á594 8000 8002
49380 0138 09800 0712 0420 9 5 12 38 77000 310 0912 9010 1005 5410 86000 604 8734 7012 03013 1063 124198
0 2 3 4 5107 60 19 0 4 19 9 8 8 4 20 9 2 1 0 0 1 050 12 40 9 9 24 00 93 091223 104 0185 506
120 126 5 0 12 8 9 00 99 0 1 87 580 1204 15 0310 22 4 010 86 0817 13 3 0 0299 52 495 12 0105 8070 9962
12093 1730 03015 9017 5000 3 5 10 99 12070 840 8006 0806 0085 0337 10260 684 5104 3412 54280 8153 124108
0 2 9 0 0100 10 02 0 5 03 0 0 5 4 28 9 2 1 0 5 1 600 19 40 9 8 28 12 09 095809 720 7025 056
920 123 4 0 12 8 7 02 89 8 1 02 927 1206 05 2019 10 5 012 14 1209 77 8 6 0887 09 008 60 0048 8712 8672
82013 1120 93095 8080 5090 3 5 42 98 15150 015 8902 8002 1005 2913 00216 190 5030 5419 43203 1150 109005
1 2 9 4 5123 78 10 7 5 92 0 0 0 0 04 8 2 1 4 0 6 068 02 40 9 0 24 00 23 808620 024 8920 550
723 123 0 0 03 7 4 02 89 4 1 02 983 1004 05 2314 34 3 962 14 0217 07 3 0 3060 17 305 29 8975 8072 0917
12303 9105 40258 0757 5191 3 5 02 54 12062 810 0965 4002 4315 4403 02210 996 0134 5642 50255 5103 005108
1 2 0 4 0106 85 12 5 5 12 5 2 5 1 28 9 2 1 4 0 0 947 11 45 7 0 00 12 23 001220 002 8803 969
023 108 5 0 62 8 0 96 07 0 1 82 187 1244 05 0110 12 7 017 10 5092 18 5 8 1089 12 539 55 4045 8472 5917
19913 1705 63218 2702 0101 9 0 12 10 12602 805 0909 9016 1250 5419 15205 083 9064 0312 50093 0153 125100
1 2 3 4 5723 92 17 0 6 12 9 0 0 1 28 0 2 0 9 5 2 912 00 79 9 0 78 00 95 891203 120 8120 006
123 023 0 9 12 8 2 19 80 9 2 62 977 0914 95 2314 12 4 010 90 1600 02 4 5 0049 77 005 12 2800 8780 8012
12043 9855 93208 7710 9181 0 0 40 08 92144 504 4010 9042 6985 5403 03089 120 5730 4082 08211 0130 107070
1 2 0 0 1089 80 92 5 0 12 0 2 8 0 00 0 0 0 8 6 5 912 14 85 0 8 08 16 20 995023 854 5620 056
173 003 5 5 86 8 8 60 39 0 5 84 780 0210 35 2013 90 0 005 94 1217 12 5 5 0004 72 085 02 0145 8737 7902
02010 0935 80005 8502 5021 3 5 92 97 00002 905 8202 9022 9211 9063 12215 994 5194 0705 50203 9103 125150
9 7 7 4 7123 40 10 8 5 12 9 2 8 0 29 5 0 0 4 5 0 072 08 09 4 3 48 17 93 398823 124 7587 856
003 128 5 8 12 8 8 12 09 6 4 80 987 0114 15 0314 06 0 862 14 1206 00 3 5 0684 00 415 82 8095 0616 8712
02093 0005 10805 0582 8126 3 5 16 98 22072 419 0018 0876 1270 0600 02900 620 5132 0012 03755 1153 005495
5 0 3 0 5823 42 12 5 5 17 9 0 8 0 28 9 2 1 9 0 0 619 09 40 9 0 01 12 20 891420 104 4196 750
143 623 5 8 14 8 4 80 59 0 8 88 907 0389 10 9014 57 0 017 00 0903 12 3 6 0981 72 415 02 0050 8812 0011
12008 1955 03810 0712 3821 3 0 12 98 06120 015 8919 9812 0019 3018 10215 024 5953 5310 53243 1063 120108
0 2 8 4 5147 49 10 0 0 92 9 8 3 1 23 0 9 9 4 5 0 209 02 45 0 8 68 12 89 890220 126 8109 056
50 140 0 9 02 8 0 10 80 9 0 85 985 8904 55 0004 02 4 082 00 6065 02 3 0 1209 31 000 80 0506 8002 8002
82103 1130 07815 0918 2181 0 0 15 98 72132 085 6902 0012 8005 0415 82235 120 5934 4902 53203 1153 090060
9 2 3 4 5100 08 02 0 0 00 9 2 0 1 20 0 7 1 4 0 0 012 12 08 8 6 04 00 20 370405 024 5523 550
503 128 7 2 12 0 2 52 09 9 0 82 100 0207 18 2894 00 4 542 61 9200 72 5 0 8209 82 415 40 6484 0780 8902
12303 1405 13255 0902 9121 0 0 02 90 59160 510 8000 9802 0205 0410 13157 127 7106 0302 00210 5130 495199
1 2 0 4 5823 42 00 0 8 17 0 1 0 6 25 9 0 1 4 5 1 415 07 65 0 0 70 10 00 801220 925 3123 568
092 533 0 9 96 2 7 02 09 2 1 82 777 1719 15 2004 12 0 012 60 4200 12 5 7 1709 47 405 02 9100 8782 0909
02110 1105 53405 5912 5421 1 0 12 98 62100 465 0912 5782 0216 5493 10212 164 5034 5948 57210 1140 020098
1 4 0 7 5125 09 00 3 5 48 1 2 0 0 20 0 9 1 0 5 1 940 10 85 9 8 24 18 07 890220 022 8123 570
028 503 6 9 92 7 0 90 79 0 1 06 988 5896 10 9314 00 4 002 14 1000 02 0 5 8079 42 501 12 2100 0012 8972
09903 1830 13265 9518 5651 3 5 02 94 02588 810 8770 6010 8016 9660 19260 020 5794 5302 93099 0803 125173
1 2 7 0 5030 45 42 0 5 18 0 2 9 1 26 8 2 1 4 9 0 094 12 05 0 9 25 12 83 091203 829 9103 850
121 123 5 9 82 8 2 01 89 2 1 02 987 1204 15 0004 72 0 902 64 7945 02 3 5 1480 15 485 12 2550 8717 8912
02313 1125 83010 0302 5101 0 2 10 98 10163 000 9019 9882 1035 0603 00209 624 5034 2775 04203 1103 920898
8 2 3 0 1105 65 19 0 1 00 4 8 0 1 58 9 9 1 7 5 4 902 60 44 9 7 87 12 28 508026 129 0174 506
103 807 0 9 00 8 2 12 89 0 0 92 900 8014 13 9310 07 0 819 65 1016 01 3 0 0929 82 405 10 6165 8912 0512
13010 1008 05295 8812 5125 3 8 06 98 67170 800 3962 4672 0015 5803 12715 607 0137 0310 63214 7753 155158
1 2 0 4 0123 00 19 0 8 10 7 2 7 8 98 9 7 4 4 0 4 012 42 45 0 0 20 12 93 800213 084 8083 050
150 003 5 9 58 8 0 00 90 7 6 07 975 1000 10 2016 08 0 912 14 4215 18 3 5 1079 05 015 40 8945 7770 8992
10699 0135 00210 8892 5026 3 5 12 58 10592 810 8900 9876 3215 3413 00210 130 5134 3302 50213 0058 159927
0 0 9 4 1100 09 08 5 0 70 8 0 0 1 26 9 2 8 0 5 9 910 12 49 9 0 20 00 28 037253 702 6103 200
153 442 0 9 16 8 2 18 80 6 1 50 980 1287 55 5304 15 4 090 10 1049 50 6 0 0280 12 005 13 6140 0850 8010
19350 2185 03015 8730 0181 3 7 02 08 12500 010 6912 9808 0215 5503 10275 124 9130 5312 70093 8600 005080
0 2 9 7 0004 43 00 5 5 01 9 3 9 0 21 8 6 0 1 5 0 010 40 45 9 0 84 12 58 891063 124 8853 050
087 890 5 5 89 0 2 17 49 9 1 92 987 6674 19 0009 02 0 810 18 8910 12 2 5 1380 06 605 56 5940 5782 8910
10963 7109 10213 0152 5109 3 5 12 10 60102 905 7372 0802 0315 5416 02211 024 5848 0312 09515 1108 305098
7 2 3 4 5197 00 10 5 5 84 2 9 9 0 28 9 2 1 4 5 1 043 80 55 3 0 20 47 20 046000 128 8003 056
023 027 0 9 12 9 2 00 80 0 5 02 986 1210 10 0019 62 4 966 00 7480 12 0 5 3206 32 600 19 0205 8002 7302
12015 1134 24215 8812 5129 0 5 67 08 02192 615 8012 9813 9200 6793 12215 559 5130 5552 00353 1050 007899
0 2 3 0 5010 45 52 7 6 17 9 0 9 8 28 9 0 1 0 5 0 913 00 50 9 0 09 02 66 890290 729 8920 556
923 103 5 8 00 8 0 12 86 3 0 82 547 8207 17 0304 40 4 910 14 1909 00 3 0 1299 02 405 12 4145 8776 8810
86313 1830 67295 8712 0007 3 5 52 98 10176 395 9009 0815 1088 5600 02205 120 5134 3512 80213 1003 195998
1 0 5 0 5043 45 40 5 5 16 8 2 8 0 29 0 7 0 5 5 8 962 92 45 9 0 20 12 73 891023 150 8043 006
50 700 5 0 92 0 0 12 00 0 0 80 997 1016 15 0090 40 0 242 00 5206 15 4 3 0289 10 410 02 2140 8692 8010
82010 0130 88235 8702 5086 0 5 62 00 02100 056 9992 0832 1911 5410 18255 144 5070 5312 06213 7150 180898
0 8 8 4 0820 00 02 5 0 42 9 9 9 1 07 9 0 7 4 5 1 902 12 05 0 8 24 09 93 609523 224 8100 050
099 029 8 0 50 5 0 12 49 0 0 89 927 1010 10 2300 10 4 912 14 6205 10 8 5 1787 06 400 10 9145 8012 9012
00603 1434 09207 8712 5821 0 2 15 08 06180 807 8070 9017 5200 0454 07915 124 0174 5310 83260 0771 800199
1 9 3 0 5180 05 00 3 8 62 0 0 9 1 29 9 2 1 0 5 0 912 10 45 0 8 89 42 88 000523 020 6020 555
129 129 8 0 12 5 3 19 99 6 9 82 387 1004 95 2060 10 4 082 17 1710 80 3 0 0089 10 065 01 9045 8703 8900
70316 1030 13005 0762 5129 9 5 14 08 12145 800 8917 0812 1215 8107 15200 124 0007 7002 03267 3350 170065
1 3 7 0 0193 05 16 0 5 32 4 2 1 1 20 1 2 0 0 5 0 902 02 06 0 9 24 02 07 887573 194 8183 559
000 120 7 0 95 8 2 10 84 5 1 04 957 0270 16 0200 09 0 912 39 0265 18 3 0 8000 15 005 12 7145 8032 9902
99013 3135 18610 5732 5621 0 7 00 00 50107 800 0912 8812 1430 9713 02215 904 5134 0952 51200 1053 125198
1 2 3 0 6129 46 00 5 7 02 0 2 9 4 00 9 2 0 0 9 0 712 31 35 0 8 90 40 69 851023 004 8123 556
123 020 9 9 10 2 2 00 80 0 0 93 997 0210 25 2016 82 4 915 10 1219 02 3 9 5200 10 015 12 2147 8712 0202
22340 1000 63265 8086 9621 0 5 39 98 39702 878 8986 9712 1015 5489 12215 800 5032 8302 53910 1733 925157
0 8 4 4 5123 40 92 5 6 02 0 0 9 1 28 9 2 1 4 9 1 045 02 95 6 8 57 12 80 860600 824 8190 976
943 026 5 0 00 8 5 12 60 1 1 72 004 1270 10 2304 10 4 910 10 0215 12 3 5 1203 70 410 67 5800 8718 8616
18313 1260 00915 8012 0131 3 5 02 20 12315 315 8908 5800 0200 5409 12200 174 5188 5312 53279 1150 605098
1 2 3 4 0483 05 12 7 5 13 0 2 4 6 07 9 0 0 6 5 8 007 92 96 9 0 90 02 23 107427 174 0125 507
090 223 5 0 97 0 0 10 80 5 1 92 080 5214 50 0510 19 4 802 17 9017 02 0 8 0250 02 419 40 6945 8712 0702
10094 0100 49205 8312 5126 3 5 02 97 93130 802 0910 9426 1619 5800 10207 108 5134 0917 50003 1098 124190
1 9 3 9 5103 40 18 5 8 82 9 0 3 0 49 7 2 8 0 8 1 919 02 47 0 8 64 59 24 800228 150 8123 055
073 120 5 9 10 8 4 09 99 7 0 02 907 6009 18 2014 12 0 002 00 9269 10 3 0 1789 06 475 02 2726 8842 7010
12303 1165 43036 8712 1120 8 0 12 98 19012 860 0900 3012 7040 0073 16055 120 8104 5359 58303 0193 095098
0 7 3 5 5120 05 10 6 8 02 7 0 0 1 20 9 2 7 5 0 0 900 12 05 9 9 08 12 43 890852 010 8128 500
122 003 0 0 00 0 6 98 60 8 1 89 050 8218 45 2394 02 4 718 04 0000 18 3 5 5559 38 400 12 0170 0700 8902
12320 3133 13295 0012 0101 3 5 12 02 18154 815 0912 9802 1526 9403 18315 174 5144 5060 50215 8903 727094
9 2 3 6 5423 32 00 6 5 12 8 2 9 9 08 9 7 1 9 0 5 840 10 04 9 3 24 10 23 891270 025 8100 056
100 123 5 9 60 8 0 12 07 0 0 82 987 5314 05 2314 82 5 909 14 5210 90 0 3 0270 84 514 10 9841 8977 8008
10303 7305 63800 8719 5768 8 0 02 98 82102 800 8010 0802 9904 5413 70215 030 0134 5302 53816 1158 077938
1 0 9 0 5150 48 93 2 5 12 7 2 7 7 08 9 2 7 0 5 0 900 32 55 0 8 00 72 03 391223 984 9606 166
123 020 7 9 86 8 2 20 49 5 0 80 000 0207 17 0300 15 0 903 04 0255 89 3 5 0156 10 648 20 0870 0704 0619
52378 1070 03200 8312 6000 3 5 12 38 00100 810 8154 9812 1840 5478 82700 004 9194 8089 50060 0098 025003
1 2 3 0 5103 47 12 5 0 10 0 5 6 1 20 0 2 1 0 0 1 016 16 47 0 5 04 30 93 000083 808 8726 544
00 700 5 9 06 0 2 82 09 0 1 58 985 1200 00 2800 12 4 580 10 1915 12 0 5 0289 40 405 10 2830 8706 5908
12090 1135 06260 8012 0021 3 5 02 98 02102 915 7012 9810 6304 5093 37992 126 6133 4300 83013 1153 723390
6 2 3 4 9123 40 00 0 0 09 7 8 3 5 28 6 6 1 4 3 1 977 80 48 5 0 21 90 00 091601 647 0102 036
020 123 5 9 60 0 8 72 89 4 1 02 987 1714 67 2356 12 4 479 17 0210 10 3 0 0888 12 087 12 3145 0715 8072
30883 1630 15215 0912 0001 3 5 12 07 02172 001 0912 9800 1086 9010 02315 120 7044 5687 03060 2100 020190
1 7 0 4 5123 40 12 5 4 12 9 0 9 0 70 0 2 1 8 7 1 900 10 40 9 0 29 16 90 891423 124 0123 556
033 429 2 9 72 1 2 12 95 0 4 87 907 9216 07 2019 02 4 410 14 1210 12 0 0 1289 60 460 15 2607 0712 8962
12013 1130 73280 8076 0101 0 0 12 00 05399 805 0219 7002 1915 0593 02975 120 9104 7070 05203 1153 100090
2 8 7 0 8100 72 02 5 5 02 4 0 0 1 20 8 0 0 4 5 3 000 12 75 9 8 00 12 05 891213 066 0150 506
030 073 0 9 17 5 1 12 88 0 1 85 507 1810 00 2315 12 3 919 77 1285 08 4 5 1283 02 915 10 2185 0003 0600
10910 4035 13225 8712 0721 3 5 12 95 50062 825 0012 9807 0255 6443 02505 024 6134 5352 50013 5090 125190
1 2 5 4 5123 00 12 3 0 06 9 2 0 0 08 0 2 4 0 0 6 082 73 85 9 0 24 15 00 090023 004 8150 085
610 507 6 9 02 8 2 12 00 0 1 82 087 7014 10 0610 00 4 916 14 0415 10 0 5 1089 62 080 62 0440 8910 0000
52383 1135 00240 8712 7401 9 2 18 70 03100 695 3910 3090 1280 8703 12815 127 5000 8042 93283 1100 820146
5 2 0 0 4503 48 08 5 5 02 9 9 0 1 78 9 2 1 3 5 0 900 52 05 9 8 04 15 33 990603 120 8193 555
500 020 5 0 19 0 2 82 89 0 1 20 780 0059 10 0310 00 4 902 03 1210 84 2 5 1289 05 415 14 2140 8712 7012
12803 9037 00200 8994 0321 3 9 85 98 12102 600 8010 9412 0715 8413 12215 224 0830 0592 83210 1153 080988
1 2 0 4 4020 86 12 0 3 87 9 5 5 0 08 0 2 1 7 0 1 914 96 97 6 8 20 62 03 004025 124 4123 850
178 120 4 9 29 5 2 12 88 2 1 50 907 1094 10 2054 02 4 970 14 1215 12 0 5 0209 18 215 12 2445 8712 9019
00336 0100 73205 0772 0821 3 5 16 98 12882 010 8950 0700 8417 0803 42005 004 5133 5990 59209 0053 079498
9 0 3 6 0823 79 02 5 5 10 9 7 8 8 08 9 8 4 7 0 1 902 00 45 8 0 04 12 29 090043 844 0104 509
023 053 5 9 82 0 2 18 85 8 0 92 988 9214 00 2354 10 4 315 64 0215 10 6 7 0284 19 011 02 2186 2092 8968
92313 0908 13025 0712 5195 3 5 79 97 12602 830 8915 0802 6285 0405 05815 020 0904 6302 53000 8173 125609
9 2 3 4 5090 05 52 0 0 12 3 0 0 1 20 0 4 0 4 5 1 019 02 79 9 0 28 10 20 091223 420 0093 253
020 190 3 0 80 0 0 06 09 0 1 02 987 8214 25 2760 86 0 906 01 9819 08 3 0 0280 99 017 12 8146 8792 8902
77560 1035 00203 3712 3601 0 7 02 08 11109 805 8960 0082 8610 2510 20555 070 3390 8339 50003 9150 095106
1 0 3 0 5202 80 02 5 5 12 9 0 0 0 28 7 0 1 4 5 1 212 02 49 9 8 03 02 03 801920 103 5143 046
008 220 2 7 20 8 0 41 70 6 8 50 980 1010 10 2003 92 5 908 00 8015 10 3 5 1679 00 415 12 2100 0912 7072
04800 0120 13200 8518 0121 3 8 15 80 12122 019 8712 9812 7215 5907 12075 104 0134 0318 43213 1658 905008
1 2 3 4 5123 97 12 5 0 12 9 0 0 1 07 9 8 9 6 0 8 082 18 85 9 0 85 02 24 893007 124 8150 956
109 123 2 9 92 8 2 02 89 8 1 82 487 0814 40 6512 04 4 005 24 1375 12 0 0 0089 10 868 30 2145 8002 8062
93083 0130 23011 0710 5121 0 3 11 07 22892 905 8491 0812 0085 5003 90280 500 5027 5412 03253 1193 195890
1 2 3 4 0593 45 92 5 5 10 9 2 0 8 58 8 7 5 0 5 9 910 61 47 0 0 25 87 23 090821 024 8123 450
50 123 6 9 02 8 0 02 09 0 1 80 986 0694 65 0300 14 0 010 07 1095 13 3 0 1970 80 415 80 2160 9019 4092
22913 6175 73207 9112 5827 3 5 12 93 14060 010 1989 7902 1235 0010 73295 193 5634 9060 85810 0673 021100
1 2 9 6 3163 00 02 0 5 95 0 7 0 0 08 0 2 1 4 5 8 020 02 45 8 8 20 00 24 899203 106 1223 586
173 125 9 9 82 8 9 79 99 4 0 72 587 0214 15 2914 10 0 122 14 0200 12 3 3 1089 72 455 12 2140 8019 8916
02303 6030 10210 7062 5501 0 5 02 99 82165 815 4912 0807 0804 0410 12215 139 0934 0102 53818 9753 985690
9 9 7 0 6020 45 30 5 5 07 9 0 0 9 28 9 6 6 4 5 0 900 12 00 9 8 20 12 43 803107 920 8920 006
123 027 5 8 62 8 0 32 86 0 1 03 989 7200 10 7088 00 4 950 14 1915 92 7 5 0285 79 415 07 0140 8005 8612
42383 9039 13270 8746 6151 0 0 02 90 16702 897 0912 9312 1000 5403 52510 006 0384 5292 51712 0165 140190
1 2 3 0 0920 10 30 2 6 12 0 0 6 0 78 0 2 1 8 0 8 990 02 89 9 8 34 30 20 820159 905 8107 959
070 193 4 0 12 0 0 92 89 0 1 49 907 7214 15 2310 02 4 017 10 8015 99 3 7 1986 52 485 12 2005 8702 6990
62013 0134 63277 7660 0109 3 0 21 06 82902 800 8007 7800 0900 5510 12213 124 5094 7413 53300 1077 640880
0 2 0 9 8023 20 90 5 5 14 9 5 6 0 24 9 2 0 0 0 0 910 12 05 9 8 64 12 20 690025 064 8985 800
103 180 9 9 00 1 2 92 00 9 1 82 987 1200 16 2814 12 8 915 14 0215 77 0 5 8200 12 005 12 2147 8706 0512
42080 0085 13211 8417 0120 6 5 12 90 12192 815 0910 9410 9207 5420 42087 106 5144 0907 50013 0163 425190
1 9 0 4 5100 79 26 0 5 10 0 2 0 5 00 9 2 5 4 5 1 002 12 56 7 2 00 15 68 882220 120 8123 500
200 723 5 9 97 0 2 02 86 0 0 87 090 7014 79 0385 12 5 082 14 7095 12 3 4 5009 50 410 00 2140 8712 2917
80317 1045 13617 8109 5115 3 0 02 98 12312 817 8512 9832 1535 0018 35215 108 6934 5372 53213 0150 899197
8 2 3 4 0187 41 16 9 0 18 0 1 6 8 09 9 2 0 4 5 1 902 02 40 4 9 04 12 03 891920 455 0823 056
800 103 0 0 10 0 8 12 45 8 9 82 907 6004 05 0306 19 4 216 14 4218 02 0 0 3089 02 413 12 2645 8712 0902
12370 6134 18018 0719 5127 3 0 80 98 52102 565 2447 0802 0215 5403 70615 140 5900 5089 03213 1140 105108
0 0 8 5 5123 03 07 7 0 12 9 0 0 6 98 9 5 1 8 0 1 902 63 90 7 0 20 10 28 700273 104 8124 700
623 023 5 9 04 9 6 02 89 5 0 92 084 1013 10 2790 69 4 944 79 1515 19 8 5 1480 12 416 10 3675 0717 8010
10796 1030 03518 0912 5001 3 5 03 90 12090 717 0902 9842 0805 9063 42204 904 5004 0962 50983 6589 125100
1 2 3 4 5123 85 19 5 0 12 9 8 0 0 08 9 2 1 0 2 1 950 02 45 9 0 24 00 29 890023 764 2193 090
743 703 0 9 90 8 0 62 80 7 7 80 984 1214 64 2410 10 4 910 04 1207 10 3 5 1089 16 610 62 0005 0702 9619
90319 0135 90818 8502 5121 5 5 70 93 90002 707 0010 9012 2205 5010 18005 004 0038 0092 07210 1753 900100
1 7 0 4 0103 95 18 5 8 02 9 2 5 9 08 9 2 1 0 2 1 810 02 45 7 9 45 67 33 808243 100 1080 566
723 147 0 9 99 0 0 82 85 0 1 32 907 0804 07 0844 12 4 913 04 9216 12 2 5 1004 10 010 18 0189 8512 8970
00813 1208 60985 8712 0023 2 5 18 08 12100 800 6993 0829 8265 0033 12615 188 5904 5310 53283 1660 129085
00310 0105 63909 2402 0100 3 5 96 00 72010 885 2912 9060 3215 4463 72905 126 5100 5302 03510 0076 985098

655360097009.465090