5 0 0 0 5853 40 27 9 5 10 0 2 9 1 78 9 2 0 0 5 0 012 19 85 1 0 66 07 23 897803 090 8103 006 
393 875 5 0 00 8 8 18 89 0 9 82 977 2004 91 8314 16 4 412 14 1295 12 7 5 1949 52 016 00 5167 0811 8912
12916 6695 17291 8416 5627 3 2 82 98 10186 910 0402 9890 4810 0713 79018 168 5536 5322 33283 8150 123970
1 6 8 7 7153 45 02 5 0 12 9 9 0 0 00 9 2 7 0 0 1 402 02 45 9 8 75 76 05 891393 148 8023 589
56 163 5 0 20 6 2 82 89 8 1 00 982 6914 05 2316 19 4 764 04 6816 12 3 5 7909 19 816 02 2745 8823 6972
19318 1009 19969 5702 0901 0 5 16 95 12862 445 0986 9112 0715 5803 12018 766 7864 5610 70210 4056 809995
5 3 3 4 5173 49 10 5 9 02 0 2 8 2 29 7 8 1 9 3 3 912 12 45 9 8 44 98 23 899903 794 8124 650
163 990 6 9 38 8 2 62 84 6 1 87 585 1714 17 9915 05 4 912 65 1318 02 5 5 2289 14 411 42 6195 8732 0991
70031 1795 13875 6752 9921 0 0 17 08 39802 511 8814 9010 1815 6403 04344 924 9536 3919 53263 1050 167398
1 9 5 4 8103 43 12 9 3 96 9 9 2 1 28 0 8 1 0 7 9 012 62 45 5 8 64 50 29 871023 940 8183 646
145 443 9 9 12 0 9 10 60 7 1 12 987 6214 16 5314 22 4 870 74 5715 10 3 8 4275 12 915 12 2140 9760 9679
12349 1037 14295 8916 3029 8 5 78 08 17088 860 8017 9995 1793 0303 14998 153 4244 8002 98213 0873 525198
1 0 3 4 7123 45 42 5 0 83 5 9 8 6 20 8 2 1 4 5 2 805 00 25 0 3 90 15 63 891203 124 0623 056
503 994 0 9 72 6 2 12 89 0 1 82 987 6264 15 4354 18 0 912 16 1625 92 8 3 9580 02 515 92 9141 8742 8952
13814 1631 16610 3772 5181 3 7 16 28 12902 415 8902 9811 8635 5613 12894 127 5167 5712 85016 1167 105898
0 2 3 0 2703 41 14 6 5 10 9 2 8 1 78 9 7 9 4 6 1 980 62 95 4 7 69 32 74 841224 895 8129 356
123 323 5 0 12 8 2 72 99 3 1 82 160 1214 60 6385 32 8 279 50 1615 52 3 5 8240 50 412 92 0157 0742 5990
19075 8867 19909 7700 5161 5 2 16 98 02682 465 9962 9702 4615 0413 16915 000 5964 5312 53213 4163 158699
6 2 3 4 0223 85 50 5 2 17 9 2 6 7 28 9 4 1 4 7 6 916 02 45 7 8 84 09 09 608223 522 5123 576
883 148 7 0 19 8 2 77 79 0 1 87 987 1010 35 2614 70 8 912 14 9910 12 7 7 0755 17 015 16 2145 4792 8912
90313 9785 63685 4502 5021 3 7 83 99 64504 805 8902 9874 1985 5413 15918 124 5090 4842 56224 1173 024587
0 2 2 0 8624 45 94 5 6 66 9 2 0 1 40 9 7 1 0 5 1 916 32 45 3 8 94 92 53 881233 000 8889 456
123 806 0 3 15 8 7 42 94 5 1 90 994 8210 15 2929 19 4 562 54 1247 72 3 5 9288 22 635 02 9103 7588 0790
10313 3000 13217 8652 9120 3 8 12 98 72432 914 2912 9512 1225 5016 85235 199 5165 5392 53363 4789 035199
1 2 8 9 5725 40 17 5 5 68 9 2 8 1 28 8 2 4 4 5 1 419 12 88 1 8 84 12 29 698250 948 3120 089
133 025 7 8 19 8 8 72 83 4 1 86 087 1270 70 2340 60 9 905 18 5295 12 3 5 5088 68 689 19 7247 0772 3912
95319 6130 48918 5717 5924 3 5 92 48 06432 815 8842 6615 1215 5415 89108 154 7904 5312 03543 1263 975118
7 8 3 4 5199 26 19 9 5 72 4 0 5 5 65 5 2 7 8 9 1 706 82 48 8 6 24 10 06 641594 124 8820 558
323 173 0 3 92 9 2 12 06 6 6 02 942 8211 15 9084 12 4 906 18 1505 62 3 0 4289 07 016 72 7145 8882 8912
07363 1735 13775 0712 5129 3 5 12 89 02506 017 9712 0872 1519 5413 62005 164 5169 6816 17813 4151 425551
2 2 3 4 8156 68 12 9 5 12 9 6 6 1 20 5 2 1 6 9 1 744 25 46 7 0 07 19 23 890224 604 8173 556
623 153 5 9 92 8 9 19 29 7 1 66 567 1260 00 8038 12 4 902 94 8215 16 3 5 9029 12 415 40 2153 8759 9900
0 6 9 4 5183 40 38 5 9 59 0 2 8 0 77 9 2 9 4 5 1 509 03 49 9 9 24 12 23 890223 190 8123 502
123 123 6 9 77 6 2 12 89 8 8 88 807 1074 95 2364 22 4 812 69 1414 10 8 9 8289 72 435 04 2175 2753 8910
10313 1135 18205 8710 5996 8 0 12 98 12884 655 9910 9812 4215 2418 92725 124 5394 5412 83813 8943 125899
3 9 3 1 0523 49 18 4 7 12 9 0 9 1 08 1 0 1 9 8 7 532 19 49 9 7 94 08 23 961827 743 8796 556
69 133 0 7 17 8 9 58 88 2 3 00 999 5285 15 2916 12 3 112 68 2219 71 3 5 2589 12 477 82 4109 8719 9492
14399 1103 83245 8702 6123 0 6 10 48 42150 005 8780 9812 9013 3013 70255 184 5534 5768 57027 8109 005118
6 0 3 4 5526 45 42 8 5 49 9 8 0 1 29 9 2 7 4 4 8 902 10 65 9 9 74 12 23 870403 124 0863 554
823 050 9 9 12 8 2 92 09 3 5 82 057 1219 08 8379 02 7 912 10 5249 25 3 5 1279 75 005 04 5443 1712 0812
66983 6985 78277 0793 5661 3 8 07 97 10142 890 4812 0819 3210 9393 52684 194 8030 8012 50616 0103 175098
0 9 9 7 5325 85 12 5 6 02 6 2 4 7 78 9 2 0 8 5 1 510 13 45 9 6 10 22 28 891627 364 7348 750
029 129 8 5 82 8 0 14 60 4 6 56 980 1214 15 5614 12 4 915 14 4995 12 0 9 1289 70 015 00 2187 5707 6032
62988 1085 07865 8704 7120 3 5 19 50 92420 958 5972 9872 9615 8013 12245 124 1838 5382 58883 4173 021093
8 2 5 2 5143 25 12 5 8 12 9 2 7 0 78 9 7 1 4 6 1 312 69 65 9 0 84 00 27 865565 904 2523 396
227 826 5 1 15 8 2 10 89 9 7 64 997 5244 95 0814 82 4 592 13 7415 17 3 5 7880 82 838 12 8165 8718 3919
72273 5505 43100 8012 6128 3 5 91 00 12102 818 8932 5862 1510 5015 93000 120 0804 5466 53253 1153 170188
9 7 9 5 5173 44 16 5 5 92 8 2 4 1 28 9 6 8 4 6 1 414 12 45 9 8 90 10 23 857640 114 8123 556
585 827 5 0 12 8 2 40 09 7 8 82 907 8207 69 2904 50 1 912 47 1618 02 4 5 1986 12 910 82 5147 9710 7792
12918 7905 13215 3808 9121 8 5 00 98 43100 863 0557 5512 1315 7423 02213 384 6194 3302 58016 1133 628198
7 4 8 9 9120 00 04 5 9 02 2 2 6 9 07 8 2 0 8 2 5 912 12 78 9 1 74 12 23 895247 174 8423 806
120 525 5 9 02 5 2 02 19 0 9 80 999 6990 68 0367 19 0 912 00 1018 12 3 8 1080 62 678 77 4115 8716 9002
12383 3135 12810 8412 5981 0 7 16 94 12354 410 8812 9910 1008 5713 72275 951 5636 5912 53709 6133 105058
1 0 8 8 5028 50 15 0 7 02 5 2 0 1 26 6 4 6 3 5 1 902 02 05 9 8 44 12 99 821088 190 8684 803
123 143 5 7 12 5 2 18 89 4 1 02 857 0284 53 2010 12 8 912 24 1884 79 7 5 9287 12 460 69 1140 8737 1812
01919 6936 13215 4410 5192 3 5 12 08 12413 815 7982 0710 1215 0413 79295 724 8184 5312 13815 9682 155458
0 4 0 4 2970 05 04 5 5 08 9 7 0 1 23 9 2 1 4 5 5 912 40 91 9 8 88 09 29 087625 264 8023 540
150 103 5 1 29 5 9 92 54 8 9 85 287 2200 15 2974 17 4 112 14 1415 80 4 7 2274 10 975 12 0848 4012 3852
07114 1609 05205 8010 5121 1 0 92 96 02707 815 8912 9872 0419 8413 22267 174 4094 5912 59409 2750 124608
2 2 9 0 5620 46 10 5 5 02 9 2 7 1 28 9 2 1 4 5 9 910 07 55 0 3 28 12 33 869943 126 8923 572
124 576 5 9 39 0 0 87 79 8 4 93 987 1964 17 7414 12 4 962 14 1210 02 3 5 1284 19 014 50 2175 8719 2005
12280 1035 10345 9716 5821 3 5 36 88 17172 645 3049 9882 1213 7499 09259 128 5143 6212 53689 6153 025799
4 2 9 3 5123 45 10 4 5 72 9 8 3 1 28 9 2 6 4 6 7 962 53 85 9 0 04 72 23 990053 120 8010 507
143 853 5 8 37 8 2 12 84 0 1 86 967 1917 96 5644 10 4 699 99 1315 22 5 4 1549 92 402 52 2675 8719 3419
12716 1110 03275 0705 4171 3 5 12 05 02962 490 8832 6872 1289 5413 12235 024 7936 5785 57213 1083 323008
7 2 3 4 3253 45 22 5 5 12 4 2 6 9 29 8 5 1 4 0 1 462 10 00 9 8 00 12 29 266006 868 9123 586
952 103 5 2 11 8 0 19 82 9 8 69 987 1214 75 9002 10 9 812 14 2007 15 4 5 9719 15 678 32 2235 8712 9912
12319 9155 15500 8014 0221 3 5 84 58 89922 439 8012 9779 1216 6203 80816 529 8064 8082 53157 1803 129108
9 9 6 8 9103 47 40 5 5 42 9 2 7 3 98 0 2 1 4 5 1 962 02 45 8 8 28 10 43 810928 176 6143 858
77 137 5 9 22 8 2 02 63 5 1 82 404 3666 19 2394 18 4 802 14 0055 12 4 5 1469 02 210 50 1964 8286 6932
10317 1196 16065 3719 5828 3 5 59 98 12670 184 8502 6816 0208 5463 02935 104 8554 2112 86213 4753 925896
2 7 0 0 2100 00 16 5 7 18 8 0 2 5 08 9 2 4 7 3 1 904 49 55 9 0 74 12 23 580253 955 5023 759
183 703 6 0 19 8 2 49 89 9 1 65 939 6754 74 2034 16 0 922 10 7845 80 3 7 1403 56 715 12 2715 6802 8812
60909 1135 83899 8078 5920 3 5 02 68 10932 815 1912 9587 0267 7413 52015 424 2163 9332 53067 1012 276367
4 2 3 4 5003 37 12 5 6 15 8 2 0 9 68 7 2 1 6 5 0 902 51 45 7 8 94 10 73 841923 127 5140 658
186 189 9 9 92 7 3 12 89 0 1 82 989 1207 85 2714 12 6 885 57 1616 16 3 5 9229 19 818 02 2049 8530 6082
12066 1632 19485 8536 7727 3 9 02 98 12180 805 8912 9812 8405 5503 90058 124 9127 9717 63517 0173 725508
1 4 3 8 4123 65 13 4 5 92 9 6 3 1 50 9 2 9 4 5 7 012 72 78 9 8 29 18 75 961003 024 1103 552
163 522 9 6 82 8 2 10 89 0 1 24 099 3278 50 7362 69 4 915 14 1115 09 3 5 0288 10 417 15 8985 8052 8210
00343 8735 13714 8812 8500 6 0 40 87 92203 015 8046 9999 7772 5962 12915 894 9104 9312 53618 8676 197549
1 2 8 4 8129 45 18 9 0 18 8 2 7 3 29 9 0 5 3 4 0 912 32 45 9 9 24 62 23 099223 444 8120 558
983 024 5 0 16 9 2 82 85 3 5 85 062 6684 15 2314 52 4 912 12 1010 12 6 3 8683 02 005 38 4148 7769 7992
89314 8035 43410 8712 5620 3 2 92 98 22160 505 1912 8797 9043 0457 02519 104 6137 8312 59213 2350 295548
4 9 9 4 5093 44 18 9 7 12 5 2 6 8 60 9 9 0 4 3 1 902 00 45 9 8 24 54 79 991263 904 8623 786
163 087 5 9 12 8 2 02 00 4 3 52 687 1004 00 2314 62 4 902 54 1815 32 0 0 1209 12 461 28 0140 8612 7692
42383 7935 19214 9762 0127 3 5 72 98 42194 815 3315 9676 9215 1413 92810 422 5144 5302 53910 1150 065900
1 2 3 5 5193 49 12 5 5 10 0 2 0 4 29 9 2 1 4 3 1 992 31 45 8 8 06 18 73 891213 124 4523 506
114 123 8 3 12 0 2 10 99 9 1 84 989 1274 10 2310 62 0 992 82 6375 18 4 2 8289 16 445 12 0155 4716 8272
13363 1935 12274 8712 5121 3 5 60 48 15942 854 6033 0080 1216 0813 72218 173 9636 3302 54219 0906 322940
1 7 3 7 5523 47 72 0 5 17 7 9 7 1 24 9 2 5 6 4 5 916 62 40 0 7 74 12 83 896023 123 8525 582
822 798 5 9 92 0 6 18 99 8 1 86 988 8269 85 7010 02 4 952 40 3997 02 2 5 1279 19 416 12 0652 8710 8982
12719 5130 13216 0812 3026 7 0 02 98 18182 815 8910 9212 0510 5603 76275 724 5294 2399 51213 6859 168108
1 0 3 8 5823 46 10 7 5 12 0 2 4 0 28 9 2 1 0 5 2 962 07 45 8 0 20 12 83 695993 927 3593 050
163 027 5 1 14 8 2 97 89 3 1 28 052 9287 12 0370 80 4 812 14 9964 00 4 5 1009 89 245 62 2165 8715 5950
42511 5535 63735 8712 6091 3 6 15 88 12132 005 8930 7800 1215 5299 02270 924 9937 5388 03210 1156 197388
1 4 3 4 9927 90 95 5 0 45 9 2 6 1 08 0 2 1 0 5 7 900 15 40 1 8 22 17 90 971025 429 9935 556
120 003 5 5 12 0 0 82 79 0 9 72 487 1204 90 2353 72 4 915 14 0682 52 8 5 0829 12 415 10 8049 8019 8792
92011 8165 83991 8772 9527 3 5 24 95 92192 690 8012 9862 7217 5753 92485 498 5804 6908 53216 6553 525056
7 0 1 4 5353 05 82 3 5 12 9 5 8 6 24 9 2 8 4 5 1 912 07 95 5 8 54 12 43 091223 027 8123 547
730 103 8 9 10 3 9 12 85 7 1 86 988 0810 17 5374 62 6 012 13 1715 32 3 5 6009 19 386 12 0145 6715 8910
02814 0985 13919 6590 5428 3 7 65 98 70655 010 8040 9813 0656 9913 09995 494 5044 5062 20219 7157 725138
1 2 3 7 5143 45 72 6 6 16 0 0 7 1 28 9 7 1 4 5 1 608 18 00 4 8 64 12 08 821026 134 8103 556
55 043 9 3 70 4 5 12 20 5 4 82 880 0794 20 7604 42 4 902 54 1794 06 0 5 4289 24 412 89 2145 7652 8700
52783 1117 14815 8817 5830 9 5 19 95 80965 915 4912 8885 3515 5696 08823 984 5534 5803 03213 1050 120190
1 9 9 4 1188 20 18 8 2 39 7 0 5 1 20 9 2 9 4 5 7 391 14 45 7 0 44 02 77 850023 124 4125 587
103 127 5 5 19 8 8 18 89 4 9 81 388 1214 75 5519 02 9 310 14 1800 89 1 9 1010 16 417 12 2139 0712 6918
09316 1735 10690 9712 3351 3 9 04 88 17167 813 8967 9883 7915 5458 09218 624 9134 5378 53783 0950 363598
9 2 3 4 5323 88 79 9 8 14 9 0 9 1 49 4 0 0 0 5 1 512 17 45 8 8 26 26 95 891026 106 2370 167
163 123 8 7 17 7 5 02 69 4 1 02 937 1217 14 2514 42 4 612 14 9210 07 3 5 7499 40 020 10 2145 9002 8389
39303 1074 09017 0710 5921 0 9 12 78 92960 888 1692 9686 7215 5499 14289 108 5040 6218 89213 3100 525998
1 2 3 4 5328 95 19 0 5 94 9 7 4 0 98 9 0 3 6 5 1 912 15 85 0 7 69 16 66 991958 224 0077 656
043 123 3 4 12 7 0 58 09 0 1 72 987 2214 89 2314 72 4 739 04 1915 00 6 5 8258 50 418 12 7136 8019 8914
12012 3167 00006 8764 2128 4 5 03 98 90822 800 8986 9812 7818 0418 42218 874 5137 9312 53810 0953 585098
1 8 3 2 5003 45 14 7 5 19 0 2 0 6 28 9 6 9 4 0 7 942 32 46 9 8 79 86 23 891297 124 3513 563
493 923 5 9 14 0 7 12 09 0 9 00 987 1200 65 2374 12 4 830 16 1819 00 7 6 1080 10 819 99 9185 8359 8012
02810 0045 03230 8960 5121 0 5 02 98 02665 869 8790 4816 9025 6400 15015 124 6897 5619 53293 1187 925249
1 2 9 0 4908 40 17 5 8 17 0 2 7 8 00 9 2 6 4 8 1 409 12 45 9 8 04 87 33 981283 195 9663 508
108 120 9 9 02 7 3 12 87 6 6 62 987 1219 16 2410 82 8 914 17 1245 19 3 5 0309 18 795 45 2945 8718 8919
92313 8100 18010 9862 0021 0 9 12 37 52172 004 8017 5352 1905 5058 09202 157 5734 5000 03913 5153 699190
7 6 9 4 5122 45 12 5 5 06 9 2 7 1 98 9 2 1 5 5 1 908 92 45 6 8 94 12 03 790820 223 8820 546
175 173 5 9 08 9 2 12 38 7 1 82 073 1219 18 2414 10 7 678 10 3215 12 7 5 1284 12 215 02 8149 8878 8792
18373 1068 13715 0417 9961 3 5 18 95 10142 509 6098 9832 1715 5793 59955 444 5134 7912 52283 3169 160928
1 2 3 9 5828 45 42 0 5 19 0 0 5 1 98 9 2 0 4 7 1 912 22 00 9 0 24 30 25 691268 154 8423 856
426 959 5 9 17 3 5 17 80 5 1 32 687 9594 10 2674 69 4 037 17 8715 68 0 7 1080 12 003 19 2155 8616 8568
12213 1137 19317 7712 6121 1 5 11 06 64870 850 8992 0712 1215 9430 02235 104 5238 9385 03283 7950 120167
7 2 3 0 0123 45 18 5 7 94 4 2 8 3 28 9 2 9 4 5 9 632 19 45 4 0 74 02 29 891723 310 8672 556
973 934 5 4 50 9 2 19 59 9 5 82 307 1216 88 2284 06 4 919 19 7217 78 0 8 1709 12 973 12 7775 8012 4541
82323 1635 16088 8712 5021 6 5 85 69 11103 616 8912 6812 0615 0438 84224 540 6407 7819 95203 7576 107164
1 6 3 4 9163 69 12 9 2 62 0 2 2 8 27 0 8 1 6 7 0 012 02 43 9 8 20 92 06 878673 129 7195 506
126 183 6 1 12 8 9 07 85 0 0 89 089 1214 85 2619 58 0 974 04 6235 05 3 7 1289 12 235 92 2105 4716 8932
07209 5139 13395 8792 8101 9 6 12 09 10922 205 0932 3702 1215 9609 12505 927 5134 3051 56217 9104 028198
7 0 0 4 0993 39 83 5 3 52 9 5 2 9 88 7 2 5 4 7 1 909 47 45 6 6 40 12 23 871073 024 8023 957
593 025 5 3 09 8 6 59 80 7 4 67 997 7201 59 9209 02 8 010 64 5998 87 9 5 1849 42 085 11 8155 2642 2916
52716 0896 03915 8960 5100 4 8 96 97 02102 695 8577 0662 1905 6413 02215 105 5339 5317 86903 1153 470028
6 2 3 4 0591 07 53 7 5 13 9 9 8 0 23 7 2 1 4 5 3 912 12 46 9 8 23 94 00 563773 006 6808 556
32 283 5 2 15 0 4 12 65 8 7 62 221 1200 05 2315 15 0 816 14 1205 12 7 5 1109 09 435 12 5967 9809 0912
92959 0034 13035 8952 0103 8 5 03 38 92169 885 8012 9813 9213 9400 10215 838 2165 5912 86239 5107 137188
7 6 0 8 5686 45 99 7 6 52 2 7 5 0 58 8 2 6 8 9 1 812 00 45 9 8 44 80 00 891223 639 5083 550
105 823 2 9 02 0 2 72 89 5 0 52 950 1235 75 2514 12 5 919 14 5895 15 3 0 9359 72 094 05 2045 8012 0167
18313 5130 16775 6762 5121 3 5 10 08 02272 095 6612 6512 4760 0717 49678 125 1108 5296 43007 1138 075196
1 4 8 2 5120 45 18 0 0 07 7 0 7 1 20 9 2 1 4 5 0 973 10 50 9 8 99 10 03 591653 684 0185 586
102 620 0 9 32 8 5 15 19 8 2 92 977 4264 15 2418 62 9 575 05 2017 54 3 9 0230 12 408 18 4075 8775 4012
12315 1130 13985 8612 5171 0 5 80 48 56454 715 1109 9802 5691 8488 12610 123 0739 5012 88502 5158 771198
1 8 3 0 0193 83 16 7 7 52 9 3 3 1 28 5 0 2 4 5 1 914 12 86 9 2 47 17 23 811223 124 8407 656
159 123 5 5 04 9 0 10 89 1 1 82 649 4214 98 9114 12 7 050 14 1255 12 3 9 1087 15 316 80 2145 3312 8842
12393 5665 10097 8762 2026 3 5 83 98 18189 885 8910 9851 6385 7473 19010 128 5834 5132 58210 1154 525195
5 2 9 6 5823 40 17 7 5 12 9 6 0 1 07 7 2 1 0 5 8 919 17 45 0 9 74 15 27 894582 125 8158 506
120 123 4 7 16 4 2 12 55 6 9 50 757 7214 95 2310 12 4 952 94 0244 12 5 5 6583 15 412 02 9145 8515 0992
19367 1845 13285 8712 4181 3 5 72 94 05199 865 5900 9512 1270 5003 16269 179 1109 5312 53010 1003 869198
1 2 3 6 9083 05 92 6 6 62 9 9 6 1 88 7 2 1 4 9 7 919 10 47 2 4 54 18 23 811207 527 0123 566
023 973 5 9 02 8 8 10 48 6 7 83 967 7294 45 7814 12 8 912 09 8279 12 9 5 1905 17 245 10 2145 8796 8958
72963 1085 87615 5702 5021 3 4 95 28 95197 895 0994 9672 1296 1410 15895 175 5177 5002 33213 5855 135198
9 2 3 4 8187 48 12 5 5 17 9 8 7 1 28 9 6 1 2 5 4 912 00 56 9 0 79 62 03 891029 020 8126 558
523 087 2 9 52 8 2 42 88 7 1 77 989 0414 05 2410 25 4 912 14 1205 14 6 5 1256 15 416 12 7140 8015 8906
12613 1125 19215 9707 9351 4 0 85 08 88908 515 3917 9819 0213 5493 69425 682 7509 5516 93213 7152 126199
1 7 7 4 5944 45 15 9 5 10 9 8 7 4 08 4 2 1 4 5 7 906 17 40 9 9 24 14 03 801280 579 6923 056
423 123 0 9 12 8 2 08 95 9 8 82 699 0094 45 8579 12 9 957 15 5805 12 6 5 1379 57 700 72 9045 5754 8702
42919 1155 83870 2759 7179 3 5 19 90 00680 600 1912 9215 1245 6253 82734 430 7984 0707 50214 1156 595369
9 2 7 2 5223 05 12 0 5 11 0 0 9 8 28 9 9 1 6 6 1 922 15 00 9 8 27 12 90 701853 820 8823 987
082 523 5 9 12 8 8 50 89 3 1 85 987 9213 15 6889 16 4 412 31 1219 17 4 7 1776 57 415 62 8749 8772 3706
11033 1135 03015 8718 7021 3 5 32 98 10630 072 5932 9942 7005 5469 92986 940 5194 5012 75396 3808 128190
1 0 2 4 6124 88 17 5 9 82 9 7 7 7 20 7 5 5 5 5 1 912 82 05 9 2 25 32 13 294423 570 4009 566
153 973 3 9 19 8 0 12 86 0 7 02 067 7014 96 2414 10 4 902 84 0045 12 3 7 1868 38 010 29 6945 0569 9059
16313 8105 10217 8912 9129 6 0 56 97 12592 815 8912 5912 2210 0490 52209 124 4994 0312 10248 1143 277193
9 7 7 6 5173 85 58 0 1 82 0 2 7 1 26 9 0 7 1 0 4 101 12 48 9 8 78 12 23 826223 220 7165 858
154 623 5 0 12 9 2 14 89 0 5 80 087 9284 18 6214 99 8 609 94 6211 92 3 5 9209 02 413 10 2346 8794 7957
17300 8148 18535 8312 5921 0 5 09 98 17579 805 8913 9512 6305 6405 27778 728 5144 4312 03060 5120 725066
4 8 7 4 5503 95 11 7 5 10 4 2 5 1 75 7 0 9 4 1 3 945 22 42 0 5 04 20 83 081773 024 9883 500
58 623 0 5 91 8 0 17 89 9 9 80 010 5210 13 2314 12 5 698 88 0217 54 9 2 9289 12 913 90 2145 8412 9719
19963 4105 13243 8963 8171 9 5 12 98 78677 916 4992 6858 9015 6497 42900 560 7436 8216 59712 1136 025088
4 5 4 0 0199 95 12 6 9 17 9 6 6 1 28 4 6 0 4 7 0 162 10 48 0 8 20 16 23 861151 180 8173 080
021 123 5 7 17 8 0 64 59 9 1 72 006 1245 15 2310 02 7 660 16 1755 99 5 5 1282 17 415 46 2189 8789 2841
16975 6005 73613 8980 3109 3 5 87 08 15128 816 2536 9956 1010 5493 02610 123 3195 7306 93213 1004 128998
8 1 6 4 5022 15 42 0 5 19 9 9 5 1 70 9 2 0 4 5 0 698 82 45 4 9 64 52 23 491621 128 5196 556
795 521 0 9 74 8 3 12 89 3 0 88 987 3717 74 2324 10 4 996 09 1275 00 3 7 1259 77 915 17 2979 8276 8212
92933 1171 59915 8012 7821 3 5 62 56 76163 707 9852 7702 1283 5073 12217 393 5668 5199 53583 0154 155199
1 8 4 4 6126 49 79 6 5 10 9 2 8 3 90 9 6 8 6 2 1 998 02 30 8 1 24 19 23 090223 980 8427 077
893 169 5 2 10 8 9 26 85 8 8 83 986 1670 18 2239 02 0 414 16 0275 42 3 7 1289 18 016 82 8545 8915 8305
15390 7088 36618 0967 5621 3 5 13 96 17160 865 7012 7515 1519 9416 12045 174 5100 9108 79793 1957 964494
7 2 0 4 9125 44 12 7 0 22 9 2 0 0 98 9 4 4 4 9 2 910 60 65 3 7 70 46 93 791320 504 0016 686
900 023 5 9 02 7 2 74 87 9 9 82 869 1211 75 2814 12 5 952 10 8015 72 6 7 1251 47 415 12 2406 0782 8989
05913 9175 83215 8713 5161 3 5 92 97 14530 846 2909 1932 0700 0646 92087 124 4934 5312 03013 1159 605198
8 2 3 4 5190 09 82 5 8 12 9 2 0 0 20 8 0 2 7 7 1 987 16 46 3 0 70 26 33 829023 020 2124 559
006 125 5 8 44 8 4 88 86 9 1 82 982 1984 20 8912 12 4 904 14 1255 12 3 5 1289 37 415 64 0520 8738 8911
16383 1765 25605 8939 5121 6 4 39 90 88183 818 8972 8617 4095 4443 16095 047 5884 2337 03266 1803 958398
1 0 3 4 5883 40 09 5 5 12 9 2 0 0 28 9 2 1 4 5 1 005 14 46 9 8 99 02 13 891623 550 5023 490
040 280 0 9 14 0 2 12 49 8 1 62 847 1014 15 8313 52 4 918 10 1815 99 3 5 9889 19 405 49 2048 8719 3089
11359 0130 13205 8717 5121 9 7 32 94 72169 885 8014 9529 0285 5418 78275 824 0134 5316 53513 1158 129198
1 4 3 3 5643 60 12 5 5 98 9 0 2 7 44 2 3 1 7 5 1 510 12 45 9 4 26 82 23 890088 126 8143 088
020 143 5 2 80 8 9 12 89 5 1 82 097 3416 19 2374 79 4 816 46 1285 12 4 6 1404 12 005 19 6045 4712 8902
82313 9035 65014 8712 7121 56 8 9 1 910 03 47 9 9 24 17 25 892529 339 8182 500
893 440 9 9 92 8 2 10 79 7 9 82 987 1214 51 9614 95 4 912 14 1215 12 0 5 1709 55 415 60 8905 8762 0040
12510 2109 03904 8869 5520 3 5 52 98 67016 810 8716 6816 1240 5413 32298 580 5872 1302 93203 1823 385899
1 9 3 4 6123 85 17 5 8 12 8 2 6 7 28 0 7 1 4 5 1 982 12 64 0 8 64 12 21 831220 176 8700 576
773 623 5 9 15 8 4 42 90 9 0 82 967 1275 15 2078 22 4 502 84 5205 17 3 3 0080 07 429 34 1145 1099 0996
56998 3039 14053 8915 5121 9 5 10 88 13102 815 8897 9286 1215 0409 14245 400 5134 5912 43915 1693 124190
5 2 0 0 8593 48 22 5 0 02 9 2 6 1 23 9 7 8 4 5 1 982 83 79 3 8 27 12 23 891275 223 2124 885
140 793 7 0 05 8 0 12 65 7 6 12 787 1954 18 2314 19 4 012 89 8915 18 3 3 1088 12 469 79 4148 7589 4902
19313 1135 13010 8712 8320 3 5 10 90 12752 817 7912 9717 1888 9893 22215 220 5185 4482 53669 1153 115381
9 2 3 4 0270 75 72 4 5 55 6 8 0 8 28 9 2 6 4 5 1 912 15 35 9 8 99 02 89 811228 129 8123 156
783 883 0 5 82 0 7 82 90 6 7 62 998 1054 45 0864 16 4 709 18 1295 12 6 5 1589 12 115 78 5995 8710 2903
18313 1165 11294 8910 5151 8 7 12 97 12182 047 8915 9812 2210 5608 15905 127 7134 2536 40910 1064 188095
8 2 2 4 1120 05 19 7 5 32 0 4 4 0 28 9 7 9 7 3 0 616 89 44 9 9 24 62 63 191283 124 5123 556
623 135 8 9 21 7 5 80 49 8 1 86 595 4214 10 2410 95 3 972 99 0278 92 3 5 6280 16 519 82 5900 8813 0980
19313 7035 07915 8718 0426 2 5 92 90 99160 035 8912 9812 5210 6413 92775 024 3134 0832 52095 4153 795308
1 5 5 4 8054 06 99 0 6 42 9 2 0 8 25 9 2 1 5 5 8 999 79 45 9 8 24 70 20 798523 069 8720 366
123 170 5 8 93 6 2 29 89 7 0 38 885 9294 15 9044 02 9 018 80 7640 80 8 8 1269 19 015 12 2049 3892 8302
82516 7135 19340 7616 8109 0 5 12 94 10312 919 0940 9816 3214 8298 17210 984 5196 5319 04000 1163 823078
0 4 3 8 5143 89 88 5 9 12 9 9 7 0 28 9 2 5 4 5 5 912 72 07 9 9 31 52 21 791287 729 8143 580
920 120 5 9 13 8 2 16 89 5 1 80 987 1814 18 7319 19 4 598 89 1270 42 6 0 1089 02 725 02 2745 7785 7973
12179 1180 60835 8712 8129 3 5 02 90 12829 415 8990 1492 1715 5403 82005 190 2138 9700 43213 3153 106194
1 2 9 4 0023 45 12 5 3 99 9 7 0 4 97 0 2 7 4 5 5 912 62 45 9 5 27 18 07 479253 128 0103 556
592 102 6 0 62 2 8 11 85 8 7 80 837 1214 10 0414 02 4 942 14 9215 44 3 5 3689 49 005 50 2725 8752 9012
12319 1039 03630 8780 0120 3 5 12 18 92002 895 7972 9416 1015 5693 99215 424 4082 5390 54373 7774 105810
1 2 3 8 5823 55 64 5 7 42 9 0 7 6 21 9 8 6 4 5 0 412 12 65 9 8 84 16 27 890523 824 8129 550
099 188 8 9 10 8 2 19 89 8 1 80 787 1914 15 2568 12 0 712 44 9214 32 0 5 6887 19 455 22 7140 0714 8918
17300 1837 13258 7745 5189 8 5 09 94 12108 815 8918 9992 1718 5413 08215 904 0134 2912 49213 1473 625198
1 0 3 4 5194 85 82 5 6 89 0 0 6 1 38 9 9 5 4 5 1 450 92 47 9 8 28 19 83 882620 194 9128 593
50 123 5 9 64 0 6 15 89 7 0 72 907 1014 15 5355 19 9 067 84 8217 16 3 0 7289 17 415 26 7134 8170 0082
12753 9100 19985 6715 0520 3 0 12 88 45197 595 8912 9832 6285 0963 76205 214 5130 0382 63019 7153 220096
1 9 3 4 4398 49 19 5 5 14 9 2 5 1 08 9 3 6 6 9 3 618 14 95 9 8 55 88 24 967978 184 3123 486
873 663 8 4 10 9 0 02 99 0 7 02 087 1078 65 2054 52 4 922 46 1016 12 3 8 1809 72 610 10 5145 5763 6417
14813 1134 73215 0812 8103 9 5 12 38 12102 817 8936 4832 2918 5473 12945 724 4937 3979 53023 9153 865148
3 5 8 0 5140 85 12 5 5 12 9 9 9 9 00 9 0 6 4 5 9 018 18 48 9 5 29 18 23 871283 623 0193 435
135 125 0 9 16 9 2 12 99 9 1 82 390 2815 95 7343 53 4 968 00 0248 15 6 5 7282 12 418 12 8605 7700 8967
17018 3906 09207 0910 5771 8 5 12 58 82022 812 7935 9914 1205 5083 04612 109 5134 7316 53603 6998 420505
1 8 9 8 5103 65 10 0 3 52 9 5 7 1 46 9 2 1 5 8 1 012 95 45 7 7 24 16 26 807923 120 0923 556
223 128 5 8 16 8 2 89 89 0 1 62 968 6419 05 3824 42 8 010 14 1915 98 3 5 1289 12 415 40 4145 8518 8972
12509 3838 17065 8712 0729 3 5 82 96 32804 808 4016 9813 5035 7416 10950 829 5139 7604 05658 1766 100179
8 5 5 0 5123 45 18 5 5 12 9 0 9 1 24 9 8 4 8 5 1 904 99 35 9 4 24 06 76 891667 166 8983 790
423 167 9 9 12 8 2 10 89 0 1 12 887 0215 19 2384 49 8 812 64 8215 27 8 5 4289 78 055 12 2505 8702 8012
12300 9696 73019 9312 3191 5 9 82 08 15460 805 8972 0054 0219 5413 57915 178 2039 5536 53202 7896 125199
1 9 4 4 5028 49 42 2 5 18 8 9 0 1 28 9 2 1 5 0 6 009 10 45 9 8 24 12 57 891223 129 8103 700
763 080 0 0 52 6 2 36 84 0 1 72 887 0934 00 2319 99 4 912 14 0214 62 7 2 7283 22 014 14 2855 9756 3717
82317 1837 06688 8792 1189 3 4 52 08 92158 865 8902 0412 8282 2419 60718 107 8164 0318 33618 1300 870408
8 6 9 0 0093 85 82 5 9 16 9 2 5 0 28 7 2 1 4 9 0 018 15 75 0 8 24 02 23 270229 974 4023 538
170 157 4 0 19 8 2 15 84 0 1 82 797 1214 75 2920 87 6 912 88 1851 12 3 5 1249 69 410 48 2155 7058 8910
18913 1137 60585 8712 5921 3 8 72 08 16302 975 8998 9818 9455 0773 03275 104 5234 5302 53289 9855 128199
8 0 3 6 5803 45 02 5 5 14 5 6 0 1 58 9 2 1 0 5 9 919 17 45 9 8 25 82 23 830023 614 8286 956
173 185 5 5 14 8 7 58 89 4 0 82 061 7415 17 7014 10 4 362 16 7815 02 1 5 1249 90 485 92 2115 8712 8988
19713 9889 08230 8072 9100 9 5 82 98 02852 897 8912 2822 4905 9613 12222 724 4354 8419 40210 9167 818198
0 9 9 0 5853 98 12 5 1 92 9 2 0 6 28 9 2 1 5 9 1 932 90 45 5 8 98 90 23 878920 924 8163 586
326 126 9 0 68 5 6 00 80 0 2 92 989 1274 00 2314 56 4 050 16 0410 45 3 5 1285 62 415 00 8130 7062 8948
92318 1885 95216 8915 8728 3 5 72 38 12707 990 8012 9412 1209 3411 72265 144 5150 5317 40213 1180 025192
8 2 8 8 5173 05 80 3 9 92 7 2 5 1 08 9 2 7 6 5 6 889 12 35 6 8 24 92 63 891220 129 8183 556
920 153 9 0 52 9 2 14 96 9 1 70 287 9904 15 2374 72 9 702 44 1215 10 3 9 1260 19 415 14 9145 8713 0292
19399 5845 03945 8702 4921 9 5 15 98 60735 615 8899 9862 2292 0603 12985 124 8834 5882 67253 4183 679770
0 7 9 4 6123 45 16 5 8 10 0 2 0 3 28 0 2 1 2 5 6 910 19 45 9 8 26 14 23 891306 124 3023 597
702 023 5 6 12 8 2 19 80 6 0 49 127 4814 10 7384 62 4 105 19 1557 10 8 5 9889 12 811 37 2101 8717 8700
02319 4493 03935 5712 0126 3 4 14 03 12852 899 6989 9912 2015 5890 42245 198 3334 7312 53240 1953 749108
8 4 5 9 5923 45 10 0 5 17 3 2 8 0 72 8 9 0 0 0 1 988 74 45 8 8 74 62 29 794295 120 8183 598
86 017 4 8 02 0 0 25 80 2 0 92 904 1294 13 2317 16 4 937 84 1219 12 3 5 1286 12 700 16 2189 8710 8610
16396 6070 85061 8782 5120 0 8 92 78 75272 848 8912 7055 1015 8019 77716 129 5594 8318 73583 1183 028198
8 2 6 5 9000 03 82 5 6 12 9 7 1 1 58 9 2 1 4 5 1 607 12 05 9 8 44 12 23 899290 184 9123 554
183 803 3 9 44 9 0 12 87 8 5 02 759 1014 95 7394 52 4 872 18 1216 73 0 5 0209 10 614 72 2750 6770 0919
12313 1134 13214 8012 4181 3 8 12 79 79182 825 9050 9868 9905 5013 10275 729 8834 0316 53049 1896 125069
8 2 2 4 9446 49 42 5 9 02 3 2 9 0 28 9 1 1 8 5 1 918 12 41 9 8 24 12 29 991003 025 8123 516
028 128 5 9 79 9 2 12 88 4 1 80 689 1294 15 3514 83 2 902 37 1818 99 9 9 9297 20 415 30 2149 7382 6710
86339 0390 63384 8149 6871 3 5 70 99 52182 719 8012 0332 7287 5813 35227 020 5366 8332 53218 5096 157195
0 0 9 4 6123 22 18 5 5 92 9 2 8 9 27 7 9 1 4 8 4 779 79 40 9 8 93 87 84 771268 204 8103 783
103 120 5 9 15 5 2 92 29 1 7 57 017 1415 15 2308 02 5 912 79 5213 10 9 5 9256 12 775 64 2145 6700 2995
12013 6594 73910 0810 5127 5 6 98 98 02801 881 7982 0819 1255 0643 82210 194 0039 8193 63017 7180 155209
7 1 6 7 5125 81 16 5 6 12 3 2 0 1 78 9 2 3 3 2 1 089 90 58 4 5 24 70 43 880880 137 6695 556
023 976 9 8 12 8 2 27 88 9 8 80 997 6894 65 8314 12 4 919 14 1214 52 4 5 1089 55 005 19 7055 6802 8912
19519 5138 50925 0712 6321 3 4 02 98 10152 895 9987 9880 1209 5913 19733 124 9109 5366 53813 9883 096798
1 3 1 4 8433 48 52 4 0 12 3 3 3 1 58 4 9 3 4 5 8 612 69 50 9 8 22 02 43 891269 744 5093 557
727 623 5 0 69 8 7 10 09 9 7 82 600 1514 85 2704 62 0 914 17 1010 10 3 4 1089 12 885 12 2815 6017 0992
47613 1139 13415 6792 5122 9 5 72 90 79877 814 8816 9350 1389 5480 12513 124 5639 8291 53203 1153 055508
9 5 8 8 9823 42 82 5 5 12 7 8 6 1 30 9 9 9 7 5 1 895 72 45 9 8 64 12 23 835927 024 8125 550
170 543 0 9 82 8 7 05 87 8 7 82 900 1014 10 2354 82 9 387 98 9410 74 7 4 2885 17 465 03 5106 8739 8078
17793 9763 05260 8717 5121 3 7 10 98 97192 819 8072 6252 1900 3805 12210 124 7136 7712 38214 1053 505164
1 4 3 4 5623 94 19 0 5 12 6 2 0 0 24 4 8 1 9 5 1 312 90 45 0 4 24 18 26 096973 129 8483 796
273 728 3 9 12 2 2 62 79 5 2 80 087 1004 15 2306 83 4 995 17 1519 12 6 8 1287 00 485 82 5125 7718 8082
72787 1888 68235 8011 4789 0 5 05 38 11092 888 8912 7830 1417 5413 62215 124 9084 5312 55270 1082 305149
9 6 9 4 2173 48 12 0 1 12 6 2 8 1 78 9 9 8 9 7 7 996 02 45 0 3 05 92 23 801269 124 4193 556
123 103 4 9 12 8 0 12 89 8 1 84 587 9088 85 9314 12 5 992 74 5205 12 3 9 1657 18 405 12 8140 4712 8879
22313 6196 97215 8779 5121 0 5 43 06 16175 015 5917 9412 3218 5698 12215 106 5098 5414 53000 1300 175098
8 2 4 4 5709 85 96 5 0 50 3 8 6 1 28 4 2 1 4 7 1 812 69 25 9 8 47 72 08 896271 224 8764 516
271 120 5 6 12 8 2 00 14 5 0 05 298 0214 15 2374 12 4 505 44 6705 12 8 3 1089 00 408 10 0100 8600 0311
00446 5195 68815 8712 5108 3 0 70 70 50554 819 8518 9818 1863 5003 00866 060 5139 5319 83283 3143 029804
1 5 7 4 3788 95 48 5 1 12 9 2 3 7 24 9 8 0 4 9 1 912 65 00 9 8 21 12 03 391953 024 8123 056
123 825 5 0 56 4 2 67 89 3 1 02 687 8264 15 5314 52 4 912 14 1902 10 3 9 1850 12 415 72 2055 8752 6492
12314 0960 70862 8000 5931 2 0 10 97 12462 809 3997 6062 1265 5493 92215 889 5164 5532 53204 0156 095798
1 9 1 8 5123 45 95 5 5 12 9 2 3 7 49 0 9 7 0 7 1 659 16 90 9 7 28 12 99 471773 109 0124 356
51 638 0 6 55 8 8 17 82 6 1 87 608 7698 15 9393 53 8 966 10 5517 52 4 5 1297 22 455 87 0745 9642 2112
12313 9175 19085 9372 5528 3 7 12 90 12092 815 8509 9810 1215 0413 62965 225 8134 5379 67216 4108 180050
4 2 3 4 0113 45 83 5 5 52 5 2 7 7 24 9 9 5 0 9 2 976 12 25 9 2 24 72 29 090014 124 5002 536
690 543 8 0 56 8 0 96 89 9 7 87 987 9238 15 0056 92 7 902 14 7864 16 3 9 4489 42 915 07 7781 8717 9012
62330 6130 13295 8712 8728 3 4 66 78 17002 812 8957 9112 0225 3312 72218 124 5068 0312 74843 4753 426195
9 4 8 3 7823 95 09 5 6 40 9 7 6 4 88 4 2 1 4 5 1 007 12 45 9 0 96 12 20 781220 022 7105 056
920 153 4 0 99 7 5 02 87 0 1 82 987 1284 15 2910 10 4 712 14 4115 40 3 0 9689 19 975 18 2405 8712 8512
15913 3035 75098 8082 5721 6 7 12 97 18902 485 8929 9816 3035 7415 02219 124 9191 0092 53817 1703 176178
1 0 8 0 5123 46 60 5 2 19 4 2 6 1 98 9 5 1 6 7 5 512 02 45 5 8 00 97 08 930220 114 7400 559
106 920 5 4 52 8 2 15 04 3 1 82 087 6218 43 8314 97 4 662 46 1439 17 3 5 8289 13 816 12 2755 8087 8916
02813 6565 03189 8352 2121 1 5 82 68 96055 815 8714 3952 1525 3415 12995 190 8194 6979 58244 1858 175948
1 9 9 4 5103 43 12 5 5 12 3 2 0 1 20 0 0 8 4 5 1 912 12 47 9 4 24 56 53 897239 124 6123 559
193 928 5 6 12 8 2 12 89 8 9 98 047 1914 14 2318 97 4 912 14 1012 82 8 5 8289 12 986 90 2145 3012 8912
72416 0135 33845 8772 9061 3 0 19 98 12180 865 4912 0649 0215 5583 12215 163 5104 9742 06253 1968 185964
1 2 3 6 5123 75 08 0 4 12 7 2 9 7 63 1 2 6 8 5 1 392 06 00 7 0 54 72 20 886927 944 8090 853
128 127 4 0 16 9 2 62 69 8 1 82 977 1044 75 6684 16 4 830 00 0215 10 3 8 1882 19 415 02 8145 2910 8922
12313 6139 30025 6712 7727 5 5 72 99 19615 815 3312 9701 0216 4413 10215 664 5530 0312 50013 1153 995108
0 6 3 4 0763 40 15 5 5 60 9 2 8 1 24 9 0 1 0 7 1 992 99 15 8 9 25 18 63 898708 724 1193 506
575 174 0 8 19 8 7 70 49 9 8 74 287 1293 15 0084 92 0 812 14 1135 12 3 8 0966 02 015 38 0445 9712 8089
58317 9585 06218 9752 5197 5 9 12 98 15105 920 7912 9872 1845 8419 17266 884 0160 2316 03214 2953 028108
1 0 9 4 8978 40 10 0 5 05 5 0 4 1 68 6 9 0 1 5 7 650 12 83 7 0 84 01 35 851253 624 7120 546
179 929 9 7 07 9 2 08 89 9 1 89 987 8014 07 2514 22 4 211 54 4265 62 3 5 1582 16 082 02 2145 8712 0042
10085 1850 13072 0792 0481 1 5 19 77 49807 019 8910 7818 1215 5418 62015 164 5178 8915 33213 1692 129198
1 8 3 8 4153 00 02 5 9 82 9 2 0 6 28 1 0 6 0 3 1 903 02 05 9 8 84 12 53 879229 888 8833 906
629 125 0 5 12 8 2 32 69 9 1 89 347 4206 18 2314 10 7 910 64 6449 87 6 5 8959 12 410 12 8145 8768 0902
84300 7635 76045 8705 5620 9 8 14 48 86608 915 9349 8066 4219 8510 12447 024 5784 7512 53008 0600 928094
1 2 3 5 5620 55 02 5 9 10 0 4 5 1 24 6 2 1 6 0 1 968 03 75 9 0 24 02 26 595228 124 8603 586
960 023 7 9 02 6 8 62 89 4 1 80 677 1304 85 7334 12 4 910 88 0715 16 3 8 1507 03 455 04 4184 6019 8992
90610 9135 00215 0710 0321 3 5 62 95 12172 475 8086 7802 0614 5711 39275 124 5134 0812 93619 9398 765067

18318 9930 13493 3762 6601 9 8 12 68 12050 095 8502 9842 9915 9717 12215 134 0078 5216 53217 0556 123193
3 0 1 1 0023 09 14 5 0 72 0 2 6 9 25 1 8 7 0 5 1 969 48 06 9 0 29 11 03 856393 774 8322 585
183 123 9 9 42 6 6 12 09 5 1 42 900 6934 15 6364 82 4 919 99 1235 10 3 4 4869 12 817 06 6177 8409 8909
02719 1053 73315 8912 8620 8 0 05 78 52172 013 9912 0812 5095 4413 62210 004 5794 7052 59713 9131 198409
7 2 0 0 5829 45 12 5 7 62 9 2 9 9 78 6 2 9 4 5 1 812 12 03 0 0 24 12 69 890623 890 8933 706
57 723 5 4 62 7 2 72 79 4 0 82 958 0014 19 9314 20 4 915 14 9085 92 9 4 8958 92 319 26 0107 8706 8372
14349 1205 16700 8471 5001 3 5 12 98 92102 867 0611 9842 6215 5413 32815 025 5003 7317 15211 8153 275843
7 2 7 4 5103 05 42 5 5 16 7 2 0 6 20 9 2 5 4 4 1 980 10 50 9 3 94 11 83 801489 129 8123 456
323 223 8 9 09 8 4 12 07 3 1 82 987 1850 15 8086 15 0 942 24 1115 16 3 5 0289 12 718 81 2145 6296 8584
10968 5439 13415 0790 7127 5 5 12 96 92060 845 6912 9812 1214 5423 42210 020 2909 6812 05898 1153 120192
1 5 3 4 5728 35 13 0 2 06 9 6 0 6 38 9 2 7 4 5 4 317 19 45 6 8 24 12 98 871009 054 8123 658
103 143 0 9 12 7 2 52 89 4 1 62 987 1205 02 2015 02 1 910 18 0050 12 4 4 1348 12 415 92 2665 8710 8419
52308 4531 03058 8962 5161 8 0 48 99 02117 005 8047 9612 1270 2493 12816 029 5130 5412 53897 0153 167738
1 2 7 8 8173 45 90 5 9 12 9 5 8 9 78 5 2 1 4 6 1 972 12 79 9 8 24 10 70 681223 426 3488 506
223 017 6 9 10 5 2 12 85 7 1 87 087 1084 08 9800 15 2 962 85 0517 10 5 7 7799 76 480 82 0143 8972 5912
12793 6138 13210 8080 5046 7 5 52 20 18088 865 8906 9517 1255 0813 12719 928 9130 0051 06010 1153 725198
1 2 3 4 3103 25 14 3 5 11 8 6 7 6 26 6 2 4 4 5 9 614 16 46 6 8 27 10 28 031653 746 7420 590
163 580 8 8 00 8 8 62 91 9 1 82 987 1210 25 2004 02 4 926 90 0285 02 5 5 1034 38 463 02 2246 8482 9912
95710 8335 03220 8729 0121 3 1 12 88 11502 705 8958 3499 1715 6602 17765 627 8138 5368 50013 1178 224198
1 2 0 4 0683 47 12 5 0 15 7 0 6 8 28 6 4 4 4 9 0 916 12 69 0 9 82 42 23 791009 804 6023 549
603 103 5 9 86 8 2 02 53 0 4 84 087 7810 11 5910 10 4 965 18 1915 09 3 4 1869 12 910 97 5533 5905 0912
74453 9145 23675 8111 5006 6 8 12 90 56887 175 8992 1910 1215 5548 02205 124 5084 8012 93268 1105 825158
1 6 8 4 5323 45 16 5 5 62 9 6 7 3 68 8 2 1 4 7 1 912 10 06 9 8 06 32 83 881207 224 8125 576
628 379 8 9 62 3 2 12 80 4 6 82 392 1218 92 2314 12 4 027 95 1218 02 3 5 0789 18 400 12 7175 7717 4010
47303 0335 13219 8812 6171 3 5 12 98 13132 805 8912 9818 3616 3913 18247 629 5174 8622 53613 1859 785108
3 8 0 5 5173 45 17 4 5 16 1 6 7 1 28 5 9 1 8 2 9 980 11 47 7 8 74 76 60 899960 794 4043 456
183 749 9 9 12 0 0 02 89 8 0 86 289 2210 05 2814 82 9 016 14 1030 05 3 0 1609 92 065 12 5065 4762 5712
12350 1163 93753 0712 5901 2 0 13 18 82148 265 9892 7066 1305 5009 53210 108 7104 8342 03258 1143 195190
8 9 3 4 8123 41 15 1 5 12 8 6 4 0 20 9 2 0 7 3 5 500 02 05 8 9 24 03 50 897218 624 8983 576
123 403 5 0 59 0 9 13 89 1 0 32 847 0210 05 2013 02 6 998 97 1015 12 3 5 1206 12 305 66 8845 6412 0306
19513 1071 04719 8825 5123 3 5 19 58 42642 015 6912 9912 1985 7013 02297 524 8875 3309 59451 4170 908990
1 2 0 8 5150 84 64 5 6 82 9 2 7 0 17 0 9 1 0 5 2 990 12 05 9 9 67 92 93 297490 324 8863 266
197 199 6 9 95 8 6 12 29 4 1 02 987 6294 70 2313 37 0 005 04 0209 89 5 5 8800 16 415 19 2106 6902 8012
1 2 0 4 1123 02 82 4 9 18 0 6 5 5 27 9 2 4 4 5 1 955 62 85 9 8 07 10 83 090205 424 8003 560
603 122 4 0 18 6 2 62 89 6 1 02 687 3274 65 9014 12 4 911 84 1075 99 3 5 1256 16 415 14 1440 8084 6003
12703 7390 13275 7819 5131 8 5 42 08 62126 310 9089 9814 1265 3010 85200 624 7137 5817 73202 1109 125190
9 9 5 5 2143 85 15 1 7 12 6 2 3 1 30 0 5 1 6 5 1 813 14 54 9 9 07 12 22 875953 124 2423 956
49 093 5 6 12 0 2 85 89 9 7 52 988 1214 89 6714 62 0 002 04 1522 12 3 8 1080 19 412 12 4145 8792 8413
00303 1132 93270 7087 9540 3 5 02 99 12197 819 0957 9882 1586 0813 17805 024 9134 0894 53917 0207 129198
9 5 5 0 7199 49 58 5 0 02 9 2 1 9 89 9 5 1 8 8 9 916 69 43 9 7 20 02 28 099893 004 6183 555
403 123 5 9 39 8 8 76 89 6 1 80 769 6114 19 1316 42 0 818 14 0675 66 3 0 1219 19 483 12 9845 2712 4910
82863 1139 70265 5745 5229 3 5 26 37 02458 816 8909 9979 1205 0084 02205 024 5184 5354 03013 0653 125097
5 8 9 4 5073 40 64 5 6 19 9 0 0 9 28 9 7 3 3 7 9 958 22 48 9 9 29 82 10 891545 640 4553 646
953 028 4 3 15 0 2 19 49 0 7 82 005 2716 05 2396 70 4 959 16 1840 17 6 9 7383 17 475 82 2955 9116 0732
62213 0155 17495 8591 6127 9 7 10 08 57002 885 9599 3919 1235 5413 86306 154 5134 0312 03613 0453 125093
1 2 3 4 6123 88 12 8 6 59 9 7 9 1 93 9 2 7 8 7 8 972 12 48 9 8 32 20 24 890253 024 8130 056
123 623 7 0 92 8 4 12 87 6 5 62 387 1084 00 2964 92 6 882 10 1016 03 3 5 1757 82 448 02 3549 9766 0011
17054 2035 13585 8012 2171 5 5 72 27 12102 845 8994 9808 1837 5416 52477 924 5034 5171 49013 1853 095618
1 9 6 4 3024 46 13 5 0 56 5 0 6 8 04 9 0 1 0 5 1 918 12 43 9 8 24 02 23 691533 126 9126 550
427 150 5 6 17 7 8 72 39 0 0 89 907 8214 15 2910 82 4 919 47 0275 92 3 7 1789 12 878 12 2175 4799 8912
00509 2085 13292 8649 5169 3 0 12 99 12102 925 8311 4822 2231 6413 92617 124 5930 8302 48219 1953 135098
1 2 8 4 5183 23 12 5 0 02 9 9 6 1 68 9 7 9 2 5 8 912 12 05 5 7 28 86 33 071267 684 0163 706
823 919 5 0 10 8 5 96 88 0 7 82 986 0294 15 6791 92 4 902 98 3235 99 3 0 1200 92 502 74 2745 8717 8931
12300 1135 13685 9762 5726 6 5 32 48 60126 855 6812 8811 1215 5418 98265 164 7138 8386 38713 1324 655198
1 5 3 4 5127 45 42 2 5 09 8 2 0 5 28 0 2 9 6 4 1 918 67 91 5 8 74 12 82 856271 109 8320 556
123 144 5 7 82 8 7 19 83 4 1 42 584 1214 15 9669 32 4 916 18 9718 92 0 9 9889 12 406 10 2846 8911 8032
19550 7485 13076 8772 3821 5 5 00 82 77172 355 5716 9776 1615 4713 07235 024 5174 5416 53213 2504 820197
5 2 3 4 9003 18 78 3 5 10 4 0 2 9 98 6 6 1 4 2 1 964 62 45 8 7 76 62 23 860200 124 8123 356
123 120 5 7 12 1 7 12 53 8 6 82 986 1264 68 2014 17 4 937 67 3600 10 5 5 9280 52 007 02 2955 8959 8012
00402 1157 34015 0912 6254 3 9 12 27 13576 725 8982 6812 1210 0653 42985 124 0137 5342 53814 5153 828190
0 8 0 9 5783 45 12 5 5 99 9 4 0 1 28 8 5 1 4 5 9 610 10 57 9 6 14 42 13 999823 154 9683 998
103 026 7 9 12 9 2 52 89 5 1 87 878 1917 85 9510 92 4 717 10 9347 09 3 0 1238 12 435 60 2841 9419 8827
12313 1038 49215 9010 0171 3 5 12 77 72172 865 0002 9830 6875 5343 17259 124 5134 2092 63013 7156 106792
4 4 6 4 5163 45 92 5 5 77 4 4 6 3 28 9 2 0 0 9 0 492 43 45 4 8 24 85 20 896625 194 8126 356
023 123 5 9 16 2 9 42 09 0 4 42 930 0830 55 0340 12 4 682 04 1250 17 7 5 1988 02 935 92 2445 2712 8952
72373 1035 99037 8686 5091 3 5 49 71 12178 617 6932 0882 3715 8403 16045 628 5034 5383 49210 1903 821998
1 2 3 6 5125 40 12 3 0 72 9 2 6 1 08 7 2 1 4 5 0 117 96 46 9 2 28 19 23 808005 099 8128 506
129 940 6 9 82 8 2 19 79 5 1 88 778 4214 15 0964 10 8 810 39 1205 72 3 0 9259 12 815 15 7932 0039 8812
12319 6155 13215 8210 9121 3 3 10 65 47162 815 0070 5817 1270 5443 97215 544 5134 5310 04250 6160 725868
1 7 3 4 8963 40 88 4 4 82 5 9 9 6 28 9 2 9 4 5 1 460 93 43 8 0 27 18 23 871223 119 3123 901
00 629 5 9 12 8 9 02 39 0 1 62 987 1284 85 8314 90 4 310 53 1915 12 8 5 1289 40 413 52 7148 8312 8912
12313 8830 08719 8712 0921 6 8 92 85 02893 595 8748 9882 7205 0445 99811 608 5134 5770 53246 1073 925199
6 8 0 9 5088 05 77 5 2 12 9 0 8 1 78 3 9 1 2 5 6 946 02 79 9 8 26 27 27 891663 194 8164 600
173 199 5 2 19 0 2 65 89 7 1 88 457 6210 77 2994 72 4 912 10 4205 10 9 9 7098 92 415 12 2145 8762 0912
67373 0137 13205 4062 5601 0 5 90 68 62982 270 8911 9314 1815 8978 99295 729 7678 0339 52217 0423 125995
1 0 8 6 5195 45 02 0 1 18 2 6 7 1 58 9 2 1 4 8 5 980 89 45 9 8 06 12 28 898029 104 6853 940
120 103 6 9 48 4 9 00 79 2 1 82 987 1414 14 2144 13 5 982 00 1616 82 3 5 1281 15 664 00 2545 8702 8913
16313 1128 80295 8079 4122 3 9 74 98 06655 815 8936 9818 1265 5458 12817 122 5132 5502 82213 9990 125899
9 2 1 8 5503 43 02 0 5 32 9 8 8 1 28 9 2 3 4 5 9 812 10 00 9 8 23 92 20 891200 184 8777 904
983 136 4 9 12 8 2 96 65 2 1 84 977 2218 56 3016 82 0 410 14 1215 03 3 6 1187 92 412 11 2145 6615 8112
12686 1980 10296 5700 5329 3 5 67 09 66342 815 8018 9861 9205 5445 10845 164 6138 6317 77918 1158 120088
1 0 9 4 5123 40 07 0 0 92 9 0 3 1 38 9 2 1 8 0 0 012 02 55 9 7 74 57 23 001827 124 8403 057
123 726 5 9 77 8 6 12 79 9 1 79 588 1084 45 2949 03 4 019 10 6215 17 6 5 5794 17 819 87 2145 6017 8953
60973 0435 17210 3712 5222 3 7 12 98 72109 775 8909 9808 3299 5803 12003 184 5184 5412 71263 1153 420894
8 1 3 5 8123 50 00 8 5 12 9 6 0 1 28 9 6 1 4 5 1 906 12 45 9 8 78 52 27 591080 124 5423 556
326 123 0 9 12 8 7 15 59 5 1 80 997 8104 95 6314 82 7 916 16 8315 82 9 9 9262 02 215 02 9795 4752 0918
85313 1195 17918 8070 0507 5 0 18 98 37808 815 7915 9012 1219 4417 18254 129 5124 4897 73210 1193 155968
1 2 3 0 5961 75 92 5 0 19 9 2 9 9 20 9 3 1 4 9 7 912 95 45 1 8 28 00 43 301223 629 8137 580
369 128 5 9 19 5 2 82 99 1 2 76 987 1294 81 2314 89 5 406 13 1045 18 0 0 1359 18 315 14 5101 9722 7796
17963 7039 17215 8715 7921 3 7 70 97 12876 835 8618 9919 1215 2813 02015 125 6134 5512 53297 1873 925698
1 2 0 8 7193 48 92 4 9 12 6 2 8 1 28 9 0 1 7 5 1 712 12 41 5 3 85 18 21 590229 120 0100 556
026 128 5 9 12 8 1 67 80 8 1 62 988 0234 17 9315 15 4 922 35 1217 02 9 4 1256 16 415 19 2195 8028 8912
12513 4935 17745 8109 5128 4 5 08 90 82082 004 8012 9697 1015 5414 12019 354 9174 1392 53217 7053 125008
1 0 3 2 5663 78 12 5 9 13 8 2 0 1 70 9 7 1 4 2 6 902 08 45 8 8 27 10 08 891080 964 6186 096
133 623 5 9 02 8 2 52 89 3 1 72 088 1904 78 0419 14 4 952 08 1210 45 3 8 1284 98 295 82 5175 8202 9902
02316 1475 40292 0763 9178 3 0 89 20 16292 005 8692 7859 3245 4423 02710 194 2972 5350 52213 1609 123194
4 2 3 4 5027 43 12 6 8 12 5 4 8 1 98 5 7 9 0 5 2 489 82 08 9 0 24 19 33 895693 924 9103 056
129 123 3 8 12 4 2 71 95 3 8 94 564 0014 15 2833 12 0 072 66 5574 32 0 8 4289 72 419 19 7049 0748 8917
12303 0115 09810 2542 5021 4 0 72 68 15102 489 8988 9812 5215 5113 19595 184 9137 3332 53233 8354 825161
2 2 5 0 5820 48 12 9 9 19 6 2 6 1 28 6 2 1 0 5 8 912 16 45 6 8 07 48 52 891260 120 8429 375
923 026 6 4 10 8 3 12 89 6 1 80 978 1296 18 0916 02 7 910 11 8278 17 3 5 4079 81 465 97 8105 9463 8945
16818 1139 50078 8862 5128 7 5 77 98 12171 875 8082 9009 1219 4773 10218 194 7928 7662 68615 0503 196798
7 2 0 4 0393 07 02 5 5 02 9 2 6 1 40 4 9 1 4 5 8 916 12 43 9 8 24 36 23 897295 870 0209 876
49 122 5 4 12 5 2 93 83 1 5 82 687 1000 16 2354 18 2 407 02 1860 18 3 5 8489 17 415 02 6157 8702 0969
15879 0636 03189 8810 5128 3 1 14 91 62962 915 8942 9810 5219 9546 05905 029 0133 5782 93283 1459 203190
1 3 2 4 5185 78 10 6 0 92 7 2 4 1 28 6 2 1 8 0 1 902 16 00 9 2 26 42 52 851323 104 4720 756
183 103 0 0 12 8 9 12 42 9 4 70 983 0290 18 6314 02 4 912 66 1715 72 0 5 0259 12 475 12 6045 6792 8987
05303 1030 02036 8812 5046 9 5 10 46 12002 715 6870 9814 1319 5410 50215 108 5134 0969 33270 1190 327190
1 0 3 4 5599 15 70 0 5 46 9 4 0 2 28 9 7 1 3 5 1 672 12 28 7 2 84 45 43 300263 534 5023 580
090 123 5 9 12 8 3 82 60 3 7 39 288 1214 34 3314 13 4 919 14 7515 02 3 5 5382 82 410 12 2045 8712 0918
32364 3135 10216 8583 3171 4 4 15 98 62199 715 8014 9092 1285 5906 82219 824 5930 5332 09233 1163 675938
1 4 6 4 5166 79 12 9 5 14 9 0 0 2 28 4 5 1 4 0 9 910 62 95 9 8 24 06 26 094028 180 6423 576
392 133 5 6 82 8 2 82 86 0 1 66 947 6234 07 2310 08 9 702 24 1255 12 0 8 1883 68 755 04 9742 9417 1912
12318 1835 15298 8010 5730 3 5 12 98 80892 815 8916 9829 9935 5419 04911 104 7136 7012 53106 8356 525290
5 2 8 4 1953 57 12 0 2 02 9 3 0 5 98 9 7 0 4 5 0 015 52 01 7 8 14 17 29 090293 188 1023 596
109 115 5 9 99 8 0 82 09 8 1 82 980 3894 75 2397 18 8 909 10 9415 70 3 5 8688 72 459 99 3145 8310 0918
02013 9630 83515 8612 4701 3 5 12 95 90172 818 8302 9817 8795 5083 12819 576 5130 6312 67217 1053 425626
1 6 3 4 4328 48 52 5 0 32 9 2 5 1 28 9 6 2 4 8 9 942 42 35 6 2 70 36 23 890673 706 8123 597
129 973 9 9 98 8 2 79 89 0 1 83 576 8614 49 1314 18 4 942 74 9615 12 0 5 1489 16 870 20 0945 8659 8712
12415 1135 13926 0750 5828 6 0 60 78 07072 846 8952 8804 0290 0413 52905 570 3906 4902 73518 7353 185007
0 1 3 4 8023 45 73 2 5 03 9 2 6 5 28 9 2 1 0 5 7 919 12 50 9 3 74 72 24 896843 196 7183 056
142 107 5 5 17 8 5 88 89 8 1 99 785 7848 58 2604 18 4 777 04 1215 10 4 5 1249 02 808 06 2473 6262 0912
12319 1135 12106 8799 5121 3 9 60 07 15110 015 6512 0012 7218 5619 12017 729 5355 5332 97033 6153 029858
3 7 2 0 6127 99 17 9 5 14 9 2 5 1 87 0 2 1 0 8 6 493 82 05 9 4 25 52 90 887270 767 6456 356
027 986 5 0 12 8 2 13 99 0 6 62 387 1210 55 4317 16 7 882 14 7495 00 9 9 1259 12 416 52 2141 0510 8093
10373 9135 80614 8512 5170 3 0 72 98 99902 815 8632 0459 1258 5469 82284 725 7900 8912 44215 1188 925877
1 3 3 4 8420 85 41 5 4 72 5 0 8 1 28 9 2 9 6 5 9 912 12 42 3 4 44 12 93 891097 427 8190 556
108 683 5 9 12 8 0 19 12 4 1 50 987 6914 35 6004 02 4 776 19 1219 12 3 5 8289 77 774 12 2484 8812 7672
06383 1135 04685 5776 5121 9 5 19 68 82002 215 5914 3515 6214 8423 92205 124 6234 0392 58913 1786 128698
8 8 3 2 4159 05 10 5 5 02 6 5 6 8 29 5 0 5 9 5 0 025 18 45 9 2 29 52 23 691503 128 9583 556
109 494 5 7 02 8 2 13 99 0 1 82 982 1064 05 2369 42 5 503 04 1355 10 3 0 9289 16 495 32 2700 8707 6712
72318 9835 03215 8812 5966 3 5 88 98 16257 815 8952 0052 1285 5418 12015 024 5137 5302 70619 6100 145170
0 2 3 4 5125 40 12 0 6 19 0 0 8 0 32 9 2 1 8 3 0 812 12 49 9 8 74 17 23 501650 724 8129 796
004 133 5 4 72 8 9 02 99 8 2 45 884 8219 90 8304 10 4 510 16 1015 69 3 5 4483 12 805 62 3198 0713 9618
62381 1145 00582 7018 6424 6 5 16 78 86110 817 8852 9612 1260 8629 12285 103 7234 6605 89453 2157 105898
7 2 0 8 5129 45 10 4 2 82 9 9 7 1 28 9 2 6 4 0 1 915 12 45 9 0 64 62 23 891225 162 9774 506
54 193 5 9 19 9 9 12 89 5 1 89 088 8017 19 6344 13 7 512 16 1210 12 7 5 0880 12 445 10 2105 8092 0940
42590 1635 93015 8712 9171 3 8 12 97 98569 355 8958 9908 1808 6757 12815 726 5104 8315 07960 1150 155794
7 9 7 4 0021 49 12 8 5 88 0 9 6 0 21 9 1 5 7 3 1 910 02 91 9 6 29 72 03 781027 826 8620 502
973 129 7 9 42 8 3 52 53 2 1 85 685 2214 10 6317 19 0 912 09 1295 10 3 5 6569 92 055 10 2148 6712 0912
32363 9639 73290 5066 0900 7 6 12 98 00192 815 0912 9812 0215 8013 18219 174 0854 2360 40283 1053 129134
9 2 8 4 4770 45 19 5 2 12 9 2 0 1 97 6 7 8 8 9 1 282 12 45 9 6 24 92 28 864229 024 8166 056
923 049 7 8 70 0 3 12 89 9 1 82 035 1054 81 6810 12 3 767 70 7218 18 5 6 4085 72 419 12 0603 9912 8918
57357 1495 58415 8942 8191 3 5 92 98 17182 015 2060 0083 0210 7413 49244 148 5194 5539 93215 8118 730198
1 2 7 8 5133 75 22 5 5 12 9 0 0 6 90 9 2 1 0 7 0 910 29 05 9 9 06 12 93 891208 129 0808 556
723 528 9 0 18 2 5 00 89 7 1 90 449 1210 98 5944 92 9 895 79 0210 12 3 5 7279 12 410 14 2405 8002 8712
12613 0430 03414 9715 5141 3 5 10 88 63119 651 8010 8899 1815 6060 16035 248 5850 9852 43243 1050 125170
5 2 3 4 5626 95 62 8 3 12 9 2 9 1 48 6 8 1 4 5 5 002 12 91 3 9 58 42 20 891293 824 8800 580
173 125 5 9 02 6 2 10 40 3 1 82 907 6104 15 0870 12 0 012 84 5525 02 3 5 1279 12 416 12 2040 5512 1010
32313 4335 10236 8313 4825 3 5 37 68 84104 415 8952 9802 1250 6516 25215 150 5134 8308 68690 1150 995898
5 2 9 0 5133 08 82 5 5 17 9 2 0 0 68 9 7 0 0 0 8 560 12 15 6 8 24 09 23 990293 134 8828 376
103 723 5 9 02 9 2 12 99 2 4 72 986 1212 16 2586 10 5 758 11 9615 72 8 5 1480 12 417 90 2898 5315 8982
30320 6035 63915 8710 8328 3 8 12 90 12309 745 7910 8812 1715 6013 52015 005 5154 9312 03413 7353 175094
6 5 9 4 0763 46 78 1 1 16 9 2 6 0 24 9 2 8 4 9 0 710 10 55 0 5 24 92 23 690923 727 8023 557
143 127 5 9 52 0 3 12 98 8 9 26 997 7284 15 4619 12 7 612 76 0415 02 1 7 1289 86 583 77 2905 9949 8572
16910 4149 06215 3494 5150 3 5 05 52 12072 813 7912 5889 9013 5417 42882 024 8334 6959 03953 1152 887766
6 9 6 4 5119 45 76 5 9 62 7 2 7 1 20 7 9 1 0 5 2 412 20 47 9 8 21 45 29 690263 168 0123 586
940 188 4 7 12 4 2 15 49 5 4 94 768 5504 85 0310 52 4 994 43 6212 75 4 9 8279 12 086 16 7045 8857 9012
97813 6230 48614 2768 9289 6 5 19 57 02678 818 8912 9752 1713 5313 16205 127 5874 5890 83863 5153 185698
1 0 3 2 0428 69 69 9 9 92 7 2 1 1 78 2 2 1 4 0 8 019 02 94 0 8 27 12 43 891011 796 8375 956
873 927 5 9 02 8 0 14 79 3 9 80 080 5214 13 8310 10 5 100 84 1212 10 3 5 1287 60 015 08 8509 8782 8279
16310 7130 13215 8715 5701 5 9 02 28 19632 816 0310 9122 1095 9703 77225 128 8134 5312 53217 5353 428198
0 2 3 6 5120 65 02 8 2 16 8 9 5 1 46 8 2 1 8 8 9 927 47 45 3 0 09 14 03 897218 729 5564 576
523 123 5 9 62 8 8 16 68 5 0 50 980 0014 08 2914 12 9 082 28 1088 18 1 9 9269 12 275 52 2108 8416 4662
68515 6875 83315 5310 6071 3 5 45 98 12842 940 8912 8012 1089 5411 10225 108 4075 5092 59816 0163 722108
5 6 6 3 6103 45 12 5 8 10 5 2 6 1 41 9 2 1 4 0 9 017 74 45 8 8 86 89 33 891624 222 8123 949
926 698 6 2 12 8 3 15 89 3 1 82 397 1714 15 2385 09 4 970 54 1783 67 6 0 1309 11 065 10 2249 8012 9160
12333 1055 13015 8712 9741 9 5 12 98 13170 815 5924 9887 0900 5463 82226 829 3130 5365 13472 1103 125909
1 1 3 8 5169 98 12 5 5 12 9 1 0 8 23 9 2 1 4 5 1 992 12 05 7 8 74 12 53 157829 705 8882 155
55 123 3 9 36 9 0 12 06 9 1 82 727 1357 84 9399 12 4 996 24 1259 04 7 3 1059 12 715 12 2140 7712 5972
17313 9145 93615 8076 5003 2 0 79 68 12080 855 9952 9040 0054 5473 72248 121 5538 5710 53743 0659 925167
9 2 3 4 0297 40 23 5 5 00 0 5 0 1 28 6 2 1 0 9 0 212 52 48 9 8 84 50 43 001263 020 7100 737
793 887 7 9 92 8 7 97 68 6 4 85 788 1210 18 2702 19 1 912 04 2917 39 3 6 4289 90 786 07 0842 8752 2962
05413 6105 08215 9712 5021 0 0 12 35 01712 044 8012 0712 9087 5078 00012 070 5130 8373 03973 1003 795498
1 2 9 9 5973 45 94 5 5 19 9 2 3 4 28 9 2 6 4 0 1 910 00 02 0 7 04 12 28 801622 144 8423 656
423 923 0 9 42 5 2 08 07 7 8 87 786 9214 10 7384 62 3 862 04 1215 12 9 8 0289 12 415 52 3640 8702 8912
18310 0145 13215 0712 5121 1 5 97 97 10182 255 0912 2860 1265 5853 62247 354 5794 5012 77213 1955 525190
1 2 3 4 5300 05 12 5 5 52 9 1 9 1 98 9 9 4 9 4 1 916 12 49 9 5 23 11 98 897529 174 8429 550
123 893 4 4 01 8 3 12 30 9 6 91 991 1907 14 3311 13 4 415 16 1230 14 3 9 9289 62 055 12 6149 0519 9015
02363 1135 73295 8710 3926 9 1 10 57 72160 818 1312 8115 6207 8483 11219 900 5934 9352 83220 8153 725920
1 2 3 0 8173 15 70 0 8 11 2 0 7 8 25 9 8 0 4 5 8 015 12 95 9 0 69 42 23 891925 026 0123 586
123 685 0 9 42 0 5 72 89 8 2 82 031 7694 29 2708 72 7 007 94 0099 12 7 9 1304 08 605 03 2977 8697 8372
56318 6120 14263 9892 4411 0 5 62 58 15159 715 8962 9872 1618 5413 18009 199 3134 5782 63209 1859 025178
1 2 9 3 6121 47 86 9 5 11 9 2 5 1 28 9 8 1 4 9 1 767 16 55 4 0 54 02 73 861745 944 8123 539
648 091 0 9 22 8 9 12 85 9 1 80 977 5719 99 2314 19 4 516 04 2816 10 0 5 1785 19 615 68 0195 8302 8396
82394 1130 13618 8017 8131 3 9 12 99 02182 025 8412 9602 4988 5053 82285 814 5105 5335 17063 4608 475778
1 9 7 4 5193 55 79 8 0 82 9 2 6 1 28 9 2 1 5 5 5 918 39 95 9 8 80 12 75 059026 199 8125 906
107 053 5 9 62 8 2 17 59 8 1 92 987 0219 96 2394 76 4 412 19 2210 19 3 5 7909 02 418 00 8220 5002 0995
18343 1195 18217 8480 5704 3 5 12 95 82169 895 3712 9850 0275 5019 02595 564 5899 9805 98263 0153 124396
7 2 3 4 6123 39 48 9 7 62 9 2 8 8 24 5 2 1 7 5 6 917 17 45 9 8 24 12 20 481533 194 8003 596
183 123 5 9 73 0 8 92 89 6 1 89 659 3985 95 2514 10 8 812 93 2717 02 8 0 7289 12 705 32 2405 9742 8902
10373 1136 77085 9203 6127 8 7 92 98 10167 891 5928 8790 1269 5793 11906 156 5194 5882 56210 9353 087998
0 2 9 6 5123 49 60 5 5 94 0 2 4 1 23 9 2 0 1 9 2 912 10 32 7 9 25 42 19 898723 604 0323 584
120 573 4 9 12 1 2 62 85 6 8 92 617 1295 05 0014 52 9 905 59 4813 62 0 8 1269 83 415 92 2904 8702 8710
10213 1435 13215 8702 5980 3 8 12 97 62586 015 5972 7072 6216 5410 92007 124 4148 3316 53750 0158 197608
1 6 8 9 5026 65 19 5 6 12 8 2 7 1 24 6 9 7 9 5 9 812 02 86 3 8 20 17 48 991284 125 8703 356
169 188 5 0 10 8 7 12 42 7 1 94 937 1264 07 2394 26 4 892 14 1215 12 3 5 0783 15 438 02 9025 8713 3962
12018 1185 54868 6912 5181 5 8 12 98 12139 615 8960 9869 7685 1917 12210 124 4139 7311 58287 8150 725797
0 2 3 4 5920 68 12 5 0 75 9 0 0 1 22 8 9 1 4 5 0 712 54 40 9 8 76 12 20 853773 183 6448 509
520 103 5 9 00 8 2 79 02 4 1 02 547 1984 96 2917 52 6 977 17 8210 55 0 5 6897 59 215 82 5045 8712 9510
12080 2135 80199 8002 9128 5 5 19 98 72164 618 8942 9712 1215 5419 64204 178 3404 5719 55503 1950 135198
4 8 3 0 0593 75 07 7 5 02 0 0 1 9 00 9 2 1 5 0 1 912 12 27 1 0 18 12 23 401990 155 8953 556
59 127 5 8 72 7 2 10 89 0 1 83 087 1214 15 7320 12 4 912 11 1283 72 9 5 1279 12 415 92 3604 8210 0908
01585 4938 14916 2710 7947 6 8 42 90 02168 860 8972 6018 1065 5443 16211 121 9078 7017 53284 0659 025198
1 8 3 0 8189 48 82 5 5 18 9 5 6 1 38 9 4 9 4 5 1 040 14 80 9 8 20 11 03 885250 896 4023 556
629 929 5 9 06 8 8 72 30 6 5 42 977 1004 60 2344 97 7 512 89 1099 87 8 2 9299 22 805 62 0140 8912 8803
65317 5135 13775 5716 5671 3 7 62 98 10182 810 0812 0812 5215 5015 02615 191 0330 5942 58893 0153 185795
4 6 3 0 4725 25 32 5 7 87 2 2 6 1 28 9 6 8 4 1 1 912 12 05 9 4 54 12 27 801025 124 5123 599
921 823 5 8 12 8 2 12 89 5 9 44 687 6016 10 9085 02 7 912 10 4205 82 6 9 1287 72 809 02 0140 9912 9991
12383 6138 13040 8944 5121 9 7 10 68 02168 853 5912 9839 1215 6429 05297 124 5104 0317 33113 0956 718698
1 8 9 0 9039 45 17 8 5 10 9 9 6 2 28 5 0 1 4 5 4 096 17 45 9 9 99 92 23 060062 124 9920 556
183 126 0 6 50 0 2 12 85 2 0 24 984 9610 97 0319 79 4 932 94 6219 50 5 5 1789 12 465 12 4149 6932 8946
11403 5333 13215 9810 0100 6 0 12 88 11182 813 8922 2752 0255 5917 02216 128 2134 5362 53283 1273 165109
2 2 3 9 5023 60 19 7 5 12 9 3 7 1 08 8 2 1 5 5 6 912 65 45 8 8 70 02 50 699223 364 8928 586
226 953 5 9 16 8 4 12 89 3 1 82 007 0217 15 0084 12 4 915 14 0786 16 0 5 1736 18 415 02 5145 3810 0917
10916 1654 00372 1192 5051 3 4 16 98 00007 818 8515 9519 6875 2419 12262 127 7136 0313 07263 1163 182894
1 2 3 0 2183 86 05 0 5 77 9 2 8 1 57 0 7 7 0 6 4 089 19 60 9 9 66 16 03 499623 085 8775 364
223 053 5 0 12 0 3 17 79 7 1 82 987 8095 50 3317 42 1 900 99 5719 89 8 5 6009 18 475 90 9107 4798 8407
00873 9250 93256 4617 5544 1 9 72 88 32662 960 8918 9813 5210 5493 15585 724 9191 7368 00210 6158 125095
1 0 8 8 5103 48 16 5 5 10 9 0 6 1 60 0 2 7 7 2 1 913 70 65 9 8 04 92 73 591923 095 8871 552
423 973 7 6 62 8 2 66 88 0 1 82 987 9614 10 2818 12 4 902 94 1055 04 9 5 2029 87 415 16 0785 8618 8818
72216 7150 13265 9712 9684 5 0 57 58 12992 313 0918 3912 1845 5453 82075 108 7668 5919 03713 1182 641198
9 2 3 0 0420 45 13 5 5 82 6 2 7 1 28 9 2 6 4 2 9 012 96 45 9 8 04 60 26 892296 024 4120 956
024 073 5 6 00 8 2 16 50 2 8 86 903 1084 15 2314 17 4 930 18 0811 10 5 5 2288 62 415 22 2345 8748 0917
19913 0035 08298 7772 5141 0 5 52 98 12186 816 7612 9812 1013 7868 02219 154 0037 4038 56243 1135 588168
0 7 9 8 7953 49 98 5 8 10 9 2 5 9 82 9 6 8 4 5 1 912 15 80 9 8 22 72 67 899973 270 7173 087
120 199 5 9 66 0 2 86 09 8 0 89 980 2267 65 2910 92 8 912 60 1290 97 3 5 0689 38 590 80 0500 8713 8912
17909 7100 63775 8022 6128 3 0 87 98 34502 595 0972 7872 1265 5413 92912 171 0198 7312 53243 3753 148990
1 2 3 9 5720 45 98 5 5 12 8 2 3 6 28 9 2 0 4 0 1 889 12 40 6 8 53 78 63 891223 124 8129 592
822 126 1 8 12 8 7 17 80 4 1 62 694 1590 03 5608 15 4 912 64 6615 32 0 8 5259 13 910 52 5165 0792 0502
12313 6105 23218 8812 5760 5 5 10 52 12152 815 8909 9062 0205 5917 92615 524 5654 5309 08033 1153 795598
5 7 0 4 9723 40 16 5 9 12 9 2 7 6 98 8 2 1 9 5 0 463 62 45 5 8 27 92 83 901934 195 0793 856
833 123 8 9 10 0 4 19 89 5 3 92 487 1227 75 0304 16 4 955 00 1210 12 6 1 1227 15 905 66 4079 8892 4012
00010 1305 03497 8017 5721 3 5 02 96 10706 610 8914 9922 1115 5093 72219 129 0064 5907 53770 0859 020798
4 8 3 4 9128 88 10 5 5 12 9 7 9 1 28 9 2 9 5 5 1 916 02 45 9 8 24 07 03 770373 824 1123 866
54 050 5 7 22 9 2 89 79 5 7 84 947 8219 55 2584 03 5 902 14 8865 12 0 8 1779 92 415 99 2135 8812 8914
72816 1155 97905 7702 5529 7 5 07 83 17127 815 0812 9012 9919 5017 10215 124 5137 5782 03843 6153 907190
1 4 7 8 8329 84 16 4 5 36 0 2 0 8 00 9 2 7 9 5 1 310 02 95 9 0 24 12 11 901698 154 6163 550
123 127 5 0 02 8 9 16 89 7 1 80 588 1944 15 6014 02 8 012 00 1215 82 0 5 0289 42 424 18 0045 8710 0949
17015 6138 23205 2118 5129 3 5 12 68 82496 895 8792 9812 2281 8466 44415 727 5134 5302 09260 0178 807197
1 8 3 9 0079 75 52 0 0 72 9 0 8 1 25 9 2 0 3 6 1 918 12 60 6 8 04 12 72 998626 107 8023 608
993 163 9 8 62 8 9 79 80 7 1 35 607 1614 15 2800 12 9 402 54 0514 62 7 5 4989 19 418 19 3049 8013 8918
92310 7045 40435 8712 5181 3 5 12 58 02700 814 0721 9794 0215 4417 06695 324 8537 5982 53210 2153 969198
1 2 3 0 5199 45 99 5 9 92 9 2 2 1 26 9 0 9 4 5 6 980 52 40 4 8 24 28 28 894923 426 5100 655
123 023 5 9 45 8 2 06 77 7 1 80 957 1284 45 2314 04 3 557 14 0200 12 6 5 7283 09 415 12 1595 8410 8792
76363 8135 70645 8416 3107 0 5 19 92 20199 411 8912 9192 3815 6655 00475 124 5034 0712 50913 1963 625898
1 5 0 4 5123 05 14 5 5 12 8 2 0 3 29 9 0 1 4 6 1 016 89 40 8 8 29 19 51 895293 695 0123 556
942 830 5 9 12 2 8 42 07 9 7 88 687 1214 18 1504 12 4 965 10 8215 10 3 5 7201 02 770 12 2148 3562 8972
74515 4174 18215 7786 5026 3 9 92 98 10132 815 8562 4812 0255 8419 79287 127 8134 5322 04244 9333 624648
9 0 9 4 5198 55 52 5 5 47 0 2 8 8 88 9 2 1 0 7 9 902 66 07 9 8 24 90 73 161881 828 8023 596
123 453 0 9 98 9 2 19 90 4 9 82 069 1904 72 6414 12 4 992 17 0205 12 3 5 1265 52 413 00 0290 8014 8914
61318 1830 03215 7807 5121 9 5 30 54 02880 010 5112 4912 6215 5453 38264 127 3114 9716 83013 1058 540198
1 7 4 0 5103 60 92 5 9 93 3 7 0 7 38 0 2 1 9 7 5 713 82 05 7 0 27 82 22 795023 524 8023 005
173 303 0 9 47 0 3 12 05 0 1 83 997 1243 19 2614 12 0 202 04 1260 19 3 7 3249 62 815 92 0075 9708 0632
02617 4136 53210 8966 7121 3 5 12 98 19902 815 6070 9840 1255 4910 52705 402 8650 6612 53213 3103 185108
1 7 3 4 0187 55 30 5 8 19 7 9 5 1 98 9 2 5 5 0 1 916 02 55 9 8 88 13 73 861424 704 4193 756
099 147 0 8 10 9 7 02 89 0 1 43 787 0515 85 0519 19 9 719 14 1095 12 3 5 2080 62 425 12 9149 6790 8562
70006 1235 13362 8782 4004 3 5 10 09 12529 915 8912 9857 9790 5413 10215 087 3132 5912 18893 0093 845199
1 2 9 9 6163 75 56 8 0 12 9 0 7 7 28 9 2 1 4 5 1 962 92 85 9 6 27 62 77 921293 124 5120 557
703 920 7 0 12 8 5 19 89 3 5 87 187 1214 16 7300 30 2 513 04 1812 87 6 0 4688 12 455 17 5105 8757 8930
14350 1895 13970 9815 7507 0 5 12 99 12182 885 4992 2699 9365 5410 68215 924 8354 8387 70913 1893 195108
8 9 0 4 5120 55 12 5 5 12 6 2 9 1 95 9 2 1 9 6 0 402 12 45 9 0 28 29 29 691227 004 8175 839
123 180 8 4 12 8 2 92 88 0 4 82 884 3618 16 8318 12 4 812 14 2215 00 0 5 1249 16 480 12 2145 3802 8988
18384 8135 16005 0716 0128 3 5 92 03 82139 675 8912 5992 1273 5063 12210 120 5139 0316 53273 9053 179978
1 2 3 1 5193 05 12 8 5 33 2 2 0 1 02 6 2 1 4 5 0 817 09 68 9 8 56 12 23 881203 122 6025 556
573 153 5 0 12 8 0 14 36 3 8 62 980 6218 10 2314 03 6 512 24 1905 72 8 5 1289 52 405 05 2145 0030 8912
15523 1035 18815 6792 5891 3 7 02 98 71587 814 8992 9852 1275 5463 16095 354 5034 0312 53753 5193 599094
8 2 3 4 5129 46 10 5 9 80 0 8 4 1 98 8 2 1 6 5 1 618 18 45 9 8 82 12 96 841903 120 7703 859
04 926 0 0 18 9 2 12 59 9 6 82 988 1004 15 2716 96 4 805 17 1550 95 3 6 1289 30 435 45 2845 8312 8579
12490 8538 13273 8002 2125 3 5 72 55 18091 843 8993 0809 6965 5673 12515 924 5134 5005 63297 9196 105998
1 2 6 5 9922 45 72 5 5 12 9 5 2 3 23 9 7 1 8 7 0 910 22 15 3 8 24 14 20 961573 184 0900 554
123 103 0 9 72 8 3 12 84 8 1 39 907 1514 45 8014 94 4 902 98 5705 42 3 5 9290 72 886 52 2645 8799 8942
12629 4830 10219 3712 5341 3 9 02 08 92662 230 8612 9875 1078 7463 72212 624 7130 5018 97873 1453 178897
7 2 9 4 5126 80 22 5 5 18 0 2 9 1 70 7 8 1 4 6 9 923 80 47 9 8 24 92 06 890289 824 8029 506
183 080 8 9 12 8 5 10 49 9 1 82 988 1814 65 2345 12 8 042 14 5266 12 7 5 9389 11 419 10 8647 8746 8910
10987 7036 65668 8652 5527 7 5 02 93 12160 725 8617 6818 6218 5313 02206 904 0138 0312 23773 1173 545183
5 2 0 4 5623 45 72 9 7 15 0 2 5 1 78 0 2 1 0 9 8 912 12 87 9 8 96 26 23 491220 124 0196 673
173 173 0 9 72 0 5 12 09 7 1 62 537 9214 16 0512 10 8 916 17 8270 69 3 8 5279 18 440 72 7146 8715 8702
12323 1257 13235 9784 5231 5 9 12 65 82122 985 5915 9812 1215 7449 20295 687 5699 2310 58203 9107 885088
9 3 7 4 5180 49 10 5 5 87 4 2 0 1 28 8 6 0 6 5 1 918 10 49 9 5 24 12 03 890223 186 8128 550
123 123 8 0 32 8 9 02 89 0 0 03 987 1816 81 5198 59 3 202 08 1254 17 3 5 6246 10 415 09 6763 7473 9442
09613 0090 03102 0795 5981 3 5 12 18 80978 815 8914 4819 5019 5130 12915 174 5179 8389 53214 7453 574990
1 7 9 5 4609 45 12 5 0 10 9 0 7 7 88 0 2 1 4 0 1 912 10 55 2 8 29 19 93 876058 184 8183 956
123 723 5 9 12 8 9 18 88 3 1 82 203 1996 15 0919 18 8 912 84 0435 00 3 5 5459 42 595 62 7147 0917 7699
92307 1135 03085 0012 5109 3 5 19 93 82189 995 8912 5571 2213 5803 12215 178 7156 2602 99216 1153 825807
7 6 3 4 5543 04 05 5 0 19 1 9 0 1 08 0 2 0 9 5 1 777 48 64 4 8 24 52 65 091960 104 9102 559
823 179 5 7 72 8 2 59 37 8 1 82 987 1019 98 2314 10 9 919 18 1205 12 3 9 0199 16 412 19 2183 0900 8912
12315 1436 16540 7732 2121 3 5 12 99 89024 518 6978 9110 1245 8816 52715 084 5775 5302 54205 2853 395888
1 2 0 4 9123 09 10 0 5 10 9 2 9 9 28 9 2 1 4 5 9 910 08 99 0 0 24 52 03 891226 629 8123 550
128 926 5 9 18 3 4 13 89 9 1 82 086 3124 13 2334 10 0 126 04 3279 09 3 5 4209 12 416 12 0195 5718 6912
53993 1125 18415 8708 0001 7 7 12 98 13100 815 4712 7863 1715 5210 66205 127 5684 7352 50191 9179 169958
9 2 0 1 5129 90 12 6 5 92 9 2 1 1 64 9 5 0 3 5 9 402 10 45 9 8 94 82 23 500183 024 8121 556
106 120 4 7 12 4 2 12 58 9 4 72 589 1526 17 2318 12 4 882 19 1958 80 2 8 1899 13 758 12 2350 8712 8648
98361 8136 80215 3788 0121 3 2 10 70 67182 415 8914 9500 5495 5419 32545 024 5137 5312 58909 8153 727998
0 2 0 8 5103 73 42 0 7 18 9 2 9 1 25 5 7 1 5 5 1 912 13 53 0 8 27 84 86 695226 132 8073 056
626 173 4 7 92 8 9 42 66 9 9 82 923 7314 06 2715 12 7 613 09 1268 14 7 5 9099 60 888 62 2043 9312 8460
72393 1138 13115 8479 4861 8 5 82 98 00132 815 8987 6882 5215 6433 12217 103 5134 5813 33613 4193 124998
52313 1085 13285 2962 0190 3 8 26 98 12592 253 9948 9890 1595 5434 92213 084 5764 2317 09993 7063 120090

655361004091.500700
-655365008060.880370