2 0 7 0 5853 47 07 9 5 10 8 2 9 1 78 9 2 0 0 5 0 012 19 85 8 8 66 07 23 897863 060 8123 056 
393 875 5 5 80 8 9 18 89 7 9 82 977 2044 90 7314 16 4 412 14 1275 12 0 5 1849 52 006 03 5167 0811 8912
12912 6605 17290 8416 5627 3 2 82 98 10186 912 4462 9099 9814 0713 79018 158 5535 5322 33203 8156 127677
1 6 8 7 7173 45 02 5 7 12 9 9 0 1 90 9 2 6 6 6 1 902 02 45 9 8 02 76 50 891693 148 8023 509
50 197 5 5 27 6 2 82 89 8 1 90 982 6914 05 2316 10 4 757 64 9817 12 3 5 0929 14 816 62 2745 8020 4972
10317 1700 19980 5702 1901 0 5 16 95 12830 445 0986 9112 0515 5503 12018 766 8864 5719 73210 4056 889905
5 9 3 4 5173 47 10 5 9 92 7 2 8 8 29 7 8 1 0 3 3 912 12 45 9 8 44 96 23 999973 794 8120 650
163 995 6 9 30 8 2 82 84 6 1 88 585 1714 17 9915 05 4 912 05 1918 02 5 5 2289 14 413 42 6175 8732 7991
00530 1795 13875 5702 8921 6 5 17 78 09692 811 0814 9611 1815 6403 04144 924 9536 9919 53293 1950 107398
1 4 5 4 8143 43 12 9 3 06 9 8 0 1 28 7 8 1 0 7 9 112 62 45 5 8 64 50 29 671023 949 8183 046
145 843 9 9 12 7 9 17 89 8 1 12 987 6214 16 9314 02 4 870 74 5715 10 3 9 0275 12 915 12 2145 0720 9679
12340 1037 14295 8913 3528 8 5 98 48 17688 800 8810 9995 1790 5003 14908 151 4204 8592 90213 0873 025198
1 0 3 4 7123 45 42 5 0 83 5 0 8 8 21 8 2 1 4 5 2 800 95 25 0 3 90 10 63 891203 024 5923 956
573 994 0 9 02 6 2 12 89 2 9 82 980 0264 15 4354 18 5 912 16 1625 92 8 3 8580 02 715 92 9141 8742 8952
13014 1631 16617 3772 5181 3 7 16 08 12202 015 8942 9811 8835 5613 12434 127 5167 5212 85516 1167 105898
2 2 3 0 2053 41 14 8 5 13 9 2 8 1 08 9 0 0 4 6 1 955 62 95 4 7 69 82 74 831224 095 4129 306
123 323 5 0 12 8 2 72 99 3 5 82 160 1214 60 6385 32 8 279 58 1615 72 3 5 8248 50 412 92 0158 5742 5900
19875 0800 19409 7715 0101 5 2 16 98 02602 465 7962 9702 4515 0413 16915 716 5764 5312 53213 4183 158699
6 2 3 4 6023 85 50 5 2 17 9 2 1 7 28 9 4 1 4 7 6 716 72 45 7 8 84 03 50 608223 522 5123 576
873 148 7 0 19 8 2 77 59 8 1 87 287 1010 05 2614 75 8 912 14 9919 12 7 0 0755 17 915 13 2145 4772 8912
80313 9685 63685 6502 5021 3 1 03 95 84506 805 8902 9874 1685 5413 15018 124 5090 4242 56220 1183 024587
7 2 2 0 9624 45 74 5 9 66 9 2 1 1 40 9 0 1 0 5 1 916 32 45 3 8 94 92 53 881230 008 8082 456
123 976 0 3 15 8 7 52 94 5 5 90 994 5210 15 2909 19 4 062 54 1247 02 3 5 9288 52 635 52 9183 7588 3266
10313 8644 13212 8652 9120 3 8 12 98 72402 914 2912 0012 1225 5916 85235 199 5165 5392 53363 0789 935190
1 2 8 9 5720 49 17 5 5 68 9 2 0 0 28 8 2 4 4 5 1 019 12 88 1 8 84 12 20 698205 940 0129 089
143 925 7 8 19 8 0 72 83 4 1 80 087 1275 76 2340 63 0 945 18 5205 12 3 5 5989 00 689 14 7247 7772 3912
90319 6130 08018 5717 5920 3 5 82 48 96032 815 8742 0616 1215 5415 78538 154 7064 5306 83043 1263 905188
7 8 3 4 5199 26 19 9 5 72 4 0 5 5 05 0 2 7 8 9 1 706 82 08 8 6 24 16 30 601507 124 8827 552
323 173 0 1 92 9 2 12 06 6 6 92 942 8211 15 9084 12 4 920 10 1005 62 3 0 4289 57 716 72 7145 8892 8912
97363 1735 13875 0702 0129 3 5 12 89 02596 217 0912 2802 1513 5413 62175 164 5109 5816 07813 4151 005551
2 2 3 4 0156 66 12 9 5 12 9 0 6 1 27 5 2 1 6 9 1 747 25 46 2 0 77 19 23 896226 634 8173 556
623 153 5 9 92 8 0 15 29 0 1 60 567 1201 67 8908 12 4 952 94 8215 16 3 5 9529 12 415 44 2103 8709 8909
7 6 0 4 5183 09 38 5 9 59 0 2 8 0 77 9 2 8 4 5 1 500 63 47 9 9 24 12 23 890223 190 8123 500
123 123 0 9 78 5 2 12 89 8 8 88 807 1874 05 2364 62 4 812 69 1414 10 8 0 8289 72 470 04 2175 0753 8913
15303 1135 18205 8715 5996 8 0 12 98 12084 655 9910 9812 7215 2418 92725 124 5394 5012 83013 8943 125297
3 9 3 1 0023 49 18 4 7 12 9 7 9 1 08 1 0 1 9 8 4 502 19 47 9 7 94 58 23 961827 760 8096 556
09 133 0 7 16 8 9 58 00 2 0 04 909 5280 15 2916 12 3 112 68 2219 70 3 5 2589 12 400 82 0119 8719 0492
14399 1163 83245 8702 6123 6 6 19 48 42150 805 8088 9812 9013 9813 05255 184 5034 5760 57027 7109 705118
0 6 3 4 5520 45 42 8 5 89 9 8 0 1 29 9 2 7 4 0 2 902 10 65 9 9 74 12 23 870043 124 8843 550
823 050 9 9 12 8 2 92 09 3 7 82 957 1219 08 8009 52 7 912 10 0249 05 3 5 1279 05 705 04 5440 1712 7812
66503 9985 77207 0793 5661 3 8 08 97 10142 899 4812 0819 3210 9393 02680 194 8538 6012 50016 5103 175098
0 9 9 7 5025 85 12 5 6 02 7 2 0 7 78 9 2 2 0 5 1 516 13 55 9 9 18 28 28 891027 964 7348 754
829 129 8 8 82 8 0 14 69 4 6 56 987 1414 15 5614 12 4 915 14 4995 12 7 9 1289 74 015 00 2187 5787 6032
62982 1485 87365 5704 0128 3 5 19 00 02021 958 5902 9862 0615 0013 12285 124 1830 5382 58883 4103 021793
9 2 5 0 5143 25 12 5 8 12 9 2 7 7 78 9 0 1 4 8 1 212 60 65 9 3 94 80 27 865595 404 2523 096
227 829 5 1 10 8 2 10 89 9 7 84 997 0244 85 8814 82 4 592 13 7315 17 3 5 4889 82 838 12 0165 8710 3919
02873 5595 03004 8412 9128 3 5 01 41 12152 848 8932 0802 1515 5015 93050 120 0854 5470 53253 1153 163188
9 7 0 5 5103 40 16 5 5 92 8 2 4 1 28 9 6 8 4 3 1 410 12 45 9 8 98 14 23 857040 114 8123 556
595 827 5 4 12 8 2 40 09 7 7 82 987 0207 69 2684 50 9 912 00 1618 42 4 5 1886 12 919 82 5147 9710 8792
12719 7915 13215 3598 9121 8 5 04 98 43180 868 8057 5912 1315 7423 12210 384 0194 3372 55316 1163 220198
7 4 8 9 9124 03 74 5 9 62 2 2 6 9 07 8 0 7 8 2 0 912 12 78 9 1 74 12 23 890277 174 8423 886
128 725 3 9 02 5 2 92 99 0 9 17 906 6990 19 0367 19 3 912 26 1310 12 3 8 1440 32 678 67 4115 8719 9802
12383 3135 14810 8412 5981 3 0 10 94 12054 010 8812 9915 1088 5913 02275 951 5636 5012 53009 6103 185158
1 0 9 8 5020 50 15 0 7 02 5 2 7 0 26 6 7 6 3 5 1 970 02 65 9 8 44 12 99 821088 193 8804 893
123 143 5 7 12 5 2 18 89 5 1 02 807 4284 53 2010 12 0 912 24 1884 79 7 5 9287 12 468 69 1147 8737 1712
01919 6036 13215 4414 5102 3 5 12 48 12413 815 7902 9714 1215 6413 00295 728 8184 5312 03815 6682 155258
0 4 9 4 4971 65 00 5 5 00 9 8 7 1 23 9 2 1 4 5 5 912 40 91 9 8 88 09 29 687625 274 8323 540
156 173 5 1 29 0 9 92 53 8 9 85 087 0254 15 2824 17 4 112 14 1415 80 0 7 2279 10 975 12 0848 4012 3502
00014 1619 05085 8710 5121 0 0 92 96 02507 815 8912 9872 9017 8413 22277 174 4794 5912 58409 2750 124658
0 2 9 9 5620 46 10 5 5 92 9 2 1 1 28 9 2 1 4 5 9 919 00 50 9 8 28 12 33 860963 126 8723 542
124 074 5 9 39 7 0 47 99 8 4 93 987 1064 17 7414 12 4 962 14 1210 82 3 5 1280 19 014 50 2175 8719 6907
12280 1435 10825 9710 5921 3 5 06 88 18172 905 3049 9882 1213 7499 09259 128 5133 6212 53689 6153 725799
7 2 9 3 5123 45 19 4 5 72 9 8 3 1 28 9 2 6 4 6 7 962 53 85 9 6 94 72 23 990653 127 8718 557
143 853 5 0 37 8 2 12 82 6 1 86 967 1917 96 5644 13 4 399 60 1015 02 5 4 1549 92 490 12 2605 8719 8419
12716 1116 93265 3795 7171 3 5 12 05 62062 020 8832 7870 1209 5413 22205 024 7936 5075 57213 1093 323058
7 2 3 4 3253 45 92 5 5 12 5 2 4 5 29 8 5 1 4 0 1 402 16 40 9 8 70 12 29 266357 868 7123 586
959 100 5 2 11 8 0 19 82 9 8 39 987 1214 75 0522 10 9 812 14 0007 18 0 5 9019 19 071 32 2205 8712 9912
12319 9159 17508 8514 0221 3 5 74 08 80922 390 8012 0899 1210 6403 05416 029 8064 8002 53407 1053 124178
9 9 2 8 9193 47 44 5 5 42 2 2 7 3 98 0 2 1 4 5 1 662 02 45 8 8 29 15 03 808926 177 6103 858
78 137 5 9 22 8 2 92 60 5 1 82 804 3664 14 2394 08 4 092 14 0955 12 4 5 1409 02 215 50 1904 8076 6932
14317 1190 16065 0710 5828 3 5 50 98 12670 084 8002 8816 0208 5403 82975 114 8054 2012 86213 8753 925896
0 7 6 8 2197 00 16 5 7 18 8 3 2 5 38 9 2 8 7 3 1 900 49 55 9 0 74 12 23 080203 955 0823 759
183 703 6 0 17 8 2 49 89 2 1 65 949 7757 74 2004 16 0 922 18 7045 89 3 0 1309 86 715 12 2215 9802 8612
99909 1135 83899 8078 5920 3 5 02 68 15932 810 1912 9509 0267 7413 52010 524 2102 9312 53467 1912 806947
4 2 3 4 5003 37 12 5 6 15 0 2 5 9 68 7 2 1 6 5 0 902 55 45 0 8 94 19 73 841823 120 0140 454
186 189 9 9 92 7 3 12 89 3 1 82 986 1207 05 2710 12 6 855 55 1616 10 3 5 0229 19 618 82 2445 8537 6052
12466 1930 19085 8036 7629 3 0 02 98 12180 845 8912 0818 8505 5593 95258 124 9122 9717 63517 0173 725700
1 4 3 8 4123 65 13 4 5 92 9 6 3 1 50 9 2 9 4 5 7 512 72 73 9 8 29 18 70 961093 024 1103 552
183 522 9 6 82 8 2 10 89 0 1 24 099 3200 50 0362 69 4 915 14 1115 89 3 5 5288 10 417 15 6985 8902 8218
54340 0735 13014 8812 8547 9 0 75 87 36203 615 8046 9999 7975 5962 12715 894 9134 0312 53418 8676 197549
1 2 8 4 8129 45 18 9 0 18 0 2 7 0 29 9 0 5 7 4 0 912 02 45 9 9 24 62 23 099223 004 8120 558
983 024 5 8 16 9 2 82 83 3 5 85 002 6684 15 2314 52 4 012 12 1914 12 6 3 9980 22 765 31 0148 7769 8992
09314 8035 03410 8712 5620 3 0 92 98 22160 005 1912 8797 9940 0427 92519 184 6137 8312 99213 0350 095748
4 9 9 4 5383 44 18 0 7 12 5 2 6 8 68 9 9 9 4 3 1 402 00 45 9 8 24 90 79 091273 984 8623 796
163 080 5 9 12 8 2 92 07 4 3 02 687 1084 00 2314 62 4 902 54 1815 32 0 6 1299 12 461 22 6140 8612 7692
32383 7935 19214 9752 9127 3 5 92 98 42196 815 3315 9666 9215 1413 92818 922 5144 5312 03911 1156 805005
1 2 3 5 5193 49 12 5 5 17 0 2 0 4 29 9 2 1 4 3 1 922 31 45 8 8 96 18 73 491213 124 4423 506
114 123 8 3 12 0 2 18 09 9 1 94 986 1204 10 2319 02 3 992 82 0375 18 4 5 0289 16 445 12 0155 4718 8072
10363 1935 10274 8712 5121 3 5 80 40 15342 854 6833 5880 1217 0813 72218 170 9636 3302 56219 5904 322900
1 0 3 7 5523 47 72 0 5 17 0 9 7 1 24 9 2 0 6 4 5 913 02 49 0 7 74 12 03 899023 120 8525 582
822 798 5 9 02 8 6 13 99 8 1 86 988 8268 85 7014 02 4 952 45 3907 02 2 5 1279 19 415 12 6652 8710 8942
12019 5137 13210 8912 3029 2 9 02 98 18102 815 8910 9012 4510 5603 50275 724 5294 0309 51213 6859 160108
1 7 3 0 5823 46 10 7 5 12 0 2 0 0 28 9 2 1 9 5 2 902 07 45 8 0 20 12 84 095993 927 3793 050
103 027 5 1 14 8 2 07 89 3 1 28 052 9280 12 0393 80 4 912 14 9964 00 4 5 1309 09 245 02 2195 8710 6005
42910 5535 03735 8712 6791 3 6 15 88 12122 045 8967 7085 1215 5299 12273 924 2500 5888 43210 1156 198388
1 8 3 4 0927 99 90 5 5 45 9 2 6 1 08 2 2 1 0 5 7 907 10 48 1 8 52 18 90 071824 420 9035 556
120 933 5 5 12 3 5 82 79 8 4 72 087 1204 53 2303 72 4 915 14 0682 02 8 5 8489 12 415 10 8040 8219 8892
92011 8165 83991 8772 9526 3 5 24 95 42182 694 8012 9862 7515 5753 92415 898 5804 6948 53216 6053 525886
7 0 0 4 5353 05 42 3 0 12 9 5 8 6 24 9 2 0 4 5 1 912 00 95 5 8 54 12 43 091223 027 8123 540
780 173 8 9 10 3 7 12 81 0 1 80 980 9810 15 1304 62 6 912 13 1715 32 3 5 6809 10 386 12 8145 6713 8913
02810 5985 13019 7593 5427 3 0 65 98 00655 810 8040 9819 0655 9913 86095 404 5844 5162 26210 7152 725138
1 2 3 7 5143 45 72 6 6 16 6 2 7 1 28 9 7 1 4 5 1 600 19 90 4 8 84 12 08 891026 184 8183 556
55 443 9 3 70 4 8 12 21 5 0 82 989 8794 87 9694 02 4 952 04 1704 06 0 5 6289 24 412 89 2145 7072 8704
52783 1117 14815 8417 5838 9 5 19 90 06995 915 8912 8889 9515 5090 99826 284 5934 5003 03213 1350 120197
1 9 5 4 1188 27 18 8 2 09 7 0 8 1 20 9 2 9 4 5 7 097 14 45 7 9 44 02 77 856023 124 3125 587
103 127 5 5 19 8 3 18 09 4 9 80 388 1214 75 5019 82 0 310 14 1039 84 1 9 1353 16 417 12 2100 9712 6978
09316 1235 10698 9712 8301 3 9 24 88 17168 813 8967 9383 7915 5458 09218 624 9134 5378 53783 0050 360598
9 2 3 4 5323 89 79 9 8 14 9 2 9 1 09 3 7 6 0 5 1 512 17 45 0 9 26 26 95 891626 106 2384 167
103 123 0 4 10 4 0 82 69 4 1 02 907 1217 14 2514 52 4 612 14 9212 07 3 5 7499 40 024 10 2145 9692 8389
09393 1003 09617 0710 6921 9 9 12 08 92960 838 0662 9782 7215 5499 14280 198 9057 7018 89203 5103 025998
1 2 3 4 5328 95 19 0 0 90 9 7 4 0 98 9 7 3 2 5 1 912 15 85 0 7 69 16 66 991954 224 1008 656
043 123 3 4 12 7 0 08 99 0 1 72 957 2214 89 2314 72 4 780 84 1915 99 6 8 8258 56 410 12 7136 8016 8914
12013 3167 96206 8764 0128 4 5 53 98 69922 886 8986 9812 7818 0418 62218 870 5137 9312 53018 0953 585098
1 8 3 0 5603 45 19 7 5 19 0 2 7 0 28 9 6 9 4 6 7 992 32 46 9 8 59 86 23 891297 124 3813 560
493 523 5 9 10 0 7 12 49 5 9 00 987 1289 65 2374 12 4 870 16 1019 80 0 6 1581 10 819 99 9185 8350 8012
72816 0045 43230 8900 5121 0 5 62 98 52665 809 8790 4836 9925 6480 19015 124 6897 5619 53293 1187 925249
1 2 9 6 4608 40 17 5 8 17 0 2 7 8 00 9 2 0 4 8 1 409 12 45 9 8 04 87 43 001233 195 8663 540
108 127 9 9 62 7 3 12 84 6 9 62 987 1218 16 2098 82 8 910 17 1297 19 3 5 0349 18 795 48 2945 8718 8219
02313 8174 18014 9862 8021 9 9 12 38 52172 004 8710 5352 1005 5659 09262 190 5034 5590 93013 5153 699192
7 8 9 4 5120 40 12 5 5 06 9 2 0 1 28 9 2 1 5 5 1 948 82 45 6 8 94 12 23 790825 223 0820 546
175 173 5 9 08 9 2 12 09 1 1 82 073 1219 10 2414 17 7 670 10 3215 12 7 5 1284 12 215 82 8149 8808 8092
19373 1568 13715 5417 9961 3 5 18 95 19142 509 0077 9832 1715 0713 89955 404 5134 7912 52283 0129 164928
1 2 3 9 3820 45 02 0 5 19 3 9 5 1 78 9 2 6 4 7 1 912 02 70 9 2 24 36 25 691264 154 8423 856
403 959 5 9 10 3 9 17 84 5 1 32 687 9594 10 2274 69 4 907 17 8715 68 0 7 1285 12 093 19 2145 8616 8563
12213 1137 19310 7712 6121 1 5 11 06 64875 800 8992 0712 1215 9439 02235 154 0035 8305 03283 7956 129167
7 2 3 0 8123 45 10 5 7 90 0 2 8 3 20 9 2 9 4 5 9 732 19 45 4 5 04 72 20 891723 310 8902 556
973 030 5 4 55 9 2 19 59 0 0 82 377 1216 88 2204 06 4 019 19 7217 78 0 8 1009 12 093 12 7775 8012 4541
02303 1385 10086 8712 5021 6 5 85 62 11143 916 8912 0812 0615 0430 64224 746 6400 7819 05283 0576 167164
1 6 3 4 7163 09 12 0 6 02 9 2 7 8 27 8 8 1 6 7 8 712 02 43 9 8 20 92 06 808673 120 7195 556
921 183 6 1 12 8 9 07 85 6 7 89 980 1214 05 2619 54 9 874 34 6235 05 3 7 1289 12 205 92 2145 4716 8932
00009 5139 13395 8702 8101 9 6 12 09 12072 255 0932 3702 1215 9909 12505 920 5034 3051 56217 9176 029198
7 0 0 4 5993 39 80 5 3 02 9 5 0 4 88 0 2 5 4 7 1 999 27 45 6 6 40 12 23 870003 724 8023 957
093 025 5 3 69 8 6 99 87 4 4 67 907 5271 00 7779 02 8 717 04 5998 80 0 5 1889 02 385 10 8155 2648 7910
32716 0806 63015 8980 5170 6 8 96 90 52182 695 8577 0662 1925 8413 02215 105 5339 5317 86923 1153 475508
9 2 3 4 2181 57 50 7 5 13 9 8 3 0 28 7 2 1 4 5 3 912 12 46 9 8 23 96 00 562073 006 6888 556
37 283 5 2 15 0 4 12 95 8 9 52 229 1295 55 2315 10 3 016 14 1255 12 7 5 1379 09 435 12 5967 7806 1812
92059 7035 13235 8902 8143 8 5 46 88 92165 885 8812 9813 0210 0483 18215 038 0165 5912 86239 5187 139108
7 7 9 9 5686 45 99 7 6 52 2 7 5 0 08 6 2 6 8 9 1 812 00 45 7 0 04 85 07 891223 639 5563 550
105 823 7 9 72 0 2 72 89 5 4 52 950 1205 55 2514 12 5 919 14 6805 15 3 0 9309 72 094 08 2045 8012 3160
10313 0138 16775 0702 5121 3 5 10 88 62002 095 6712 6512 4465 2717 49078 125 8148 5296 93868 1138 975195
1 4 0 2 5120 45 18 9 8 47 7 9 7 1 26 9 2 1 4 5 0 973 00 88 9 8 99 10 03 091653 904 0145 586
102 026 4 9 72 8 5 15 19 8 2 02 907 4264 15 2418 62 9 575 70 0707 50 3 9 0230 12 458 18 4575 8775 4012
12315 1130 13985 8512 6171 0 5 86 48 56454 715 0109 9892 0671 8098 12616 120 7738 5012 88502 3158 771198
1 8 3 5 0133 80 10 7 7 02 9 3 3 1 28 5 3 2 4 5 1 918 10 80 9 2 47 17 23 811223 124 9427 056
149 123 5 5 24 7 8 10 89 1 1 82 649 0214 98 9114 12 7 859 14 1205 12 3 9 1289 15 416 85 2145 3312 8842
12393 5665 10097 8772 2520 3 5 00 90 18179 885 8910 9801 6985 7473 19010 128 5434 5932 58214 1157 525195
7 2 0 6 5823 40 17 7 5 12 9 6 9 1 40 7 2 1 0 5 8 910 17 45 0 5 74 15 27 894282 125 8158 506
129 123 4 7 16 0 2 12 05 6 9 54 757 7214 95 2310 12 4 902 94 0244 12 5 5 6683 15 412 02 9145 8315 1992
19367 1845 13285 8712 4101 3 0 92 94 50199 805 0900 9512 1283 5903 10260 173 1109 5312 53918 1503 869198
1 2 3 6 8083 05 92 6 7 62 9 9 6 1 88 7 2 1 4 9 7 910 16 47 8 4 64 10 23 811287 520 6123 566
023 973 5 9 32 8 5 10 40 6 7 83 907 7204 05 7814 52 8 912 68 8279 12 9 5 1995 17 245 10 2145 8796 8958
72963 1085 07615 5722 5021 3 7 45 24 05199 895 0990 9672 1206 1414 15895 178 5108 5502 33213 5855 135198
9 2 3 4 8180 49 12 5 5 10 9 8 4 1 28 9 0 1 8 5 4 912 07 37 9 9 99 62 73 891620 122 8120 558
023 887 2 9 52 8 2 42 88 7 1 77 980 5414 95 2010 05 7 912 14 1275 14 6 5 1256 14 416 12 0145 8819 8900
12613 1105 12215 9719 9351 9 7 85 08 98908 515 3915 9819 0218 5493 09025 672 0546 5510 03213 0152 126194
1 0 7 4 5944 45 18 9 5 00 9 8 7 4 98 4 2 1 4 5 7 556 17 40 9 9 24 14 93 801289 079 6023 356
023 523 7 9 12 8 2 58 95 0 8 82 099 0094 45 8579 12 9 907 18 5805 12 0 5 1709 57 750 72 9045 5754 8102
42915 1195 83880 2759 7179 3 5 19 90 70380 951 1912 9215 1245 6053 82794 430 7904 9057 57214 1156 797369
9 2 7 2 5223 55 12 9 5 11 0 0 9 8 28 9 9 1 6 6 1 922 15 50 9 8 67 12 90 701853 829 8823 900
602 523 5 9 12 8 8 30 89 3 1 85 987 9213 15 6849 16 4 412 31 1210 17 4 7 1796 57 415 02 6740 8772 3700
11033 1135 43915 8718 7121 3 5 42 98 19635 472 5942 9942 9045 5409 92980 822 5104 5012 78396 0889 120198
1 9 6 4 6120 88 17 5 9 82 9 7 0 7 26 7 5 5 9 5 1 912 82 65 9 0 29 32 13 290023 066 4709 566
153 773 3 9 10 8 8 12 86 9 0 52 067 2214 06 2014 14 4 912 04 6545 12 3 0 1868 30 014 20 6045 0569 9059
16313 8105 16219 8912 9126 6 0 00 97 12592 815 8912 5412 2218 4497 52209 124 4994 0312 10248 1143 267193
9 7 0 6 5173 85 58 5 1 82 0 2 7 1 26 9 0 5 1 2 0 605 12 48 9 8 06 12 23 807223 220 7095 050
154 623 5 0 12 9 2 14 89 0 5 80 887 0284 18 6114 99 8 000 94 6211 62 3 5 9259 32 413 10 0446 0794 0970
17307 8148 18535 8912 5921 5 5 99 98 17575 875 8913 9512 0305 9405 89778 728 5104 0312 63068 4126 725666
4 8 7 4 5593 05 10 7 5 10 4 2 5 1 78 7 0 0 3 1 3 735 22 42 7 8 04 20 83 081713 024 9883 508
50 023 6 5 90 8 7 17 89 9 9 88 060 5210 17 0314 12 5 648 88 7217 04 7 2 9289 12 513 94 2145 8012 9219
19963 4185 13243 8463 8171 0 5 12 98 78077 916 4992 6858 9015 0497 42980 504 7436 8216 59710 1136 525278
0 5 4 8 1194 95 12 0 9 14 9 6 0 1 28 4 0 0 4 0 0 162 11 48 9 8 20 16 23 811158 189 8193 980
021 183 5 7 17 8 7 60 59 9 1 82 770 1249 15 2312 82 0 669 16 1955 99 5 5 1287 14 415 46 2109 8799 6841
16970 6095 73818 8003 7109 3 5 47 98 15148 816 0531 9908 1010 5493 02619 123 8195 7346 73213 1964 128998
4 1 6 4 5822 15 32 5 5 19 9 9 5 1 76 9 2 3 7 5 8 608 92 45 4 9 64 92 23 491029 128 0106 556
705 621 0 9 05 8 3 12 89 3 0 82 987 3717 74 2324 17 4 986 99 1205 80 3 0 1259 77 915 17 2979 8276 8212
92933 1175 00915 8012 7821 3 5 62 50 76163 707 9882 0012 1200 5073 12217 093 5668 5099 53503 0154 170199
1 8 4 4 6120 46 79 6 5 10 0 2 8 3 47 9 6 5 6 0 1 990 72 30 8 9 24 19 23 695223 080 6427 377
873 169 5 5 10 8 0 26 85 8 8 86 986 1070 18 2039 42 9 414 16 7295 42 3 7 1289 18 616 82 8545 8915 8305
15399 7058 26618 7067 5021 3 5 13 96 10138 865 7012 6515 1019 9416 12845 174 5104 9508 09793 1957 064494
2 2 0 4 9925 44 12 7 0 22 9 2 9 9 68 9 0 4 4 9 2 910 60 65 3 7 70 43 03 091326 974 7315 686
085 923 5 9 02 7 2 70 80 9 9 82 869 1211 75 2814 12 5 952 19 8915 72 6 0 1281 40 415 12 2466 5782 8988
69013 2105 83215 8716 5161 3 5 92 97 12547 846 2909 1032 0700 8040 92087 124 7934 5312 03013 1159 665138
8 2 3 4 5175 09 82 5 8 12 9 2 0 0 20 8 4 2 9 8 1 987 16 40 0 5 77 40 33 829023 923 2124 559
039 125 5 8 40 8 4 88 86 9 1 82 987 1984 25 8612 12 4 963 14 1255 12 3 5 1289 37 415 64 5516 8739 8911
11383 1765 25655 8909 5121 0 4 68 90 88183 810 8902 8017 4095 4443 16995 044 5884 2330 03266 1803 350090
1 0 3 4 5883 40 38 5 5 12 9 2 7 8 28 9 2 1 4 5 1 330 14 40 9 8 39 92 63 891423 557 5723 400
040 284 0 9 10 9 2 12 09 8 1 62 847 1714 15 8313 52 4 910 19 1815 96 3 5 9089 19 495 49 2648 8719 3089
11551 0130 13295 8717 5121 9 0 32 99 72109 885 8610 9029 0285 5418 78275 824 3134 5315 53513 1158 122198
1 4 3 7 5643 60 12 5 5 98 9 0 3 0 74 0 0 1 7 5 1 519 12 45 9 4 26 82 23 890089 125 8143 588
020 143 5 0 80 8 2 12 09 5 1 82 197 3416 19 2374 73 4 816 60 1285 12 3 6 1474 12 025 19 0545 4712 8962
02313 8035 65919 8712 0121 54 8 9 1 010 03 47 9 7 24 17 25 899526 638 8182 505
893 470 0 9 92 8 2 10 79 7 9 92 987 1214 50 9714 95 4 912 14 1215 12 4 5 1749 51 415 60 0905 8962 0861
12519 2189 83960 8869 5527 3 5 52 98 68906 810 8716 6816 1240 5413 52298 780 5572 0382 93203 1823 005899
1 9 3 4 3123 85 10 5 8 12 8 2 6 2 28 5 7 1 4 5 1 982 12 84 8 8 64 12 21 871229 106 8700 576
703 623 0 9 15 8 0 42 30 9 7 82 967 1275 15 2900 22 4 232 84 7235 17 3 3 4188 07 429 34 1145 1099 0992
56998 3739 14053 8965 5121 9 5 10 88 13102 815 8890 9286 1215 0479 18205 683 5134 5012 43915 1493 124199
5 2 0 0 8593 48 22 5 0 02 9 2 6 1 23 9 7 8 4 5 1 982 83 79 3 8 24 12 23 891275 223 0121 005
160 793 7 5 95 8 3 12 63 0 6 12 780 1054 18 2314 19 4 612 89 8315 18 3 9 1988 12 489 72 4148 7039 4902
18313 1135 13010 8712 8729 3 5 16 96 12352 817 6912 9717 1888 9893 22215 625 5180 7482 53769 1153 115881
9 2 0 4 2270 75 72 4 5 50 6 8 0 8 28 9 2 6 4 5 1 912 19 35 9 8 99 02 09 811228 128 0123 056
783 883 0 5 82 0 7 02 90 6 7 62 998 1204 55 9864 16 4 739 18 1295 12 6 5 1089 12 015 78 5095 8713 2997
16313 1165 18290 8910 5101 8 8 12 07 12182 047 8915 9812 7210 5678 15945 127 7134 7507 46910 1964 199090
5 2 2 4 9120 05 19 7 5 32 0 0 8 0 28 9 7 2 7 3 0 816 89 44 9 9 24 62 63 191203 124 0123 556
623 135 8 9 91 0 5 80 49 8 1 88 535 4214 10 2415 05 3 972 29 5278 92 3 5 0286 16 510 62 5900 8813 6981
12313 7035 07915 8710 0427 2 5 92 90 99166 555 8912 9812 0210 6413 92705 624 3134 0802 59005 6153 095388
1 5 0 4 8074 00 99 8 6 22 9 2 0 8 25 0 2 1 5 5 8 990 79 45 9 8 24 71 20 098523 099 8729 366
123 177 5 8 90 0 2 26 89 7 6 08 888 9294 15 9944 02 9 518 04 7049 80 8 8 1269 19 415 12 2649 0892 8302
82816 7135 19808 0616 8170 7 5 12 94 11312 919 3944 9816 3214 8200 16210 984 5190 5317 84003 1103 823978
9 4 3 8 5143 39 88 5 9 12 9 9 0 5 28 9 2 0 6 5 9 912 72 07 9 9 01 52 21 791287 729 8143 588
924 120 5 9 18 8 2 16 89 5 1 89 987 1804 13 7319 19 4 598 89 1270 42 6 0 1589 32 025 62 2745 8787 7773
12179 1180 61835 8712 8129 3 5 32 90 12829 015 8984 1092 1715 5463 82055 190 0138 9960 53213 3153 100194
1 2 9 4 7023 45 12 5 1 92 9 7 1 4 67 9 2 7 4 5 9 912 62 45 9 5 22 18 47 479253 128 0103 556
598 172 6 9 62 2 8 10 85 3 7 80 037 1214 18 0814 02 4 902 14 9215 44 3 5 3689 89 825 58 2725 8752 9512
12319 1739 03030 8780 9120 3 5 12 28 92902 825 7972 9411 1015 5693 09215 024 4742 5390 54353 7870 135810
1 2 3 8 5823 55 64 5 5 42 9 0 9 8 21 9 6 6 0 5 2 412 12 65 9 8 84 16 27 898523 824 8129 559
099 180 8 9 16 8 2 19 89 8 1 89 787 1814 10 2508 12 7 712 04 9214 32 9 5 6887 19 855 42 7147 5710 8919
10324 1839 13258 7795 5189 8 9 09 97 12108 815 8910 8992 1718 5413 58215 954 0194 2912 79213 1473 625198
1 9 3 4 5104 55 82 5 6 89 0 0 0 1 38 9 0 5 4 5 1 430 02 47 9 8 20 07 03 882625 194 9128 593
50 123 5 9 66 1 6 15 89 7 6 72 987 1514 15 5359 19 9 968 84 9210 16 3 0 0209 17 415 26 7134 8071 4382
12753 9177 19985 6715 0529 3 0 12 88 55197 565 9912 9832 6285 3968 70205 214 5130 0342 83817 0153 220596
4 9 3 4 4799 49 17 5 5 17 9 2 5 1 08 9 3 6 6 9 7 218 10 95 9 8 55 88 24 967978 184 9123 486
803 603 8 4 10 9 6 02 99 6 7 92 087 1278 65 2084 62 4 922 46 1016 12 3 5 1809 02 010 10 0145 5763 6417
10813 1104 73215 6812 8130 9 5 12 08 12192 817 8936 9832 2710 5433 12975 724 4937 3979 53023 9153 865188
9 5 8 5 5100 85 12 5 5 12 9 0 9 9 03 9 9 6 4 5 9 718 18 48 9 0 27 18 23 891283 623 0173 834
135 120 0 9 16 5 2 12 89 0 1 82 397 2012 95 7306 03 4 908 60 9248 15 6 5 7289 12 418 12 0605 7706 8967
17018 9906 08207 6919 5701 8 5 12 68 82022 811 6980 9914 1205 5003 94012 160 5134 0316 53663 0998 421505
1 8 9 0 5103 65 10 7 3 52 9 0 7 1 46 9 2 1 2 8 1 212 94 45 7 6 24 15 26 877923 128 4900 556
223 128 5 9 17 8 2 09 89 8 1 62 968 6410 95 3804 42 9 910 14 1915 99 3 5 1289 12 415 40 9145 8518 8282
12509 3839 17235 8712 0029 3 5 82 96 32854 805 4016 9813 8035 7416 11959 829 5139 0604 80058 1766 150179
8 5 5 6 5129 45 18 5 5 12 9 8 9 1 29 9 8 4 3 5 1 994 90 35 8 4 24 79 06 891909 176 8983 798
423 167 9 9 12 8 2 10 89 7 1 02 587 0210 14 2304 29 8 812 04 8215 20 0 5 4289 78 055 12 2005 8712 8012
12396 9600 73019 9512 3191 5 0 82 98 15460 885 8972 0652 4219 5413 50315 176 2039 5046 53200 7899 125199
1 9 4 4 5926 40 42 2 5 10 8 9 0 1 28 9 2 1 5 8 6 589 16 45 9 8 24 12 50 791223 129 3183 729
763 189 0 0 52 9 2 36 84 0 1 72 887 0904 80 2319 90 4 912 14 0214 62 7 2 7283 22 014 14 2505 9756 3717
82317 1838 96788 8702 1198 3 3 52 88 02158 865 8902 9412 2282 2419 60015 167 8164 0318 33618 1358 870008
0 0 9 7 8393 85 82 5 9 10 9 2 5 0 28 7 2 1 4 9 9 010 10 75 0 8 24 82 23 278229 904 4923 506
176 157 4 0 19 8 2 15 88 0 1 82 707 1214 75 2927 02 6 912 83 1853 12 3 5 1249 66 016 48 2157 7558 8915
10713 1130 68830 8712 5921 3 0 72 08 10302 975 3105 9817 0455 0993 03275 104 5934 5302 53289 9850 128199
8 7 3 5 5973 45 02 5 5 14 5 0 0 1 58 6 2 1 0 5 9 916 17 45 9 8 20 82 23 838923 614 8206 056
173 185 5 5 10 8 7 50 89 4 9 82 961 3415 17 7014 12 4 362 16 7815 02 0 5 1209 90 485 92 2185 8712 8908
19713 9087 88230 8072 4104 9 5 82 98 02852 897 8912 2822 4965 9613 12222 224 4354 8418 45210 9160 818198
5 0 8 7 5543 97 12 5 9 92 9 2 0 0 28 9 2 1 5 0 1 932 69 45 5 8 08 90 23 878920 924 8173 580
326 126 0 0 68 5 0 07 80 0 2 92 989 1274 64 2314 55 4 059 13 7418 45 3 5 1285 62 415 95 0837 8462 8948
92318 1895 65216 8010 0028 3 5 72 38 12707 190 8012 9412 1208 3011 72265 144 5138 5317 07213 1182 825192
8 2 0 0 5103 75 88 3 9 92 4 2 5 1 58 9 2 7 9 5 6 889 12 55 6 8 24 92 63 891221 129 8183 556
928 153 9 8 02 9 2 14 96 9 1 70 287 9944 15 2371 02 9 772 44 1215 10 3 9 1267 19 415 14 0145 8719 8092
14390 5845 03885 8702 4921 9 5 15 92 66735 015 8899 9862 2292 0603 12905 124 2834 5882 77253 4183 077676
5 7 8 4 6123 45 16 5 8 18 8 2 2 3 28 0 2 1 2 5 6 912 10 45 9 8 26 14 23 891306 124 3023 597
742 823 5 0 12 8 0 10 83 5 6 49 187 4814 13 7384 62 4 955 10 1557 10 8 5 9689 12 619 37 2163 8717 8708
02319 4493 83905 5712 9129 3 4 14 60 12852 899 6909 9912 2015 5090 42205 199 3334 0312 53249 1953 749108
0 4 0 9 5023 45 18 8 5 17 3 2 8 4 02 9 9 5 8 0 1 998 04 45 8 8 74 12 29 094295 129 8183 598
80 017 0 8 82 8 0 05 80 2 8 92 995 1004 13 2317 16 4 937 84 1219 12 3 5 1286 12 790 16 2189 8710 8616
16390 6070 08001 8780 5120 5 8 92 98 75772 848 8912 7955 1015 8319 77716 129 5594 0317 73583 1103 928198
8 2 3 5 6000 03 82 5 6 12 9 7 1 1 08 9 2 1 4 5 1 677 12 05 9 8 44 12 23 899290 184 5123 554
183 883 3 9 00 5 5 12 87 8 5 72 759 1914 95 7394 92 4 882 14 1216 70 9 5 3209 10 214 62 0750 6774 1919
12313 1134 13215 8012 0101 3 8 12 79 29152 825 1050 4868 9995 5013 18205 729 8834 4316 53489 1796 125560
8 2 5 4 9646 49 42 5 9 02 3 0 4 9 28 9 1 1 0 5 1 910 12 41 0 8 24 12 29 991093 825 8123 516
028 128 5 9 79 9 2 12 81 0 1 80 389 1274 15 3714 83 2 992 97 1878 99 9 0 9297 24 415 30 2149 0382 6718
26339 9396 63090 8149 0071 3 8 70 92 52182 719 8812 8352 7287 5813 30227 520 5366 8302 53219 5096 107195
0 5 6 4 6124 22 18 5 5 92 9 2 8 9 21 7 9 1 4 8 4 079 79 43 9 8 90 87 04 771268 074 8103 783
103 120 5 9 15 8 2 02 29 0 7 07 917 1415 15 2300 02 5 912 79 5213 18 1 5 9268 12 775 64 2145 6750 2905
12013 6494 73910 0814 5127 0 6 98 98 02369 801 7982 0810 1205 8643 82215 194 8039 8893 63010 7189 155209
7 1 6 7 5125 80 16 5 6 12 3 2 0 1 78 9 2 3 7 9 1 089 97 68 4 9 24 79 33 888088 137 6895 556
323 556 9 8 12 8 2 27 88 9 8 80 997 0894 65 8014 12 4 914 14 1210 02 4 5 1889 55 395 19 7075 4002 0912
19010 0138 50995 7712 6321 3 4 72 98 12182 895 9903 9803 1288 5713 10034 124 9109 5360 53613 9703 096798
1 3 5 4 8933 48 52 7 0 12 3 1 3 1 58 3 9 6 4 5 0 012 69 60 9 8 22 02 43 891220 704 5593 557
727 823 5 8 69 8 7 18 24 9 7 82 682 1514 85 2054 02 9 914 16 1019 10 3 4 1589 12 085 12 2855 6017 0992
97213 1139 13415 6762 5120 9 5 72 90 79077 814 8610 9050 1809 5488 12013 124 5030 0290 53203 1153 005537
0 5 8 8 9823 40 82 5 5 12 7 7 0 0 38 0 7 9 0 5 1 805 02 45 9 8 04 12 23 835020 924 8120 550
171 543 0 9 82 8 7 05 80 8 7 82 920 1014 19 2394 82 9 685 08 9310 74 7 8 0885 17 465 93 5156 8732 8008
17703 9083 05200 8717 5121 3 7 10 98 90192 810 8072 6202 1088 3800 14217 124 7136 9712 08214 1053 505164
1 4 3 4 5623 90 19 0 5 12 7 2 0 2 24 6 8 1 9 5 1 312 07 45 4 4 24 18 26 696973 125 8483 796
273 728 3 9 12 8 2 92 76 7 2 88 087 1204 15 2306 93 4 990 17 1511 12 9 8 1287 80 485 02 5125 7718 8082
22787 1808 60235 8019 4789 4 5 05 38 11092 888 8912 0830 1410 5413 62215 124 0404 5312 55271 1502 305149
0 6 9 4 0173 48 12 0 8 12 6 2 8 1 78 9 9 6 0 7 7 994 89 45 7 3 49 92 43 801220 124 2193 556
123 103 4 9 12 0 0 12 89 8 1 80 487 9008 05 9314 12 5 902 74 5205 12 3 9 1007 19 455 12 8146 4712 8879
92313 6194 97215 8778 5121 0 0 49 76 13175 019 5917 9412 3218 5698 12215 106 5098 5414 53906 1609 175098
8 2 4 4 5700 85 96 5 4 50 4 8 5 1 28 4 2 1 4 7 1 812 69 25 9 8 47 72 98 896278 224 8764 516
200 124 5 0 12 8 2 00 10 7 0 64 898 8214 15 2374 12 4 505 44 2605 12 8 3 1389 97 408 10 3107 8613 3311
80946 8195 68915 8712 5148 3 0 70 70 50504 819 8510 9818 1860 5003 09860 905 5139 5319 83213 0143 029044
1 0 7 4 6680 05 08 5 9 12 9 2 3 7 20 9 2 0 4 6 1 912 65 90 9 8 22 12 03 391053 124 8123 056
123 525 5 0 56 4 2 60 89 8 1 02 687 8264 15 5314 02 4 912 14 1900 10 3 9 1847 12 415 72 2555 8752 0492
12314 0060 70562 8570 5031 6 0 10 37 12462 800 0990 6862 1295 5463 92215 809 5164 5592 53244 6156 805098
1 9 1 8 5123 45 95 5 5 12 9 2 3 3 40 0 9 7 5 7 1 959 10 09 9 7 20 12 29 471773 106 9128 356
50 577 6 6 55 8 8 17 82 0 1 87 638 0090 17 9393 03 8 936 14 5518 52 6 5 1297 22 455 87 0045 9642 2012
12313 9175 19885 9882 5727 3 7 12 90 12492 815 8000 9812 1215 9413 62965 225 8134 5375 60216 2168 180054
4 6 3 4 0113 45 83 5 5 52 5 2 7 0 24 9 9 4 9 9 2 926 12 65 9 0 24 72 29 099690 124 8072 536
696 543 8 6 57 8 0 97 89 9 6 87 987 9238 15 0856 92 7 962 14 0867 10 3 9 4489 92 915 07 0780 8717 9012
62330 6130 13295 8012 0728 3 4 66 78 10092 812 8957 9612 0220 0312 72218 124 5468 0312 80843 8753 426195
9 2 8 0 0223 05 99 5 6 40 9 7 6 4 88 4 2 0 4 5 1 000 12 45 9 9 06 12 29 701220 022 1185 256
921 183 4 6 39 7 5 02 80 0 1 82 987 1254 15 2916 10 4 712 14 4015 40 3 7 9689 19 975 18 2415 8712 8512
15913 3235 74488 8482 5721 3 0 12 97 18902 085 0929 9818 3735 0015 82219 124 9191 0192 53817 1720 176178
1 7 8 0 5123 46 69 5 2 11 1 2 6 1 98 9 5 1 0 7 5 512 02 45 0 8 50 97 98 900228 184 7407 550
196 929 5 4 52 8 2 19 04 3 1 82 087 6218 40 8314 97 4 662 46 1407 17 3 5 0289 13 816 12 2755 8080 8913
02913 6065 03109 8352 2121 0 5 02 68 27095 815 8714 3952 1565 3010 12095 147 8104 6978 58244 1858 175968
1 9 9 4 5193 43 12 5 5 12 1 2 4 1 20 7 0 8 4 5 1 912 12 47 0 4 24 56 43 897236 124 6123 557
193 628 5 6 12 8 2 12 89 6 9 93 447 1914 14 2318 97 4 912 14 1112 82 8 5 8289 12 606 90 2145 3012 8912
72010 0135 63885 8702 9041 3 7 19 98 12186 805 4912 0049 7215 5583 12215 143 5104 9652 07255 1962 155964
1 2 3 0 5123 75 37 7 4 12 7 2 9 7 67 1 2 6 8 5 1 322 06 00 7 4 54 72 20 836927 944 8300 853
128 120 8 9 10 0 2 02 89 5 1 82 977 1044 65 6684 10 4 630 87 0215 19 3 8 1882 14 415 02 7145 2918 8922
12313 6139 30445 9712 0720 8 5 52 99 19614 815 3312 9500 0216 4413 10215 664 5530 8312 59813 1153 875108
0 6 3 4 3003 40 15 5 5 68 9 2 8 1 20 9 2 1 0 7 1 902 09 05 8 0 25 18 63 890746 724 0193 566
575 174 0 0 19 8 7 70 49 9 4 74 287 1203 17 0904 92 8 812 14 1135 12 3 8 0066 82 715 38 0445 9052 8589
50317 9585 80218 6902 5194 5 9 12 98 10189 925 0612 9862 1845 8410 10260 884 0160 2316 08210 2953 620108
1 0 0 4 8978 40 18 8 5 07 7 3 4 1 68 8 1 0 0 5 6 650 12 03 7 6 84 01 39 851253 624 0125 546
179 929 6 7 04 7 2 98 89 9 1 89 987 8614 77 2014 22 4 210 84 4265 92 3 5 1980 16 082 02 2145 8712 0002
10085 1060 13079 7792 0481 0 5 19 00 49807 019 8910 9815 1215 5418 62815 104 5178 6915 33013 1692 127198
1 8 3 8 4153 75 02 5 9 82 9 2 5 6 28 1 9 6 0 3 1 903 02 45 9 8 24 12 53 879229 868 8833 066
729 125 0 5 12 8 2 32 69 9 1 86 307 0202 18 2484 10 9 910 64 6039 07 6 5 8959 12 410 12 8145 8760 6972
85307 7635 76445 8760 5620 7 8 14 08 86688 915 9369 8966 4219 8012 12407 324 5784 7012 53098 0050 528090
1 2 3 5 5620 55 02 5 9 10 8 0 0 1 24 6 2 1 7 0 1 993 93 05 9 6 24 92 26 595225 124 8803 586
465 023 6 9 52 6 9 32 89 4 1 80 277 1374 85 7334 12 4 919 88 7715 14 3 8 1557 06 455 94 4194 6018 8992
90919 7135 79215 0710 0321 3 5 62 95 12142 405 8000 7862 0614 9710 01275 124 5134 6812 93617 9090 765807

18318 9830 13493 8762 6601 5 8 12 68 12852 006 8502 9842 9017 9517 12215 134 0478 5216 53217 7556 127193
9 0 8 1 0823 09 10 5 8 72 8 2 6 9 25 6 8 7 0 5 1 969 48 06 9 0 20 11 03 856393 094 8023 585
163 123 9 9 42 9 0 12 75 5 1 42 900 7934 15 6364 82 4 919 99 1235 10 3 4 4869 12 810 06 6177 8049 8909
02708 1003 03015 8912 8621 7 9 15 38 02172 010 9912 7812 5035 8413 62217 024 5394 0552 59713 9136 138489
7 2 9 8 5027 45 12 5 7 62 9 2 9 9 70 6 2 9 4 5 1 812 12 83 0 7 24 12 69 890723 894 8933 796
57 923 5 4 62 7 2 72 09 4 2 82 958 3014 19 0314 28 4 915 14 9085 92 0 4 8958 92 319 66 0197 8786 8302
14349 1275 16770 8475 5401 3 5 12 98 42112 864 3911 9842 6215 5413 02015 720 5603 6317 15211 8153 245043
6 2 7 4 5163 75 02 0 5 15 9 2 0 6 27 9 2 5 4 0 1 980 18 50 9 0 94 11 33 891489 129 8123 456
023 223 8 9 39 8 0 12 07 3 1 82 987 1750 15 8086 15 0 942 24 1115 13 3 5 0289 12 018 61 2145 6296 8080
16908 5039 13915 9798 7127 0 3 12 96 92855 845 0012 9012 1214 5023 52215 020 2706 0012 95898 1153 120190
1 5 3 4 5728 05 17 8 5 56 9 6 9 6 88 9 2 7 4 5 7 317 19 45 6 8 23 12 98 801009 004 0123 058
103 143 5 9 12 7 2 52 89 6 1 62 987 1275 82 2015 82 1 510 18 0050 12 4 4 1928 12 415 32 2300 8715 8410
62378 4532 03050 8902 5181 5 7 48 44 02117 005 8047 9712 1270 2443 12816 029 5138 5412 53897 0153 167748
1 2 7 0 8173 45 95 5 4 12 9 8 8 9 78 5 2 1 4 6 1 972 12 79 9 8 24 16 77 681223 429 3488 576
223 003 6 7 19 5 2 12 80 7 1 80 087 1784 98 9900 15 2 942 85 8017 10 5 7 0009 76 486 82 0147 8772 5912
12093 6130 13219 8280 5546 7 5 52 20 18886 865 8906 9515 1205 0013 12819 928 9137 0591 06810 1153 725198
1 2 3 4 3103 05 14 7 5 15 0 6 7 6 26 5 2 4 4 5 9 614 10 46 6 8 29 10 28 831653 746 7425 500
163 580 8 8 09 8 8 02 01 1 1 82 980 1212 65 2494 82 4 986 90 0285 22 5 5 1704 07 463 52 2746 8482 9912
90717 8335 03288 8729 0121 3 0 12 48 11502 705 8958 3499 1615 6631 19065 527 0138 5368 50513 1178 224198
1 2 7 4 0633 40 12 5 7 17 7 9 6 8 28 6 6 4 4 0 8 919 12 66 0 9 80 42 23 091900 804 3923 548
683 163 5 9 80 8 2 82 53 0 4 87 087 7816 11 5910 14 4 939 18 1915 09 8 4 1869 12 010 07 5900 5975 8912
74093 9105 23075 8111 5406 6 0 12 90 76705 145 8907 1910 1215 5648 02205 124 5084 8812 93228 1195 825158
1 6 8 4 5923 45 16 5 5 82 9 6 7 3 68 0 2 1 4 0 1 912 10 00 9 8 06 32 83 881207 224 8125 576
828 079 8 9 62 0 2 12 89 4 6 02 392 1218 02 2314 12 4 699 95 1210 02 3 5 1689 18 402 12 7175 4717 0015
40333 7335 13219 8012 0181 3 5 12 98 19132 865 8912 9818 3616 3813 18245 620 5174 8622 53013 1855 785128
5 2 0 0 5173 45 17 8 5 16 1 0 4 1 28 5 9 1 8 2 9 965 10 97 7 8 74 76 66 890965 094 4493 456
183 749 9 9 12 0 0 82 89 8 0 80 299 9210 05 2814 82 9 016 14 1939 75 3 5 1609 02 065 19 5065 4752 0712
12309 1103 93753 6712 5961 0 0 13 08 82148 055 0892 9766 1305 5739 53218 158 7184 8342 03208 1143 195191
0 0 3 4 8123 41 15 0 5 12 8 6 4 0 20 9 2 5 5 3 5 044 72 65 0 0 24 00 50 897218 624 7983 506
123 503 5 7 59 7 9 13 89 1 6 52 857 6210 15 2913 02 6 908 97 1915 12 3 5 1276 12 305 60 8845 6412 7396
19013 1070 04719 8825 5123 3 5 10 58 42342 815 6992 9912 1985 9013 02297 524 8875 3339 52437 4170 965990
1 2 0 8 5104 84 64 5 6 82 9 2 7 8 07 8 9 1 6 5 2 990 12 95 9 2 38 92 03 297490 324 8873 266
167 199 6 9 90 8 6 12 09 4 1 92 987 0294 60 2310 33 0 006 04 2200 89 7 5 8054 10 415 10 2136 6902 8012
1 2 6 4 1123 28 82 4 9 12 6 6 5 5 27 9 2 1 4 5 1 905 82 85 9 8 97 15 93 090205 424 8603 579
603 128 4 0 18 6 2 02 29 8 1 02 687 3274 65 9314 12 4 911 84 1005 99 3 5 1256 10 415 10 9446 8908 6603
12323 7373 17075 7019 5131 0 5 02 08 82120 012 8480 9814 1265 3613 85280 624 0138 5810 03292 1160 125190
9 0 5 0 2143 75 15 8 7 12 6 2 7 1 30 3 5 1 6 5 1 810 14 50 9 9 45 12 22 846053 124 2423 956
49 003 5 6 12 8 2 85 89 9 7 02 988 1214 86 0704 62 0 172 64 1525 12 3 8 1988 19 410 12 4145 8702 8416
06343 1130 99279 7207 9742 3 5 62 99 12149 819 0957 9802 1508 0813 17895 624 9134 0894 53917 8207 129198
9 5 0 9 8190 49 58 5 5 02 9 2 0 9 86 9 0 1 9 8 8 916 69 40 9 7 20 42 28 099893 504 6183 555
043 123 5 9 39 8 8 06 89 6 1 80 760 6014 19 0316 42 8 818 14 8675 60 3 7 1209 19 485 12 9045 0712 4919
82863 1139 71265 5745 5229 3 5 26 37 02708 810 8980 9979 1281 0004 02275 024 5184 5304 03013 8653 125890
5 9 9 4 5773 40 60 5 6 19 9 8 0 9 28 9 0 3 3 7 9 978 92 48 9 9 29 82 15 890545 607 0513 099
953 028 4 3 15 0 2 19 49 0 7 82 285 9716 05 2300 70 4 999 16 1244 17 9 0 7380 17 495 02 2955 9116 0732
62813 7105 17495 8591 6124 9 8 17 78 57982 885 9509 9919 1235 5443 80366 150 5134 0312 33613 0053 125093
1 2 3 4 6123 87 12 6 6 59 8 7 0 1 93 9 2 7 8 7 4 872 12 48 9 8 80 20 24 897203 024 8103 854
123 623 7 8 92 8 4 12 87 6 5 62 880 1484 86 2064 72 8 882 10 1016 08 3 5 1757 82 448 02 8540 9526 6011
17354 2035 13485 8012 2171 5 5 72 27 12192 845 8995 9807 1837 5416 52477 524 5034 5171 59613 1853 045718
1 0 5 4 3724 46 13 5 7 06 0 9 6 0 04 9 0 1 0 5 1 612 12 43 9 8 24 02 23 691433 129 9120 550
730 154 5 6 17 8 8 72 09 0 0 80 997 8214 15 2917 42 4 910 47 0275 92 3 7 1789 12 800 12 2100 4796 8912
00590 5085 13292 8649 5169 3 0 12 99 12102 925 8311 0822 8231 6413 92010 124 5939 8372 28219 1953 135098
1 2 0 4 5183 83 12 5 0 04 9 9 6 1 68 9 0 9 9 5 8 912 12 55 5 7 28 89 33 971267 684 7183 706
823 919 5 0 10 8 5 06 88 0 0 82 986 8294 15 0791 92 4 972 08 5235 99 3 0 1709 92 882 89 2745 8712 8239
12390 1135 13605 9762 5026 6 5 32 48 00100 855 6812 8811 1215 5413 98265 164 7138 6386 38613 1324 655198
1 5 3 4 5127 45 42 0 5 09 8 2 0 5 28 8 2 0 4 0 1 918 00 97 3 8 74 12 80 856261 179 8828 556
123 142 5 0 82 8 7 19 83 4 1 42 484 1214 15 9649 32 4 911 17 9718 02 0 9 9889 12 426 10 2046 8011 8332
19552 5005 13076 8772 3821 5 5 10 80 79172 675 5716 9776 1615 4713 07205 924 5164 5410 53213 2839 029197
5 2 3 4 9703 68 78 3 5 14 4 6 2 9 98 0 6 1 4 2 1 934 62 45 8 7 76 62 23 868200 104 8123 356
123 120 5 7 12 1 7 12 50 8 6 82 986 1264 68 2014 17 4 937 67 3650 10 5 5 9280 52 437 92 2555 8949 8012
49452 1159 44915 0912 6064 3 9 12 97 13579 725 0982 6812 1218 0053 42985 124 0137 5342 53014 5153 828198
0 8 8 9 5753 45 10 5 5 99 9 4 0 1 28 8 2 1 4 5 9 610 10 57 9 6 84 42 13 999823 154 9680 290
173 229 7 9 12 9 2 52 89 5 1 87 878 1917 75 9510 92 4 710 19 9047 39 3 8 1230 12 435 00 2841 9019 8847
12313 1038 49215 9010 5171 3 5 12 03 72172 805 8002 9805 6805 5443 17259 124 5134 2492 03613 7150 146792
0 4 6 4 5163 45 92 5 5 77 9 4 6 8 28 9 2 7 3 9 9 892 43 45 4 8 24 83 20 890025 104 8126 356
123 123 5 9 16 2 9 72 09 0 4 42 946 0835 55 8340 12 4 682 24 1250 17 7 5 1998 32 905 92 2445 2712 8952
72373 1035 90037 8088 5791 3 5 49 41 12178 917 6922 0882 3715 7803 16040 628 5434 5383 49610 1903 021998
1 2 3 5 5125 40 12 3 5 72 9 2 0 1 78 7 8 1 4 5 0 610 96 46 9 2 28 19 23 008025 896 8128 556
149 947 6 9 02 8 2 19 79 8 1 88 720 4214 15 0964 19 8 819 30 1205 72 3 8 9909 12 115 19 7030 5089 8812
12319 6155 13215 8218 9121 3 3 10 60 47162 017 0040 4817 1273 5443 97215 984 5134 5313 44255 0100 725868
1 7 3 4 7973 43 08 4 9 02 5 9 2 6 28 9 2 9 4 5 1 465 84 43 8 0 26 18 23 801223 199 3123 071
08 629 5 9 12 8 9 02 79 0 1 62 987 1284 75 8314 90 4 317 52 1415 12 5 5 1289 47 410 52 7140 8712 8912
12313 8838 08719 8712 0921 6 0 92 85 86030 795 8748 9082 0255 0445 99011 678 5134 5773 53246 1973 525199
0 3 7 9 5468 95 77 5 8 12 9 0 8 1 78 3 6 1 2 5 6 946 92 79 9 8 26 27 26 891063 194 8164 674
173 199 5 0 19 7 2 65 89 7 1 88 457 6210 17 2994 72 4 912 69 0205 10 9 9 7098 02 415 12 2145 8762 3912
87370 5137 13295 4769 2601 2 5 94 68 62902 070 8918 9314 1815 8978 96295 029 0608 0339 52217 6423 125995
1 6 8 6 5197 45 92 0 1 17 2 6 7 1 48 9 2 1 4 8 5 980 09 45 9 8 06 12 20 890929 164 6853 740
128 103 6 9 42 4 9 40 79 0 1 82 987 1414 14 2164 10 0 902 47 1616 82 3 5 1281 15 664 00 2540 8752 8910
16313 1128 89290 8009 4122 3 9 24 98 56055 915 0906 9018 1265 5458 12410 122 5130 5782 52213 0990 125898
9 2 9 0 5583 43 02 0 5 32 9 8 0 1 28 9 2 3 4 5 0 812 10 00 9 8 23 92 20 891200 188 8077 004
693 176 7 9 12 8 2 96 65 2 1 84 977 2298 06 3016 82 4 010 14 1215 90 3 6 1180 02 414 10 2145 6910 8112
12886 1988 10228 1750 5329 3 5 69 59 66342 815 8918 9509 9245 5447 18945 164 6138 6317 75918 1158 124008
1 9 9 4 5123 40 37 0 0 92 9 5 3 1 38 9 2 1 8 0 8 712 82 05 9 1 74 57 23 061827 124 8443 050
123 720 5 9 77 8 6 12 09 9 1 70 068 1784 45 2909 43 4 019 10 9215 17 0 5 0794 17 819 87 2145 6010 8953
60993 1435 17210 3712 5222 3 7 12 98 72109 775 8795 9808 3290 5003 12083 184 5114 5412 01203 1153 020394
8 1 3 5 3123 59 49 8 5 12 9 6 0 1 28 9 6 1 4 5 1 906 12 45 9 8 78 52 27 591087 124 0423 556
326 123 9 9 12 8 0 15 09 5 1 80 097 8194 05 6314 82 7 910 19 0315 02 2 9 9289 62 215 02 9995 4782 3918
85313 1195 17918 8879 9087 6 0 10 98 37808 815 0815 9512 1217 4017 17254 120 5104 4597 73210 1193 155978
1 2 3 5 5961 05 02 5 5 19 9 2 9 9 25 9 5 1 4 9 2 912 95 45 1 8 25 59 43 381223 629 8197 507
409 127 5 9 10 5 2 92 99 0 7 76 987 1294 81 2314 89 5 496 13 1775 18 8 0 1359 10 315 14 5101 9722 8705
17963 0939 10215 8719 7921 3 7 08 97 12876 835 8018 9919 1215 2013 12915 125 9134 5512 53297 1873 725698
1 2 3 0 7193 48 92 4 9 12 6 2 8 1 28 9 0 1 7 5 4 712 12 41 8 3 85 18 21 093226 129 0114 556
026 128 5 9 12 8 1 67 88 7 1 22 908 0264 17 9317 15 4 922 55 1217 32 9 4 1256 16 415 15 0195 8928 8912
12513 4935 17745 8169 5128 0 5 98 90 02942 686 8912 9697 1815 5414 12019 354 0174 1392 53917 7053 125698
1 8 3 2 5663 68 12 5 9 13 7 2 3 1 79 9 7 1 4 0 6 902 00 45 4 8 27 17 88 891080 964 6189 796
133 623 5 9 92 8 2 92 89 3 1 72 488 1983 70 8419 14 4 902 88 1210 45 3 8 1284 91 295 82 0165 8902 9872
02310 1075 40292 8760 9170 3 5 80 28 16292 095 8692 0819 3245 4423 02510 104 2902 5355 52213 1800 127194
6 2 3 4 5027 43 12 6 8 12 5 6 8 1 98 5 7 9 0 5 2 489 82 58 9 0 24 18 33 895693 024 7143 458
020 123 3 5 12 5 2 71 05 0 8 00 564 9014 15 2133 12 7 672 46 5574 32 0 8 0289 92 419 19 0049 0748 8970
12363 0115 09816 6542 5021 4 4 72 98 15122 689 8098 9812 5215 5113 19595 184 9137 3302 53203 9354 025101
9 2 5 8 5828 48 12 9 9 17 6 2 6 1 28 5 2 1 9 5 8 912 10 45 6 8 87 88 08 891268 129 8329 070
923 026 6 4 19 8 0 12 89 6 1 80 973 1296 18 9016 42 5 910 11 2278 17 3 5 2779 80 485 97 8105 9863 8945
16818 1139 99880 8002 5128 7 5 47 98 12107 875 8012 5099 1219 4873 19218 194 7920 7662 68615 0503 106898
4 2 0 4 5393 90 42 5 5 02 9 2 2 1 41 4 9 1 4 0 8 919 12 43 9 8 24 06 23 897295 070 8509 856
09 152 5 4 12 5 2 93 83 1 5 82 087 1850 16 2354 10 2 457 22 1760 19 3 5 0989 19 415 02 8197 8702 4968
15872 8536 93100 8810 5128 3 7 14 01 62962 915 8942 9810 5227 0544 05905 028 0133 5082 93293 1459 203199
1 3 2 4 5160 78 10 0 8 92 7 2 4 1 28 0 2 1 0 0 1 902 19 60 9 0 26 42 58 851323 104 4720 956
188 163 2 0 12 8 0 12 42 9 4 76 985 6290 18 6814 22 4 912 66 1715 72 0 5 0270 12 575 12 6545 6792 8907
99303 1938 02836 8812 5246 6 5 19 06 12082 015 5079 9814 1319 5412 50215 108 5134 9969 03276 1190 327196
1 0 3 4 5699 15 81 0 5 46 9 0 4 2 28 0 0 1 3 5 1 672 12 20 7 2 84 45 43 340263 534 5023 583
350 123 5 9 12 8 3 02 00 0 7 39 288 1214 06 0314 13 4 019 10 7515 82 3 5 5382 82 410 12 2045 8712 0918
32366 3135 10216 8583 3171 4 4 15 98 42189 715 8610 9492 1285 5966 82219 824 5030 5382 99233 1163 675038
1 4 6 4 5167 49 12 9 5 10 9 5 2 8 28 4 7 1 4 0 9 910 32 05 9 8 24 47 26 904828 187 0423 576
092 133 5 6 82 8 2 82 86 3 1 66 947 6234 07 2310 98 9 702 24 1205 12 8 8 1880 68 755 04 6041 9410 1512
12310 1035 15298 8318 5730 3 5 12 98 08602 815 8916 9829 4985 5419 04911 104 7130 9012 53146 8056 525402
5 2 8 4 1533 57 12 9 2 42 9 3 0 5 98 9 7 0 4 5 7 810 52 00 7 8 14 17 29 090293 173 1923 596
169 115 5 0 97 8 0 82 09 4 1 82 984 3894 75 2397 18 8 909 10 9415 70 3 5 0688 72 409 99 2145 8710 5910
92413 2630 83515 8612 6781 3 5 12 95 93172 818 8302 9810 9797 5603 12819 506 5133 6312 67217 1250 425626
1 6 3 4 4329 48 52 5 0 32 9 2 5 1 28 4 6 2 4 8 9 902 42 35 0 2 70 38 23 890603 796 8123 590
129 873 6 9 08 8 2 70 89 3 1 80 576 8614 89 8314 17 4 962 04 9615 12 0 5 1489 10 872 25 5745 8750 8812
12410 1135 13940 0759 5824 6 0 64 08 67012 866 8952 6884 8282 6413 52900 579 3506 4062 73510 7353 185607
6 1 3 4 8923 45 73 2 5 59 9 2 6 4 08 9 2 1 1 5 7 919 12 50 9 3 74 72 24 896803 196 5183 156
142 105 5 5 10 8 5 80 89 8 1 29 785 2008 58 2624 18 4 777 04 1715 16 4 5 1249 02 088 06 2473 6072 0912
12319 1135 12166 8709 5121 3 8 69 47 15110 915 0012 0912 7214 5619 12017 029 5355 5362 97593 0153 729068
0 7 0 4 6128 99 17 9 5 14 9 2 5 1 87 4 2 1 1 8 0 993 82 05 9 4 25 52 90 887270 760 6056 356
820 006 5 5 12 8 0 13 59 8 0 62 487 1210 55 4317 16 7 882 14 7485 00 9 9 1259 12 416 62 2141 7510 8093
17373 0135 70614 8512 5100 3 0 72 98 99902 815 8032 0859 1258 5468 82204 726 6094 8512 44215 0188 025377
1 0 3 4 8420 85 41 9 0 72 5 6 0 1 28 9 2 9 7 5 0 912 12 46 0 4 44 12 93 891797 429 8130 556
167 683 5 4 12 8 0 19 12 4 1 50 987 6014 35 6594 32 4 771 19 1217 12 3 5 8289 77 774 12 2484 8912 7602
90383 1135 84685 5777 5121 9 5 19 68 82002 215 5914 3510 6219 9403 92205 124 0234 0392 58913 1786 120698
8 8 3 0 4150 95 10 5 5 62 6 3 6 8 20 5 0 5 9 5 0 625 18 45 9 2 29 52 23 691503 128 9583 556
176 094 5 9 82 8 2 16 09 0 1 82 982 1044 05 2369 42 5 573 64 1355 15 3 4 3289 16 495 82 2749 8767 6912
72318 9000 03215 8812 5966 3 5 89 98 17257 815 8952 3852 1275 5418 12015 624 5134 5302 75619 0109 145173
7 2 3 4 5125 40 12 4 6 19 0 6 0 9 37 9 3 1 0 9 0 812 12 49 9 8 74 17 23 001657 024 8129 706
024 133 5 4 72 8 9 62 99 8 0 05 084 0219 90 8504 17 4 516 18 1015 00 3 5 4089 12 805 62 3198 7716 9618
32366 1145 64582 7618 8427 6 5 16 48 86110 317 8882 9612 1200 8829 12285 103 7234 1605 85053 7157 105898
0 2 0 8 5129 45 15 4 2 82 0 9 0 1 28 9 2 0 4 0 1 916 12 45 4 9 64 62 23 891222 162 9076 576
50 193 5 9 14 9 9 12 89 5 1 89 880 8017 19 4344 10 7 010 16 1211 12 7 5 1887 02 445 10 2105 8692 7949
42597 1635 03015 8712 9171 3 8 12 97 58592 305 2958 9986 1508 6797 12815 726 5164 8315 87960 1150 155694
7 9 4 4 0021 49 12 8 5 08 9 9 6 0 21 9 1 5 7 0 1 910 02 91 9 6 29 42 93 081027 821 8620 505
973 129 7 9 42 8 3 02 70 0 1 85 685 2214 10 6317 19 0 912 89 1295 10 3 5 6309 02 085 14 2148 6712 0712
32363 9639 73795 5966 9005 7 6 12 98 30182 815 0912 9812 0210 8013 18219 104 5334 2360 50283 1253 129134
9 2 8 4 0734 45 15 5 2 12 9 2 3 1 90 6 7 0 8 5 1 282 12 45 9 8 24 92 20 860229 724 8166 056
923 844 7 8 07 0 0 12 89 9 1 82 785 1964 89 6814 12 3 760 80 4210 18 5 0 8005 72 419 12 6943 5910 8918
97357 1495 58915 8942 0191 3 5 72 98 17182 815 2060 7880 0210 7413 49249 140 5194 5539 93215 0112 737198
1 2 0 8 5103 75 22 5 5 12 9 7 8 6 90 9 2 1 9 6 6 915 24 05 9 0 36 12 73 891299 129 0808 556
423 520 4 6 14 2 5 87 89 7 1 90 844 1217 96 5944 92 9 895 79 9210 12 3 5 7279 12 415 14 2475 4002 8712
12613 5437 03314 9715 5101 3 5 15 88 68119 650 8919 8899 1815 7086 16235 048 5050 9072 03243 1950 125178
5 2 3 4 5026 95 62 8 3 12 9 2 0 1 08 6 0 1 4 5 0 892 12 90 3 9 98 42 27 891203 824 8880 580
173 125 5 9 92 6 2 10 48 3 1 82 907 5004 15 8090 12 0 012 84 0525 02 3 5 1239 12 416 12 2048 5212 0010
32313 4335 14230 8313 8825 3 5 37 68 84134 015 8952 9892 1254 6516 25215 157 5134 8398 60696 1152 905898
5 2 0 0 5133 08 82 5 5 17 9 2 7 5 68 2 7 9 0 6 8 504 12 15 6 8 24 09 23 998293 174 8928 976
163 723 5 9 72 9 2 12 99 0 5 72 986 1212 16 2506 00 0 758 01 9615 82 0 5 1480 12 410 90 2808 5815 8982
35326 6335 83915 8718 8028 3 0 12 90 12609 705 7918 8812 1715 6010 52915 005 5154 9312 83413 9053 185094
6 5 9 4 0763 08 78 1 0 10 9 2 9 5 24 9 2 8 4 9 0 716 10 45 0 5 24 92 23 096023 727 8423 555
143 124 5 9 52 0 3 12 90 8 9 26 097 7204 15 4019 14 7 612 06 3415 02 1 7 1289 86 580 87 2935 6947 8572
12918 4100 97215 3890 5153 3 5 05 52 12572 813 6912 5889 9613 5417 02082 724 8334 6939 03953 1152 057063
6 9 0 4 5129 45 76 5 9 62 7 2 0 1 26 7 9 1 3 5 2 412 20 49 9 8 21 05 29 090263 168 8123 586
946 188 4 7 12 1 2 15 49 5 0 90 668 5504 85 7318 02 4 999 43 6212 05 4 9 8279 12 006 13 0345 8807 9012
67813 6030 48816 2768 9209 2 5 10 57 82608 818 8912 9752 1713 5013 16285 120 5874 5890 83823 0153 105698
1 0 3 7 0528 60 08 0 9 92 7 2 1 1 78 6 2 1 4 6 8 119 02 94 8 8 27 12 43 891810 096 8375 956
073 920 5 9 42 8 8 14 79 3 9 89 088 5214 10 8314 18 0 109 84 1212 15 3 5 1285 60 815 08 0508 8782 8309
16317 7130 13215 8715 5731 5 9 02 20 19532 816 0310 9122 1095 9783 77225 128 8134 5312 53217 5953 428198
3 2 3 6 5127 25 02 8 0 10 8 0 5 1 96 2 2 1 8 9 9 926 87 45 8 7 99 17 03 897217 929 5524 576
023 123 5 9 92 8 4 16 69 5 0 80 983 3914 06 2914 12 9 582 28 1588 18 1 0 9259 12 275 02 2198 8416 4682
68517 6875 93315 5310 6081 3 5 41 98 12742 440 8912 9812 1589 5410 15225 104 0075 5692 59716 4163 727108
5 0 0 3 0103 45 12 5 8 16 5 2 2 1 41 9 2 1 4 0 9 912 94 49 8 0 86 89 33 891624 022 8183 949
926 698 0 2 12 8 3 15 89 3 1 82 397 1714 15 2300 89 4 870 58 1683 67 6 0 1307 11 765 10 2248 8012 1168
12333 1255 13715 8712 9701 9 5 12 98 13170 815 5924 9887 3920 5463 82226 829 3130 5368 13472 1103 125933
1 1 3 8 5189 98 12 5 5 12 9 8 6 9 20 9 2 1 4 5 1 902 12 05 7 8 04 12 53 805829 990 8882 055
50 123 3 9 36 9 0 12 00 9 1 82 707 1307 84 0339 12 4 996 24 1200 04 7 0 1459 92 715 10 2144 7712 5972
17313 9105 93215 8970 5693 2 7 79 08 12984 855 9972 9940 3204 5473 72248 121 5038 5910 53843 0659 725169
9 2 3 4 2297 46 20 0 5 00 1 0 8 1 28 9 2 1 0 0 8 012 52 48 9 8 84 50 43 001263 020 0100 507
793 687 0 9 92 8 0 97 68 6 4 86 788 1211 18 2772 19 1 912 84 2917 39 3 7 7289 90 006 01 0844 8752 8962
05013 6105 90215 9712 5021 0 6 12 65 05712 140 8012 6712 9807 5708 80010 070 5139 0300 03973 1853 795498
1 2 4 9 5923 45 30 5 5 16 9 2 3 3 28 9 2 6 4 0 1 910 68 02 7 7 04 12 20 841622 144 8422 656
823 023 8 9 42 5 2 08 87 7 8 87 780 9214 19 7304 62 3 962 04 1215 12 9 8 0289 12 415 52 3645 8702 8912
10316 8105 13215 9712 5121 1 5 07 90 17102 255 0912 2860 1285 5853 62247 364 5304 5012 07213 1055 325190
1 2 3 4 5302 05 12 5 5 52 9 1 9 1 98 9 8 4 9 4 1 919 12 49 9 5 23 11 90 897129 174 8429 554
123 893 0 4 66 8 0 12 30 9 5 61 981 1977 14 0311 15 4 715 16 1230 14 3 9 9289 62 355 12 6149 0510 9510
02303 1135 73285 8710 2926 5 1 18 57 62189 818 1312 9119 6201 8483 11210 000 5934 9352 83200 4153 625720
1 2 3 0 0173 15 70 0 8 11 2 0 7 8 25 9 8 0 4 5 8 016 12 95 9 0 09 42 23 891025 826 0123 586
123 085 0 9 42 7 5 42 89 8 2 82 930 7624 29 2788 72 7 807 94 0099 12 7 8 1374 98 025 73 2978 8607 8372
56318 6100 14268 9982 0011 0 5 22 58 15189 210 8962 9872 1616 5413 18839 158 3134 5082 03249 1059 825168
1 2 8 3 0121 40 86 9 5 11 9 2 0 1 28 9 0 1 4 9 1 767 16 55 4 8 24 02 73 861945 244 8123 589
666 091 0 9 02 8 9 12 85 9 1 88 957 5719 99 2314 19 4 512 64 2816 16 4 5 1785 19 915 60 0195 8322 8396
82304 1130 13618 8617 0131 3 6 12 90 02182 425 8012 9672 4908 5453 82285 614 5195 5332 07063 4498 075778
1 9 7 4 5193 55 79 6 3 82 9 2 6 1 28 8 2 1 0 5 5 918 00 05 9 8 68 12 72 952026 196 8125 908
127 093 5 9 62 8 2 17 59 6 1 92 987 0219 96 2394 76 4 412 10 2219 19 3 5 1999 22 418 15 9227 5062 0915
18343 1195 10217 8408 5794 3 5 12 90 82169 895 3712 9850 0275 5010 92595 964 5849 0865 97203 6153 124390
5 2 3 4 6123 39 48 9 7 62 9 2 4 8 24 5 2 1 7 5 0 910 15 45 9 0 24 12 20 471533 194 2893 596
183 123 5 9 73 0 0 92 09 0 1 89 679 3905 95 2514 10 8 012 83 7417 82 8 8 7289 12 007 02 2475 7742 8902
18373 1136 77985 9299 0127 8 4 52 98 13167 091 5920 3080 1269 5793 18029 100 5194 5802 50219 9353 487998
0 2 9 6 5123 49 66 5 5 94 7 2 4 1 27 0 2 8 4 9 2 912 18 32 7 9 25 02 79 898023 004 4923 588
128 873 4 9 12 1 2 62 89 8 8 92 610 1298 85 8014 52 8 908 59 0813 62 9 8 1269 83 415 92 2044 8702 8710
10213 1435 13215 8702 5900 3 8 12 95 62586 615 5962 2072 6216 5416 02007 124 0148 3316 53050 9155 197658
1 6 8 9 5026 85 19 5 9 12 0 2 0 1 24 6 0 5 9 5 9 812 02 16 3 8 26 17 47 991284 125 8783 356
169 180 5 4 16 8 7 12 02 7 1 94 907 1204 07 2394 25 4 802 14 1215 12 3 5 0083 15 438 02 9725 8713 3962
12018 1105 50890 6912 5191 5 8 12 98 12179 615 8960 9869 7085 1917 12215 124 0139 0310 50284 8150 825790
0 2 3 4 5020 60 12 5 2 75 9 6 6 1 29 8 0 1 4 5 0 712 54 45 9 8 76 12 20 253773 183 0008 501
526 003 5 9 00 8 2 09 02 4 1 62 847 1404 96 2910 62 6 907 17 8210 52 9 5 6807 09 215 02 5275 8712 9510
12087 0135 57099 8402 9125 5 5 19 98 72150 018 8942 9012 1215 5419 60294 178 0474 5719 94553 1953 135198
9 0 3 0 9553 75 07 6 5 62 3 3 1 9 30 9 2 1 0 0 1 912 12 00 1 9 08 12 23 431007 155 8353 556
59 120 5 8 52 7 2 18 89 3 1 83 787 1214 15 0304 12 4 912 11 1203 72 9 5 1279 12 415 92 3904 8210 0976
41585 4038 14019 2710 7947 6 0 92 90 02168 869 8972 6018 1865 5493 16211 120 9098 6810 53204 8659 025198
1 8 3 4 8189 40 72 5 5 18 9 5 6 1 38 9 0 9 4 5 1 848 14 83 9 8 20 11 93 885257 496 4923 556
629 929 5 9 00 8 8 72 33 6 0 42 977 1074 50 2344 96 0 612 70 1089 87 8 0 9290 22 065 62 6140 8012 8993
66317 5135 13755 5716 5601 3 0 62 98 17102 815 0812 0012 5215 5810 52615 191 0339 5942 58803 0150 185799
4 0 3 0 0723 65 32 5 7 87 2 2 6 1 28 3 6 0 4 0 1 912 12 95 9 4 24 12 26 891525 124 5123 509
921 823 5 8 12 8 2 12 89 5 0 30 387 6016 17 9180 02 7 912 10 4265 22 1 0 1287 62 809 02 2148 9012 9971
12383 6134 13200 8044 5121 0 0 18 98 32168 853 0912 0030 1215 6420 05297 124 5154 7317 33113 0056 718698
1 8 9 7 0639 45 10 8 5 19 9 9 6 9 28 5 8 1 4 5 4 396 17 05 9 9 79 92 23 060002 124 9929 556
183 120 0 6 58 0 2 12 85 2 7 24 984 0618 99 4319 79 4 932 94 9219 50 5 5 1789 12 465 12 4140 0532 8946
11003 5333 13215 9817 9160 6 9 17 88 11182 813 8902 5752 0285 5917 32210 128 6134 5362 53203 4073 105116
2 2 3 9 0423 65 10 7 5 12 9 3 7 1 08 8 2 1 5 5 6 912 65 45 8 8 79 02 50 699223 364 8628 586
927 903 5 9 16 8 4 12 89 3 1 82 207 0217 15 7604 12 4 915 14 2786 16 0 5 1936 18 615 02 5145 0610 6917
10016 1054 05302 5192 5051 3 0 16 98 00019 818 8515 9519 6775 2416 12206 127 7136 7313 00263 1163 102894
1 2 3 9 7183 86 15 6 5 07 9 2 8 1 57 0 7 7 0 6 8 789 10 70 9 9 66 16 03 094423 045 8470 364
023 053 5 0 12 8 3 17 79 7 1 82 987 8598 50 3317 42 1 990 05 5710 03 8 5 6979 18 475 98 7190 4790 8827
00873 0060 93206 6917 5544 1 9 02 88 32662 967 8519 9813 4210 5403 15535 024 9191 0368 08217 6158 125095
1 0 0 8 5193 40 19 5 5 18 9 2 6 1 69 4 2 7 7 2 1 913 70 45 9 8 34 92 73 391023 795 0971 550
423 983 7 6 82 8 2 67 88 3 7 82 987 9014 18 2818 12 4 932 94 1055 59 9 5 2229 30 410 16 4775 8618 8818
72010 7100 13265 9712 9783 5 0 57 58 12992 318 0918 3912 1845 5453 82985 108 7698 5918 83713 1102 641198
9 2 0 7 0420 45 13 5 5 82 9 2 8 1 28 9 2 6 4 2 8 812 97 45 9 8 74 80 26 892216 024 4120 956
724 073 5 0 47 8 2 16 50 2 8 86 953 1384 15 2314 17 4 930 18 7811 10 0 5 2280 62 415 02 2345 8740 2917
10913 0235 40290 9772 5141 2 5 52 98 12180 816 7602 9812 1010 7868 02219 184 8337 4032 50243 1130 538158
0 7 9 6 7953 49 98 5 8 18 9 2 5 0 02 9 0 8 4 5 1 919 15 86 9 8 20 72 07 899973 277 7173 087
124 109 5 9 66 0 2 86 09 8 8 89 986 2267 65 2910 92 7 912 68 1298 97 3 5 9689 38 790 89 7940 8712 8912
17559 7109 93705 8322 7128 3 0 87 98 44502 595 4972 7872 1205 5413 83912 176 8108 7312 53243 3753 148099
1 2 3 5 5724 45 98 5 5 12 0 2 3 0 28 9 2 7 4 7 1 887 12 48 6 8 53 78 53 891223 124 8129 593
822 126 1 8 12 8 7 10 80 0 1 62 094 1590 07 5658 18 4 912 64 6015 32 7 8 5259 13 918 52 5165 0792 9562
12313 6175 23218 8912 5767 5 5 10 92 12152 815 8809 9662 8275 9910 92615 524 5604 6379 08003 1153 705598
5 7 8 4 0723 47 16 5 9 12 9 2 7 7 98 0 2 1 9 5 0 463 62 45 5 8 27 92 03 931930 190 4793 856
863 123 0 9 10 0 4 19 89 5 1 92 487 1227 75 3384 16 4 908 63 1210 12 6 1 1227 15 975 76 4688 8892 4812
03510 1325 03497 8017 5721 3 5 02 96 10006 617 8914 9922 1015 5093 72219 129 0984 5900 53770 0859 820798
0 8 3 4 9128 88 10 5 5 12 9 7 9 1 28 9 2 1 9 5 1 916 92 45 9 8 24 00 03 779373 024 1123 806
54 050 5 0 22 9 2 89 79 5 7 80 947 8210 05 2574 03 5 992 14 8805 12 4 0 1779 92 415 09 2135 8812 8914
72816 1155 07905 7702 5029 7 5 07 89 17127 815 3812 9312 9919 5617 10215 124 5137 5792 63843 6153 957190
1 4 7 8 0029 44 10 4 5 46 0 0 4 8 04 9 2 0 9 5 1 317 32 05 9 0 24 82 41 901698 104 6163 550
123 120 5 7 92 8 9 16 86 7 1 99 788 1944 15 6714 02 8 312 20 1215 82 4 5 0289 42 424 18 0045 8710 0940
17017 0138 23205 9518 5123 3 5 12 68 82496 895 8792 9812 2209 0466 44415 827 5134 5342 10267 5178 807197
1 6 3 9 0509 75 52 0 0 72 9 6 8 1 20 9 2 0 3 6 1 918 12 60 9 8 64 12 02 998620 107 8323 608
993 163 9 8 02 8 9 79 88 7 1 35 629 1614 15 2808 12 9 402 54 0514 62 7 5 0689 19 416 19 3640 8018 8918
02315 7045 48435 8712 5141 3 5 12 58 02730 914 0720 9790 0215 4417 42685 324 8930 5902 53210 8153 969198
1 2 3 0 5189 45 90 5 9 72 9 2 2 1 26 9 0 9 4 5 6 980 52 40 0 8 24 28 28 893923 629 5190 655
123 023 5 9 45 8 2 00 77 0 1 80 957 1284 45 2314 09 3 857 14 0209 12 6 5 7283 60 415 12 0595 8918 8902
76363 8135 77605 8415 3107 0 5 19 94 23199 411 8912 9092 3615 6050 09071 124 5934 4712 59613 1073 625898
1 5 0 4 5123 05 14 5 5 12 3 2 9 3 29 9 6 1 4 6 1 010 87 44 8 8 29 19 54 890293 695 0123 056
942 832 5 8 12 5 0 42 07 9 7 88 987 1214 18 1554 12 4 965 10 6215 10 3 5 0250 92 773 12 2148 3462 8942
90510 4170 14215 7089 5026 3 0 92 98 15132 915 8502 0812 0255 8410 09287 124 8134 5362 94244 9303 620448
0 0 9 4 5198 55 72 5 5 40 7 2 8 4 08 9 2 1 1 7 9 972 66 53 9 8 24 98 73 161881 028 8723 596
123 453 6 9 90 9 2 19 96 4 9 82 068 1954 78 6414 12 4 992 17 0245 12 3 5 1265 52 413 02 9290 8012 8910
61319 1030 03215 4807 5121 9 5 09 54 52285 611 5812 4912 6215 5453 38205 127 3114 0716 93880 1058 040198
1 7 4 8 5173 60 92 5 9 93 3 7 6 7 88 0 2 1 9 7 5 713 02 45 6 6 27 82 22 895923 524 3023 905
173 703 0 9 40 6 3 12 05 0 1 83 927 1236 10 2614 12 0 202 74 1230 19 3 7 3269 62 015 92 4775 9798 4752
92617 4136 53210 8906 7121 3 5 12 98 19982 815 6070 9040 1205 4910 52715 052 8658 5612 53213 3103 105108
0 7 3 4 0197 55 00 5 0 17 7 0 5 1 98 9 2 5 0 6 1 916 42 05 9 8 88 13 73 861424 754 6193 756
499 147 0 8 19 9 7 02 80 0 1 43 787 8515 05 0519 19 0 719 14 1305 12 3 5 0580 62 425 12 0149 6790 8562
72366 1235 13302 8782 0840 3 5 17 19 12809 915 8912 9857 1700 5413 10215 280 3130 5912 19793 6063 845199
1 2 7 9 6163 85 56 2 6 12 9 0 7 0 28 9 2 1 4 5 1 902 92 85 9 6 20 02 60 021293 028 5120 507
783 525 7 0 12 8 5 19 89 3 5 87 187 1214 06 7306 38 2 013 94 1819 87 6 0 9688 12 455 17 5175 8707 8930
14350 1895 13970 0815 7607 9 0 12 99 12182 885 2992 2099 9965 5413 48215 024 8154 5397 00913 1893 195108
2 9 6 4 5124 55 12 5 5 12 6 2 0 1 95 9 2 1 7 6 8 402 12 45 9 0 28 20 29 091220 004 8170 830
123 184 8 4 12 8 2 22 70 0 4 82 784 7618 16 8316 12 4 812 14 2215 80 0 5 1249 16 488 12 2145 3092 8988
14384 0135 16505 0717 0120 3 5 72 03 82139 685 8912 5992 1273 5903 12216 120 5139 0316 53273 9153 179678
1 2 3 1 5193 05 12 9 5 38 9 2 0 1 40 6 2 1 4 5 0 817 80 68 9 8 40 12 23 881243 122 8120 556
583 103 5 8 12 8 7 14 36 3 8 62 980 6218 14 2314 73 6 512 24 1905 72 8 5 1289 52 425 05 2145 8530 8912
15523 1635 14815 6792 5091 3 7 62 08 71707 814 8992 9852 1275 5463 15055 394 5934 8312 53753 8193 098094
0 2 3 4 5129 40 12 5 0 82 0 8 3 1 98 8 2 1 1 5 1 619 18 45 9 8 82 12 96 841903 128 7423 057
64 924 7 2 18 3 2 12 09 9 6 87 988 1094 15 2719 96 4 865 17 1069 85 3 6 1289 34 465 45 2045 8312 8570
12097 0538 13273 8062 6125 3 5 72 55 18091 803 8993 7809 9995 5073 12515 824 5134 5475 63297 9196 195798
1 2 6 5 9920 45 72 5 5 12 9 5 2 3 23 9 7 1 1 7 7 914 22 15 3 8 24 14 20 901873 154 0587 554
123 143 0 9 72 8 0 12 84 8 1 39 907 1414 45 8614 94 4 972 98 5705 02 3 5 9295 72 885 52 2645 8799 8942
12629 0830 13215 3712 5381 3 9 52 08 02642 736 8612 9846 1978 7463 72210 424 7130 5618 97873 1653 108893
7 2 9 4 5126 60 22 5 5 18 0 3 8 1 79 0 8 1 4 6 9 973 90 47 9 8 24 92 06 890289 824 8027 556
183 780 8 9 12 8 2 16 49 7 1 82 988 1814 65 2343 12 8 442 14 5256 12 7 5 9089 11 419 10 7649 8746 8910
13987 0030 00668 8642 5527 5 5 32 93 12160 925 8617 0818 9218 5613 02266 944 8138 0319 23773 1173 045181
0 2 0 4 5923 45 72 9 7 15 3 2 5 1 70 8 2 1 0 0 8 912 12 87 9 8 80 26 23 491220 124 2190 073
173 183 0 9 72 7 5 12 29 7 1 02 537 0214 16 6012 16 8 916 17 0270 60 3 8 5279 18 443 72 7140 8715 8742
12323 1257 13235 9784 5231 5 9 12 68 82122 905 9910 9812 1215 7049 28295 677 5699 2310 58203 4176 085908
9 3 7 4 5180 49 17 5 5 87 4 2 0 1 28 8 6 8 6 5 1 918 10 49 9 0 24 12 03 892223 186 8128 556
129 123 0 8 02 8 9 02 89 2 0 08 987 1816 91 5878 59 0 002 80 1254 17 3 5 0246 15 415 87 6063 4770 9042
49613 0996 03002 5785 5981 3 5 12 08 00978 815 0914 4819 5019 5138 12915 174 5100 9309 53218 7453 574998
1 7 9 5 8649 45 12 5 7 10 9 4 7 7 68 0 2 1 4 4 1 912 16 55 2 8 29 19 13 876938 184 8163 956
123 723 5 9 12 8 9 18 89 3 1 82 203 1999 15 8916 18 8 912 00 2405 06 3 5 5439 42 595 62 7140 0917 7600
92390 1135 13085 0912 5169 3 0 10 93 02189 005 8912 5571 2213 5803 12215 100 7156 2082 92216 1153 825870
7 6 3 4 5043 01 65 5 0 16 1 9 8 1 08 4 2 9 0 5 1 777 08 00 0 8 24 52 65 691990 184 9102 559
823 179 5 7 72 8 2 59 30 8 1 82 987 1315 08 2314 10 9 999 17 1245 12 3 3 6199 16 412 19 2180 8900 8912
12315 1536 10544 5732 2121 3 5 12 99 89924 518 2978 9110 1245 8818 02315 084 5070 5332 54275 2853 095838
1 2 7 4 9123 77 12 0 5 18 9 2 0 6 28 0 2 1 4 5 9 910 40 99 1 9 24 62 43 891229 629 8123 559
128 926 5 9 18 3 4 13 89 9 1 82 086 3804 10 2334 10 9 100 04 3269 09 3 5 4289 12 417 12 0185 0714 2912
56993 1125 18415 8703 1701 7 7 12 98 13120 815 7712 7863 7715 5910 66290 127 5674 7392 53096 9109 112048
9 2 0 1 5129 91 12 6 5 92 9 2 1 1 64 9 6 9 6 5 0 002 17 45 9 8 94 82 33 500083 724 8121 556
196 129 4 7 12 4 2 12 08 0 4 72 589 1527 17 2310 12 4 882 19 1998 80 0 0 1899 13 788 12 2050 8712 8645
98351 8136 88215 5788 6121 3 2 10 70 87122 415 8914 9500 5495 0410 32505 024 5131 5312 58929 0153 727098
9 2 7 8 5153 70 42 0 7 18 9 2 9 1 25 5 7 1 5 5 1 912 13 07 9 8 27 84 96 895226 132 8973 556
626 173 2 7 92 8 0 42 86 9 0 82 923 9316 46 2712 12 7 613 09 1268 14 7 5 0009 08 888 62 2943 9312 8440
72397 1133 13115 8449 4261 8 5 82 98 03132 815 8987 0802 5215 6433 12216 103 5134 5816 33013 4183 124998
52313 1081 13285 2932 9190 0 0 26 98 12592 259 9968 9800 1595 5434 92213 044 0704 2317 99993 7463 124099

655360970000.040879