0 0 0 0 5853 40 07 9 5 10 0 2 9 1 78 9 2 0 0 5 0 012 19 85 0 0 66 07 23 897803 000 8103 006 
393 875 5 0 00 8 0 18 89 0 9 82 977 2004 90 0314 10 4 412 14 1205 12 0 5 1049 52 006 00 5160 0011 8912
12910 6605 17290 8416 5627 3 2 82 98 10186 910 0402 9090 0810 0713 79018 108 5530 5322 33203 8150 120070
1 6 8 7 7103 45 02 5 0 12 9 9 0 0 00 9 2 0 0 0 1 002 02 45 9 8 00 76 00 891093 148 8023 500
50 100 5 0 20 6 2 82 89 8 1 00 082 6914 05 2316 10 4 700 04 0010 12 3 5 0909 10 816 02 2745 8020 0972
10310 1000 19900 5702 0901 0 5 16 90 12800 445 0986 9112 0015 5003 12018 766 0864 5010 70210 4056 809905
5 0 3 4 5073 40 10 5 9 02 0 2 8 0 29 7 0 1 0 3 3 912 12 45 9 8 44 90 23 099903 794 8120 650
163 990 6 9 30 8 2 02 84 6 1 80 585 1714 17 9915 05 4 912 05 1018 02 5 5 2289 14 410 42 6105 8732 0991
00030 1795 13875 0702 0921 0 0 17 08 00002 011 0814 9010 1815 6403 04044 924 9536 0919 53203 1050 107398
1 0 5 4 8103 43 12 9 3 06 9 0 0 1 28 0 8 1 0 7 9 012 62 45 5 8 64 00 29 071023 940 8183 046
145 043 9 9 12 0 9 10 00 0 1 12 987 6214 16 0314 02 4 870 04 5715 10 3 0 0275 12 915 12 2140 0700 9679
12340 1037 14295 8910 3020 8 5 08 08 17088 800 8010 9995 1090 0003 14008 150 4004 8002 90213 0873 025198
1 0 3 4 7123 45 42 5 0 83 5 0 8 0 20 8 2 1 4 5 2 800 00 25 0 3 00 10 63 891203 024 0023 056
503 994 0 9 02 6 2 12 89 0 0 82 980 0264 15 4354 18 0 912 16 1625 92 8 3 0580 02 015 92 9141 8742 8952
13014 1631 16610 3772 5181 3 7 16 08 12002 015 8902 9811 8035 5613 12004 127 5167 5012 85016 1167 105898
0 2 3 0 2003 41 14 0 5 10 9 2 8 1 08 9 0 0 4 6 1 900 62 95 4 7 69 02 74 801224 095 0129 306
123 323 5 0 12 8 2 02 99 3 0 82 160 1214 60 6385 32 8 279 50 1615 02 3 5 8240 50 412 92 0150 0742 5900
19005 0800 19009 7700 0101 5 2 16 98 02602 465 0962 9702 4015 0413 16915 000 5064 5312 53213 4103 158699
6 2 3 4 0023 85 50 5 2 17 9 2 0 7 28 9 4 1 4 7 6 016 02 45 7 8 84 00 00 608223 522 5123 576
803 140 7 0 19 8 2 77 09 0 1 87 087 1010 05 2614 70 8 912 14 9910 12 7 0 0700 17 015 10 2145 4702 8912
00313 9085 63605 0502 5021 3 0 03 90 04500 805 8902 9874 1085 5413 15018 124 5090 4042 56220 1103 024587
0 2 2 0 0624 45 04 5 0 66 9 2 0 1 40 9 0 1 0 5 1 916 32 45 3 8 94 92 53 881230 000 8080 456
123 006 0 3 15 8 7 02 94 5 0 90 994 0210 15 2909 19 4 062 54 1247 02 3 5 9288 02 635 02 9103 7588 0000
10313 0000 13210 8652 0120 3 8 12 98 72402 914 2912 0012 1225 5016 85235 199 5165 5392 53363 0789 035190
1 2 8 9 5720 40 17 5 5 68 9 2 0 0 28 8 2 4 4 5 1 019 12 80 1 8 84 12 20 698200 940 0120 089
103 025 7 0 19 8 0 72 83 4 1 80 087 1270 70 2340 60 0 905 18 5205 12 3 5 5080 00 689 10 7247 0772 3912
90319 6130 08018 5717 5920 3 5 02 48 06032 815 8042 0610 1215 5415 00008 154 7004 5300 03043 1263 905108
7 8 3 4 5199 26 19 9 5 72 4 0 5 5 05 0 2 7 8 9 1 706 82 08 8 6 24 10 00 601500 124 8820 550
323 173 0 0 92 9 2 12 06 6 6 02 942 8211 15 9084 12 4 900 10 1005 62 3 0 4289 07 016 72 0145 8802 8912
07363 1735 13075 0702 0129 3 5 12 89 02506 017 0012 0802 1510 5413 62005 164 5109 0816 07813 4151 005551
2 2 3 4 0156 60 12 9 5 12 9 0 6 1 20 5 2 1 6 9 1 740 25 46 0 0 07 19 23 890220 604 8173 556
623 153 5 9 92 8 0 10 29 0 1 60 507 1200 00 8008 12 4 902 94 8215 16 3 5 9029 12 415 40 2103 8709 0900
0 6 0 4 5183 00 30 5 9 59 0 2 8 0 77 9 2 0 4 5 1 500 03 40 9 9 24 12 23 890223 190 8123 500
123 123 0 9 70 0 2 12 89 8 8 88 807 1074 05 2364 02 4 812 69 1414 10 8 0 8289 72 400 04 2175 0703 8910
10303 1135 18205 8710 5996 8 0 12 98 12084 655 9910 9812 0215 2418 92025 124 5394 5012 83013 8943 125090
3 9 3 1 0023 49 18 4 7 12 9 0 9 1 08 1 0 1 9 8 0 502 19 40 9 7 94 08 23 961827 700 8096 556
09 133 0 0 10 8 9 58 00 2 0 00 909 5280 15 2916 12 3 112 68 2219 00 3 5 2589 12 400 82 0109 8719 0492
14399 1103 83245 8702 6120 0 6 10 48 42150 005 8080 9812 9013 0013 00255 184 5034 5760 57027 0109 005118
0 0 3 4 5520 45 42 8 5 09 9 8 0 1 29 9 2 7 4 0 0 902 10 65 9 9 74 12 23 870003 124 0003 550
823 050 9 9 12 8 2 92 09 3 0 82 057 1219 08 8009 02 7 912 10 0249 05 3 5 1279 05 005 04 5440 1712 0812
66003 0985 70207 0793 5661 3 8 00 97 10102 890 4812 0819 0210 9393 02680 194 8030 0012 50016 0103 175098
0 9 9 7 5025 85 12 5 6 02 0 2 0 7 78 9 2 0 0 5 1 510 13 05 9 0 10 20 28 891027 064 7348 750
029 129 8 0 82 8 0 14 60 0 6 56 980 1014 15 5614 12 4 915 14 4995 12 0 9 1289 70 015 00 2187 5707 6032
62980 1085 07065 0704 0120 3 5 19 00 02020 958 5902 9802 0615 0013 12205 124 1830 5382 58883 4103 021093
0 2 5 0 5143 25 12 5 8 12 9 2 7 0 78 9 0 1 4 0 1 012 60 65 9 0 04 00 27 865505 004 2523 096
227 820 5 1 10 8 2 10 89 9 7 04 997 0244 05 0814 82 4 592 13 7015 17 3 5 0880 82 838 12 0165 8710 3919
02073 5505 03000 8012 0128 3 5 01 00 12102 808 8932 0802 1510 5015 93000 120 0804 5400 53253 1153 100188
9 7 0 5 5103 40 16 5 5 92 8 2 4 1 28 9 6 8 4 0 1 410 12 45 9 8 90 10 23 857040 114 8123 556
505 827 5 0 12 8 2 40 09 7 0 82 907 0207 69 2004 50 0 912 00 1618 02 4 5 1086 12 910 82 5147 9710 0792
12010 7905 13215 3008 9121 8 5 00 98 43100 860 0057 5012 1315 7423 02210 384 0194 3302 50016 1103 020198
7 4 8 9 9120 00 04 5 9 02 2 2 6 9 00 8 0 0 8 2 0 912 12 78 9 1 74 12 23 890207 174 8423 806
120 025 0 9 02 5 2 02 09 0 9 00 900 6990 00 0367 19 0 912 00 1010 12 3 8 1000 02 678 07 4115 8710 9002
12383 3135 10810 8412 5981 0 0 10 94 12054 010 8812 9910 1008 5013 02275 951 5636 5012 53009 6103 105058
1 0 0 8 5020 50 15 0 7 02 5 2 0 0 26 6 0 6 3 5 1 900 02 05 9 8 44 12 99 821088 190 8004 803
123 143 5 7 12 5 2 18 89 0 1 02 807 0284 53 2010 12 0 912 24 1884 79 7 5 9287 12 460 69 1140 8737 1012
01919 6036 13215 4410 5102 3 5 12 08 12410 815 7902 0710 1215 0413 00295 720 8184 5312 03815 0682 155058
0 4 0 4 0970 05 00 5 5 00 9 0 0 1 23 9 2 1 4 5 5 912 40 91 9 8 88 09 29 087625 204 8023 540
100 103 5 1 29 0 9 92 50 8 9 85 087 0200 15 2004 17 4 112 14 1415 80 0 7 2270 10 975 12 0848 4012 3002
00014 1609 00005 8010 5121 0 0 92 96 02007 815 8912 9872 0010 8413 22207 174 4094 5912 50409 2750 124608
0 2 9 0 5620 46 10 5 5 02 9 2 0 1 28 9 2 1 4 5 9 910 00 50 0 0 28 12 33 860903 126 8023 502
124 070 5 9 39 0 0 07 09 8 4 93 987 1064 17 7414 12 4 962 14 1210 02 3 5 1280 19 014 50 2175 8719 0000
12280 1035 10005 9710 5021 3 5 06 08 10172 005 3049 9882 1213 7499 09259 128 5103 6212 53689 6153 025799
0 2 0 3 5123 45 10 4 5 72 9 8 3 1 28 9 2 6 4 6 7 962 53 85 9 0 04 72 23 990053 120 8010 507
143 853 5 0 37 8 2 12 80 0 1 86 967 1917 96 5644 10 4 099 00 1015 02 5 4 1549 92 400 02 2605 8719 0419
12716 1110 03205 0705 0171 3 5 12 05 02062 000 8032 0870 1209 5413 02205 024 7936 5005 57213 1003 323008
7 2 3 4 3253 45 02 5 5 12 0 2 0 0 29 8 5 1 4 0 1 402 10 00 9 8 00 12 29 266000 868 0123 586
950 100 5 2 11 8 0 19 82 9 8 09 987 1214 75 0002 10 9 812 14 0007 10 0 5 9019 10 070 32 2205 8712 9912
12319 9150 10500 8014 0221 3 5 04 08 80922 000 8012 0009 1210 6003 00016 029 8064 8002 53007 1003 120108
9 9 0 8 9103 47 40 5 5 42 0 2 7 3 98 0 2 1 4 5 1 062 02 45 8 8 20 10 03 800920 170 6103 858
00 137 5 9 22 8 2 02 60 5 1 82 004 3660 10 2394 08 4 002 14 0055 12 4 5 1409 02 210 50 1904 8006 0932
10317 1190 16065 0710 5828 3 5 50 98 12670 084 8002 0816 0208 5403 02905 104 8054 2012 86213 0753 925890
0 7 0 0 2100 00 16 5 7 18 8 0 2 5 08 9 0 0 7 3 1 900 40 55 9 0 74 12 23 080203 055 0023 759
183 703 6 0 10 8 2 49 89 0 1 65 909 0750 74 2004 16 0 922 10 7045 80 3 0 1000 06 715 12 2015 0802 8012
00909 1135 03899 8078 5920 3 5 02 68 10932 810 1912 9500 0260 7413 52010 024 2100 9302 53067 1012 006007
4 2 3 4 5003 37 12 5 6 15 0 2 0 9 68 7 2 1 6 5 0 902 50 45 0 8 94 10 73 841023 120 0140 050
186 189 0 9 02 7 3 12 89 0 1 82 980 1207 05 2710 12 6 805 50 1616 10 3 5 0229 19 010 02 2040 8530 6002
12066 1030 19085 8006 7020 3 0 02 98 12180 805 8912 0810 8005 5503 90058 124 0120 9717 63517 0173 725000
1 4 3 8 4123 65 13 4 5 92 9 6 3 1 00 9 2 9 4 5 7 012 72 70 9 8 29 18 70 961003 024 1103 552
103 522 9 6 82 8 2 10 89 0 1 24 099 3200 50 0362 69 4 915 14 1115 09 3 5 0280 10 417 15 0985 8002 8210
00340 0735 13014 8812 8500 0 0 00 87 00203 015 8046 9999 7070 5962 12015 894 9104 0312 53018 8676 197549
1 2 8 4 8129 45 18 9 0 18 0 2 7 0 29 9 0 5 0 4 0 912 02 45 9 9 24 62 23 099223 004 8120 558
983 024 5 0 16 9 2 82 80 3 5 85 002 6684 15 2314 52 4 012 12 1010 12 6 3 0080 02 005 30 0148 7769 0992
00314 8035 03410 8712 5020 3 0 92 98 22160 005 1912 8797 9040 0407 02519 104 6137 8312 09213 0350 095048
4 9 9 4 5003 44 18 0 7 12 5 2 6 8 60 9 9 0 4 3 1 002 00 45 9 8 24 00 79 091203 904 8623 706
163 080 5 0 12 8 2 02 00 4 3 02 087 1004 00 2314 62 4 902 54 1815 32 0 0 1209 12 461 20 0140 8612 7692
02383 7935 19214 9702 0127 3 5 02 98 42190 815 3315 9606 9215 1413 92810 022 5144 5302 03910 1150 005000
1 2 3 5 5193 49 12 5 5 10 0 2 0 4 29 9 2 1 4 3 1 902 01 45 8 8 06 18 73 091213 124 4023 506
114 123 8 0 12 0 2 10 00 9 1 04 980 1204 10 2310 02 0 992 82 0375 18 4 0 0289 16 445 12 0155 4710 8072
10363 1935 10270 8712 5121 3 5 00 40 15042 854 6033 0080 1210 0813 72210 170 9636 3302 50219 0900 322900
1 0 3 7 5523 47 72 0 5 17 0 9 7 1 24 9 2 0 6 4 5 910 02 40 0 7 74 12 03 890023 120 8525 582
822 798 5 9 02 0 6 10 99 8 1 86 988 8260 85 7010 02 4 952 40 3907 02 2 5 1279 19 410 12 0652 8710 8902
12019 5130 13210 0012 3020 0 0 02 98 18102 815 8910 9012 0510 5603 00275 724 5294 0309 51213 6859 160108
1 0 3 0 5823 46 10 7 5 12 0 2 0 0 28 9 2 1 0 5 2 902 07 45 8 0 20 12 80 095993 927 3093 050
103 027 5 1 14 8 2 07 89 3 1 28 052 9280 12 0300 80 4 012 14 9964 00 4 5 1009 09 245 02 2105 8710 0000
42010 5535 03735 8712 6091 3 6 15 88 12102 005 8900 7000 1215 5299 02270 924 0000 5088 03210 1156 190388
1 0 3 4 0927 90 90 5 0 45 9 2 6 1 08 0 2 1 0 5 7 900 10 40 1 8 02 10 00 071020 420 9035 556
120 003 5 5 12 0 0 02 70 0 0 72 087 1204 00 2303 72 4 915 14 0682 02 8 5 0009 12 415 10 8040 8019 8092
92011 8165 83991 8772 9520 3 5 24 95 02102 690 8012 9862 7010 5753 92405 000 5804 6908 53216 6053 525006
7 0 0 4 5353 05 02 0 0 12 9 5 8 6 24 9 2 0 4 5 1 912 00 95 5 8 54 12 43 091223 027 8123 540
700 103 8 9 10 3 0 12 80 0 1 80 980 0010 10 0004 02 6 012 13 1715 32 3 5 6009 10 386 12 0145 6710 8910
02810 0985 13019 0590 5420 3 0 65 98 00655 010 8040 9810 0650 9913 00095 404 5044 5062 20210 7150 725138
1 2 3 7 5143 45 72 6 6 16 0 0 7 1 28 9 7 1 4 5 1 600 10 00 4 8 04 12 08 801026 104 8103 556
55 043 9 3 70 4 0 12 20 5 0 82 080 0794 00 0604 02 4 902 04 1704 06 0 5 0289 24 412 89 2145 7002 8700
52783 1117 14815 8017 5830 9 5 19 90 00905 915 0912 8880 0015 5090 00820 084 5034 5003 03213 1050 120190
1 9 0 4 1188 20 18 8 2 09 7 0 0 1 20 9 2 9 4 5 7 090 14 45 7 0 44 02 77 850023 124 0125 587
103 127 5 5 19 8 0 18 09 4 9 80 388 1214 75 5019 02 0 310 14 1000 80 1 9 1000 16 417 12 2100 0712 6908
09316 1035 10690 9712 0301 3 9 04 88 17160 813 8967 9083 7915 5458 09218 624 9134 5378 53783 0050 360598
9 2 3 4 5323 80 79 9 8 14 9 0 9 1 09 0 0 0 0 5 1 512 17 45 0 0 26 26 95 891026 106 2300 167
103 123 0 0 10 0 0 02 69 4 1 02 907 1217 10 2514 02 4 612 14 9210 07 3 5 7499 40 020 10 2145 9002 8389
09303 1000 09017 0710 0921 0 9 12 08 92960 808 0602 9080 7215 5499 14280 108 0000 0018 89203 0100 025998
1 2 3 4 5328 95 19 0 0 90 9 7 4 0 98 9 0 3 0 5 1 912 15 85 0 7 69 16 66 991950 224 0000 656
043 123 3 4 12 7 0 08 09 0 1 72 907 2214 89 2314 72 4 700 04 1915 00 6 0 8258 50 410 12 7136 8010 8914
12010 3167 00006 8764 0128 4 5 03 98 00022 800 8986 9812 7818 0418 02218 870 5137 9312 53010 0953 585098
1 8 3 0 5003 45 10 7 5 19 0 2 0 0 28 9 6 9 4 0 7 902 32 46 9 8 09 86 23 891297 124 3013 560
493 023 5 9 10 0 7 12 09 0 9 00 987 1200 65 2374 12 4 800 16 1019 00 0 6 1080 10 819 99 9185 8350 8012
02810 0045 03230 8900 5121 0 5 02 98 02065 809 8090 4806 9025 6400 10015 124 6897 5619 53293 1187 925249
1 2 9 0 4008 40 17 5 0 17 0 2 7 8 00 9 2 0 4 0 1 409 12 45 9 8 04 87 03 001203 195 0663 500
108 120 9 9 02 7 3 12 80 6 0 62 987 1210 16 2000 82 8 910 17 1200 19 3 5 0309 18 795 40 2945 8718 8019
02313 8100 10010 9862 0021 0 0 12 30 52172 004 8010 5352 1005 5050 09202 100 5034 5000 03013 5153 699190
7 0 9 4 5120 40 12 5 5 06 9 2 0 1 08 9 2 1 5 5 1 908 02 45 6 8 94 12 03 790820 223 0820 546
175 173 5 9 08 9 2 12 00 0 1 80 073 1219 10 2414 10 7 670 10 3215 12 7 5 1284 12 215 02 8149 8808 8092
10373 1068 13715 0417 9961 3 5 18 95 10142 509 0000 9832 1715 0703 09955 400 5134 7912 52283 0109 160908
1 2 3 9 0820 45 02 0 5 19 0 0 5 1 08 9 2 0 4 7 1 912 02 00 9 0 24 30 25 691260 154 8423 856
400 959 5 9 10 3 0 17 80 5 1 32 687 9594 10 2074 69 4 007 17 8715 68 0 7 1080 12 003 19 2105 8616 8560
12213 1137 19310 7712 6121 1 5 11 06 64870 800 8992 0712 1215 9430 02235 104 0030 0305 03283 0950 120107
7 2 3 0 0123 45 10 5 7 90 0 2 8 3 20 9 2 9 4 5 9 032 19 45 4 0 04 02 20 891723 310 8002 556
973 030 5 4 50 9 2 19 59 0 0 82 307 1216 88 2204 06 4 019 19 7217 78 0 8 1009 12 003 12 7705 8012 4541
02303 1005 10080 8712 5021 6 5 85 60 11103 016 8912 0812 0615 0430 04224 040 6400 7819 05203 0576 107164
1 6 3 4 0163 09 12 0 0 02 0 2 0 8 27 0 8 1 6 7 0 012 02 43 9 8 20 92 06 808673 120 7195 506
020 183 6 1 12 8 9 07 85 0 0 89 080 1214 05 2619 50 0 074 04 6235 05 0 0 1289 12 205 92 2105 4716 8932
00009 5139 13395 8702 8101 9 6 12 09 10002 205 0932 3702 1215 9009 12505 920 5034 3051 56217 9100 020198
7 0 0 4 0993 39 80 5 3 02 9 5 0 0 88 0 2 5 4 7 1 909 07 45 6 6 40 12 23 870003 024 8023 957
093 025 5 3 00 8 6 09 80 0 4 67 907 0201 00 0009 02 8 010 04 5908 80 0 5 1809 02 085 10 8155 2640 0910
02716 0806 03015 8000 5100 0 8 96 90 02102 695 8577 0662 1905 0413 02215 105 5339 5317 86903 1153 470008
0 2 3 4 0001 07 50 7 5 13 9 0 0 0 20 7 2 1 4 5 3 912 12 46 9 8 23 90 00 560073 006 6808 556
30 283 5 2 10 0 4 12 05 8 0 02 220 1200 05 2315 10 0 016 14 1205 12 7 5 1009 09 435 12 5967 0800 0012
92059 0030 13035 8902 0103 0 5 00 08 02160 885 8012 9813 0210 0400 10215 038 0165 5912 86239 5107 130108
7 0 0 0 5686 45 99 7 6 52 2 7 5 0 08 0 2 6 8 9 1 812 00 05 0 0 04 80 00 891223 639 5003 550
105 823 0 9 02 0 2 72 89 5 0 52 950 1205 05 2514 12 5 910 14 0805 15 3 0 9309 72 094 00 2045 8012 0160
10313 0130 16775 0702 5121 3 5 10 08 02002 005 6012 6512 4060 0717 49078 125 0108 5296 03000 1138 075190
1 4 0 2 5120 45 18 0 0 07 7 0 7 1 20 9 2 1 4 5 0 973 00 00 9 8 99 10 03 091653 004 0105 586
102 020 0 9 02 8 5 15 19 8 2 02 907 4264 15 2418 62 9 575 00 0007 50 3 9 0230 12 408 18 4075 8775 4012
12315 1130 13985 8012 0171 0 5 80 48 56454 715 0109 9802 0601 8008 12610 120 0730 5012 88502 0158 771198
1 8 3 0 0103 80 10 7 7 02 9 3 3 1 28 5 0 2 4 5 1 010 10 80 9 2 47 17 23 811223 124 0407 056
100 123 5 5 04 0 0 10 89 1 1 82 649 0214 98 9114 12 7 050 14 1205 12 3 0 1080 15 016 80 2145 0312 8842
12393 5665 10097 8702 2020 3 5 00 90 18109 885 8910 9801 6085 7473 19010 128 5034 5032 58210 1150 525195
0 2 0 6 5823 40 17 7 5 12 9 6 0 1 00 7 2 1 0 5 8 910 17 45 0 0 74 15 27 894002 125 8158 506
120 123 4 7 16 0 2 12 05 6 9 50 757 7214 95 2310 12 4 902 94 0244 12 5 5 6083 15 412 02 9145 8015 0992
19367 1845 13285 8712 4101 3 0 02 94 00199 805 0900 9512 1200 5003 10260 170 1109 5312 53010 1003 869198
1 2 3 6 0083 05 92 6 0 62 9 9 6 1 00 7 2 1 4 9 7 910 10 47 0 4 04 10 23 811207 520 0123 566
023 903 5 9 02 8 0 10 40 6 7 83 907 0204 05 7814 02 8 912 00 8279 12 9 5 1905 17 245 10 2145 8796 8950
72963 1085 07615 5702 5021 3 0 05 20 05190 895 0990 9672 1206 1410 15895 170 5100 5002 33213 5855 135198
9 2 3 4 8100 40 12 5 5 10 9 8 0 1 28 9 0 1 0 5 4 912 00 00 9 0 09 62 03 891020 020 8120 558
023 087 2 9 52 8 2 42 88 7 1 77 980 0014 05 2010 05 0 912 14 1205 14 6 5 1256 10 416 12 0140 8010 8900
12613 1105 10215 9700 9351 0 0 85 08 08908 515 3910 9819 0210 5493 09025 602 0500 5510 03213 0152 126190
1 0 7 4 5904 45 10 9 5 00 9 8 7 4 08 4 2 1 4 5 7 006 17 40 9 9 24 14 03 801280 079 6023 056
023 023 0 9 12 8 2 08 95 0 8 82 099 0094 45 8579 12 9 907 10 5805 12 0 5 1009 57 700 72 9045 5754 8002
42910 1105 83800 2759 7179 3 5 19 90 00080 000 1912 9215 1245 6053 82704 430 7904 0007 50214 1156 090369
9 2 7 2 5223 05 12 0 5 11 0 0 9 8 28 9 9 1 6 6 1 922 15 00 9 8 07 12 90 701053 820 8823 900
002 523 5 9 12 8 8 00 89 3 1 85 987 0213 15 0809 16 4 412 31 1210 17 4 7 1706 57 415 02 0740 8772 3700
11033 1130 03015 8718 7021 3 5 02 98 10630 072 5902 9942 0005 5409 02980 000 5104 5012 70396 0800 120190
1 0 0 4 6120 88 17 5 9 82 9 7 0 7 20 7 5 5 0 5 1 912 82 05 9 0 20 32 13 290023 000 4009 566
153 073 3 9 10 8 0 12 86 0 0 02 067 0014 06 2014 10 4 902 04 0045 12 3 0 1868 30 010 20 6045 0569 9059
16313 8105 10210 8912 9120 6 0 00 97 12592 815 8912 5012 2210 0490 52209 124 4994 0312 10248 1143 207193
9 7 0 6 5173 85 50 0 1 82 0 2 7 1 26 9 0 0 1 0 0 000 12 48 9 8 00 12 23 800223 220 7005 050
154 623 5 0 12 9 2 14 89 0 5 80 087 0284 18 6014 99 8 000 94 6211 02 3 5 9209 02 413 10 0046 0794 0900
17300 8148 18535 0012 5921 0 5 09 98 17570 805 8913 9512 0305 0405 00778 728 5104 0312 03060 0120 725066
4 8 7 4 5503 05 10 7 5 10 4 2 5 1 70 7 0 0 0 1 3 005 22 42 0 0 04 20 83 081703 024 9883 500
50 023 0 5 90 8 0 17 89 9 9 80 000 5210 10 0314 12 5 608 88 0217 04 0 2 9289 12 013 90 2145 8012 9019
19963 4105 13243 8060 8171 0 5 12 98 78077 916 4992 6858 9015 0497 42900 500 7436 8216 59710 1136 025008
0 5 4 0 0190 95 12 0 9 10 9 6 0 1 28 4 0 0 4 0 0 162 10 48 0 8 20 16 23 801150 180 8103 080
021 103 5 7 17 8 0 60 59 9 1 02 000 1240 15 2310 02 0 660 16 1055 99 5 5 1280 10 415 46 2109 8709 0841
16970 6005 73010 8000 0109 3 5 07 08 15108 816 0530 9900 1010 5493 02610 123 0195 7300 03213 1004 128998
0 0 6 4 5022 15 02 0 5 19 9 9 5 1 70 9 2 0 0 5 0 608 02 45 4 9 64 02 23 491020 128 0106 556
705 021 0 9 00 8 3 12 89 3 0 80 987 3717 74 2324 10 4 906 09 1205 00 3 0 1259 77 915 17 2970 8276 8212
92903 1170 00915 8012 7821 3 5 62 50 76163 707 9802 0002 1200 5073 12217 003 5668 5099 53503 0154 100199
1 8 4 4 6120 40 79 6 5 10 0 2 8 3 00 9 6 0 6 0 1 990 02 30 8 0 24 19 23 090223 080 0427 077
803 169 5 0 10 8 0 26 85 8 8 80 986 1070 18 2039 02 0 414 16 0205 42 3 7 1289 18 016 82 8545 8915 8305
15390 7008 06618 0067 5021 3 5 13 96 10100 865 0012 0515 1019 9416 12045 174 5100 9008 09793 1957 064494
0 2 0 4 9025 44 12 7 0 22 9 2 0 0 08 9 0 4 4 9 2 910 60 65 3 7 70 40 03 091320 004 0010 686
000 023 5 9 02 7 2 70 80 9 9 82 869 1211 75 2814 12 5 952 10 8015 72 6 0 1201 40 415 12 2406 0782 8980
00013 0105 83215 8710 5161 3 5 92 97 10500 846 2909 1032 0700 0040 92087 124 0934 5312 03013 1159 605108
8 2 3 4 5100 09 82 5 8 12 9 2 0 0 20 8 0 2 0 0 1 987 16 40 0 0 70 00 33 829023 020 2124 559
000 125 5 8 40 8 4 88 86 9 1 82 980 1984 20 8012 12 4 900 14 1255 12 3 5 1289 37 415 64 0500 8730 8911
10383 1765 25605 8900 5121 0 4 00 90 88183 810 8902 8017 4095 4443 16095 040 5884 2330 03266 1803 050090
1 0 3 4 5883 40 00 5 5 12 9 2 0 0 28 9 2 1 4 5 1 000 14 40 9 8 09 02 03 891023 550 5023 400
040 280 0 9 10 0 2 12 09 8 1 62 847 1014 15 8313 52 4 910 10 1815 90 3 5 9089 19 405 49 2048 8719 3009
11050 0130 13205 8717 5121 9 0 32 90 72100 885 8010 9029 0285 5418 78275 824 0134 5310 53513 1158 120198
1 4 3 0 5643 60 12 5 5 98 9 0 0 0 04 0 0 1 7 5 1 510 12 45 9 4 26 82 23 890080 120 8143 088
020 143 5 0 80 8 0 12 09 5 1 82 097 3416 19 2374 70 4 816 00 1285 12 0 6 1404 12 005 19 0045 4712 8902
02313 0035 65010 8712 0121 50 8 9 1 010 03 47 9 0 24 17 25 890520 030 8182 500
893 400 0 9 92 8 2 10 79 7 9 02 987 1214 50 9014 95 4 912 14 1215 12 0 5 1709 00 415 60 0905 8062 0000
12510 2109 03900 8869 5520 3 5 52 98 60006 810 8716 6816 1240 5413 02298 080 5072 0302 93203 1823 005899
1 9 3 4 0123 85 10 5 8 12 8 2 6 0 28 0 7 1 4 5 1 982 12 04 0 8 64 12 21 801220 106 8700 576
003 623 0 9 15 8 0 42 00 9 0 82 967 1275 15 2000 22 4 002 84 0205 17 3 3 0080 07 429 34 1145 1099 0990
56998 3039 14053 8905 5121 9 5 10 88 13102 815 8090 9286 1215 0409 10205 000 5134 5012 43915 1093 124190
5 2 0 0 8593 48 22 5 0 02 9 2 6 1 23 9 7 8 4 5 1 982 83 79 3 8 20 12 23 891275 223 0120 005
100 793 7 0 05 8 0 12 60 0 6 12 780 1054 18 2314 19 4 012 89 8015 18 3 0 1088 12 409 70 4148 7009 4902
10313 1135 13010 8712 8020 3 5 10 90 12052 817 0912 9717 1888 9893 22215 020 5180 0482 53069 1153 115081
9 2 0 4 0270 75 72 4 5 50 6 8 0 8 28 9 2 6 4 5 1 912 10 35 9 8 99 02 09 811228 120 0123 056
783 883 0 5 82 0 7 02 90 6 7 62 998 1004 05 0864 16 4 709 18 1295 12 6 5 1089 12 015 78 5095 8710 2900
10313 1165 10290 8910 5101 8 0 12 07 12182 047 8915 9812 0210 5608 15905 127 7134 0500 40910 1064 100090
0 2 2 4 0120 05 10 7 5 32 0 0 0 0 28 9 7 0 7 3 0 016 89 44 9 9 24 62 63 191203 124 0123 556
623 135 8 9 01 0 5 80 49 8 1 80 505 4214 10 2410 05 3 972 09 0278 92 3 5 0280 16 510 02 5900 8813 0980
10313 7035 07915 8710 0420 2 5 92 90 99160 005 8912 9812 0210 6413 92705 024 3134 0802 50000 0153 095308
1 5 0 4 8004 00 99 0 6 02 9 2 0 8 25 0 2 1 5 5 8 990 79 45 9 8 24 70 20 098523 009 8720 366
123 170 5 8 90 0 2 20 89 7 0 08 880 9294 15 9044 02 9 018 00 7040 80 8 8 1269 19 015 12 2049 0892 8302
82016 7135 19000 0616 8100 0 5 12 94 10312 919 0940 9816 3214 8200 10210 984 5190 5310 04000 1103 823078
0 4 3 8 5143 09 88 5 9 12 9 9 0 0 28 9 2 0 0 5 0 912 72 07 9 9 01 52 21 791287 729 8143 580
920 120 5 9 10 8 2 16 89 5 1 80 987 1804 10 7319 19 4 598 89 1270 42 6 0 1089 02 025 02 2745 0780 7073
12179 1100 60835 8712 8129 3 5 02 90 12829 015 8900 1092 1715 5403 82005 190 0138 9000 03213 3153 100194
1 2 9 4 0023 45 12 5 0 90 9 7 0 4 07 0 2 0 4 5 0 912 62 45 9 5 20 18 07 479253 128 0103 556
590 102 6 0 62 2 8 10 85 0 7 80 037 1214 10 0014 02 4 902 14 9215 44 3 5 3689 09 005 50 2725 8752 9012
12319 1039 03030 8780 0120 3 5 12 08 92002 805 7972 9410 1015 5693 09215 024 4002 5390 54303 7070 105810
1 2 3 8 5823 55 64 5 0 42 9 0 0 0 21 9 0 6 0 5 0 412 12 65 9 8 84 16 27 890523 824 8129 550
099 180 8 9 10 8 2 19 89 8 1 80 787 1014 10 2508 12 0 712 04 9214 32 0 5 6887 19 055 02 7140 0710 8910
10300 1830 13258 7705 5189 8 0 09 90 12108 815 8910 0992 1718 5413 08215 904 0104 2912 09213 1473 625198
1 0 3 4 5104 05 82 5 6 89 0 0 0 1 38 9 0 5 4 5 1 400 02 47 9 8 20 00 03 882620 194 9128 593
50 123 5 9 60 0 6 15 89 7 0 72 907 1014 15 5350 19 9 060 84 0210 16 3 0 0209 17 415 26 0134 8070 0082
12753 9100 19985 6715 0520 3 0 12 88 05197 505 0912 9832 6285 0960 70205 214 5130 0302 03010 0153 220096
0 9 3 4 4090 40 10 5 5 10 9 2 5 1 08 9 3 6 6 9 0 018 10 95 9 8 55 88 20 967978 184 0123 486
803 603 8 4 10 9 0 02 99 0 7 02 087 1078 65 2004 02 4 922 46 1016 12 3 0 1809 02 010 10 0145 5763 6417
10813 1104 73215 0812 8100 9 5 12 08 12102 817 8936 0832 2010 5403 12905 724 4937 3979 53023 9153 865108
0 5 8 0 5100 85 12 5 5 12 9 0 0 9 00 9 0 6 4 5 9 018 18 48 9 0 20 18 23 801283 623 0103 030
135 120 0 9 16 0 2 12 09 0 1 82 390 2010 95 7300 03 4 908 00 0248 15 6 5 7280 12 418 12 0605 7700 8967
17018 0906 00207 0910 5701 8 5 12 08 82022 810 0900 9914 1205 5003 04012 100 5134 0316 53603 0098 420505
1 8 9 0 5103 65 10 0 3 52 9 0 7 1 46 0 2 1 0 8 1 012 90 45 7 0 24 10 26 807923 120 0900 556
223 128 5 0 10 8 2 09 89 0 1 62 968 6410 05 3804 42 0 010 14 1915 90 3 5 1289 12 415 40 0145 8518 8002
12509 3830 17005 8712 0029 3 5 82 96 32804 800 4016 9813 0035 7416 10950 829 5139 0604 00008 1766 100179
8 5 5 0 5120 45 18 5 5 12 9 0 9 1 20 9 8 4 0 5 1 904 90 35 0 4 24 00 06 891000 106 8983 790
423 167 9 9 12 8 2 10 89 0 1 02 087 0210 10 2304 09 8 812 04 8215 20 0 5 4289 78 055 12 2005 8702 8012
12300 9600 73019 9012 3191 5 0 82 08 15460 805 8972 0050 0219 5413 50015 170 2039 5006 53200 7890 125199
1 9 4 4 5020 40 42 2 5 10 8 9 0 1 28 9 2 1 5 0 6 009 10 45 9 8 24 12 50 091223 129 0103 700
763 080 0 0 52 0 2 36 84 0 1 72 887 0904 00 2319 90 4 912 14 0214 62 7 2 7283 22 014 14 2005 9756 3717
82317 1030 06088 8702 1100 3 0 52 08 02158 865 8902 0412 0282 2419 60010 107 8164 0318 33618 1300 870008
0 0 9 0 0093 05 82 5 9 10 9 2 5 0 28 7 2 1 4 9 0 010 10 75 0 8 24 02 23 270229 904 4023 500
170 157 4 0 19 8 2 15 80 0 1 82 707 1214 75 2020 00 6 912 80 1850 12 3 5 1249 60 010 48 2150 7058 8910
10013 1130 60000 8712 5921 3 0 72 08 10302 975 0000 9810 0455 0003 03275 104 5034 5302 53289 0850 128199
8 0 3 0 5003 45 02 5 5 14 5 0 0 1 58 0 2 1 0 5 9 910 17 45 9 8 20 82 23 830023 614 8206 056
173 185 5 5 10 8 7 50 89 4 0 82 061 0415 17 7014 10 4 362 16 7815 02 0 5 1209 90 485 92 2105 8712 8908
19713 9080 08230 8072 0100 9 5 82 98 02852 897 8912 2822 4905 9013 12222 024 4304 8410 40210 9160 818198
0 0 0 0 5003 90 12 5 0 92 9 2 0 0 28 9 2 1 5 0 1 932 00 45 5 8 08 90 23 878920 924 8103 580
326 126 0 0 68 5 0 00 80 0 2 92 989 1274 00 2314 50 4 050 10 0410 45 3 5 1285 62 415 00 0030 0062 8948
92318 1805 05216 8010 0028 3 5 72 38 12707 090 8012 9412 1200 3011 72265 144 5100 5317 00213 1180 025192
0 2 0 0 5103 05 80 3 9 92 0 2 5 1 08 9 2 7 0 5 6 880 12 05 6 8 24 92 63 891220 129 8183 556
920 153 9 0 02 9 2 14 90 9 1 70 287 0904 15 2370 02 9 702 44 1215 10 3 9 1260 19 415 14 0145 8710 0092
10390 5845 03005 8702 4921 9 5 15 90 60735 015 8899 9862 2292 0603 12905 124 0834 5882 07253 0183 070070
0 7 0 4 6123 45 16 5 8 10 0 2 0 3 28 0 2 1 2 5 0 910 10 45 9 8 26 14 23 891306 124 3023 597
702 023 5 0 12 8 0 10 80 0 0 49 107 4814 10 7384 62 4 005 10 1557 10 8 5 9089 12 010 37 2100 8717 8700
02319 4493 03005 5712 0120 3 4 14 00 12852 899 6909 9912 2015 5090 42205 190 3334 0312 53240 1953 749108
0 4 0 9 5023 45 10 0 5 17 3 2 8 0 02 0 9 0 0 0 1 908 04 45 8 8 74 02 29 094295 120 8183 598
80 017 0 8 02 0 0 05 80 2 0 92 900 1004 13 2317 16 4 937 84 1219 12 3 5 1286 12 700 16 2189 8710 8610
16390 6070 00001 8780 5120 0 8 02 08 75072 848 8912 7055 1015 8019 07016 129 5594 0310 73583 1103 020198
8 2 0 0 0000 03 82 5 6 12 9 7 1 1 08 9 2 1 4 5 1 607 12 05 9 8 44 12 23 899290 184 0123 554
183 803 3 9 00 0 0 12 87 8 5 02 759 1014 95 7394 02 4 802 10 1216 70 0 5 0209 10 014 02 0750 6770 0919
12313 1134 13210 8012 0101 3 8 12 79 09102 825 0050 0868 9905 5013 10205 729 8834 0316 53009 1006 125060
8 2 0 4 9046 49 42 5 9 02 3 0 0 0 28 9 1 1 0 5 1 910 12 41 0 8 24 12 29 991003 025 8123 516
020 128 5 9 79 9 2 12 80 0 1 80 089 1204 15 3014 83 2 902 07 1808 99 9 0 9297 20 415 30 2149 0382 0710
00339 0390 63000 0149 0071 3 0 70 90 52182 719 8012 0302 7207 5813 30227 020 5366 8302 53210 5096 107195
0 0 0 4 6120 22 18 5 5 02 9 2 8 9 20 7 9 1 4 8 4 079 79 40 9 8 90 87 04 771268 004 8103 783
103 120 5 9 15 0 2 02 29 0 7 07 017 1415 15 2300 02 5 912 79 5213 10 0 5 9200 12 775 64 2145 6700 2905
12013 6094 73910 0810 5127 0 6 98 98 02000 801 7982 0810 1205 0643 82210 194 0039 8093 03010 7100 155209
7 1 6 7 5125 80 10 5 6 12 3 2 0 1 78 9 2 3 0 0 1 080 90 08 4 0 24 70 03 880080 137 6005 556
023 006 9 8 12 8 2 27 80 9 8 80 997 0894 65 8014 12 4 910 14 1210 02 4 5 1089 55 005 19 7005 0002 0912
19010 0138 50905 0712 6321 3 4 02 98 10102 895 9900 9800 1200 5013 10030 124 9109 5360 53013 9003 096798
1 3 0 4 8033 48 52 0 0 12 0 0 3 1 58 0 9 0 4 5 0 012 69 00 9 8 20 02 43 891200 704 5093 557
727 023 5 0 69 8 7 10 00 9 7 82 600 1514 85 2004 02 0 914 10 1010 10 3 4 1089 12 085 12 2805 6017 0992
07013 1139 13415 6702 5120 9 5 72 90 79077 814 8010 9050 1009 5480 12013 124 5030 0290 53203 1153 005500
0 5 0 8 9823 40 82 5 5 12 7 0 0 0 30 0 0 9 0 5 1 805 02 45 9 0 04 12 23 835020 024 8120 550
170 543 0 9 82 8 7 05 80 8 7 82 900 1014 10 2304 82 9 080 08 9010 74 7 0 0885 17 465 03 5106 8730 8008
17703 9003 05200 8717 5121 3 7 10 98 90192 810 8072 6202 1000 3800 10210 124 0136 0712 08214 1053 505164
1 4 3 4 5623 90 19 0 5 12 0 2 0 0 24 0 8 1 9 5 1 312 00 45 0 4 24 10 26 096973 120 8483 796
273 728 3 9 12 0 2 02 70 0 0 80 087 1004 15 2306 03 4 990 17 1510 12 0 8 1287 00 485 02 5125 7718 8002
02787 1808 60235 8010 4789 0 5 05 38 11092 888 8912 0830 1410 5413 62215 124 0004 5312 55270 1002 305149
0 6 9 4 0173 48 12 0 0 12 6 2 8 1 78 9 9 0 0 7 7 990 00 45 0 3 00 92 03 801200 124 0193 556
123 103 4 9 12 0 0 12 89 8 1 80 087 9000 05 9314 12 5 902 74 5205 12 3 9 1007 10 405 12 8140 4712 8879
02313 6190 97215 8770 5121 0 0 40 06 10175 010 5917 9412 3218 5698 12215 106 5098 5414 53000 1000 175098
8 2 4 4 5700 85 96 5 0 50 0 8 0 1 28 4 2 1 4 7 1 812 69 25 9 8 47 72 08 896270 224 8064 516
200 120 5 0 12 8 2 00 10 0 0 00 098 0214 15 2374 12 4 505 44 0005 12 8 3 1089 00 408 10 0100 8600 0311
00046 0195 68015 8712 5108 3 0 70 70 50504 819 8510 9810 1860 5003 00860 000 5139 5319 83203 0143 029004
1 0 7 4 0080 05 08 5 0 12 9 2 3 7 20 9 0 0 4 0 1 912 65 00 9 8 20 12 03 391053 024 8123 056
123 025 5 0 56 4 2 60 89 0 1 02 687 8264 15 5314 02 4 912 14 1900 10 3 9 1800 12 415 72 2055 8752 0492
12314 0060 70062 8000 5031 0 0 10 07 12462 800 0990 6062 1205 0403 92215 809 5164 5502 53204 0156 005098
1 9 1 8 5123 45 95 5 5 12 9 2 0 0 40 0 9 7 0 7 1 059 10 00 9 7 20 12 00 471773 100 0120 356
50 000 0 6 55 8 8 17 82 0 1 87 608 0090 10 9303 03 8 906 10 5510 52 0 5 1297 22 455 87 0045 9642 2012
12313 9175 19085 9002 5020 3 7 12 90 12092 815 8000 9810 1215 0413 62965 225 8134 5370 60216 0108 180050
4 0 3 4 0113 45 83 5 5 52 5 2 7 0 24 9 9 0 0 9 2 906 12 05 9 0 24 72 29 090000 124 0002 536
690 543 0 0 50 8 0 90 89 9 0 87 987 9238 15 0056 92 7 902 14 0060 10 3 9 4489 02 915 07 0780 8717 9012
62330 6130 13295 8012 0728 3 4 66 78 10002 812 8957 9012 0220 0312 72218 124 5068 0312 00843 0753 426195
9 0 8 0 0023 05 09 5 6 40 9 7 6 4 88 4 2 0 4 5 1 000 12 45 9 0 06 12 20 701220 022 0105 056
020 103 4 0 09 7 5 02 80 0 1 82 987 1204 15 2910 10 4 712 14 4015 40 3 0 9689 19 975 18 2405 8712 8512
15913 3035 70008 8082 5721 0 0 12 97 18902 085 0909 9810 3035 0015 02219 124 9101 0092 53817 1000 176178
1 0 0 0 5123 46 60 5 2 10 0 2 6 1 98 9 5 1 0 7 5 512 02 45 0 8 00 97 08 900220 104 7400 550
106 920 5 4 52 8 2 10 04 3 1 82 087 6218 40 8314 97 4 662 46 1400 17 3 5 0289 13 816 12 2705 8080 8910
02013 6065 03109 8352 2121 0 5 02 68 00005 815 8714 3952 1505 3010 12095 100 0104 6970 58244 1858 175908
1 9 9 4 5103 43 12 5 5 12 0 2 0 1 20 0 0 8 4 5 1 912 12 47 0 4 24 56 03 897230 124 6123 550
193 028 5 6 12 8 2 12 89 0 9 90 047 1914 14 2318 97 4 912 14 1012 82 8 5 8289 12 006 90 2145 3012 8912
72010 0135 03805 8702 9001 3 0 19 98 12180 805 4912 0049 0215 5503 12215 103 5104 9002 00200 1900 105964
1 2 3 0 5123 75 00 0 4 12 7 2 9 7 60 1 2 6 8 5 1 302 06 00 7 0 54 72 20 806927 944 8000 853
128 120 0 0 10 0 2 02 09 0 1 82 977 1044 05 6684 10 4 030 00 0215 10 3 8 1882 10 415 02 0145 2010 8922
12313 6139 30005 0712 0720 0 5 02 99 19610 815 3312 9000 0216 4413 10215 664 5030 0312 50013 1153 005108
0 6 3 4 0003 40 15 5 5 60 9 2 0 1 20 9 0 1 0 0 1 902 09 05 0 0 25 18 63 890700 724 0193 506
575 104 0 0 10 8 7 70 49 9 0 74 287 1203 10 0004 92 0 812 14 1135 12 3 8 0066 02 015 38 0045 9002 8089
00317 9585 00218 0002 5190 5 9 12 98 10100 020 0012 9802 1845 8410 10260 084 0160 2316 00210 2953 020108
1 0 0 4 0978 40 10 0 5 00 0 0 4 1 68 0 0 0 0 5 0 650 12 03 7 0 84 01 30 851253 624 0120 546
179 929 0 7 00 0 2 08 89 9 1 89 987 8014 07 2014 22 4 010 04 4265 02 3 5 1080 16 082 02 2145 8712 0002
10080 1000 13070 0792 0481 0 5 19 00 49807 019 8910 0810 1215 5418 62015 104 5178 0915 33013 1692 120198
1 8 3 8 4153 00 02 5 9 82 9 2 0 6 28 1 0 6 0 3 1 903 02 05 9 8 04 12 53 879229 808 8833 006
029 125 0 5 12 8 2 32 69 9 1 80 307 0200 18 2004 10 0 910 64 6009 07 6 5 8959 12 410 12 8145 8760 0902
80300 7635 76045 8700 5620 0 8 14 08 86600 915 9309 8066 4219 8010 12407 024 5784 7012 53008 0000 028090
1 2 3 5 5620 55 02 5 9 10 0 0 0 1 24 6 2 1 0 0 1 900 03 05 9 0 24 02 26 595220 124 8003 586
060 023 0 9 02 6 0 02 89 4 1 80 077 1304 85 7334 12 4 910 88 0715 10 3 8 1507 00 455 04 4104 6010 8992
90010 0135 00215 0710 0321 3 5 62 95 12102 405 8000 7802 0614 0710 00275 124 5134 0812 93610 9090 765007

18318 9030 13493 0762 6601 0 8 12 68 12050 000 8502 9842 0010 9017 12215 134 0078 5216 53217 0556 120193
0 0 0 1 0023 00 10 5 0 72 0 2 6 9 25 0 8 7 0 5 1 960 48 06 9 0 20 11 03 856393 004 8020 585
103 123 9 9 42 0 0 12 00 5 1 42 900 0034 15 6364 82 4 919 99 1235 10 3 4 4869 12 810 06 6177 8009 8909
02700 1003 03015 8912 8620 0 0 05 08 02172 010 9912 0812 5005 0413 62210 004 5094 0052 59713 9130 108409
7 2 0 0 5020 45 12 5 7 62 9 2 9 9 70 6 2 0 4 5 1 812 12 03 0 0 24 12 69 890023 890 8933 706
57 023 5 4 62 7 2 72 09 4 0 82 958 0014 19 0314 20 4 915 14 9085 92 0 4 8958 92 319 06 0107 8706 8302
14340 1205 16700 8470 5001 3 5 12 98 02102 860 0011 9842 6215 5413 02015 020 5003 0317 15211 8153 205043
0 2 7 4 5103 05 02 0 5 10 0 2 0 6 20 9 2 5 4 0 1 980 10 50 9 0 94 11 03 801489 129 8123 456
023 223 8 9 09 8 0 12 07 3 1 82 987 1050 15 8086 15 0 942 24 1115 10 3 5 0289 12 018 01 0145 6296 8080
10900 5039 13015 0790 7127 0 0 12 96 92000 845 0012 9012 1214 5023 02210 020 2000 0012 05898 1153 120190
1 5 3 4 5728 05 10 0 0 06 9 6 0 6 08 9 2 7 4 5 0 017 19 45 6 8 20 12 98 801009 004 0123 058
103 143 0 9 12 7 2 02 89 0 1 62 987 1205 02 2015 02 1 010 18 0050 12 4 4 1008 12 415 02 2000 8710 8410
02308 4530 03050 8902 5101 0 0 48 00 02110 005 8047 9012 1270 2403 12816 029 5130 5412 53897 0153 167708
1 2 7 0 8173 45 90 5 0 12 9 0 8 9 78 5 2 1 4 6 1 972 12 70 9 8 24 10 70 681223 420 3488 506
223 000 6 0 10 5 2 12 80 7 1 80 087 1084 08 9000 15 2 902 85 0017 10 5 7 0009 76 480 82 0140 8072 5912
12093 6130 13210 8080 5046 7 5 52 20 18080 805 8906 9510 1205 0013 12019 928 9130 0001 06010 1153 725198
1 2 3 4 3103 05 14 0 5 10 0 6 7 6 26 0 2 4 4 5 9 614 10 46 6 8 20 10 28 031653 746 7420 500
163 580 0 8 00 8 8 02 01 0 1 82 980 1210 05 2004 02 4 906 90 0285 02 5 5 1004 00 463 02 2046 8482 9912
90710 8335 03200 8729 0121 3 0 12 08 11502 705 8958 3499 1015 6600 10065 027 0138 5368 50013 1178 224198
1 2 0 4 0603 40 12 5 0 10 7 0 6 8 28 6 0 4 4 0 0 910 12 60 0 9 00 42 23 091000 804 0023 540
603 103 5 9 80 8 2 02 53 0 4 80 087 7810 11 5910 10 4 900 18 1915 00 0 4 1069 12 010 07 5000 5905 0912
74003 9105 23075 8111 5006 6 0 12 90 06000 105 8900 1910 1215 5048 02205 124 5084 8012 93208 1105 825158
1 6 8 4 5023 45 16 5 5 02 9 6 7 3 68 0 2 1 4 0 1 912 10 00 9 8 06 32 03 881207 224 8125 506
028 079 8 9 62 0 2 12 80 4 6 02 392 1218 02 2314 12 4 000 95 1210 02 3 5 0089 18 400 12 7175 0717 0010
40303 0335 13219 8012 0101 3 5 12 98 10132 805 8912 9818 3616 3013 18240 620 5174 8022 53013 1850 785108
0 0 0 0 5173 45 17 0 5 16 1 0 0 1 28 0 9 1 8 2 9 900 10 07 7 8 74 76 00 890960 094 4003 456
183 749 9 9 12 0 0 02 89 8 0 80 209 0210 05 2814 82 9 016 14 1030 05 3 0 1009 02 065 10 5065 4702 0712
12300 1103 93753 0712 5901 0 0 13 08 82148 005 0892 0066 1305 5009 53210 108 7104 0342 03208 1143 195190
0 0 3 4 8123 41 15 0 5 12 8 6 4 0 20 9 2 0 0 3 5 000 02 05 0 0 24 00 50 897218 624 0983 506
123 003 5 0 59 0 9 13 89 1 0 02 807 0210 05 2013 02 6 908 97 1015 12 3 5 1206 12 305 60 8845 6412 0306
19013 1070 04719 8825 5123 3 5 10 58 42042 015 6902 9912 1085 0013 02297 524 8875 3309 50400 4170 900990
1 2 0 8 5100 84 64 5 6 82 9 2 7 0 07 0 9 1 0 5 2 990 12 05 9 0 00 92 03 297490 324 8803 266
107 199 6 9 90 8 6 12 09 4 1 02 987 0294 00 2310 30 0 000 04 0200 89 0 5 8000 10 415 10 2106 6902 8012
1 2 0 4 1123 00 82 4 9 10 0 6 5 5 27 9 2 0 4 5 1 905 02 85 9 8 07 10 03 090205 424 8003 500
603 120 4 0 18 6 2 02 09 0 1 02 687 3274 05 0014 12 4 911 84 1005 99 3 5 1256 10 415 10 0440 8000 6003
12003 7300 10075 7019 5131 0 5 02 08 02120 010 0080 9814 1265 3010 85200 624 0130 5810 03202 1100 125190
9 0 5 0 2143 05 15 0 7 12 6 2 0 1 30 0 5 1 6 5 1 810 14 50 9 9 00 12 22 800053 124 2423 956
49 003 5 6 12 0 2 85 89 9 7 02 988 1214 80 0704 62 0 002 04 1520 12 3 8 1080 19 410 12 4145 8702 8410
00303 1130 90270 7007 9040 3 5 02 99 12100 819 0957 9802 1500 0813 17805 024 9134 0890 53917 0207 129198
9 5 0 0 0190 49 58 5 0 02 9 2 0 9 80 9 0 1 0 8 0 916 69 40 9 7 20 02 28 090893 004 6183 555
003 123 5 9 39 8 8 06 89 6 1 80 060 6014 19 0316 42 0 818 14 0675 60 3 0 1209 19 480 12 9045 0712 4910
82863 1139 70265 5745 5229 3 5 26 37 02008 810 8900 9979 1200 0004 02205 024 5184 5304 03013 0653 125090
5 0 9 4 5073 40 60 5 6 19 9 0 0 9 28 9 0 0 3 7 9 908 02 48 9 9 29 82 10 890545 600 0503 000
953 028 4 3 15 0 2 19 49 0 7 82 005 0716 05 2300 70 4 909 16 1040 17 0 0 7380 17 405 02 2955 9116 0732
62013 0105 17495 8591 6120 9 0 10 08 57002 885 9500 0919 1235 5403 80306 150 5134 0312 03613 0053 125093
1 2 3 4 6123 80 12 0 6 59 0 7 0 1 93 9 2 7 8 7 0 072 12 48 9 8 00 00 24 890203 024 8100 050
123 623 7 0 92 8 4 12 87 6 5 62 080 1084 00 2064 02 0 882 10 1016 00 3 5 1757 82 448 02 0540 9006 0011
17054 2035 13085 8012 2171 5 5 72 27 12102 845 8990 9800 1837 5416 52477 024 5034 5171 09013 1853 005018
1 0 0 4 3024 46 13 5 0 06 0 0 6 0 04 9 0 1 0 5 1 010 12 43 9 8 24 02 23 691033 120 9120 550
000 150 5 6 17 0 8 72 09 0 0 80 907 8214 15 2910 02 4 910 47 0275 92 3 7 1789 12 800 12 2100 4790 8912
00500 0085 13202 8649 5169 3 0 12 99 12102 925 8311 0822 0231 6413 92010 124 5930 8302 08219 1953 135098
1 2 0 4 5183 03 12 5 0 00 9 9 6 1 68 9 0 9 0 5 8 912 12 05 5 7 28 80 33 071267 684 0103 706
823 919 5 0 10 8 0 06 88 0 0 82 986 0204 15 0791 92 4 902 08 0235 99 3 0 1000 92 002 00 2745 8710 8030
12300 1135 13605 9762 5026 6 5 32 48 00100 855 6812 8811 1215 5410 98265 164 7138 0386 38013 1324 655198
1 5 3 4 5127 45 42 0 5 09 8 2 0 5 28 0 2 0 0 0 1 918 00 90 0 8 74 12 80 856201 109 8020 556
123 140 5 0 82 8 7 19 83 4 1 42 084 1214 15 9609 32 4 910 10 9718 02 0 9 9889 12 406 10 2046 8011 8032
19550 0005 13076 8772 3821 5 5 00 80 00172 005 5716 9776 1615 4713 07205 024 5104 5410 53213 2000 020197
5 2 3 4 9003 08 78 3 5 10 4 0 2 9 98 0 6 1 4 2 1 904 62 40 8 7 76 62 23 860200 104 8123 356
123 120 5 7 12 1 7 12 50 8 6 82 986 1264 68 2014 17 4 937 67 3600 10 5 5 9280 52 007 02 2055 8900 8012
00402 1150 04015 0912 6004 3 0 12 07 13570 725 0982 6812 1210 0053 42985 124 0137 5342 53014 5153 828190
0 8 0 9 5703 45 10 5 5 99 9 4 0 1 28 8 0 1 4 5 9 610 10 57 9 6 04 42 13 999823 154 9680 090
103 020 7 9 12 9 2 52 89 5 1 87 878 1917 05 9510 02 4 710 10 9047 09 3 0 1230 12 435 00 2841 0019 8807
12313 1038 49215 9010 0171 3 5 12 00 72172 805 0002 9800 6805 5043 17259 124 5134 2092 03013 7150 106792
0 4 6 4 5163 45 92 5 5 77 0 0 6 0 28 9 2 0 0 9 0 092 43 45 4 8 24 80 20 890025 104 8126 356
023 123 5 9 16 2 9 02 09 0 4 42 900 0830 55 0340 12 4 682 04 1250 17 7 5 1908 02 905 92 2445 2712 8952
72373 1035 90037 8080 5001 3 5 09 01 12178 017 6902 0882 3715 0003 16040 628 5034 5383 49010 1903 021998
1 2 3 0 5125 40 12 3 0 72 9 2 0 1 08 7 0 1 4 5 0 010 96 46 9 2 28 19 23 008005 000 8128 506
109 940 6 9 02 8 2 19 79 0 1 88 700 4214 15 0964 10 8 810 30 1205 72 3 0 9009 12 015 10 7030 0009 8812
12319 6155 13215 8210 9121 3 3 10 60 47162 010 0000 0817 1270 5443 97215 004 5134 5310 04250 0100 725860
1 7 3 4 0903 40 08 4 0 02 5 9 0 6 28 9 2 9 4 5 1 460 00 43 8 0 20 18 23 801223 109 3123 001
00 629 5 9 12 8 9 02 09 0 1 62 987 1284 05 8314 90 4 310 50 1015 12 0 5 1289 40 410 52 7140 8012 8912
12313 8830 08719 8712 0921 6 0 02 85 00000 095 8748 9082 0205 0445 99011 600 5134 5770 53246 1073 025199
0 0 0 9 5008 05 77 5 0 12 9 0 8 1 78 3 0 1 2 5 6 946 02 79 9 8 20 27 20 891063 194 8164 600
173 199 5 0 19 0 2 65 89 7 1 88 457 0210 07 2994 72 4 912 00 0205 10 9 9 7098 02 415 12 2145 8762 0912
07370 0137 13205 4060 0601 0 5 90 68 62902 070 8910 9314 1815 8978 90295 029 0608 0339 52217 0423 125095
1 0 8 6 5190 45 02 0 1 10 2 6 7 1 08 9 2 1 4 0 5 980 09 45 9 8 06 12 20 890029 104 6853 040
120 103 6 9 40 4 9 00 79 0 1 82 987 1414 14 2104 10 0 902 00 1616 82 3 5 1281 15 664 00 2540 8702 8910
16313 1128 80290 8009 4122 3 9 04 98 06055 015 0906 9018 1265 5458 12010 122 5130 5002 02213 0990 125890
9 2 0 0 5503 43 02 0 5 32 9 8 0 1 28 9 2 3 4 5 0 812 10 00 9 8 23 92 20 891200 180 8077 004
003 106 0 9 12 8 2 96 05 2 1 84 977 2208 06 3016 82 0 010 14 1215 00 3 6 1180 02 410 10 2145 6010 0112
12086 1980 10200 0700 5329 3 5 60 09 66342 815 8018 9000 9205 5440 10045 164 6138 6317 70918 1158 120008
1 0 9 4 5123 40 07 0 0 92 9 0 3 1 38 9 2 1 8 0 0 012 02 05 9 0 74 57 23 001827 124 8403 050
123 720 5 9 77 8 6 12 09 9 1 70 008 1084 45 2909 03 4 019 10 0215 17 0 5 0794 17 819 87 2145 6010 8953
60903 0435 17210 3712 5222 3 7 12 98 72109 775 8000 9808 3290 5003 12003 184 5104 5412 01203 1153 020094
8 1 3 5 0123 50 00 8 5 12 9 6 0 1 28 9 6 1 4 5 1 906 12 45 9 8 78 52 27 591080 124 0423 556
326 123 0 9 12 8 0 15 09 5 1 80 097 8104 05 6314 82 7 910 10 0315 02 0 0 9200 02 215 02 9095 4702 0918
85313 1195 17910 8070 0007 0 0 10 98 37808 815 0015 9012 1210 4017 10254 120 5104 4097 73210 1193 155908
1 2 3 0 5961 05 02 5 0 10 9 2 9 9 20 9 0 1 4 9 0 912 90 45 1 8 20 00 43 301223 629 8107 500
009 120 5 9 10 5 2 02 99 0 0 76 987 1294 81 2314 89 5 406 13 1005 18 0 0 1359 10 315 14 5101 9722 0700
17963 0039 10215 8710 7921 3 7 00 97 12876 835 8018 9919 1215 0013 02015 125 0134 5512 53297 1873 025698
1 2 0 0 7193 48 92 4 9 12 6 2 8 1 28 9 0 1 7 5 0 712 12 41 0 3 85 18 21 090220 120 0100 556
026 128 5 9 12 8 1 67 80 0 1 02 908 0204 17 9310 15 4 922 05 1217 02 9 4 1256 10 415 10 0195 8028 8912
12513 4935 17745 8109 5128 0 5 08 90 02002 000 8012 9697 1015 5414 12019 354 0174 1392 53017 7053 125008
1 0 3 2 5663 08 12 5 9 13 0 2 0 1 70 9 7 1 4 0 6 902 00 45 0 0 27 10 00 891080 964 6180 096
133 623 5 9 02 8 2 02 89 3 1 72 088 1900 70 0410 14 4 902 08 1210 45 3 8 1284 90 295 82 0105 8002 0002
02310 1075 40292 0760 9170 3 0 80 20 16202 005 8692 0809 3245 0423 02010 104 2902 5350 52213 1000 120194
0 2 3 4 5027 43 12 6 8 12 5 0 8 1 98 5 7 9 0 5 2 489 82 08 9 0 24 10 33 895693 024 0103 050
020 123 3 0 12 0 2 71 05 0 8 00 564 0014 15 2033 12 0 072 06 5074 32 0 8 0289 02 419 19 0049 0748 8900
12303 0115 09810 0502 5021 4 0 72 08 15102 089 8008 9812 5215 5113 19595 184 9137 3302 53203 0354 025101
0 2 5 0 5820 48 12 9 9 10 6 2 6 1 28 0 2 1 0 5 8 912 10 45 6 8 07 08 00 891260 120 8029 070
923 026 6 4 10 8 0 12 89 6 1 80 970 1296 18 0016 02 0 910 11 0278 10 3 5 0079 80 405 07 8105 9063 8945
16818 1139 00000 8002 5120 7 5 07 98 12100 875 8002 0009 1219 4073 10218 194 7920 7662 68615 0503 106098
0 2 0 4 0303 00 02 5 5 02 9 2 0 1 40 4 9 1 4 0 8 910 12 43 9 8 24 06 23 897295 070 0009 806
09 102 5 4 12 5 2 93 83 1 5 82 087 1000 16 2354 10 2 407 02 1060 10 3 5 0089 10 415 02 0107 8702 0960
15870 0036 03100 8810 5128 3 0 14 01 62902 915 8942 9810 5200 0540 05905 020 0133 5082 93203 1459 203190
1 3 2 4 5100 78 10 0 0 92 7 2 4 1 28 0 2 1 0 0 1 902 10 00 9 0 26 42 50 851323 104 0720 056
100 103 0 0 12 8 0 12 42 9 4 70 980 0290 18 6014 02 4 912 66 1715 72 0 5 0200 12 005 12 6045 6792 8907
00303 1030 02036 8812 5046 0 5 10 06 12002 015 0070 9814 1319 5410 50215 108 5134 0969 03270 1190 327190
1 0 3 4 5099 15 00 0 5 46 9 0 0 2 28 0 0 1 3 5 1 672 12 20 7 2 84 45 43 300263 534 5023 580
000 123 5 9 12 8 3 02 00 0 7 39 288 1214 00 0314 13 4 019 10 7515 02 3 5 5382 82 410 12 2045 8712 0918
32360 3135 10216 8583 3171 4 4 15 98 02109 715 8010 9092 1285 5906 82219 824 5030 5302 09233 1163 675038
1 4 6 4 5160 09 12 9 5 10 9 0 0 0 28 4 0 1 4 0 9 910 02 05 9 8 24 00 26 004028 180 0423 576
092 133 5 6 82 8 2 82 86 0 1 66 947 6234 07 2310 00 9 702 24 1205 12 0 8 1080 68 705 04 0040 9410 1012
12310 1035 15298 8010 5730 3 5 12 98 00002 815 8916 9829 0900 5419 04911 104 7130 0012 53100 8056 525000
5 2 8 4 1003 57 12 0 2 02 9 3 0 5 98 9 7 0 4 5 0 010 52 00 7 8 14 17 29 090293 100 1023 596
109 115 5 0 90 8 0 82 09 0 1 82 980 3894 75 2397 18 8 909 10 9415 70 3 5 0688 72 409 99 0145 8010 0910
02013 0630 83515 8612 0701 3 5 12 95 90172 818 8302 9810 0790 5003 12819 506 5130 6312 67217 1050 425026
1 6 3 4 4320 48 52 5 0 32 9 2 5 1 28 0 6 2 4 8 9 902 42 35 0 2 70 30 23 890603 706 8123 590
129 073 0 9 08 8 2 70 89 0 1 80 576 8614 09 0314 10 4 902 04 9615 12 0 5 1489 10 870 20 0045 8050 8012
12410 1135 13900 0750 5820 6 0 60 08 07002 806 8952 0804 0200 0413 52900 570 3006 0002 73510 7353 185007
0 1 3 4 8023 45 73 2 5 00 9 2 6 0 08 9 2 1 0 5 7 919 12 50 9 3 74 72 24 896803 196 0183 056
142 100 5 5 10 8 5 80 89 8 1 09 785 0008 58 2604 18 4 777 04 1015 10 4 5 1249 02 008 06 2473 6002 0912
12319 1135 12106 8709 5121 3 0 60 07 15110 015 0012 0012 7210 5619 12017 029 5355 5302 97003 0153 029008
0 7 0 0 6120 99 17 9 5 14 9 2 5 1 87 0 2 1 0 8 0 093 82 05 9 4 25 52 90 887270 760 6056 356
020 006 5 0 12 8 0 13 09 0 0 62 087 1210 55 4317 16 7 882 14 7405 00 9 9 1259 12 416 02 2141 0510 8093
10373 0135 00614 8512 5100 3 0 72 98 99002 815 8032 0059 1258 5460 82204 720 0000 8012 44215 0188 025077
1 0 3 4 8420 85 41 0 0 72 5 0 0 1 28 9 2 9 0 5 0 912 12 40 0 4 44 12 93 891097 420 8100 556
100 683 5 0 12 8 0 19 12 4 1 50 987 6014 35 6004 02 4 770 19 1210 12 3 5 8289 77 774 12 2484 8012 7602
00303 1135 04685 5770 5121 9 5 19 68 82002 215 5914 3510 6210 0403 92205 124 0234 0392 58913 1786 120698
8 8 3 0 4150 05 10 5 5 02 6 0 6 8 20 5 0 5 9 5 0 025 18 45 9 2 29 52 23 691503 128 9583 556
100 094 5 0 02 8 2 10 09 0 1 82 982 1004 05 2369 42 5 503 04 1355 10 3 0 0289 16 495 02 2700 8707 6012
72318 9000 03215 8812 5966 3 5 80 98 10257 815 8952 0052 1205 5418 12015 024 5130 5302 70619 0100 145170
0 2 3 4 5125 40 12 0 6 19 0 0 0 0 30 9 0 1 0 0 0 812 12 49 9 8 74 17 23 001650 024 8129 706
004 133 5 4 72 8 9 02 99 8 0 05 084 0219 90 8004 10 4 510 10 1015 00 3 5 4080 12 805 62 3198 0710 9618
02300 1145 00580 7018 0420 6 5 16 08 86110 017 8802 9612 1200 8029 12285 103 7234 0605 80053 0157 105898
0 2 0 8 5129 45 10 4 2 82 0 9 0 1 28 9 2 0 4 0 1 910 12 45 0 0 64 62 23 891220 162 9070 506
50 193 5 9 10 9 9 12 89 5 1 89 080 8017 19 0344 10 7 010 16 1210 12 7 5 0880 02 445 10 2105 8092 0940
42590 1635 03015 8712 0171 3 8 12 97 08500 305 0958 9900 1008 6707 12815 726 5104 8315 07960 1150 155094
7 0 0 4 0021 49 12 8 5 00 0 9 6 0 21 9 1 5 7 0 1 910 02 91 9 6 29 02 03 081027 820 8620 500
973 129 7 9 42 8 3 02 00 0 1 85 685 2214 10 6317 19 0 912 09 1295 10 3 5 6009 02 005 10 2148 6712 0012
32363 9630 73090 5066 0000 7 6 12 98 00102 815 0912 9812 0210 8013 18219 104 0004 2360 00283 1053 129134
9 2 8 4 0700 45 10 5 2 12 9 2 0 1 90 6 7 0 8 0 1 282 12 45 9 0 24 92 20 860229 024 8166 056
923 040 7 8 00 0 0 12 89 9 1 82 005 1004 80 6810 12 3 760 00 0210 18 5 0 0005 72 419 12 0003 0910 8918
07357 1495 58015 8942 0191 3 5 02 98 17182 015 2060 0080 0210 7413 49240 140 5194 5530 93215 0110 730198
1 2 0 8 5103 75 22 5 5 12 0 0 0 6 90 9 2 1 0 0 0 910 20 05 9 0 06 12 03 891200 129 0808 556
023 520 0 0 10 2 5 00 89 7 1 90 040 1210 90 5944 92 9 895 79 0210 12 3 5 0279 12 410 14 2405 0002 8712
12613 0430 03014 9715 5101 3 5 10 88 60119 650 8010 8899 1015 0000 16035 048 5050 9002 03243 1050 125170
5 2 3 4 5026 95 62 8 3 12 9 2 0 1 08 6 0 1 4 5 0 002 12 90 3 9 08 42 20 891203 824 8800 580
173 125 5 9 02 6 2 10 40 3 1 82 907 0004 15 0000 12 0 012 84 0525 02 3 5 1209 12 416 12 2040 5012 0010
32313 4335 10230 8313 0825 3 5 37 68 84104 015 8952 9802 1250 6516 25215 150 5134 8308 60690 1150 905898
5 2 0 0 5133 08 82 5 5 17 9 2 0 0 68 0 7 0 0 0 8 500 12 15 6 8 24 09 23 990203 104 8028 076
103 723 5 9 02 0 2 12 99 0 0 72 986 1212 16 2506 00 0 058 01 9615 02 0 5 1480 12 410 90 2808 5015 8982
30320 6035 03915 8710 8028 3 0 12 90 12009 705 7910 8812 1715 6010 52015 005 5154 9312 03413 0053 105094
6 5 9 4 0763 00 70 1 0 10 9 2 0 0 24 9 2 8 4 9 0 710 10 05 0 5 24 90 23 090023 727 8023 550
143 120 5 9 52 0 0 12 90 8 9 26 097 7204 15 4019 10 7 612 06 0415 02 1 7 1289 86 580 07 2905 0940 8572
10910 4100 00215 3090 5150 3 5 05 52 12072 813 0912 5889 9013 5417 02082 024 8334 6009 03953 1152 007060
6 9 0 4 5109 45 76 5 9 62 7 2 0 1 20 7 9 1 0 5 2 412 20 40 9 8 21 05 29 090263 160 0123 586
940 188 4 7 12 0 2 15 49 5 0 90 008 5504 85 0310 02 4 990 03 6212 05 4 9 8279 12 006 10 0045 8800 9012
07813 6030 40010 2768 9209 0 5 10 57 02608 818 8912 9752 1713 5013 16205 120 5874 5890 83803 0153 105698
1 0 3 0 0028 60 00 0 9 92 7 2 1 1 78 0 2 1 4 0 8 019 02 94 0 8 27 12 43 891010 096 8375 956
073 020 5 9 02 8 0 14 79 3 9 80 080 5214 10 8310 10 0 100 84 1212 10 3 5 1280 60 015 00 0500 8782 8009
16310 7130 13215 8715 5701 5 9 02 20 19032 816 0310 9122 1095 9703 77225 128 8134 5312 53217 5053 428198
0 2 3 6 5120 05 02 8 0 10 8 0 5 1 06 0 2 1 8 0 9 920 07 45 0 0 09 10 03 897210 029 5504 576
023 123 5 9 02 8 0 16 60 5 0 00 980 0014 00 2914 12 9 082 28 1088 18 1 0 9209 12 275 02 2108 8416 4602
68510 6875 03315 5010 6001 3 5 40 98 12042 040 8912 0012 1089 5410 10225 100 0075 5092 59016 0163 720108
5 0 0 3 0103 45 12 5 8 10 5 2 0 1 41 9 2 1 4 0 9 010 04 40 8 0 80 89 33 891624 022 8103 949
920 698 0 2 12 8 3 15 89 3 1 82 397 1714 15 2300 09 4 070 50 1083 67 6 0 1300 11 065 10 2240 8012 0160
12333 1055 13015 8712 9701 9 5 12 98 13170 815 5924 9887 0900 5463 82226 829 3130 5360 13472 1103 125900
1 1 3 8 5100 98 12 5 5 12 9 0 0 0 20 9 2 1 4 5 1 902 12 05 7 8 04 12 53 000829 000 8882 055
50 123 3 9 36 9 0 12 00 9 1 82 707 1307 84 0309 12 4 996 24 1200 04 7 0 1059 02 715 10 2140 7712 5972
17313 9105 93010 8070 5003 2 0 79 08 12080 855 9902 9040 0004 5473 72248 121 5038 5010 53043 0659 025160
9 2 3 4 0207 40 20 0 5 00 0 0 0 1 28 0 2 1 0 0 0 012 02 48 9 8 84 50 43 001263 020 0100 007
793 087 0 9 92 8 0 90 68 6 4 80 788 1210 18 2702 19 1 912 04 2917 39 3 0 0289 90 006 00 0840 8752 0962
05013 6105 00215 9712 5021 0 0 12 00 00012 040 8012 0712 9007 5008 00010 070 5130 0300 03973 1003 795498
1 2 0 9 5903 45 00 5 5 10 9 2 3 0 28 9 2 6 4 0 1 910 00 02 0 7 04 12 20 801622 144 8420 656
023 023 0 9 42 5 2 08 07 0 8 87 780 9214 10 7304 62 3 062 04 1215 12 9 8 0289 12 415 02 3640 8702 8912
10310 0105 13215 0712 5121 1 5 07 90 10102 255 0912 2860 1205 5853 62247 304 5004 5012 07213 1055 025190
1 2 3 4 5300 05 12 5 5 52 9 1 9 1 98 9 0 4 9 4 1 910 12 40 9 5 23 11 90 897029 174 8429 550
123 893 0 4 00 8 0 12 30 9 0 01 901 1907 14 0311 10 4 015 16 1230 14 3 9 9289 62 055 12 6149 0510 9010
02303 1135 73205 8710 0926 0 1 10 57 02100 818 1312 0110 6200 8483 11210 000 5034 9352 83200 0153 025020
1 2 3 0 0173 15 70 0 8 11 2 0 7 8 25 9 8 0 4 5 8 010 12 95 9 0 09 42 23 891025 026 0123 586
123 085 0 9 42 0 5 02 89 8 2 82 030 7604 29 2708 72 7 007 94 0099 12 7 0 1304 08 005 03 2970 8607 8372
56318 6100 14260 9002 0011 0 5 02 58 15109 010 8962 9872 1610 5413 18009 100 3134 5082 03209 1059 025108
1 2 0 3 0121 40 86 9 5 11 9 2 0 1 28 9 0 1 4 9 1 767 16 55 4 0 04 02 03 861045 044 8123 509
600 091 0 9 02 8 9 12 85 9 1 80 907 5719 99 2314 19 4 510 04 2816 10 0 5 1785 19 015 60 0195 8302 8396
82304 1130 13618 8017 0131 3 0 12 90 02182 025 8012 9602 4908 5053 82285 004 5105 5330 07063 4008 075778
1 9 7 4 5193 55 79 0 0 82 9 2 6 1 28 0 2 1 0 5 5 918 00 05 9 8 00 12 70 050026 190 8125 900
107 003 5 0 62 8 2 17 59 0 1 92 987 0219 96 2304 76 4 412 10 2210 19 3 5 0909 02 418 00 0220 5002 0905
18343 1105 10217 8400 5704 3 5 12 90 82169 895 3012 9850 0275 5010 02595 064 5809 0805 90203 0153 124390
0 2 3 4 6123 39 48 9 7 62 9 2 0 8 24 5 2 1 7 5 0 910 10 45 9 0 24 12 20 401533 194 0003 596
183 123 5 9 73 0 0 92 09 0 1 89 609 3005 95 2514 10 8 012 03 0017 02 8 0 7289 12 000 02 2405 0742 8902
10373 1136 77085 9200 0127 8 0 02 98 10167 091 5920 0000 1269 5793 10000 100 5104 5802 50210 9353 087998
0 2 9 6 5123 49 60 5 5 94 0 2 4 1 20 0 2 0 0 9 2 912 10 32 7 9 25 02 09 898023 004 0023 580
120 073 4 9 12 1 2 62 80 0 8 92 610 1290 05 0014 52 0 900 59 0813 62 0 8 1269 83 415 92 2004 8702 8710
10213 1435 13215 8702 5900 3 8 12 90 62586 015 5902 0072 6216 5410 02007 124 0148 3316 53050 0150 107608
1 6 8 9 5026 05 10 5 0 12 0 2 0 1 24 6 0 0 9 5 9 812 02 06 3 8 20 17 40 991284 125 8703 356
169 100 5 0 10 8 7 12 00 7 1 94 907 1204 07 2394 20 4 802 14 1215 12 3 5 0083 15 438 02 9025 8713 3962
12018 1105 50800 6912 5101 5 8 12 98 12109 615 8960 9809 7085 1917 12210 124 0139 0310 50280 8150 025090
0 2 3 4 5020 60 12 5 0 75 9 0 0 1 20 8 0 1 4 5 0 712 54 40 9 8 76 12 20 053773 183 0008 500
520 003 5 9 00 8 2 00 02 4 1 02 047 1004 96 2910 02 6 907 17 8210 50 0 5 6807 09 215 02 5005 8712 9510
12080 0135 00099 8002 9120 5 5 19 98 72100 018 8942 9012 1215 5419 60204 178 0404 5719 00503 1050 135198
0 0 3 0 0503 75 07 0 5 02 0 0 1 9 00 9 2 1 0 0 1 912 12 00 1 0 08 12 23 401000 155 8053 556
59 120 5 8 02 7 2 10 89 0 1 83 087 1214 15 0300 12 4 912 11 1203 72 9 5 1279 12 415 92 3004 8210 0900
01585 4038 14010 2710 7947 6 0 02 90 02168 860 8972 6018 1065 5403 16211 120 9008 0010 53204 0659 025198
1 0 3 0 8189 40 02 5 5 18 9 5 6 1 38 9 0 9 4 5 1 040 14 80 9 8 20 11 03 885250 096 4023 556
629 929 5 9 00 8 0 72 30 6 0 42 977 1004 00 2344 00 0 012 00 1009 87 8 0 9290 22 005 62 0140 8012 8003
60317 0135 13705 5716 5601 3 0 62 98 10102 810 0812 0012 5215 5010 02615 191 0330 5942 58803 0150 185790
4 0 3 0 0720 05 32 5 7 87 0 2 6 1 28 0 6 0 4 0 1 912 12 05 9 4 04 12 20 801025 124 5123 509
921 823 5 8 12 8 2 12 89 5 0 00 087 6016 10 9080 02 7 912 10 4205 02 0 0 1287 02 809 02 0140 9012 9901
12383 6130 13000 8044 5121 0 0 10 08 02168 853 0912 0030 1215 6420 05297 124 5104 0317 33113 0056 718698
1 8 9 0 0039 45 10 8 5 10 9 9 6 0 28 5 0 1 4 5 4 096 17 05 9 9 09 92 23 060002 124 9920 556
183 120 0 6 50 0 2 12 85 2 0 24 984 0610 90 0310 09 4 932 94 0219 50 5 5 1789 12 465 12 4140 0032 8946
11003 5333 13215 9810 0100 6 0 10 88 11182 813 8902 0752 0205 5017 02210 128 0134 5362 53203 0073 105100
2 2 3 9 0023 60 10 0 5 12 9 3 7 1 08 8 2 1 5 5 6 912 65 45 8 8 70 02 50 699223 364 8028 586
020 903 5 9 16 8 4 12 89 3 1 82 007 0217 15 0004 12 4 915 14 0786 16 0 5 1036 18 015 02 5145 0010 0917
10016 1054 00302 0192 5051 3 0 16 98 00000 810 8515 9519 6075 2410 12200 127 0136 0313 00263 1163 102894
1 2 3 0 0183 86 05 0 5 07 9 2 8 1 57 0 7 7 0 6 0 089 10 00 9 9 66 16 03 090023 005 8070 364
023 053 5 0 12 0 3 17 79 7 1 82 987 8090 50 3317 42 1 900 00 5710 00 8 5 6009 18 475 90 0100 4790 8007
00873 0000 93206 0017 5544 1 9 02 88 32662 960 8010 9813 0210 5403 10505 024 9191 0368 00210 6158 125095
1 0 0 8 5103 40 10 5 5 10 9 0 6 1 60 0 2 7 7 2 1 913 70 05 9 8 04 92 73 091023 095 0071 550
423 903 7 6 02 8 2 60 88 0 0 82 987 9010 10 2810 12 4 902 94 1055 00 9 5 2029 00 410 16 0705 8618 8818
72010 7100 13265 9712 9080 5 0 57 58 12992 310 0918 3912 1845 5403 82005 108 7608 5910 03713 1102 641198
9 2 0 0 0420 45 13 5 5 82 0 2 0 1 28 9 2 6 4 2 0 012 90 45 9 8 04 00 26 892206 024 0120 956
024 073 5 0 00 8 2 16 50 2 8 86 903 1084 15 2314 17 4 930 18 0811 10 0 5 2280 62 415 02 2345 8740 0917
10913 0035 00290 0772 5141 0 5 52 98 12180 816 7602 9812 1010 7868 02219 104 0037 4030 50243 1130 508108
0 7 9 0 7953 49 98 5 8 10 9 2 5 0 02 9 0 8 4 5 1 910 15 00 9 8 20 72 07 899973 270 7173 007
120 109 5 9 66 0 2 86 09 8 0 89 080 2267 65 2910 92 0 912 60 1290 97 3 5 0689 38 090 80 0000 8710 8912
17009 0100 03705 8022 0128 3 0 87 98 04502 595 0902 7872 1205 5413 00912 170 0108 7312 53243 3753 148090
1 2 3 0 5720 45 98 5 5 12 0 2 0 0 28 9 2 0 4 0 1 880 12 40 6 8 53 78 03 891223 124 8129 590
822 120 1 8 12 8 7 10 80 0 1 62 004 1590 00 5608 10 4 912 64 6015 32 0 8 0259 13 910 52 0165 0792 0502
12313 6105 23218 8012 5760 5 5 10 02 12152 815 8009 9062 0205 0910 92615 524 5604 0309 08003 1153 705598
5 7 0 4 0723 40 16 5 9 12 9 2 7 0 98 0 2 1 9 5 0 463 62 45 5 8 27 92 03 901930 100 0793 856
803 123 0 9 10 0 4 19 89 5 0 92 487 1227 75 0304 16 4 900 00 1210 12 6 1 1220 15 905 06 4000 8802 4012
00010 1305 03497 8017 5721 3 0 02 96 10006 610 8914 9022 1015 5093 72219 129 0004 5900 53770 0859 020798
0 8 3 4 9128 88 10 5 5 12 9 7 9 1 28 9 2 0 0 5 1 916 02 45 9 8 24 00 03 770373 024 1123 806
54 050 5 0 22 9 2 89 79 5 7 80 947 8210 05 2004 03 5 902 14 8805 12 0 0 1779 92 415 09 2135 8812 8914
72816 1155 07905 7702 5029 7 5 07 80 17127 815 0812 9012 9919 5017 10215 124 5137 5702 03843 6153 907190
1 4 7 8 0029 04 10 4 5 06 0 0 0 8 00 9 2 0 0 5 1 310 02 05 9 0 24 02 01 901698 104 6163 550
123 120 5 0 02 8 9 16 80 7 1 00 088 1944 15 6014 02 8 012 00 1215 82 0 5 0289 42 424 18 0045 8710 0940
17010 0138 23205 0018 5120 3 5 12 68 82496 895 8792 9812 2200 0466 44415 027 5134 5302 00260 0178 807197
1 0 3 9 0009 75 52 0 0 72 9 0 8 1 20 9 2 0 3 6 1 918 12 60 0 8 04 12 02 998620 107 8023 608
993 163 9 8 02 8 9 79 80 7 1 35 600 1614 15 2800 12 9 402 54 0514 62 7 5 0089 19 410 19 3040 8010 8918
02310 7045 40435 8712 5101 3 5 12 58 02000 014 0720 9790 0215 4410 00605 324 8030 5902 53210 0153 969198
1 2 3 0 5109 45 00 5 9 02 9 2 2 1 20 9 0 9 4 5 6 980 52 40 0 8 24 28 28 890923 020 5100 655
123 023 5 9 45 8 2 00 77 0 1 80 957 1284 45 2314 00 3 057 14 0200 12 6 5 7283 00 415 12 0595 8010 8002
76363 0135 70605 8010 3107 0 5 19 90 20109 411 8912 9092 3015 6050 00070 124 5034 0712 50013 1003 625898
1 5 0 4 5123 05 14 5 5 12 0 2 0 3 29 9 0 1 4 6 1 010 80 40 8 8 29 19 50 890293 695 0123 056
942 830 5 0 12 0 0 42 07 9 7 88 087 1214 18 1004 12 4 965 10 0215 10 3 5 0200 02 770 12 2148 3062 8902
00510 4170 10215 7080 5026 3 0 92 98 10132 015 8502 0812 0255 8410 09287 120 8134 5302 04244 9303 620048
0 0 9 4 5198 55 02 5 5 40 0 2 8 0 08 9 2 1 0 7 9 902 66 00 9 8 24 90 73 161881 028 8023 506
123 453 0 9 90 9 2 19 90 4 9 82 060 1904 70 6414 12 4 992 17 0205 12 3 5 1265 52 410 00 0290 8010 8910
61310 1030 03215 0807 5121 9 5 00 54 02080 010 5012 4912 6215 5453 38200 127 3114 0716 03000 1058 040198
1 7 4 0 5103 60 92 5 9 93 3 7 0 7 08 0 2 1 9 7 5 713 02 05 0 0 27 82 22 095023 524 0023 005
173 003 0 9 40 0 3 12 05 0 1 83 907 1200 10 2614 12 0 202 04 1200 19 3 7 3209 62 015 92 0075 9708 0002
02617 4136 53210 8906 7121 3 5 12 98 19902 815 6000 9040 1205 4910 52705 002 8600 0612 53213 3103 105108
0 7 3 4 0100 55 00 5 0 10 7 0 5 1 98 9 2 5 0 0 1 916 02 05 9 8 08 13 73 861424 704 0190 756
099 147 0 8 10 9 7 02 80 0 1 43 787 0515 05 0519 19 0 719 14 1005 12 3 5 0080 62 425 12 0149 6790 8562
70006 1235 13302 8782 0000 3 5 10 00 12009 915 8912 9807 0700 5413 10215 080 3130 5912 10093 0003 845199
1 2 0 0 6163 05 56 0 0 12 9 0 7 0 28 9 2 1 4 5 1 902 92 85 9 6 20 02 00 021293 020 5120 507
703 020 0 0 12 8 5 19 89 3 5 87 187 1214 06 7300 30 2 013 04 1810 87 6 0 0688 12 455 17 5105 8707 8930
14350 1895 13970 0815 7007 0 0 12 90 12182 805 0992 2090 9065 5410 08215 024 8054 0307 00913 1893 195108
0 9 0 4 5120 55 12 5 5 12 6 2 0 1 95 9 2 1 0 6 0 402 12 45 9 0 28 20 29 091220 004 8170 830
123 180 8 4 12 8 2 02 00 0 4 82 084 0618 16 8310 12 4 812 14 2215 00 0 5 1249 10 480 12 2145 3002 8988
10384 0135 16005 0710 0120 3 5 02 03 82139 605 8912 5992 1273 5003 12210 120 5139 0316 53273 9053 179078
1 2 3 0 5193 05 12 0 5 30 0 2 0 1 00 6 2 1 4 5 0 817 00 68 9 8 00 12 23 881203 122 0020 556
503 103 5 0 12 8 0 14 36 3 8 62 980 6218 10 2314 03 6 512 24 1905 72 8 5 1289 52 405 05 2145 0030 8912
15523 1035 10815 6792 5091 3 7 02 08 71007 814 8992 9852 1275 5463 10005 304 5034 0312 53753 0193 090094
0 2 3 4 5129 40 10 5 0 80 0 8 0 1 98 8 2 1 0 5 1 610 18 45 9 8 82 12 06 841903 120 7003 050
04 920 0 0 18 0 2 12 09 9 6 80 980 1004 15 2710 96 4 805 17 1000 05 3 6 1289 30 405 45 2045 8312 8570
12090 0538 13273 8002 0125 3 5 72 55 18001 803 8993 0809 0905 5073 12515 024 5134 5000 63297 9196 105098
1 2 6 5 9920 45 72 5 5 12 9 5 2 3 23 9 7 1 0 7 0 910 22 15 3 8 24 14 20 901073 104 0000 554
123 103 0 9 72 8 0 12 84 8 1 39 907 1014 45 8014 94 4 902 98 5705 02 3 5 9290 72 880 52 2645 8799 8942
12629 0830 10210 3712 5301 3 9 02 08 02602 030 8612 9800 1078 7463 72210 024 7130 5018 97873 1053 108890
7 2 9 4 5126 00 22 5 5 18 0 0 0 1 70 0 8 1 4 6 9 903 00 47 9 8 24 92 06 890289 824 8020 506
183 080 8 9 12 8 0 10 49 0 1 82 988 1814 05 2340 12 8 042 14 5206 12 7 5 9089 11 419 10 0640 8746 8910
10987 0030 00660 8602 5527 0 5 02 93 12160 025 8617 0818 0218 5013 02206 904 0138 0310 23773 1173 045180
0 2 0 4 5023 45 72 9 7 15 0 2 5 1 70 0 2 1 0 0 8 912 12 87 9 8 00 26 23 491220 124 0100 073
173 103 0 9 72 0 5 12 09 7 1 02 537 0214 16 0012 10 8 916 10 0270 60 3 8 5279 18 440 72 7140 8715 8702
12323 1257 13235 9784 5231 5 9 12 60 82122 905 0910 9812 1215 7049 20205 607 5699 2310 58203 0100 085008
9 3 7 4 5180 49 10 5 5 87 4 2 0 1 28 8 6 0 6 5 1 918 10 49 9 0 24 12 03 890223 186 8128 550
120 123 0 0 02 8 9 02 89 0 0 00 987 1816 01 5008 59 0 002 00 1254 17 3 5 0246 10 415 00 6063 0070 9042
09613 0090 03002 0705 5981 3 5 12 08 00970 815 0914 4819 5010 5130 12915 174 5100 0309 53210 7453 574990
1 7 0 5 0609 45 12 5 0 10 9 0 7 7 08 0 2 1 4 0 1 912 10 55 2 8 29 19 03 876008 184 8103 906
123 723 5 9 12 8 9 18 80 3 1 82 203 1090 15 0910 10 8 912 00 0405 00 3 5 5409 42 595 62 7140 0017 7600
92300 1135 03085 0012 5109 3 0 10 93 02189 005 8912 5571 2213 5803 12215 100 7106 2002 90216 1153 825000
7 6 3 4 5043 00 05 5 0 10 1 9 0 1 08 0 2 0 0 5 1 777 08 00 0 8 24 52 65 091000 104 9102 559
823 179 5 7 72 8 2 50 30 8 1 82 987 1010 08 2314 10 9 909 10 1205 12 3 0 0199 16 412 19 2180 0900 8912
12315 1036 10540 0732 2121 3 5 12 99 89024 518 0978 9110 1245 8810 02015 084 5070 5302 54205 2853 095808
1 2 0 4 9123 00 10 0 5 10 9 2 0 0 28 0 2 1 4 5 9 910 00 99 0 0 24 02 03 891220 629 8123 550
128 926 5 9 18 3 4 13 89 9 1 82 086 0004 10 2334 10 0 100 04 3209 09 3 5 4209 12 410 12 0105 0710 0012
50993 1125 18415 8700 0001 7 7 12 98 13100 815 0712 7863 0715 5010 66200 127 5604 7302 50090 9100 100008
9 2 0 1 5129 90 12 6 5 92 9 2 1 1 64 9 0 0 0 5 0 002 10 45 9 8 04 82 03 500083 024 8121 556
106 120 4 7 12 4 2 12 08 0 4 72 589 1520 17 2310 12 4 882 19 1908 80 0 0 1899 13 708 12 2050 8712 8640
98301 8136 80215 0708 0121 3 2 10 70 07102 415 8914 9500 5495 0410 32505 024 5130 5312 58909 0153 727098
0 2 0 8 5103 70 42 0 7 18 9 2 9 1 20 5 7 1 5 5 1 912 13 00 0 8 27 84 06 095226 132 8073 056
626 173 0 7 92 8 0 42 06 9 0 82 923 0310 06 2710 12 7 613 09 1268 14 7 5 0009 00 888 62 2043 9312 8400
72390 1130 13115 8409 4061 8 5 82 98 00132 815 8987 0802 5215 6433 12210 103 5134 5810 33013 4103 124998
52313 1080 13285 2902 0190 0 0 20 98 12592 250 9908 9800 1595 5434 92213 004 0704 2317 09993 7063 120090

655360000000.000000