0 2 0 0 5023 00 12 5 5 00 0 2 0 1 20 0 0 1 4 0 0 012 00 00 0 8 20 00 00 801203 124 8120 056
100 003 5 9 10 8 0 00 80 0 0 00 000 00.0 05 00.0 00 0 9.0 00 02.0 10 0 5 0089 10 4.0 02 2.00 00.2 09.0 000.0 1.00 130.5 00.2 0.00 3 0 10 98 02.00 0.5 00.0 
1 0 0 4 0023 40 10 5 0 02 9 2 0 1 28 9 2 1 4 5 0 910 12 45 9 0 24 10 03 090000 000 8103 056
003 003 0 0 02 0 0 02 89 0 0 80 007 10.0 05 23.0 02 0 9.2 10 10.0 12 3 0 1000 02 0.0 00 0.00 87.2 09.0 120.3 1.00 132.5 87.0 0.21 3 5 00 90 12.000
 0.5 89.0 08.0 10.0 00.0 022.0 104 5.00 00.0 530.3 1.00 100.08 
08.0 10.0 00.3 000.0 004 5.30 00.2 002.3 0.53 000.00
1 0 0 4 0020 05 10 5 0 12 9 0 0 0 00 9 0 0 0 0 0 912 00 45 9 0 00 00 00 000203 000 8100 556
100 020 0 9 02 8 2 00 00 0 0 80 907 12.0 00 23.0 10 0 9.0 14 02.5 00 3 5 0009 00 0.5 00 0.00 87.2 80.0 000.0 1.05 100.5 80.2 5.21 0 5 02 98 02.000
 8.0 00.0 
0 0 0 0 5120 00 02 0 0 12 9 2 0 1 28 9 0 0 0 0 1 902 12 05 9 8 20 12 23 801220 020 0023 000
003 020 5 0 02 8 0 00 00 0 1 82 987 00.0 10 00.0 12 0 9.0 10 10.0 10 0 5 1080 10 0.5 00 2.00 07.0 80.0 003.0 1.00 132.0 87.0 5.00 0 0 10 08 10.000
2
 8.5 80.2 90.0 02.0 50.0 000.5 004 5.34 53.0 002.0 0.50 120.08 
98.2 00.0 54.0 000.5 100 5.30 50.0 000.0 0.03 005.90
1 0 0 4 5120 05 10 0 5 00 0 0 0 0 00 0 0 1 0 5 0 010 10 45 0 0 20 02 03 000203 000 0000 000
123 100 5 9 02 0 0 10 00 0 0 00 900 00.0 00 00.0 00 0 9.2 14 00.5 00 0 5 1200 10 0.5 00 0.05 07.2 80.2 100.3 0.30 102.5 87.0 5.20 0 5 12 00 10.002
 8.5 80.0 
1 0 0 4 0000 05 10 0 0 10 9 0 0 0 20 9 2 1 4 0 0 010 00 05 0 0 00 00 20 001203 020 8123 006
120 103 5 0 00 0 2 02 89 0 1 00 007 12.0 00 03.0 00 4 9.2 14 10.0 12 0 0 0280 00 0.5 02 2.00 87.0 80.2 000.3 1.05 100.5 87.0 0.20 0 0 02 90 02.022
2
 8.5 00.0 90.0 10.5 50.3 122.0 000 5.00 00.2 030.0 1.00 000.90 
00.2 10.0 54.0 102.5 104 5.04 00.0 002.3 0.00 125.90
1 2 3 0 0023 05 00 5 0 02 9 2 0 1 00 0 2 1 0 5 0 012 12 40 0 0 04 00 20 001020 100 8120 000
003 020 0 9 00 0 2 10 00 0 0 82 000 02.4 10 23.0 10 0 9.0 00 02.0 00 0 0 0289 12 0.0 10 0.45 00.2 00.0 123.0 1.05 000.0 80.0 5.20 0 0 10 00 10.020
 8.0 80.0 
1 0 3 4 5123 40 02 5 0 00 0 0 0 0 08 0 2 1 4 0 0 912 00 00 0 0 24 00 23 090003 004 0020 006
000 020 5 9 10 0 0 10 80 0 0 00 900 02.4 15 20.0 12 0 9.2 10 10.5 12 0 5 0089 12 0.5 10 2.00 80.2 00.0 020.0 0.00 132.0 00.2 0.00 0 0 12 00 00.000
0
 8.0 80.0 98.0 02.0 50.0 122.0 120 0.00 50.2 502.0 1.53 020.00 
98.0 00.5 50.0 000.0 100 5.00 50.2 500.3 0.53 000.08
1 2 0 0 0103 45 12 0 5 12 0 0 0 0 28 9 0 0 0 0 0 910 02 05 9 0 00 00 20 800223 004 8020 500
100 023 5 0 02 0 0 10 80 0 0 00 980 02.0 15 03.0 10 0 9.2 04 02.0 00 0 0 0280 10 4.5 02 0.40 00.2 80.0 020.0 0.00 032.0 00.0 0.00 0 5 02 90 10.020
 0.0 09.2 
1 2 0 4 5120 05 10 0 5 12 0 0 0 1 00 0 2 1 0 0 1 012 02 00 0 0 20 00 00 001200 100 0020 050
020 123 0 9 00 8 2 00 80 0 0 82 000 10.0 00 03.0 00 0 9.0 10 02.0 02 0 0 0089 10 0.0 02 2.00 87.2 00.2 023.3 1.00 130.0 87.2 5.21 0 0 10 08 00.020
0
 0.0 00.2 08.2 12.0 00.0 120.0 004 0.34 53.2 532.3 0.00 000.00 
08.0 00.0 00.3 120.5 104 5.04 00.0 000.0 0.50 025.08
0 2 0 4 5100 05 00 0 5 00 9 0 0 1 08 0 0 0 0 5 0 912 00 05 0 8 24 12 20 891003 120 0023 056
120 003 5 0 10 0 0 02 80 0 1 00 080 02.4 00 03.0 12 4 9.2 00 02.0 00 0 0 1200 12 0.5 00 0.45 87.2 80.0 020.3 0.05 030.5 07.2 0.21 0 0 02 98 02.000
 8.0 80.0 
0 0 3 0 0020 00 00 5 0 00 9 0 0 1 00 9 0 0 4 0 1 902 00 00 9 0 20 10 20 090220 024 0000 500
103 120 0 9 10 0 0 12 09 0 0 02 087 00.4 05 00.4 10 0 9.0 00 12.5 00 3 0 0009 02 0.5 10 0.00 07.2 00.0 103.0 1.05 030.0 80.0 0.01 3 0 10 90 02.022
2
 8.5 00.0 00.0 02.0 00.0 022.5 000 5.34 03.2 030.3 1.03 005.00 
98.2 02.0 04.3 122.0 024 0.30 00.2 532.3 0.53 000.00
0 0 0 4 5120 40 12 0 0 02 0 0 0 1 00 0 2 0 0 0 0 900 00 00 0 0 04 00 23 800203 120 0003 550
103 120 0 0 00 0 2 12 80 0 0 80 907 10.0 10 20.4 00 4 0.0 04 12.0 10 0 5 0080 02 0.5 10 2.00 87.0 00.2 120.0 1.00 130.0 80.0 0.21 3 0 12 00 02.002
 0.5 80.2 
0 2 3 4 5123 00 12 5 5 02 0 0 0 0 08 9 0 1 4 0 0 910 00 00 0 8 04 00 23 801003 124 0023 550
123 003 5 0 12 8 2 10 89 0 1 80 987 12.0 05 23.0 10 0 0.2 10 00.5 10 0 5 1200 00 0.0 00 0.45 07.0 00.0 003.3 0.00 002.0 07.0 0.20 0 0 00 00 00.002
0
 0.5 00.0 08.0 10.5 54.0 120.0 124 5.30 53.2 030.0 0.03 005.98 
00.0 02.5 54.3 002.5 120 5.04 53.0 530.3 1.00 125.98
0 2 0 0 5003 40 10 5 5 10 0 0 0 0 08 0 0 0 0 5 0 002 02 00 0 0 20 10 03 801020 020 8100 050
000 103 5 0 12 8 2 00 00 0 1 80 980 10.4 05 20.4 02 0 9.2 00 10.5 02 0 5 0089 10 4.5 00 2.45 87.0 00.2 120.0 0.30 030.0 07.2 5.00 3 5 02 08 10.002
 8.0 09.0 
0 0 0 4 0000 45 00 0 0 00 0 0 0 1 08 9 0 0 0 0 0 012 10 45 9 8 00 10 23 090200 004 0023 006
023 003 5 9 00 0 0 00 09 0 0 80 900 12.4 15 20.0 00 0 0.0 00 12.5 00 3 0 0209 00 0.0 12 2.00 00.2 00.0 103.0 1.05 130.0 00.0 0.20 0 5 02 90 02.002
2
 8.5 80.0 90.2 00.5 50.3 102.5 004 5.04 00.0 000.3 0.00 020.98 
08.0 00.0 50.3 122.5 120 5.04 53.2 030.0 1.50 120.00
0 0 3 4 5020 00 00 5 5 10 0 0 0 1 28 0 2 1 0 5 1 902 02 45 0 8 00 00 20 000220 020 0000 056
103 020 5 0 12 8 0 10 80 0 0 82 900 00.0 10 03.0 10 0 0.2 00 00.0 00 0 0 1289 10 4.0 10 2.40 80.0 89.2 103.3 1.00 030.5 80.2 0.20 3 0 00 00 00.002
 8.0 09.0 
1 0 3 4 0000 00 02 0 0 10 0 0 0 0 20 0 2 0 4 5 0 012 00 00 9 8 04 12 20 001203 004 8103 056
020 123 0 0 00 0 0 10 00 0 0 82 900 02.4 15 00.4 00 4 0.0 04 02.5 02 3 0 0000 12 0.0 02 2.05 80.0 80.0 120.0 0.05 032.5 00.0 0.01 0 5 00 98 00.002
2
 0.5 80.2 00.0 02.5 50.0 122.0 020 5.00 53.2 000.3 0.50 120.08 
00.0 02.0 50.0 000.5 004 5.30 53.2 000.3 0.03 105.98
0 2 0 0 0100 40 10 0 0 02 0 2 0 1 08 9 2 0 0 0 0 912 12 40 9 0 20 02 20 090220 024 0003 000
123 103 0 9 00 8 0 02 80 0 1 82 000 00.0 10 00.4 12 0 0.0 10 02.0 12 3 0 0280 02 4.5 02 0.00 07.2 89.0 023.0 0.35 130.0 00.2 5.00 0 0 12 00 10.002
 8.0 00.0 
1 0 0 4 5003 05 02 5 5 12 9 0 0 1 08 9 2 0 4 5 1 002 02 05 0 8 00 10 00 001023 104 0123 500
100 023 0 0 12 8 0 00 00 0 0 00 980 00.0 05 03.0 00 0 9.0 04 00.0 10 3 0 1009 02 0.0 00 2.05 87.0 00.0 120.3 0.30 032.0 00.0 5.01 3 0 02 98 02.022
0
 8.5 00.2 00.2 00.0 50.3 022.5 020 0.30 00.0 500.0 0.00 000.08 
90.0 02.0 04.3 020.5 004 0.04 50.2 030.0 1.50 020.98
0 0 0 4 0120 40 10 5 0 12 0 0 0 1 28 9 0 0 0 0 1 910 02 00 0 8 24 12 00 000200 004 0023 550
100 120 0 0 10 0 2 02 00 0 1 82 087 00.4 00 00.4 00 4 9.2 10 12.5 12 3 5 0080 12 0.0 12 0.00 80.0 80.0 003.3 0.35 000.5 07.2 0.00 0 0 10 00 02.022
 8.0 09.0 
0 2 0 4 0020 05 12 5 5 10 0 2 0 0 28 0 0 0 4 0 0 912 10 00 0 8 04 10 20 801200 124 0120 500
100 000 0 0 02 8 0 00 00 0 0 00 007 10.4 05 03.4 12 0 9.0 00 02.5 10 0 5 0009 10 0.5 02 0.45 87.2 89.0 120.0 0.30 002.0 80.0 0.00 0 0 00 08 02.000
0
 8.5 89.0 90.2 02.5 54.3 122.5 024 5.30 53.2 032.3 0.00 025.90 
90.2 02.5 00.0 002.0 004 0.00 03.0 000.0 1.00 025.98
0 0 0 4 0023 05 00 5 0 00 0 2 0 0 08 9 0 0 0 0 0 900 12 00 0 0 20 00 00 091220 124 0023 000
000 103 5 0 00 8 0 02 80 0 0 02 087 10.4 10 20.4 00 0 0.0 14 10.0 10 3 0 1080 00 4.5 00 2.00 80.2 09.0 023.3 1.35 002.0 87.2 5.00 3 5 02 98 10.000
 0.0 80.0 
0 0 0 0 0000 45 02 5 5 00 9 0 0 1 28 9 0 0 0 5 0 902 02 00 9 0 24 00 23 890200 020 8023 056
000 100 0 9 12 8 2 02 09 0 0 80 000 00.0 10 03.0 12 4 9.2 04 00.0 00 0 5 1200 00 0.5 00 2.40 87.0 09.2 003.0 1.05 030.0 07.2 5.20 0 5 02 08 12.022
0
 0.0 00.0 98.0 10.5 04.0 022.5 104 0.34 03.2 000.0 1.50 020.00 
00.0 10.5 04.0 002.0 100 0.04 03.0 032.3 0.00 105.90
0 2 0 0 0023 05 10 5 0 10 0 0 0 0 00 0 0 0 4 5 0 902 10 05 9 8 24 10 03 091000 000 0100 000
103 100 0 0 10 8 0 12 00 0 0 82 080 00.0 00 20.4 10 0 0.0 14 10.0 02 3 0 1009 10 4.0 10 0.45 80.2 09.2 103.3 0.00 002.5 07.2 5.01 0 0 00 90 00.022
 0.5 00.0 
1 2 0 4 0020 00 10 5 0 10 9 2 0 1 28 0 0 1 0 0 0 910 10 00 0 8 24 00 23 091220 004 8100 056
100 100 5 9 10 0 2 02 89 0 0 00 900 10.4 00 20.0 00 4 0.0 10 10.5 00 0 5 1200 02 0.5 00 0.40 80.0 80.2 003.3 1.00 130.5 00.0 0.00 0 0 00 08 00.002
0
 8.5 00.0 90.0 12.5 00.0 000.0 100 0.04 00.0 030.0 0.53 105.00 
98.0 10.5 54.0 120.5 100 0.30 53.2 530.0 1.50 005.00
0 2 3 0 5023 05 02 5 0 02 9 0 0 1 20 0 0 0 4 5 1 900 02 00 0 0 04 02 03 000003 000 8123 000
020 123 5 0 10 8 2 00 89 0 0 82 980 12.4 00 00.4 10 0 0.0 14 12.0 10 3 0 0009 02 4.5 00 0.00 00.2 00.0 103.3 0.30 100.5 00.0 5.00 0 5 00 08 00.000
 0.0 80.2 
1 0 0 0 0120 05 10 0 5 02 0 2 0 0 28 9 0 1 4 0 1 902 00 05 0 0 04 12 23 001023 100 0023 000
123 123 5 0 12 8 0 12 89 0 0 82 980 10.0 15 20.0 02 0 9.2 14 12.5 00 3 0 0009 10 0.0 10 0.00 00.0 09.2 003.3 0.30 132.0 00.2 0.00 3 0 12 00 02.022
2
 0.5 80.0 98.2 10.5 00.3 100.0 004 5.30 03.0 030.0 0.03 020.00 
08.2 10.5 50.0 002.5 104 5.34 03.0 500.3 1.53 025.08
1 2 3 4 0000 40 00 5 0 10 9 0 0 0 20 9 2 0 0 0 1 012 10 40 9 8 04 00 03 000023 004 0000 550
003 123 0 9 12 8 0 00 89 0 0 82 900 00.4 10 00.4 12 0 0.2 04 00.5 02 3 0 1000 02 4.5 02 2.05 87.2 00.0 020.3 0.00 132.5 80.0 5.01 0 0 02 98 12.000
0
 0.0 09.0 08.2 00.0 00.0 000.0 000 5.04 03.0 532.0 0.50 025.00
08.2 12.0 04.0 102.0 004 0.00 53.0 030.3 0.00 125.00
0 2 0 0 0023 05 02 5 5 02 9 0 0 0 28 9 0 0 4 5 0 010 02 40 0 0 00 12 20 801223 000 8103 000
003 100 0 0 10 8 0 10 00 0 1 00 980 10.0 05 03.0 10 0 9.0 04 10.0 00 0 0 0280 12 0.0 00 0.00 07.0 09.2 020.0 0.05 030.0 07.2 5.21 3 0 12 00 10.022
 8.0 00.0
0 0 3 0 5023 00 10 0 5 00 0 2 0 0 28 0 0 0 0 0 1 010 10 40 0 0 04 10 00 000203 004 0100 000
100 000 0 9 00 8 2 12 00 0 1 02 900 12.4 05 20.0 12 0 0.2 00 02.0 02 3 0 1009 10 0.0 10 0.05 00.0 09.0 000.3 1.00 102.5 00.2 0.20 0 0 00 98 12.022
0
 8.0 09.0 98.0 12.5 54.0 100.5 024 5.30 03.2 532.3 1.53 025.00
98.2 02.5 50.0 020.5 020 5.34 00.2 030.0 0.50 025.98
1 0 3 0 5103 05 10 5 5 10 9 0 0 1 28 9 2 0 0 0 1 000 10 45 0 0 04 02 20 890220 004 8100 006
023 003 0 9 00 8 2 02 09 0 1 00 987 12.0 05 20.0 10 4 0.2 00 10.5 10 0 5 1000 00 4.5 00 2.00 07.0 80.2 023.3 1.35 000.5 07.0 5.00 0 5 10 00 00.002
 8.5 89.2
1 0 3 4 0003 40 02 0 5 12 9 0 0 1 00 9 0 1 4 0 0 910 10 00 0 0 04 10 23 890203 000 0023 500
000 103 0 0 12 8 2 10 80 0 0 02 080 00.4 15 23.4 00 4 0.2 14 12.5 02 0 0 1009 02 4.5 12 0.00 87.2 89.0 003.0 0.00 100.5 07.0 5.01 0 0 00 08 00.002
0
 8.0 80.0 90.2 10.5 04.3 100.5 004 0.34 03.2 530.3 1.53 005.98
08.0 00.0 04.3 122.5 120 5.30 00.2 000.0 0.50 025.08
0 0 3 4 5103 00 00 5 0 00 0 2 0 0 00 9 2 0 0 0 1 010 10 45 0 0 04 02 20 890003 120 8123 056
003 000 0 0 00 0 0 00 80 0 0 82 907 02.0 05 00.0 02 4 9.0 10 10.0 00 0 5 0000 00 4.0 02 0.45 00.2 00.0 120.3 0.05 132.0 07.0 0.00 0 5 10 90 02.000
 0.5 89.0
1 0 0 4 5100 00 10 0 5 02 0 2 0 1 00 9 0 1 0 5 0 000 02 05 0 0 04 00 03 090023 124 8000 056
020 023 0 9 10 0 2 10 09 0 0 82 000 02.0 00 00.0 10 4 9.0 04 02.0 02 3 5 0080 10 4.5 10 2.00 07.2 89.0 120.3 1.05 102.5 00.0 5.21 3 0 10 90 12.000
0
 8.0 09.0 00.2 02.0 04.0 002.0 024 0.30 53.0 030.3 1.53 000.98
08.0 00.5 04.3 002.5 104 5.34 03.2 502.0 1.50 020.08
0 2 3 0 5100 00 10 0 0 02 0 0 0 0 20 0 0 0 0 0 0 002 02 05 9 0 20 00 20 801000 120 0020 556
023 000 5 9 00 0 2 12 00 0 1 82 987 00.4 05 03.0 00 4 9.0 14 10.0 10 3 5 1080 12 4.0 02 0.00 00.0 80.0 000.0 0.00 030.0 80.0 0.21 0 0 02 00 10.000
 8.0 00.0
0 0 3 4 0023 40 00 0 0 00 9 2 0 1 00 0 2 1 4 5 0 000 12 00 9 8 00 10 20 090003 120 8020 000
020 100 5 9 00 8 0 10 09 0 0 80 987 02.0 15 20.0 02 0 0.2 00 12.5 10 0 5 1080 12 0.0 12 0.05 00.2 00.2 100.3 1.35 102.0 07.0 5.00 3 5 12 98 00.020
2
 8.5 09.0 08.2 10.0 00.3 100.5 124 0.04 00.0 000.3 0.00 120.08
98.2 10.0 54.3 120.5 024 0.00 00.2 532.0 1.03 005.90
1 0 0 0 0103 40 12 5 5 02 9 0 0 0 08 9 0 0 4 5 1 002 12 45 9 8 04 10 03 800020 120 8020 056
100 000 0 0 00 0 0 00 00 0 0 00 080 12.0 10 00.4 10 0 0.2 04 00.0 10 3 0 0009 10 0.5 00 0.00 00.0 09.2 000.0 0.00 000.0 07.2 0.20 3 0 10 90 00.020
2
 0.0 00.0 98.0 12.0 00.3 120.0 000 0.30 00.0 030.0 0.03 005.00
90.0 12.0 54.3 102.0 020 0.30 03.0 502.3 1.03 120.90
0 0 3 4 0023 05 00 5 0 00 9 2 0 1 20 0 0 0 0 5 0 002 10 05 0 8 04 00 00 001003 100 0120 006
003 000 5 9 10 8 2 00 09 0 1 80 000 10.4 15 20.4 10 0 9.0 04 00.0 10 0 5 0080 12 0.0 12 0.40 80.0 00.0 120.0 1.05 000.5 07.2 5.20 0 5 00 98 00.000
 0.5 89.0
1 0 0 4 5103 40 12 5 5 12 0 0 0 0 28 9 2 1 0 0 0 912 02 45 0 0 04 10 03 891000 000 0003 556
120 000 5 9 10 0 0 10 80 0 0 82 087 02.4 00 00.0 10 0 0.0 10 12.0 00 3 0 0080 10 4.0 00 2.00 80.2 09.2 103.3 0.30 100.0 00.2 0.21 3 0 10 08 10.000
0
 0.0 80.0 08.2 02.0 50.0 022.0 104 0.30 50.0 030.3 1.53 125.90
98.2 12.0 50.0 120.0 124 0.00 53.2 502.3 1.53 020.90
0 0 0 0 5023 00 10 0 0 02 0 0 0 0 20 9 0 1 4 0 0 902 12 45 0 0 20 02 03 800220 024 0100 006
100 023 5 9 10 8 0 00 89 0 0 00 080 00.4 15 03.4 00 0 9.0 00 00.5 00 0 0 0000 10 0.0 00 0.00 87.0 00.2 103.0 1.30 030.0 07.2 5.00 3 0 10 08 00.000
 8.0 89.2
0 2 3 0 0100 45 02 0 0 00 9 0 0 1 20 9 0 1 0 0 0 902 12 45 0 8 24 00 20 801200 020 0000 006
020 100 0 0 10 8 2 10 89 0 0 80 000 10.4 00 20.4 12 4 9.2 14 00.0 10 3 0 1209 10 4.5 12 2.40 00.2 09.2 000.3 1.00 100.5 87.0 0.20 0 5 00 08 00.002
2
 0.5 80.0 00.2 02.0 00.0 100.5 000 5.00 00.0 030.0 0.00 125.00
00.2 02.5 54.3 100.0 120 5.04 03.0 532.0 0.50 120.90
1 0 3 0 0120 00 12 5 0 12 9 2 0 0 20 9 2 0 0 0 1 902 10 40 0 0 00 10 03 800203 124 8103 006
120 020 5 9 00 8 0 00 80 0 0 80 900 00.4 05 23.0 00 0 0.2 04 00.0 02 0 0 1089 00 4.0 10 0.00 07.0 80.0 103.0 1.30 030.0 80.0 5.21 0 5 02 90 00.022
 0.5 09.0
1 0 0 0 0020 05 00 5 5 10 0 0 0 0 20 9 0 1 4 0 1 910 00 00 9 8 04 00 03 001003 000 0003 000
003 020 5 9 02 0 0 00 00 0 0 00 080 10.4 10 23.4 00 0 9.2 10 12.0 00 3 0 0200 02 4.0 00 0.40 87.0 80.2 020.0 0.00 000.5 00.0 5.20 0 5 02 08 02.002
2
 8.0 80.2 90.0 12.5 04.3 102.5 004 5.30 00.2 532.0 0.53 105.90
00.2 02.5 00.3 122.0 004 0.00 03.0 000.0 1.00 005.90
0 2 3 0 0103 05 00 5 5 00 9 2 0 0 28 9 2 0 0 5 1 900 12 00 0 8 20 00 00 890223 000 0100 500
000 120 0 9 00 0 2 02 00 0 1 82 000 12.0 00 20.4 02 0 9.0 14 00.5 00 3 5 0289 00 0.5 00 2.05 00.0 09.2 000.0 1.05 132.0 00.0 0.20 3 0 02 00 00.022
 8.0 09.0
0 0 3 0 0123 00 02 5 5 00 9 2 0 0 00 9 2 0 0 5 1 910 00 40 9 8 00 10 23 091003 020 0120 006
123 003 0 9 02 0 0 02 09 0 0 80 000 02.4 00 20.0 10 0 9.0 10 10.0 00 0 5 0080 02 4.0 02 2.40 07.0 00.0 023.0 0.35 002.5 80.0 0.01 0 5 10 98 10.022
2
 8.0 80.0 00.0 12.5 54.0 022.5 024 0.04 03.2 030.0 0.00 000.00
00.2 02.0 04.0 002.0 004 0.00 00.0 002.0 1.50 000.000 2 0 4 0100 40 00 0 5 00 0 0 0 0 00 0 2 1 0 5 0 002 10 40 9 0 24 12 03 000203 120 0003 056
000 123 0 9 00 0 0 12 00 0 0 00 087 02.0 15 23.0 00 4 0.0 00 10.0 00 0 5 1000 10 0.0 02 0.45 07.2 09.2 100.3 1.35 000.0 87.2 5.20 0 5 00 08 02.022
0
 0.5 80.2 00.0 12.5 54.0 102.0 020 5.00 00.2 502.0 0.00 000.98
90.2 00.0 54.3 102.0 100 0.00 03.0 500.0 0.53 020.08
0 2 0 4 0003 05 02 5 5 12 0 0 0 0 28 9 0 1 4 5 0 900 02 00 0 0 04 02 23 000023 104 0023 056
003 100 0 9 00 8 2 00 00 0 0 80 987 00.4 15 00.0 00 0 0.0 00 00.0 02 3 0 1009 00 4.5 02 0.45 80.2 09.2 120.0 1.05 100.0 80.2 0.00 0 5 12 98 10.020
 0.5 89.0
1 0 0 0 5120 00 02 0 0 10 0 2 0 0 00 9 0 0 0 5 0 900 00 05 9 0 20 02 00 090203 024 8003 500
000 003 5 0 00 0 2 02 00 0 1 80 907 00.0 00 00.0 00 0 9.2 00 10.5 12 0 0 1200 12 0.0 00 2.00 80.2 00.2 123.3 0.35 030.0 00.0 0.01 3 5 02 08 02.000
0
 0.5 80.2 08.0 02.0 50.3 102.5 004 0.04 53.2 030.0 0.00 120.08
98.0 02.5 50.3 002.0 020 0.04 03.2 002.0 0.50 100.90
1 0 3 0 5103 40 00 0 0 00 9 0 0 1 00 9 2 1 0 0 0 002 02 40 0 8 20 10 20 091203 100 8020 050
020 103 5 9 02 8 2 12 00 0 0 02 907 02.0 15 00.0 10 4 9.2 00 02.5 12 0 5 1280 00 0.0 00 0.00 87.2 00.0 023.3 0.30 102.5 00.0 5.01 0 0 12 00 10.020
 8.0 80.0
0 2 0 0 5020 05 10 0 5 12 0 0 0 1 00 9 2 0 0 5 1 010 00 00 0 8 20 12 00 091203 024 0003 056
003 103 5 0 00 0 0 10 00 0 1 80 987 00.4 00 00.0 12 0 9.0 10 00.0 12 3 5 1009 12 4.0 00 0.05 07.0 00.0 120.3 0.30 000.5 80.2 5.20 3 5 00 98 02.000
2
 8.0 09.0 08.2 12.5 00.3 002.0 000 0.00 50.0 002.3 1.03 105.90
08.0 00.5 50.3 102.0 120 0.00 00.2 000.0 0.03 005.00
0 0 0 0 0123 00 10 5 0 10 0 0 0 1 28 0 0 0 0 0 1 910 12 00 0 8 00 10 23 090023 024 0100 050
120 020 5 0 10 0 2 10 80 0 1 00 987 00.4 10 20.0 10 4 9.2 04 00.0 02 0 0 0000 10 4.0 10 0.05 80.0 89.0 023.3 0.35 132.5 87.0 0.21 0 0 02 00 10.000
 8.0 80.2
0 0 0 0 5100 00 00 5 5 12 9 0 0 1 00 0 2 1 0 5 0 912 00 05 0 0 20 02 23 801023 100 0000 506
003 123 0 9 12 8 0 12 80 0 0 80 080 02.0 00 03.4 02 0 0.0 00 02.0 12 0 5 1080 00 4.0 10 0.05 00.0 89.2 103.0 1.00 032.5 07.2 0.00 3 0 00 00 02.000
0
 0.5 09.2 08.0 00.5 00.3 020.5 000 5.30 50.0 530.3 1.00 105.98
00.0 12.0 00.0 102.5 004 5.04 50.0 502.0 1.50 000.90
0 0 3 0 5003 45 12 5 0 12 9 2 0 1 08 9 0 1 0 0 0 002 00 40 0 0 04 10 03 001000 124 8120 500
023 103 0 9 00 0 0 00 00 0 1 02 080 10.4 05 23.4 02 0 9.2 10 00.5 02 0 5 0280 00 0.5 00 0.45 87.0 00.0 020.3 0.00 132.5 87.2 0.00 0 5 12 00 02.022
 0.5 89.2
0 0 0 0 5023 05 00 0 5 10 9 0 0 1 08 0 2 1 4 0 0 902 02 40 0 0 00 02 00 890000 004 0003 000
000 123 5 9 00 0 2 02 00 0 1 02 087 12.0 05 23.0 10 0 9.0 04 10.0 02 0 0 1200 02 4.0 10 2.00 87.0 09.2 120.3 0.00 032.0 00.0 5.20 3 0 00 08 12.000
0
 0.0 09.2 98.2 00.0 04.0 020.0 100 5.04 03.2 532.3 0.00 000.90
98.0 00.5 00.3 000.0 004 5.00 00.0 030.3 0.50 020.001 2 3 4 5000 00 02 0 5 10 9 0 0 0 00 0 0 1 4 0 1 000 10 45 9 8 24 12 20 000000 020 8100 006
023 023 0 9 00 8 0 00 80 0 1 00 987 12.4 15 00.0 10 0 9.2 00 02.5 10 3 0 1080 00 4.0 10 2.00 00.0 89.0 020.3 0.05 100.0 07.0 5.21 0 5 00 98 02.020
2
 0.0 00.0 90.0 00.0 04.3 100.0 124 5.04 00.0 030.3 0.03 000.90
90.2 02.0 04.3 102.5 120 0.00 00.0 030.0 0.00 020.00
1 2 3 4 0100 40 10 5 0 10 9 0 0 1 28 0 2 1 4 0 1 902 02 00 0 0 00 10 20 800220 020 0003 050
123 023 5 9 10 0 2 00 00 0 0 00 000 10.4 15 03.0 02 4 9.0 04 02.5 12 0 5 1000 00 0.0 00 0.05 00.0 89.0 100.3 0.00 032.0 00.2 0.21 3 5 10 00 10.020
 0.0 00.0
1 2 3 0 5000 40 10 5 5 00 0 0 0 0 08 0 2 0 0 0 1 912 00 00 9 8 24 12 03 001003 004 8100 500
123 003 5 9 12 0 2 10 00 0 1 80 080 00.4 00 00.4 10 0 0.2 00 00.0 02 0 5 0000 00 4.0 00 2.00 87.0 00.0 020.3 0.05 100.0 87.0 5.00 3 0 02 90 02.002
0
 8.0 80.0 00.0 00.5 00.0 100.5 000 0.04 50.2 500.0 1.50 100.08
90.0 10.5 04.0 100.0 124 0.34 50.0 502.0 0.53 020.08
0 2 0 0 0123 05 02 0 5 02 0 0 0 1 00 9 0 1 0 0 0 010 10 40 9 8 20 02 00 091220 100 0120 000
023 000 5 0 12 0 2 02 00 0 0 02 007 10.4 00 00.0 00 4 0.0 10 00.0 02 3 0 1000 10 0.0 12 0.40 07.0 09.0 103.3 1.00 032.5 00.0 0.00 3 5 02 98 02.022
 0.5 80.0
0 0 0 0 5000 05 02 5 0 02 9 0 0 1 20 0 2 0 0 0 1 910 00 00 9 8 04 12 00 890020 000 0003 506
000 020 0 9 12 0 2 00 00 0 0 80 087 00.0 10 03.0 12 0 0.2 10 02.0 02 0 5 0200 02 0.0 12 0.40 00.0 80.2 023.3 1.05 002.0 00.2 0.01 0 0 12 90 02.000
2
 8.0 80.2 00.0 00.0 00.0 100.0 104 0.04 53.2 000.3 0.00 020.00
90.2 10.0 54.0 120.5 100 5.34 50.0 000.0 0.53 005.08
0 0 0 4 0100 00 12 0 0 00 0 2 0 0 08 9 0 0 0 5 0 000 02 40 0 0 24 00 03 800200 104 8023 556
023 103 5 0 12 8 0 12 89 0 1 02 900 02.0 00 00.0 00 0 9.2 10 02.5 10 3 5 0000 02 0.5 10 0.05 87.0 89.2 103.0 1.35 100.0 07.2 5.01 0 5 12 08 12.002
 0.5 00.2
0 2 3 4 5123 00 02 5 0 12 0 0 0 0 28 0 0 0 4 5 1 902 02 45 9 0 20 10 20 890003 004 8000 056
120 103 5 9 00 0 0 02 00 0 0 02 987 12.0 15 20.4 02 4 9.2 10 10.0 00 0 5 0000 02 0.5 10 2.05 80.0 00.2 020.0 0.30 002.5 00.0 0.20 3 5 10 90 12.002
2
 8.0 89.0 98.0 02.5 00.3 000.0 120 5.34 00.2 530.0 1.00 005.00
00.2 00.0 50.0 100.0 120 0.00 03.0 032.3 1.00 005.90
0 0 3 4 5103 00 02 5 0 02 0 0 0 0 20 9 2 0 0 0 0 912 00 00 9 0 00 10 20 000000 004 8000 000
123 000 5 0 00 0 0 02 09 0 0 00 980 10.0 00 20.0 10 4 0.2 10 10.0 10 3 5 1289 10 4.5 12 2.45 87.2 09.0 023.0 1.30 000.5 80.2 5.20 3 5 02 08 12.002
 0.0 00.2
0 0 0 0 0003 00 00 5 0 00 0 2 0 1 00 9 0 0 0 0 1 000 12 05 9 8 00 00 00 891220 020 8003 000
120 000 0 0 00 8 2 00 00 0 1 80 980 10.0 10 00.4 00 4 9.2 14 00.5 10 0 0 0209 02 4.5 10 0.45 80.0 89.0 120.3 1.00 132.5 00.2 0.01 3 5 00 98 00.022
0
 0.5 80.0 98.2 02.0 00.3 022.5 020 5.00 00.2 502.3 1.03 125.00
08.0 00.5 00.3 000.5 000 5.00 53.0 500.0 0.50 105.90
1 2 3 4 0003 40 00 5 0 10 9 0 0 0 08 9 0 1 4 0 0 000 12 05 0 8 20 02 00 890000 000 8003 056
023 100 0 9 00 8 0 10 00 0 0 00 987 10.4 10 23.0 10 0 0.2 00 00.0 12 0 0 0280 02 4.0 00 0.40 00.0 80.2 120.3 0.30 032.0 80.2 5.01 3 5 10 00 02.002
2
 8.5 09.0 90.0 12.0 04.0 100.0 004 0.00 53.2 500.0 1.50 025.08
00.0 00.5 00.0 100.0 004 5.30 53.0 032.0 0.00 020.00
1 0 3 0 5100 00 02 5 5 12 9 2 0 0 08 0 0 0 0 0 0 012 00 45 9 8 24 10 03 800023 000 8103 550
120 003 0 0 12 8 0 00 80 0 0 80 000 02.0 00 20.0 10 4 0.2 04 00.0 00 0 0 0080 10 0.0 10 0.40 07.2 00.2 103.0 1.00 030.0 87.0 0.01 3 0 02 00 10.020
 0.0 80.2
0 2 3 4 5003 05 00 5 5 12 9 0 0 0 00 0 0 1 4 5 0 002 00 45 0 8 20 12 23 091000 104 0103 000
100 003 5 9 00 8 0 12 80 0 0 02 987 02.4 05 00.0 10 4 0.2 00 00.5 00 3 5 0000 12 0.0 02 0.00 00.2 80.0 020.3 0.05 002.5 07.2 0.01 0 5 12 00 10.002
2
 8.0 00.0 00.2 02.0 04.3 002.0 124 5.04 00.2 500.3 0.53 005.90
90.0 12.5 50.0 102.5 104 5.30 00.0 000.0 1.00 100.08
0 2 0 0 0020 00 12 5 0 02 9 2 0 1 20 9 0 0 4 5 1 012 00 40 0 8 24 12 00 001203 000 8120 000
020 000 0 0 10 0 2 00 09 0 1 02 007 10.0 10 20.0 10 0 9.2 10 02.5 12 0 0 1009 02 4.5 00 2.40 07.0 09.2 103.0 0.05 030.0 00.0 5.21 0 0 10 08 10.000
 8.0 89.2
1 0 0 4 5003 00 12 0 5 10 0 0 0 0 28 0 0 0 0 5 1 902 00 45 0 0 00 00 03 091000 120 0103 550
100 000 0 0 10 8 0 00 89 0 0 02 980 02.4 10 00.4 10 0 0.2 14 00.0 02 0 0 1000 02 0.5 00 0.40 80.0 09.0 000.0 0.35 000.5 80.2 0.21 0 5 12 90 00.002
0
 8.5 80.2 98.0 02.0 04.3 120.0 004 5.30 03.0 032.0 0.03 005.00
08.2 10.5 00.3 022.5 004 0.04 50.0 032.3 1.50 025.08
1 0 3 4 0123 40 12 5 5 00 0 0 0 0 08 0 0 0 0 0 0 012 10 05 0 8 04 12 03 891000 120 0020 500
003 000 5 0 02 0 2 00 09 0 0 80 980 00.4 00 00.4 00 4 0.2 00 02.0 12 3 0 1000 00 4.0 00 0.40 07.0 89.0 103.3 1.30 000.5 07.0 0.21 3 0 10 98 12.000
 8.0 00.0
0 2 0 4 5023 40 10 5 0 02 0 0 0 0 20 9 0 0 4 5 0 902 02 05 0 0 04 12 00 090220 000 0103 056
023 003 5 9 12 0 0 12 00 0 1 02 987 10.0 15 20.4 12 0 9.2 10 00.0 00 3 5 1009 10 0.5 00 2.40 80.0 80.2 100.0 1.05 032.0 80.2 0.00 0 0 02 98 02.002
2
 8.0 00.2 00.2 12.0 54.3 102.5 020 5.00 00.0 500.0 0.00 020.00
08.2 02.5 04.0 020.5 004 0.30 00.0 002.3 1.03 120.98
0 0 3 0 0120 05 02 5 0 00 9 0 0 0 00 9 0 1 4 0 0 902 00 40 0 0 24 10 00 000200 020 0123 506
023 023 0 0 02 0 2 10 89 0 0 80 900 02.0 05 03.4 02 0 0.0 00 02.0 12 0 5 0200 00 0.5 02 0.40 80.0 80.2 103.3 1.30 000.5 07.0 5.00 3 5 12 08 10.022
 0.5 00.2
1 2 3 0 5100 45 00 0 5 00 9 0 0 0 00 9 0 0 0 0 0 900 02 00 0 8 04 00 23 800200 100 0000 556
123 100 0 9 02 0 0 00 00 0 0 00 000 02.4 00 23.4 00 4 0.2 10 02.5 02 0 5 1009 02 0.5 02 0.00 80.2 80.2 020.0 1.05 030.5 00.2 5.21 3 5 12 98 00.002
2
 0.5 80.0 00.2 02.0 04.3 002.0 000 0.30 03.2 032.0 0.53 000.08
08.2 12.0 54.0 000.0 104 5.00 00.2 000.0 1.53 105.00
0 2 0 0 5100 00 00 0 5 00 9 2 0 0 28 0 0 0 0 5 0 912 10 00 0 0 00 00 00 091220 100 0123 500
000 123 0 9 02 0 0 10 80 0 1 80 087 10.0 00 03.0 10 0 9.2 10 02.5 00 3 5 1280 12 4.0 10 0.45 87.0 89.2 020.3 1.35 100.5 87.0 0.00 0 5 02 98 12.000
0
 8.0 09.2 98.2 00.0 04.3 022.0 004 5.04 53.0 530.0 0.50 000.90
90.2 02.0 00.0 100.0 020 0.30 03.2 032.0 0.50 020.90
0 0 0 0 0023 05 02 5 5 00 9 2 0 1 08 0 0 1 4 5 1 002 02 40 0 8 00 00 00 800003 020 8100 500
103 003 0 0 10 0 2 10 80 0 1 80 087 00.4 00 03.4 00 4 0.2 10 12.0 12 3 0 0000 00 0.0 02 0.00 00.0 80.0 000.0 0.35 130.5 80.2 5.01 0 0 00 90 12.020
 0.0 00.0
1 0 3 0 0120 40 12 0 5 02 0 0 0 0 00 0 0 1 0 0 0 010 10 05 0 0 24 10 20 000203 100 8020 056
120 003 5 9 00 8 0 12 80 0 1 02 007 00.4 15 00.4 02 0 9.0 00 02.5 00 3 5 1000 12 0.0 10 0.40 80.0 09.0 100.0 0.00 100.5 00.0 0.01 0 0 12 00 02.002
2
 8.0 09.2 08.0 00.5 50.0 120.0 104 0.34 00.0 030.0 1.50 105.90
90.2 00.5 04.0 120.0 120 0.34 53.0 532.0 0.00 105.98
1 0 0 0 0023 45 00 5 5 00 0 2 0 0 00 0 0 0 4 5 0 002 10 00 9 0 00 02 03 890020 000 8023 056
020 020 0 0 02 0 0 00 00 0 1 00 000 00.0 10 03.4 10 0 0.2 00 10.5 10 0 5 0280 02 0.5 12 0.00 80.2 00.0 100.0 1.00 132.0 07.0 0.00 3 5 00 90 00.002
 8.5 09.0
0 2 3 4 5123 45 02 0 5 10 9 0 0 0 00 0 0 0 4 0 1 002 00 05 9 8 04 00 23 891003 020 0000 006
003 100 5 0 00 8 2 10 09 0 1 82 907 12.0 00 00.0 00 0 9.0 00 12.0 12 3 0 1080 02 4.5 10 0.40 07.2 00.0 003.3 0.05 130.5 00.0 0.21 3 5 00 08 12.000
2
 0.0 89.2 90.2 00.5 54.3 002.0 000 5.04 03.2 532.3 0.00 025.08
00.2 02.5 54.3 100.0 004 0.30 53.0 002.3 0.50 105.08
1 0 0 0 5000 00 12 0 0 00 0 0 0 0 20 0 2 0 0 0 0 002 02 00 9 0 24 00 00 891223 024 0003 050
120 020 0 9 12 0 0 02 00 0 0 00 080 02.4 10 00.0 12 4 0.2 10 02.5 12 0 0 1289 12 0.0 02 2.40 00.0 80.0 020.0 0.00 102.5 87.0 5.21 0 5 12 98 10.002
 0.5 09.2
1 2 3 0 0103 05 02 0 5 12 0 2 0 0 08 9 0 0 4 0 0 910 02 00 0 0 00 00 03 801003 104 8003 050
120 003 5 0 02 0 2 02 00 0 0 02 000 10.4 05 03.4 10 4 9.0 10 00.0 00 0 0 0000 10 4.5 10 2.45 07.0 09.0 020.3 0.05 000.5 07.0 0.01 3 5 02 90 00.022
2
 0.5 00.0 90.2 00.5 04.3 020.5 000 0.04 53.2 032.0 1.53 020.90
00.2 12.0 54.0 020.0 004 0.00 03.2 002.0 1.00 125.08
0 2 0 4 5000 00 10 5 0 02 9 0 0 0 20 0 0 1 0 5 1 002 10 05 9 8 04 10 03 000223 104 0000 500
100 023 0 0 02 0 0 02 09 0 1 82 007 02.0 00 23.4 02 4 9.0 04 12.5 12 3 0 1009 10 0.0 12 2.05 80.2 00.2 020.0 0.35 130.0 80.0 0.00 0 5 02 08 10.022
 0.0 00.2
0 0 0 0 5120 05 10 0 5 12 0 2 0 0 28 0 0 0 0 0 0 902 10 00 0 8 04 00 03 000203 024 0000 506
100 120 0 9 10 0 0 12 00 0 1 00 980 12.0 05 23.4 02 0 9.2 14 10.5 00 0 0 0000 00 0.0 10 0.40 07.2 09.0 120.0 1.35 002.0 80.0 0.01 3 0 00 08 02.020
0
 0.0 09.0 00.0 00.5 50.3 000.5 024 0.00 50.0 032.3 0.03 100.08
98.0 00.0 54.3 102.0 124 0.34 50.0 000.0 1.50 100.98
0 2 0 0 0003 45 00 0 0 02 0 0 0 0 28 9 0 0 0 5 0 002 10 05 0 0 20 02 00 001200 004 0100 050
023 103 0 9 10 0 0 00 00 0 0 80 007 02.4 10 03.0 10 4 9.0 10 10.0 02 3 0 1089 02 0.5 10 0.00 00.0 09.0 103.0 0.35 002.0 00.2 0.00 0 0 10 00 10.000
2
 8.5 89.0 90.2 12.5 50.3 020.0 104 0.30 50.2 500.0 1.00 105.08
00.2 02.0 00.3 020.0 124 0.34 00.0 032.0 0.50 100.90
1 0 0 4 0003 00 00 5 5 02 0 0 0 0 00 9 2 1 4 5 0 912 10 40 9 0 20 02 00 090203 100 0120 056
023 100 5 9 10 0 2 12 00 0 1 82 980 12.0 10 20.0 10 0 0.2 00 00.5 10 0 0 1289 02 0.5 12 0.05 07.0 89.2 023.3 1.00 102.5 07.2 5.20 0 5 12 08 10.020
 8.0 00.2
0 0 3 0 5023 40 10 5 0 10 9 0 0 0 00 9 0 1 0 5 0 910 00 05 0 8 24 00 00 890023 104 8000 506
100 020 0 0 12 0 2 00 00 0 1 02 907 02.4 00 03.0 00 0 0.0 04 10.0 10 3 5 1289 12 4.0 00 2.40 80.2 09.2 123.0 0.35 002.0 07.0 0.21 0 0 00 00 10.020
2
 0.5 00.2 98.0 12.0 00.3 020.0 000 5.04 00.0 000.3 1.53 005.90
98.2 02.0 54.0 102.0 020 0.04 50.0 002.0 1.50 020.00
0 0 3 4 5000 00 02 5 5 00 0 2 0 0 28 9 2 1 0 0 0 900 10 05 0 0 04 12 23 800000 000 0023 006
023 020 0 0 10 0 2 10 80 0 0 00 000 02.4 15 20.4 02 0 0.0 04 02.5 10 0 5 1080 00 4.0 00 2.00 80.0 80.0 020.3 0.00 100.5 00.0 5.21 3 5 12 98 02.002
 0.0 00.0
0 2 3 4 5023 40 02 5 5 12 0 0 0 0 20 0 0 0 4 0 1 900 10 00 0 8 24 00 23 800003 024 8103 000
120 103 5 0 12 0 0 00 80 0 1 00 007 02.0 15 23.0 00 4 0.2 10 10.5 10 3 5 1280 02 4.0 00 0.00 87.2 89.0 000.0 1.30 100.5 80.0 5.21 3 5 00 08 12.002
2
 0.0 80.2 98.2 12.5 54.3 100.5 104 0.00 03.2 002.3 0.03 120.08
90.2 00.0 00.3 122.5 100 5.00 53.0 000.3 0.00 125.00
0 2 3 0 5000 45 00 0 5 00 0 2 0 1 00 9 0 0 4 0 1 012 12 05 9 0 04 02 00 800203 120 8103 006
100 100 0 0 12 8 2 00 89 0 1 00 000 00.4 10 20.4 12 0 0.2 10 00.0 12 0 0 0289 02 4.0 00 0.05 00.0 09.0 020.0 0.05 032.0 80.0 0.20 3 0 12 90 02.002
 8.0 00.2
0 0 3 0 0003 05 12 0 5 12 9 2 0 0 20 0 0 1 0 0 0 010 02 05 0 8 00 10 03 000000 120 8103 050
100 020 0 9 00 8 0 10 00 0 1 00 080 00.0 15 03.0 12 4 9.2 14 02.0 12 3 0 0200 00 4.0 00 2.00 00.0 80.0 000.0 1.30 100.0 00.2 5.00 0 5 00 98 00.000
2
 0.0 09.0 90.0 02.5 50.0 100.0 120 0.34 50.2 000.3 1.53 005.90
00.0 02.0 54.0 020.5 004 0.34 00.0 032.3 0.03 120.00
0 0 0 0 0020 00 00 0 5 02 9 0 0 1 08 0 2 1 4 0 0 002 02 00 9 8 04 00 00 801203 024 8000 506
000 000 5 0 00 0 0 00 80 0 0 80 000 00.0 00 03.4 10 0 9.2 10 12.0 10 3 0 0200 02 0.0 12 2.40 80.2 09.0 003.0 1.35 102.5 07.2 5.01 3 5 10 98 12.000
 0.5 00.0
0 0 0 0 0023 00 10 0 0 00 9 0 0 1 20 0 2 0 4 5 0 900 10 00 0 8 20 12 03 800020 100 0123 550
020 100 5 0 12 0 2 10 00 0 0 00 980 12.4 00 03.0 00 0 9.0 10 10.5 02 0 5 0000 12 4.0 00 2.00 87.2 80.2 003.3 0.30 000.0 80.0 5.00 0 0 12 90 02.020
0
 0.0 09.2 08.0 00.0 04.0 020.0 020 5.00 03.2 000.0 1.03 125.90
08.0 00.0 04.0 000.5 020 5.34 53.2 030.0 0.00 005.00
0 0 0 4 0123 00 10 5 0 02 9 0 0 0 00 0 2 1 0 5 0 002 12 40 0 0 20 10 03 000003 020 8003 006
023 103 5 0 00 0 0 12 89 0 0 02 907 00.4 05 20.0 10 0 0.0 00 10.0 00 0 0 1000 00 0.5 00 2.00 00.0 89.0 020.0 1.00 000.0 07.2 0.21 3 0 00 00 00.000
0
 0.0 89.2 90.0 02.5 00.3 002.0 104 0.00 53.2 530.3 1.53 120.08
08.2 02.0 04.0 020.5 104 5.04 50.2 530.0 1.00 100.98
0 0 0 0 5103 00 02 5 0 10 9 2 0 0 28 9 0 0 4 0 1 900 12 00 0 0 04 00 23 090020 104 0103 050
020 003 5 0 00 8 0 12 00 0 1 80 907 00.0 15 03.4 00 4 0.0 00 00.5 10 0 0 1009 00 0.5 10 2.00 07.2 80.2 000.0 1.35 130.0 00.2 5.20 0 0 00 98 00.020
 8.5 09.0
0 2 3 0 0000 00 00 0 5 00 9 0 0 0 00 9 2 1 0 0 0 910 12 05 0 0 24 12 20 891200 104 0123 550
103 123 5 9 12 0 0 00 09 0 0 02 987 10.4 00 20.4 02 0 9.0 00 12.0 00 3 5 0009 12 4.0 12 0.05 80.2 00.2 103.0 0.00 100.0 80.2 5.00 3 0 12 08 02.000
0
 0.5 09.2 90.0 10.0 04.3 002.5 000 0.00 03.0 000.3 0.00 105.00
98.2 02.5 54.0 122.5 020 0.30 03.2 002.0 0.03 000.00
1 0 0 4 0123 45 02 0 5 02 0 2 0 1 28 0 0 0 0 0 0 002 10 45 9 0 00 02 20 800020 124 0020 056
003 103 0 0 02 0 0 00 00 0 0 00 900 00.0 15 00.0 12 0 9.2 10 10.0 00 0 5 0000 00 0.0 00 0.00 07.0 09.2 120.0 1.00 000.5 07.0 0.00 3 5 02 08 00.022
 8.5 00.0
1 2 3 0 5003 45 10 5 5 00 0 2 0 0 00 0 0 0 4 0 1 910 02 05 9 0 04 00 00 000220 120 0100 556
100 123 5 0 12 8 2 02 00 0 0 80 900 00.4 10 23.0 12 0 0.0 04 10.0 10 0 0 0289 02 0.0 12 2.40 07.0 80.2 120.0 1.30 030.5 87.0 5.20 0 0 00 08 10.002
2
 0.5 80.0 08.2 00.5 54.3 100.5 004 5.04 50.0 032.3 0.00 100.90
00.0 02.0 04.0 020.0 020 0.34 00.0 002.0 0.53 020.08
1 0 0 0 0023 00 12 5 5 10 9 0 0 1 20 9 0 0 4 0 1 000 02 00 9 8 20 10 00 090000 104 0020 506
003 000 5 9 12 8 0 10 89 0 0 00 907 00.4 15 00.4 00 4 9.2 10 10.5 10 3 0 1009 10 0.0 02 2.05 80.2 80.2 120.0 0.35 000.0 07.0 0.20 0 0 12 00 02.020
 0.5 09.2
0 0 0 0 0103 45 10 0 0 10 9 2 0 1 00 9 2 1 4 5 0 912 12 05 0 0 04 02 23 800000 120 8123 000
120 120 0 0 00 8 0 12 89 0 1 82 080 10.0 05 23.4 02 0 9.0 00 10.0 00 3 5 1089 02 0.5 10 0.40 07.2 89.2 003.3 0.30 030.5 07.2 0.01 3 0 00 00 00.020
0
 0.0 09.0 90.2 12.5 04.0 000.0 000 5.00 00.0 000.0 1.03 120.90
98.2 00.0 00.0 022.0 120 0.04 00.0 000.3 1.50 005.90
0 2 3 4 0000 05 12 5 5 02 9 0 0 1 28 0 2 0 4 5 1 902 00 40 0 0 00 02 00 000000 024 0100 056
000 103 0 0 00 0 0 02 89 0 1 02 980 00.4 10 20.0 02 4 9.0 00 12.0 00 0 0 1000 00 4.5 10 2.45 00.0 09.2 100.0 1.30 102.5 80.2 5.01 3 5 12 90 12.002
 8.0 80.2
1 0 0 0 5020 00 00 5 0 02 0 0 0 1 20 0 2 0 4 0 0 010 00 45 9 8 04 02 00 891023 024 8000 000
000 123 0 0 02 0 2 00 89 0 0 00 900 00.0 05 03.4 12 4 9.0 00 00.5 10 3 0 0089 12 4.5 12 0.45 07.0 89.0 003.0 0.05 102.5 80.0 5.00 3 5 10 98 12.002
0
 0.5 80.0 00.2 02.0 54.0 122.0 004 0.04 53.0 532.0 1.00 000.08
00.2 10.5 54.0 122.0 000 5.00 50.2 002.3 0.00 120.00
1 0 0 4 5123 00 00 0 0 10 0 2 0 1 08 9 0 1 4 0 0 902 00 40 0 8 04 02 23 090023 020 8000 506
020 023 0 0 12 8 0 10 80 0 0 80 000 10.4 00 23.0 00 4 9.2 04 10.5 10 0 0 1280 02 0.5 12 2.40 80.2 00.2 000.3 0.00 030.0 00.0 0.00 0 0 00 90 00.002
0
 0.0 00.0 90.2 10.0 00.0 120.0 000 5.04 53.0 032.0 0.50 020.90
00.0 00.0 00.0 000.0 020 0.34 50.0 000.3 0.03 005.98
0 0 3 4 0023 05 02 0 0 00 9 2 0 1 00 9 0 1 4 5 1 900 00 05 9 0 20 02 03 001203 124 8000 506
023 100 0 9 02 8 2 12 80 0 1 00 087 10.0 05 23.0 02 4 0.0 10 12.0 10 3 0 1009 00 4.0 02 0.45 87.0 09.2 023.0 0.05 132.5 07.2 0.20 3 5 12 90 12.000
 8.5 00.0
0 2 0 0 0000 40 00 0 0 00 9 0 0 0 20 9 0 0 0 0 0 912 10 00 9 8 04 02 00 000000 000 0100 556
000 003 0 9 02 0 0 12 80 0 1 82 007 12.0 15 03.4 02 4 0.0 00 00.0 00 0 5 1009 10 0.5 00 0.45 80.0 09.2 120.0 1.05 100.5 00.2 0.21 0 0 02 00 12.022
0
 8.0 00.2 90.2 10.0 00.3 122.0 100 5.30 50.2 002.0 1.00 100.98
08.2 02.5 04.3 100.5 104 0.00 50.0 500.0 1.03 000.90
1 2 3 4 0103 45 02 5 5 10 0 2 0 1 28 0 0 1 0 0 0 010 12 45 0 8 24 00 23 090000 020 8000 500
000 100 0 0 00 0 0 00 80 0 0 00 980 02.0 15 00.0 10 4 9.2 00 12.0 12 3 0 1209 10 4.5 12 0.40 07.2 00.0 003.3 1.00 002.5 07.0 5.21 3 5 12 00 12.020
 0.5 09.0
0 2 0 0 5100 05 00 5 0 00 9 0 0 1 00 9 0 1 0 5 0 900 02 45 0 8 20 00 03 000003 120 8120 506
020 123 5 9 00 8 0 10 09 0 0 00 080 00.0 00 03.0 00 4 0.2 10 10.5 00 3 0 1280 00 0.5 10 2.05 87.2 89.0 003.0 0.30 130.0 00.0 5.20 0 0 00 98 00.022
2
 0.0 09.0 98.0 10.0 00.0 002.0 004 0.00 50.2 532.3 1.53 005.00
90.2 02.0 54.0 120.5 100 0.30 50.2 502.3 0.50 000.08
0 0 0 4 5003 40 10 5 0 00 9 0 0 1 00 0 0 0 4 5 0 002 02 45 0 8 20 12 00 000020 024 0103 500
103 100 5 0 12 0 0 00 00 0 0 02 987 12.0 05 03.4 12 0 9.2 00 02.5 12 3 5 0089 10 4.0 02 0.45 00.0 09.0 023.0 1.00 000.0 80.2 5.00 0 5 00 08 02.020
 0.0 00.2
0 0 0 0 5003 05 10 0 5 10 0 0 0 1 00 9 0 1 4 0 0 910 00 40 0 0 04 10 23 890023 024 0120 556
120 023 5 0 12 0 0 02 80 0 0 02 000 12.0 15 00.4 02 0 0.2 00 00.5 00 3 5 0280 10 4.0 02 0.45 00.0 00.0 003.3 0.35 032.5 00.2 0.00 3 0 00 08 00.000
2
 8.0 09.0 90.0 02.5 00.3 000.5 120 0.30 53.2 500.0 0.03 000.90
98.2 02.5 04.0 020.0 120 0.00 03.2 500.0 0.03 000.08
0 0 0 0 0103 00 02 0 0 02 0 0 0 1 28 9 2 0 0 5 0 902 10 45 9 8 00 00 23 000020 100 8120 506
000 003 5 0 10 0 2 10 00 0 0 82 000 00.4 05 23.4 02 4 9.0 10 02.0 12 0 5 1009 10 0.0 00 2.00 80.2 09.2 000.3 1.00 102.0 07.2 5.01 3 5 00 00 10.002
 0.0 00.2
1 2 3 0 0000 45 02 0 0 00 0 2 0 0 00 0 2 1 0 5 0 902 12 00 0 0 24 12 00 890003 100 0120 500
003 000 5 0 10 8 2 12 80 0 1 00 907 00.4 15 20.4 10 0 0.2 04 02.5 10 3 5 1089 02 4.5 10 0.00 80.0 89.2 003.0 1.35 000.0 00.0 0.21 0 0 12 08 00.020
0
 0.0 00.0 90.2 12.5 04.3 000.5 004 0.30 03.0 532.3 0.03 000.00
00.0 10.0 04.0 100.0 004 0.34 00.0 500.3 1.00 020.00
1 0 3 4 0020 05 00 5 0 10 0 0 0 1 28 0 0 0 0 0 1 010 02 00 0 8 24 02 00 000200 100 0100 556
100 000 0 9 02 8 2 02 00 0 1 00 907 00.0 10 23.0 10 0 9.0 00 12.0 10 3 5 0089 02 0.5 00 0.05 07.0 09.0 100.0 1.00 030.0 07.0 5.21 0 5 10 90 02.020
2
 8.5 80.0 08.0 00.0 50.0 002.0 020 5.30 50.0 502.3 1.50 120.08
98.0 00.5 00.3 022.0 120 5.34 50.0 032.0 1.00 020.08
1 2 0 0 0020 00 12 0 5 12 0 0 0 1 28 0 0 1 0 0 0 012 10 45 9 0 04 12 23 800220 100 0100 006
123 123 0 9 02 8 2 02 00 0 0 00 907 02.4 00 03.0 10 4 0.0 00 10.0 00 3 0 1200 10 0.5 00 0.00 07.0 09.0 120.0 1.00 002.5 80.0 5.00 0 0 00 90 12.020
 0.5 80.2
1 0 0 0 0023 00 12 5 0 10 9 0 0 1 28 9 2 0 0 0 0 902 10 45 0 0 00 02 00 800023 104 8020 000
103 123 5 9 00 0 2 00 09 0 1 00 900 12.0 05 00.0 02 4 9.0 00 10.0 12 3 5 0280 00 0.0 00 2.00 07.2 89.2 100.0 0.30 002.5 07.0 0.00 3 5 02 98 12.000
0
 8.5 89.2 08.0 12.0 54.0 120.5 124 0.34 03.0 502.0 1.53 020.00
98.2 02.0 00.0 120.5 000 0.04 50.0 502.3 0.03 105.00
1 0 3 4 0123 00 10 0 5 00 9 2 0 1 00 0 0 0 4 0 1 900 10 45 0 8 00 12 03 000020 004 0103 056
100 000 0 0 02 8 0 12 00 0 0 02 907 00.0 10 20.4 02 4 0.2 10 10.5 10 3 5 0080 00 0.5 02 0.05 87.0 00.0 103.0 0.00 030.5 07.0 5.20 3 5 02 00 12.002
 0.0 09.0
0 2 0 0 5000 40 00 5 0 00 9 0 0 0 08 0 2 1 0 5 0 000 00 00 9 0 00 00 00 800000 100 0103 506
103 103 5 9 10 8 0 10 80 0 1 02 900 02.4 05 03.4 12 0 0.2 00 00.5 10 3 5 0000 10 0.5 10 2.05 00.2 09.0 003.3 1.35 132.0 00.0 0.01 3 5 00 90 00.000
2
 0.0 89.0 08.0 00.0 50.3 122.5 000 5.30 03.0 032.0 0.00 125.08
98.0 10.0 50.0 020.5 104 5.00 50.2 000.3 0.00 005.08
1 0 0 4 5020 45 02 5 5 02 0 0 0 0 00 0 0 1 0 0 0 902 02 05 9 8 20 10 20 090003 000 0003 056
000 120 0 0 12 8 2 10 89 0 0 00 087 12.0 00 23.4 10 0 9.0 00 00.0 12 0 5 0080 02 4.0 12 2.05 07.0 80.2 000.0 0.05 030.0 00.0 5.20 3 0 10 08 00.000
 0.0 89.0
1 2 0 4 5103 40 12 5 5 02 0 0 0 0 08 9 0 1 0 5 0 002 02 00 9 8 00 00 03 001200 024 0023 056
023 000 0 9 12 0 0 10 09 0 0 02 900 02.0 00 23.0 02 0 9.0 10 02.5 12 0 0 1080 02 0.0 12 0.00 80.2 00.0 100.0 1.05 132.5 00.2 5.21 3 5 00 90 10.020
0
 8.5 89.2 08.0 12.0 04.3 000.5 104 5.00 00.2 000.3 1.00 120.00
90.0 12.5 50.0 102.5 124 0.04 50.0 032.0 0.50 100.00
1 0 3 0 5103 05 10 0 5 00 9 0 0 0 00 9 2 1 4 0 1 902 10 40 0 0 04 10 20 801200 120 0100 550
003 020 5 9 02 8 0 12 09 0 1 82 007 00.4 15 23.4 00 4 9.0 10 02.5 12 0 0 0089 00 0.0 12 2.40 07.0 00.0 020.0 1.05 000.0 80.0 5.00 0 5 00 08 12.020
 0.0 89.2
1 0 3 0 5120 00 02 0 0 12 0 2 0 0 00 9 0 0 0 0 1 912 10 40 9 8 20 02 00 001203 020 8123 506
023 100 0 9 02 8 0 02 00 0 1 80 907 10.0 10 03.0 12 4 0.2 00 10.0 10 3 5 0200 00 4.5 10 2.40 87.2 00.0 103.0 1.30 002.5 07.0 0.21 3 0 12 00 10.020
2
 0.0 89.2 08.2 10.0 50.0 002.5 100 0.00 50.2 002.0 0.00 000.00
08.2 12.5 50.0 120.0 020 5.30 03.2 032.3 0.03 105.90
