8 2 0 4 5623 84 12 5 5 00 0 2 0 1 20 5 0 1 4 0 0 512 00 09 4 8 20 36 30 801203 124 8120 056
167 083 5 9 10 8 0 50 89 0 5 79 902 60.8 85 07.5 68 0 9.9 00 02.0 12 8 5 0889 10 4.0 82 2.06 08.2 89.0 000.0 1.32 134.5 02.2 0.70 3 0 10 98 52.46 0.5 06.0 
1 7 3 4 0023 44 10 5 5 42 9 2 0 1 28 9 2 1 4 5 0 910 12 45 9 1 24 15 43 990000 000 8103 256
013 303 7 0 82 6 0 52 89 0 0 80 257 10.0 95 23.0 02 1 9.2 10 18.0 12 3 0 1469 02 0.0 54 9.84 87.2 09.0 120.3 1.90 132.5 87.0 0.21 3 5 27 99 12.000
 5.5 89.0 18.0 17.8 42.0 822.6 104 5.01 87.5 530.3 1.03 108.68 
58.6 17.0 98.3 074.5 084 5.31 86.2 352.3 9.53 347.60
1 8 7 4 0020 85 18 5 0 12 9 9 0 0 00 9 2 0 0 0 4 912 28 45 9 8 00 00 08 825273 770 8140 556
190 429 3 9 22 8 2 76 57 0 6 89 957 12.0 97 23.8 10 4 9.0 14 72.5 00 3 5 6069 70 0.5 37 0.30 87.2 86.5 080.0 1.05 100.5 84.2 5.21 0 5 52 98 02.331
 8.0 77.8 
4 0 8 0 5120 39 82 0 0 12 9 2 0 1 28 9 9 8 0 3 1 902 12 95 9 8 20 12 23 801228 020 7023 770
003 020 5 9 62 8 0 86 96 2 1 82 987 55.7 10 60.6 12 7 9.0 10 12.0 15 8 5 1985 16 9.5 76 2.80 67.0 80.0 063.8 1.90 132.0 87.9 5.08 0 0 10 98 10.008
2
 8.5 80.2 99.7 42.0 50.3 009.5 034 5.34 53.3 902.8 0.50 120.28 
98.2 50.5 54.0 019.5 109 5.30 50.8 372.9 0.83 085.99
1 9 9 4 5120 05 19 0 5 00 4 0 0 3 90 5 0 1 0 5 9 019 18 45 0 3 20 72 43 948203 900 0088 955
123 105 5 9 12 6 9 15 00 0 0 36 900 03.0 99 64.0 00 0 9.2 14 30.5 07 7 5 1280 19 0.5 80 0.05 17.2 84.2 100.3 0.39 102.5 87.4 5.29 5 5 12 80 15.192
 8.5 87.8 
1 0 0 4 3473 05 17 0 0 10 9 0 0 0 20 9 2 1 4 0 6 416 70 65 6 9 37 02 20 971203 626 8123 796
128 103 5 0 00 0 2 02 89 6 1 03 077 12.0 00 83.0 59 4 9.2 14 13.7 12 7 8 3280 43 0.5 82 2.49 87.2 80.2 507.3 1.05 153.5 87.0 8.24 0 0 02 98 22.922
2
 8.5 00.8 98.7 17.5 56.3 122.0 906 5.40 04.2 030.0 1.80 976.90 
70.2 10.0 54.0 102.5 104 5.04 06.0 092.3 0.00 125.90
1 2 3 6 0823 05 08 5 6 52 9 2 0 1 32 0 2 1 8 5 9 312 12 45 0 8 14 40 20 031820 190 8127 073
503 420 6 9 65 6 2 18 70 0 0 82 062 82.4 10 23.9 10 1 9.0 00 82.0 70 0 0 7289 12 9.3 10 0.45 00.2 59.9 123.0 1.95 092.0 87.7 5.23 0 8 10 24 19.125
 8.0 80.0 
1 0 3 4 5123 47 02 5 5 50 9 3 0 4 08 0 2 1 4 7 0 912 68 05 0 7 24 80 23 090933 004 0221 086
057 124 5 9 10 3 0 15 86 0 7 10 970 02.4 15 29.4 12 9 9.2 15 10.5 12 0 5 7989 12 0.5 15 2.02 80.2 99.0 020.9 5.74 132.0 00.2 8.70 2 2 12 90 97.007
3
 8.7 87.0 98.9 12.6 50.7 122.8 128 0.00 53.2 502.0 1.53 420.00 
98.9 09.5 50.1 010.0 106 5.41 50.2 591.3 6.53 709.08
1 2 3 0 0143 45 12 1 5 12 8 4 8 0 28 9 0 0 0 8 0 910 92 65 9 0 91 18 20 818223 904 8920 540
150 923 5 7 92 0 6 15 84 6 0 00 986 52.9 15 03.0 17 0 9.2 04 02.0 88 8 9 0289 15 4.5 92 7.40 30.2 83.9 026.6 6.00 832.0 50.0 0.08 9 5 82 90 15.327
 0.2 89.2 
1 2 5 4 5128 15 10 0 5 12 2 5 0 1 80 9 2 1 6 0 1 012 82 53 9 7 20 02 09 131208 190 0024 259
020 123 7 9 05 8 2 90 80 5 1 82 900 16.8 92 03.7 79 0 9.9 10 62.8 62 1 7 0089 17 7.8 02 2.68 87.2 00.2 723.3 1.00 138.0 87.2 5.21 0 0 11 88 00.620
5
 5.9 71.2 08.2 12.5 70.1 122.2 904 3.34 53.2 532.3 0.00 200.00 
08.3 04.0 00.3 120.5 104 5.04 00.0 604.0 0.59 025.68
0 2 8 4 5134 05 00 8 5 80 9 0 0 1 58 0 0 0 2 5 0 912 00 55 6 8 24 12 29 891073 120 0023 856
128 993 5 3 11 0 7 62 89 5 1 59 383 92.4 78 03.0 12 4 9.2 05 72.0 00 0 0 1207 12 9.5 06 0.45 87.2 80.3 125.3 0.05 737.5 17.2 8.21 0 0 72 98 82.000
 8.0 88.7 
7 0 3 8 9028 76 92 5 0 03 9 8 0 1 00 9 5 6 4 9 1 952 90 04 9 0 29 10 25 898226 024 0705 500
103 129 7 9 10 0 0 12 09 0 2 82 087 00.4 05 28.4 10 1 9.8 95 12.5 91 3 0 3099 02 2.5 19 6.79 07.2 30.5 103.7 1.55 739.2 80.5 0.01 3 0 10 95 22.022
2
 8.5 99.0 01.0 02.0 00.2 522.5 935 5.34 03.2 130.3 1.73 705.00 
98.2 92.0 04.3 122.4 824 3.37 84.2 532.3 0.53 600.00
0 0 0 4 5120 43 12 0 0 82 0 9 0 1 00 8 2 9 0 0 6 985 02 60 0 0 04 04 23 890203 126 0013 555
153 128 0 0 47 6 2 12 88 5 6 80 977 13.0 10 20.4 04 4 4.4 04 12.0 10 5 5 0080 02 0.5 10 2.29 87.0 08.2 120.5 1.90 130.8 88.3 0.21 3 6 12 70 52.092
 0.5 82.2 
1 2 3 4 5123 08 12 5 5 02 6 6 0 9 08 9 6 1 4 5 8 910 50 40 5 8 04 90 23 891603 124 7423 559
123 743 5 6 12 8 2 13 89 0 1 89 987 12.1 65 23.0 19 0 0.2 19 50.5 18 8 5 1286 92 0.1 80 3.45 97.0 04.7 583.3 0.60 502.7 07.5 0.20 0 6 95 89 07.002
0
 0.5 50.8 08.0 17.5 54.0 129.0 124 5.30 53.2 730.0 5.43 035.98 
78.8 02.5 54.3 002.5 120 5.04 53.0 536.3 1.00 125.98
0 2 0 0 5973 40 10 5 5 14 0 6 7 7 78 7 4 0 2 5 6 702 72 39 0 0 20 11 03 861027 226 8157 050
957 193 5 0 12 8 2 00 65 0 1 86 980 19.4 75 28.4 82 0 9.2 89 15.5 22 0 5 4089 10 4.5 00 2.45 87.7 78.2 120.4 4.35 439.2 07.2 5.01 3 5 62 58 10.002
 8.0 79.0 
7 8 8 4 0005 45 70 7 9 47 0 4 7 1 08 9 6 0 0 6 7 012 16 45 9 8 05 12 23 390268 544 2023 236
023 063 5 9 50 7 1 23 09 4 0 80 900 12.4 15 20.0 90 8 5.0 87 12.5 02 3 7 7239 00 9.3 12 2.70 13.2 00.0 103.7 1.05 134.9 00.7 0.27 0 5 02 99 02.002
2
 8.5 80.0 96.2 00.5 59.3 102.5 804 5.54 00.9 920.3 0.00 425.98 
68.0 00.2 55.3 122.5 128 5.94 53.2 937.9 1.59 126.55
6 5 3 4 5020 85 91 5 5 10 1 6 0 1 28 9 2 1 8 5 1 902 02 45 8 8 00 09 24 009220 820 7006 056
143 020 5 0 12 8 0 10 80 4 8 82 980 00.3 10 43.0 10 3 6.2 90 70.8 00 0 0 1289 10 4.0 10 2.49 86.0 89.2 153.3 1.00 033.5 85.2 0.20 3 7 60 12 15.502
 8.8 99.7 
1 3 3 4 4010 40 02 8 7 10 6 0 6 5 20 7 2 4 4 5 0 012 60 80 9 8 04 12 20 091203 004 8143 056
027 123 0 0 63 0 0 16 00 3 0 82 909 92.4 15 00.4 04 4 0.4 64 32.5 02 3 7 4007 12 0.0 62 2.85 84.0 89.0 120.7 0.95 032.5 90.0 7.01 0 5 00 98 40.002
2
 0.5 86.2 87.5 72.5 50.9 122.8 227 5.97 53.2 997.3 6.57 120.58 
95.7 62.0 50.3 708.5 554 5.30 53.2 980.3 7.03 115.98
0 2 8 4 3100 49 18 2 8 02 8 2 8 1 08 9 2 3 0 2 9 912 12 45 9 1 22 42 20 990228 824 0503 940
123 103 1 9 75 8 9 02 80 8 1 82 020 08.6 18 03.4 12 0 9.0 15 02.0 12 3 0 0288 82 4.5 02 0.39 97.2 89.0 523.8 0.35 134.8 02.2 5.56 9 4 12 00 16.002
 8.0 70.7 
1 6 7 4 5003 05 92 5 5 12 9 0 8 1 08 9 2 9 4 5 1 462 82 15 8 8 08 10 08 801323 104 7123 558
109 923 0 4 12 8 0 07 09 2 8 80 981 90.3 85 53.0 00 0 9.0 04 04.0 18 3 9 1899 02 0.0 66 2.05 87.6 06.9 120.3 0.30 032.0 80.0 5.51 3 0 42 98 02.022
0
 8.5 28.2 99.2 96.0 50.3 522.5 425 6.39 08.5 500.0 0.07 009.88 
98.0 42.7 04.3 620.5 004 0.14 54.2 830.0 1.52 029.98
0 8 0 4 8123 42 10 5 6 12 7 6 0 1 28 9 0 7 0 8 1 917 92 80 0 8 24 12 99 800200 064 0823 550
104 125 0 8 10 0 2 62 82 0 1 82 387 08.4 04 86.4 40 4 9.2 15 12.5 12 3 5 0680 12 0.8 12 5.90 88.7 80.3 003.3 4.35 089.5 67.2 9.00 6 9 10 95 92.022
 8.0 09.6 
7 2 5 4 0020 05 12 5 5 10 5 2 7 0 28 0 0 4 4 0 0 912 12 07 0 8 04 10 25 801257 124 5126 564
108 966 0 0 02 8 1 02 00 9 0 03 007 11.4 05 03.4 12 9 9.1 37 32.5 17 0 5 0009 10 0.5 82 9.45 87.2 89.0 120.2 9.30 022.0 80.9 9.36 0 8 70 38 52.947
5
 8.5 89.0 95.2 02.5 54.3 122.5 024 5.30 53.2 732.3 0.10 825.98 
90.2 02.5 53.0 842.0 904 0.09 93.0 309.0 1.75 025.98
0 0 9 4 4723 05 07 5 7 92 0 2 0 0 08 9 0 8 0 0 0 985 12 00 8 5 28 06 60 091220 124 0023 200
680 193 5 4 70 8 0 02 86 0 6 22 087 10.4 10 21.4 50 7 7.1 14 10.7 10 3 8 1087 99 4.5 00 2.00 83.2 99.0 423.3 1.35 802.0 87.2 5.00 3 5 32 98 19.037
 0.0 88.9 
8 0 8 0 0300 45 02 5 5 60 9 0 8 1 28 9 0 0 0 5 6 982 22 49 9 9 24 40 23 890200 020 8023 056
437 140 9 9 12 8 2 02 59 0 0 80 000 94.0 10 33.9 12 4 9.2 84 75.0 00 6 5 1207 00 0.5 04 2.40 87.7 09.2 003.0 1.75 830.4 77.2 5.29 5 5 22 08 12.022
5
 7.1 40.0 98.9 10.5 04.5 022.5 104 5.34 03.2 008.0 1.56 622.40 
85.9 18.5 04.8 082.0 158 9.04 03.6 032.3 9.90 185.90
5 2 6 3 0823 05 15 5 0 10 6 7 0 6 83 0 0 3 4 5 0 902 10 25 9 8 24 10 73 791000 058 0108 038
153 144 8 8 15 8 9 12 60 0 2 82 582 00.0 10 20.4 11 0 6.4 14 10.9 62 3 0 1359 10 4.0 10 0.45 85.2 99.2 143.3 5.45 002.5 77.2 5.01 9 7 00 90 91.622
 0.5 84.0 
1 2 0 4 0020 94 10 5 0 13 9 2 8 1 28 0 0 1 9 8 6 910 18 80 4 8 24 05 23 091224 404 8119 056
109 100 5 9 19 0 2 52 89 6 7 00 987 10.4 50 20.0 54 4 9.0 16 17.5 99 0 5 1200 32 9.5 86 6.46 87.8 80.2 003.3 1.90 136.5 25.0 0.79 0 0 00 08 46.032
0
 8.5 40.6 97.0 12.5 06.1 000.2 100 0.94 95.8 030.9 8.53 195.72 
98.0 14.5 54.0 120.5 107 3.31 53.2 537.0 1.59 805.06
0 2 3 0 5023 05 02 5 9 42 9 9 0 1 20 7 0 9 4 5 1 945 02 07 7 8 04 72 03 052093 070 8123 904
925 123 5 0 10 8 2 32 89 7 4 82 980 12.4 90 80.4 10 5 0.0 14 12.0 14 3 0 3889 82 4.5 80 0.47 09.2 02.0 103.3 6.38 190.5 17.0 5.18 0 5 00 08 80.080
 0.9 89.2 
1 8 0 0 9124 05 19 0 5 72 9 2 0 9 28 9 8 1 4 8 1 902 90 05 2 0 44 12 23 001223 114 0023 994
123 123 5 0 12 8 0 12 89 0 0 82 988 10.0 15 29.3 02 6 9.2 14 12.5 40 3 9 7009 10 0.0 10 0.00 04.0 49.2 433.3 9.37 132.4 96.2 0.30 3 0 12 94 72.422
2
 0.5 80.0 98.2 13.5 92.3 176.9 504 5.37 53.0 036.6 0.03 020.36 
78.2 10.5 58.0 082.5 144 5.34 63.5 550.3 1.53 025.08
1 2 3 4 0007 40 00 5 8 19 9 9 0 0 20 9 2 9 3 0 1 012 10 40 9 8 04 76 73 905023 004 5043 550
003 123 4 9 12 8 5 80 89 0 4 82 950 03.4 17 72.4 12 9 9.2 74 99.5 62 3 9 1008 02 4.5 02 2.05 87.2 89.3 827.3 9.70 132.5 80.9 5.91 0 0 82 98 12.906
0
 4.4 89.7 48.2 00.5 00.9 000.9 006 5.04 03.0 532.4 0.52 025.20
08.2 12.3 74.3 192.5 024 3.74 53.0 430.3 7.00 125.90
0 2 0 5 0723 05 02 5 5 72 9 4 8 0 28 9 0 5 4 5 0 410 42 43 0 0 93 12 20 801223 400 8183 704
943 105 0 8 16 8 6 16 00 5 1 00 988 19.0 05 93.1 10 9 9.0 84 17.7 57 8 7 0286 12 4.7 09 9.55 77.0 79.2 027.0 8.75 338.7 07.2 5.21 3 0 12 70 17.022
 8.9 80.0
4 2 3 9 5523 60 11 8 5 44 5 2 0 0 28 6 9 6 0 7 1 416 19 42 3 0 04 11 06 586293 064 0168 643
174 005 0 9 00 8 2 12 29 8 1 92 974 12.4 75 20.0 12 7 2.2 05 02.0 02 3 1 1399 10 0.0 10 6.95 17.0 59.0 060.3 1.50 102.5 05.2 5.20 6 5 98 98 12.922
6
 8.0 09.3 98.0 12.5 54.8 100.5 424 5.30 03.2 532.3 1.53 025.03
98.2 92.5 50.7 925.5 820 5.34 00.2 935.0 0.50 025.98
1 0 3 0 5103 45 10 5 5 17 9 2 0 1 28 9 2 0 5 5 1 076 15 45 5 5 04 72 23 893227 404 8100 206
823 003 6 9 44 8 2 92 59 0 1 87 987 12.1 25 20.3 15 4 0.2 90 10.5 10 4 5 1000 28 4.5 40 2.00 07.0 89.2 023.3 1.35 008.5 77.0 5.25 0 5 10 87 96.502
 8.5 89.2
1 7 3 4 0073 40 72 0 5 12 9 5 3 1 76 9 0 1 4 6 0 910 10 00 0 0 04 16 23 895253 659 0423 589
060 103 0 0 12 8 2 10 80 7 9 62 580 03.4 15 23.4 68 4 3.2 14 12.5 22 0 9 1609 92 4.5 12 3.30 87.2 89.0 833.0 0.00 170.5 87.9 5.01 9 9 00 98 06.082
5
 8.0 87.0 90.2 17.5 04.3 100.5 904 5.34 33.2 530.3 1.53 095.98
08.0 80.0 74.3 122.5 120 5.37 09.2 009.6 0.55 725.08
0 6 3 4 5143 00 47 5 0 00 1 2 8 5 00 9 2 9 0 8 1 019 14 45 3 0 54 02 26 899083 120 8123 056
903 800 0 9 08 6 0 03 89 6 9 82 907 72.4 95 96.0 72 4 9.0 19 12.8 04 0 5 0038 90 4.9 02 5.45 07.2 05.7 120.3 7.05 132.0 67.0 9.00 0 5 13 94 92.008
 8.5 89.0
1 0 3 4 5109 60 17 7 5 42 0 2 0 1 07 9 8 1 1 5 0 080 62 65 3 6 74 09 33 998023 124 8070 056
023 023 0 9 18 0 2 19 09 5 7 82 406 02.0 03 80.3 10 4 9.4 04 82.0 02 3 5 8880 13 4.5 18 2.09 77.2 89.7 120.3 1.85 102.5 65.8 5.21 3 0 16 90 12.600
9
 8.7 09.0 89.2 02.0 14.0 802.0 024 0.37 53.0 830.3 1.53 205.98
08.8 09.5 04.3 002.5 194 5.34 83.2 582.0 1.53 920.98
2 2 3 0 5160 09 10 0 0 42 3 0 2 0 20 8 0 8 0 5 8 402 92 55 9 0 20 02 29 801080 120 4027 556
023 520 5 9 20 0 2 12 89 5 1 82 987 09.4 35 03.3 59 4 9.3 14 10.0 17 3 5 1285 12 4.0 52 7.08 00.6 87.0 808.8 7.00 030.6 85.0 7.21 0 8 02 60 10.630
 8.0 05.7
0 4 3 4 7823 40 08 0 3 00 9 2 0 1 33 4 2 1 4 5 0 709 12 28 9 8 00 15 20 390003 125 8820 030
520 105 5 9 80 8 0 10 99 0 0 86 987 92.0 15 23.0 92 8 7.2 08 12.5 10 0 5 1089 12 0.0 12 0.05 00.2 89.2 102.3 1.35 152.0 87.5 5.00 3 5 12 98 04.920
2
 8.5 49.9 08.2 11.8 37.3 109.5 124 9.64 72.8 869.3 7.07 123.88
98.2 16.7 54.3 120.5 924 9.57 00.2 532.3 1.93 795.99
1 7 5 5 0103 40 12 5 5 92 9 0 8 6 08 9 0 0 4 5 1 002 12 45 9 8 74 10 03 809020 120 8020 856
100 806 0 0 97 9 0 00 55 0 9 90 780 12.0 17 65.4 19 8 6.2 04 58.0 10 3 7 0069 10 9.5 08 0.50 00.0 09.2 200.0 7.05 635.0 07.2 5.26 3 0 19 97 07.720
2
 0.3 00.1 98.6 12.0 07.3 120.9 087 0.30 83.0 038.7 5.03 905.07
90.0 12.5 54.3 102.8 725 0.30 63.0 562.3 1.33 121.91
0 6 3 4 0823 05 00 5 9 65 9 2 0 1 20 0 7 7 5 5 9 082 17 95 5 8 04 80 10 001483 100 8128 096
043 940 5 9 10 8 2 90 99 6 1 89 450 10.4 15 26.4 19 5 9.0 04 04.0 16 7 5 0689 12 0.3 12 5.48 84.8 60.0 120.3 1.95 000.5 67.2 5.27 0 5 30 98 53.700
 0.5 89.8
1 0 4 4 5103 40 12 5 5 12 0 0 9 4 28 9 2 1 0 7 0 912 02 45 7 0 94 18 73 891070 000 9003 556
120 390 5 9 18 9 8 15 86 5 0 82 587 02.4 00 65.9 17 0 0.2 10 12.9 00 3 0 0087 15 4.3 77 2.00 80.2 89.2 103.3 0.30 100.7 96.2 0.21 3 7 18 08 10.420
1
 7.9 80.0 68.2 92.0 50.8 322.5 194 7.35 50.5 530.3 1.53 125.90
98.2 12.0 50.0 125.0 124 7.03 53.2 562.3 1.53 623.90
0 0 9 8 5023 00 19 0 0 02 0 5 0 3 29 9 9 1 4 0 8 952 12 45 0 0 27 02 03 800220 024 0156 006
180 023 5 9 14 8 0 00 89 0 4 08 688 00.4 15 93.4 37 6 9.5 05 01.5 00 0 0 9600 18 0.0 00 0.62 87.0 60.2 163.9 1.33 031.9 77.2 5.23 3 0 10 08 99.000
 8.0 89.2
7 2 3 0 4100 45 62 0 0 00 9 3 0 1 20 9 0 1 9 0 4 992 12 45 3 8 24 00 23 801288 925 9967 806
020 140 0 8 10 8 2 14 89 0 0 80 800 18.4 40 20.4 12 4 9.2 14 87.0 17 3 4 1299 10 4.5 12 2.46 00.2 09.2 000.3 1.09 108.5 87.6 3.29 7 5 96 08 00.002
2
 0.5 80.0 70.2 62.9 80.0 108.5 088 5.90 99.4 334.0 0.00 125.00
90.2 42.5 54.3 100.8 128 5.74 73.0 532.5 0.56 120.90
1 0 3 8 3128 80 12 5 3 12 9 2 3 6 20 9 2 1 6 0 1 992 10 45 7 0 87 18 53 870203 124 8103 006
122 020 5 9 06 8 0 00 83 2 0 80 970 00.4 75 23.4 08 4 6.2 04 50.0 02 5 0 1589 03 4.0 10 8.00 97.0 80.0 153.7 1.30 030.0 87.8 5.21 0 5 92 90 60.722
 6.5 09.3
1 5 9 0 0720 05 57 5 5 10 0 2 7 3 20 9 0 1 4 0 1 916 00 06 9 8 74 00 83 441003 809 5803 609
953 320 5 9 02 0 8 00 07 9 9 60 385 10.4 11 23.4 89 0 9.2 10 12.0 08 3 0 3202 02 4.0 93 9.40 87.1 88.2 924.4 7.30 030.5 40.0 5.22 7 5 02 08 52.892
2
 8.7 80.2 95.0 12.5 04.3 102.5 004 5.32 06.2 532.0 6.53 105.97
07.2 72.5 90.3 122.3 074 7.00 03.8 286.0 1.08 305.90
8 2 3 0 2163 15 10 5 5 00 9 2 8 0 28 9 2 8 0 5 1 900 12 57 0 8 20 60 00 893223 700 3100 506
558 120 0 9 53 6 2 02 05 0 1 82 000 12.0 46 20.4 02 0 9.0 14 00.5 00 3 5 0289 29 0.5 80 2.05 90.7 09.2 000.0 1.05 132.0 40.4 0.20 3 9 02 00 02.922
 8.9 09.4
6 0 3 5 0123 87 02 5 5 08 9 2 0 7 00 9 2 7 6 5 1 915 03 40 9 8 00 10 23 891003 822 8120 906
123 853 8 9 02 0 0 02 09 0 7 80 700 02.4 00 20.5 19 0 9.0 10 10.1 02 0 5 7087 62 4.0 02 2.45 07.0 00.7 123.6 2.35 042.5 86.0 0.61 6 5 16 98 10.022
2
 8.6 87.0 00.0 12.5 54.7 022.5 824 0.04 93.2 930.4 0.85 080.07
08.2 92.2 04.8 702.0 994 0.80 00.5 002.0 1.52 900.596 2 6 4 8126 49 70 0 5 00 9 0 8 0 03 0 2 1 0 5 3 002 19 48 9 0 24 12 03 827293 120 0883 056
000 123 6 9 07 0 0 12 80 9 5 00 787 42.9 15 23.0 05 4 8.8 15 10.0 07 5 5 1906 10 6.7 52 7.45 17.2 09.2 115.3 1.35 300.0 87.2 5.20 4 5 00 08 52.622
0
 0.5 87.2 60.0 12.5 54.0 102.3 020 5.61 62.2 512.0 7.06 607.98
99.2 50.0 54.3 102.9 160 5.50 03.0 525.7 0.53 020.58
7 2 8 4 0003 05 02 5 5 12 7 4 7 0 28 9 0 1 4 5 0 900 02 50 0 2 94 82 23 566423 104 7123 956
953 100 0 9 50 8 2 60 80 8 7 80 987 98.4 15 85.0 04 0 0.0 47 07.4 52 3 8 1099 89 4.5 62 1.45 80.2 99.2 120.7 1.05 100.0 87.2 3.03 0 5 12 98 10.920
 2.5 89.0
1 8 7 8 5129 08 82 4 0 10 0 2 0 5 00 9 0 0 0 5 0 990 51 05 9 9 28 22 00 697203 024 8703 548
309 003 5 9 09 0 2 92 55 0 1 80 957 93.9 02 50.0 00 0 9.2 93 10.5 12 0 9 1200 12 0.9 71 2.05 80.2 07.2 123.3 4.35 639.0 00.0 4.51 3 5 02 78 02.503
0
 0.5 85.2 48.0 02.8 58.3 172.5 904 4.04 53.2 930.5 2.00 120.08
98.6 92.5 50.3 202.0 027 0.64 43.2 092.8 0.50 100.99
1 0 3 7 5103 40 00 1 0 02 9 0 2 1 08 9 2 1 0 7 8 002 02 48 6 8 20 17 29 691203 105 8720 050
028 163 5 9 72 8 2 12 90 7 9 02 907 42.0 15 90.6 10 4 9.2 10 82.5 12 0 5 1280 00 0.0 00 9.00 87.2 04.9 023.3 0.35 182.5 97.0 5.11 6 7 12 07 13.026
 8.0 80.1
9 2 1 1 5020 75 17 5 5 12 3 9 5 1 06 9 2 0 8 5 1 917 00 60 0 8 20 12 00 091203 824 9003 056
683 173 5 0 08 8 7 17 80 0 1 84 987 57.4 00 80.0 12 5 9.6 19 00.0 12 3 5 1409 12 4.0 00 0.65 07.0 89.8 120.3 0.30 005.5 84.2 5.20 3 5 09 98 02.906
2
 8.0 09.0 48.2 12.5 09.3 002.7 039 8.98 56.3 002.3 1.13 155.90
98.0 69.5 50.3 172.8 120 3.04 60.2 624.0 0.23 005.97
1 9 0 0 0123 87 10 5 7 13 0 4 0 1 28 6 0 0 6 0 1 910 12 70 2 8 03 17 23 290823 724 0104 052
120 020 5 9 10 0 2 10 80 9 1 06 987 90.4 19 20.0 13 4 9.2 84 00.3 62 0 0 0004 19 4.2 10 0.55 80.0 89.0 923.3 0.35 132.5 87.0 1.21 0 0 02 61 15.000
 8.4 80.2
9 0 5 0 5107 30 30 5 5 12 9 0 7 1 00 8 2 1 0 5 6 912 04 05 9 6 20 02 23 841523 199 0077 506
933 123 0 9 12 8 0 12 85 0 8 86 087 02.0 80 83.4 02 1 9.3 34 02.7 12 8 5 1080 60 4.8 10 0.05 90.0 89.2 143.0 1.00 032.5 47.2 5.86 3 9 08 02 02.900
0
 6.5 69.2 78.0 03.5 00.3 020.5 007 5.34 50.0 530.3 1.00 175.98
09.2 12.0 00.9 182.5 504 5.44 59.6 502.0 1.50 946.90
0 4 3 7 5703 45 12 5 0 12 9 2 5 1 08 9 0 1 2 8 7 022 69 40 0 0 44 10 03 221020 124 8120 558
023 183 6 9 00 0 6 40 05 4 1 02 080 12.4 95 23.4 02 1 9.2 16 90.5 02 8 5 8285 00 9.5 30 3.45 87.1 00.1 728.3 0.57 132.5 87.2 0.24 2 5 12 08 92.922
 5.5 89.2
9 0 3 0 5023 05 93 0 5 16 9 9 0 1 88 0 2 1 4 0 0 972 92 42 0 0 40 52 97 890040 464 0003 060
600 123 5 9 94 0 2 82 60 0 1 02 187 12.3 45 23.9 18 8 9.6 04 17.7 82 9 0 1280 52 4.2 10 2.06 87.0 69.2 129.3 7.69 432.0 02.9 5.23 3 0 00 08 12.006
2
 6.8 69.2 98.2 80.6 04.3 920.0 157 5.04 63.2 532.3 7.09 700.90
98.7 07.5 00.3 609.0 984 5.88 00.0 038.3 0.50 024.051 2 3 4 5700 00 02 7 5 10 9 9 9 9 90 0 0 1 4 9 1 540 17 45 9 8 24 12 29 008070 025 8190 806
023 023 0 9 00 8 0 02 80 0 1 00 987 12.4 15 69.3 19 9 9.2 49 82.5 14 3 0 1380 07 4.1 10 2.64 80.9 89.0 723.3 6.05 105.0 77.7 5.21 0 5 44 98 02.120
2
 9.6 40.3 94.7 58.6 74.3 170.0 124 5.04 00.0 637.3 4.33 005.99
96.2 62.5 94.3 102.5 120 7.77 98.0 538.8 4.57 027.00
1 2 3 4 8102 40 10 5 2 12 9 3 8 1 28 7 2 1 4 0 1 982 02 03 5 8 07 14 29 876220 022 0093 050
123 723 5 9 10 4 2 19 06 2 3 80 990 10.4 15 93.7 02 4 9.0 44 52.5 12 0 5 1858 03 0.0 60 8.05 00.0 89.1 110.3 5.09 832.1 80.2 0.21 3 5 10 64 13.920
 6.0 19.7
1 2 3 5 5906 40 14 5 5 05 0 8 8 0 98 1 2 9 0 0 1 912 28 64 9 8 24 12 03 001303 824 8100 570
123 023 5 9 12 0 2 10 16 9 1 84 088 52.4 88 50.4 17 2 8.2 37 90.0 42 6 5 0401 00 4.0 70 2.00 87.0 08.0 823.3 9.95 194.0 87.8 5.00 3 6 92 90 92.162
0
 8.0 89.1 03.0 40.5 40.3 103.5 000 0.04 50.2 597.9 1.53 104.08
90.0 18.5 94.0 100.6 124 9.34 59.1 592.0 6.53 020.08
4 2 8 0 0123 05 02 0 5 72 0 0 0 1 90 9 9 1 5 7 0 817 19 42 9 8 27 02 74 091220 189 0121 000
023 800 5 0 12 6 2 02 09 0 0 02 077 10.4 00 17.0 06 4 0.6 14 50.0 02 3 8 1602 10 5.0 12 0.40 57.2 09.0 103.3 1.47 832.5 00.2 9.99 3 5 92 98 92.522
 0.5 85.0
0 4 0 0 5408 85 82 5 0 02 9 6 0 1 20 2 2 0 0 0 1 912 07 59 9 8 04 12 09 890020 062 0093 506
148 023 0 9 12 9 2 89 86 0 8 89 087 50.7 10 83.0 12 0 4.2 14 32.0 72 0 5 5201 02 1.7 12 0.40 78.6 86.2 023.3 1.45 002.0 09.2 9.01 0 0 12 90 02.001
2
 8.0 80.2 06.5 06.8 00.0 146.3 104 2.04 53.2 976.3 2.08 825.00
91.2 17.0 54.0 127.5 109 5.34 50.7 004.0 9.53 805.08
0 2 0 4 6168 06 12 6 1 60 0 2 3 0 08 9 4 0 0 5 2 100 02 40 0 7 24 88 03 806240 194 8023 556
723 193 5 0 12 8 9 12 89 0 1 62 906 82.0 30 47.7 00 0 9.2 10 02.5 19 3 5 6769 62 0.5 15 4.05 87.0 89.2 103.0 1.35 100.0 07.2 5.01 3 5 12 68 12.382
 7.5 97.2
6 2 3 4 5123 00 02 5 6 12 0 0 7 7 28 5 0 7 4 5 1 902 82 45 9 7 27 10 24 897863 004 8809 056
120 103 5 9 35 9 6 72 89 3 0 32 987 12.0 15 25.4 32 4 9.2 10 10.0 06 8 5 9005 02 0.5 19 2.05 88.9 98.2 726.0 0.34 202.5 09.8 0.28 3 5 18 99 12.032
2
 8.9 89.8 98.7 82.5 06.3 470.0 120 5.34 00.2 537.5 1.00 275.07
43.2 09.5 53.0 103.0 129 6.77 43.0 032.3 1.07 655.90
9 7 3 4 5163 09 02 5 8 02 0 5 0 8 20 9 2 9 7 0 7 912 07 00 9 0 05 15 25 099005 004 8607 844
123 000 5 0 64 0 8 92 59 0 4 67 987 10.5 38 27.0 18 4 0.2 10 18.0 17 3 5 1289 19 4.5 12 2.45 87.2 09.8 023.0 1.30 879.5 80.2 5.20 3 5 72 08 12.002
 0.3 00.2
0 3 7 8 0693 08 00 5 7 06 0 2 7 1 65 9 5 0 0 4 1 000 12 05 9 8 69 00 59 891220 921 8093 927
129 000 0 5 04 8 2 06 09 0 1 80 981 15.3 17 85.4 04 4 9.2 14 07.5 10 5 0 0249 62 4.5 15 0.45 80.6 89.8 127.3 1.23 132.5 20.2 9.21 3 5 30 98 06.922
0
 0.5 80.8 98.2 02.0 59.3 022.5 920 5.04 50.2 562.3 1.03 125.07
08.0 50.5 06.3 777.5 051 5.90 53.0 557.0 0.50 105.90
1 2 3 4 9003 43 05 5 0 15 9 2 0 0 08 9 6 1 4 4 0 700 12 95 0 8 20 02 00 892500 800 8003 056
523 168 9 9 40 8 0 14 00 0 9 74 987 18.4 16 23.0 18 9 0.2 04 05.0 12 0 6 7280 82 4.0 00 9.49 03.0 80.2 120.3 8.35 532.2 80.2 5.41 3 5 10 25 52.762
2
 8.5 09.0 90.5 12.4 04.8 100.0 004 0.89 53.2 504.5 1.50 725.08
00.6 88.5 95.4 100.5 994 5.37 53.7 632.0 0.00 020.00
1 5 3 7 5103 00 02 5 5 12 9 2 0 0 68 0 5 9 0 0 6 012 00 45 9 8 24 18 93 867023 900 8173 557
120 983 3 1 12 8 2 50 80 7 0 89 000 02.3 67 25.0 10 4 3.2 04 09.8 00 0 0 8080 18 0.7 10 4.47 07.2 58.2 103.0 1.00 539.0 87.4 9.91 3 5 02 00 10.020
 3.0 80.2
8 2 3 4 5623 85 04 5 5 12 9 0 6 0 50 5 5 1 4 5 0 782 00 45 6 8 22 12 23 991480 104 9103 400
106 093 5 9 03 8 0 12 80 0 0 02 987 02.4 75 06.8 10 4 0.2 00 80.5 09 3 5 9080 12 0.0 02 0.08 80.2 80.9 528.3 9.05 842.5 17.2 0.41 0 5 12 50 10.462
2
 8.8 09.0 68.2 52.0 04.3 052.0 124 5.84 90.2 580.3 6.53 485.90
93.0 12.5 50.6 152.5 194 5.30 00.1 687.5 1.56 107.38
3 2 6 9 2029 06 12 5 0 92 9 2 0 1 20 9 6 5 4 5 1 012 90 40 5 8 24 12 06 021283 095 8120 778
220 360 0 8 10 4 2 84 09 7 1 02 607 10.0 11 25.8 18 5 9.2 17 92.5 12 7 0 1089 42 4.5 05 2.48 07.0 69.2 153.8 0.05 035.6 56.0 5.21 0 5 18 38 10.360
 8.0 89.2
1 7 5 4 5093 09 12 5 5 10 3 0 0 0 28 9 4 0 0 5 1 932 45 45 0 0 03 02 03 991893 129 4103 559
124 637 8 5 10 8 0 40 89 6 6 02 980 82.4 19 00.4 10 7 0.2 14 60.0 02 0 0 1980 62 0.5 40 0.46 85.8 39.0 805.8 8.35 000.5 87.2 2.21 0 5 12 97 06.932
0
 8.5 80.2 98.0 02.3 04.3 127.0 984 5.38 73.5 032.6 7.03 095.70
08.2 10.5 06.3 022.5 004 6.04 50.0 232.3 1.58 025.78
1 5 3 4 0123 49 12 5 5 77 9 0 0 0 68 0 0 8 7 0 9 912 10 65 3 8 34 12 03 891067 120 0020 522
403 106 5 8 02 0 2 30 49 0 0 89 987 97.4 07 39.4 00 4 0.2 00 02.0 12 3 2 1705 00 4.0 60 7.47 07.1 89.8 103.3 1.34 800.5 87.0 6.21 3 6 10 98 12.030
 8.2 20.9
0 2 0 4 5623 44 10 5 0 62 0 0 0 2 28 9 3 5 4 5 9 902 02 85 0 8 94 12 05 090224 890 0103 856
023 003 5 9 12 5 6 12 10 0 1 02 987 17.8 15 25.4 12 0 9.2 10 00.0 00 3 5 1079 10 0.5 00 2.49 80.0 86.2 100.0 1.05 032.0 80.2 0.00 0 0 02 98 02.602
2
 8.0 80.2 85.2 12.2 54.3 102.5 920 5.07 92.0 580.9 3.68 520.71
58.2 52.5 94.0 720.5 874 5.39 30.3 602.3 1.23 120.98
6 0 3 8 5120 05 02 5 0 00 9 8 0 4 04 9 0 1 4 0 0 902 07 49 5 9 24 10 70 700201 625 5123 596
723 723 0 0 02 0 2 18 89 0 5 87 932 72.3 95 73.4 42 1 0.1 01 02.2 12 6 5 2202 05 9.5 02 8.49 87.4 85.2 123.3 1.37 486.5 07.0 5.40 3 5 12 58 10.722
 0.5 19.2
1 2 3 8 5100 45 20 0 5 09 9 0 8 7 02 9 0 5 0 8 0 908 42 50 6 8 64 07 23 804256 176 0956 556
123 197 6 9 42 1 0 39 00 0 0 80 008 02.4 80 23.4 00 4 9.2 15 02.5 02 0 5 1699 72 5.5 02 7.00 89.2 84.2 320.0 1.95 837.5 00.2 5.21 3 5 12 98 00.002
2
 0.5 84.0 00.2 62.5 04.3 002.0 006 0.37 33.2 032.0 0.53 085.08
58.2 12.8 54.7 569.0 104 5.05 06.2 799.0 1.53 165.00
9 2 0 7 5100 09 75 0 5 08 9 2 0 3 28 0 9 6 0 5 0 912 16 60 0 4 00 90 69 591223 109 7123 550
305 123 7 9 02 6 8 11 80 1 1 80 087 10.6 00 83.7 10 0 9.2 10 82.5 53 3 5 1289 12 4.0 14 0.45 87.8 89.2 025.3 1.35 100.5 87.0 0.05 3 5 02 98 12.008
1
 8.0 89.2 98.2 06.2 04.3 022.0 824 5.74 53.9 530.0 7.50 507.95
90.2 02.7 00.6 109.4 026 9.30 03.2 932.6 6.53 029.97
0 7 1 9 7723 85 42 5 5 96 9 2 0 1 08 8 0 1 4 5 1 762 02 40 9 8 00 50 77 890583 920 8130 567
183 713 0 0 10 0 2 10 80 0 1 80 087 00.4 07 03.4 76 4 6.2 18 12.7 12 3 7 4007 00 0.0 02 0.70 57.6 86.0 850.0 0.35 130.5 80.2 5.91 9 0 08 99 12.026
 0.9 06.8
1 8 3 0 5120 40 12 0 5 02 9 5 0 5 06 6 9 1 0 0 0 016 16 95 6 5 24 10 20 005203 160 8028 956
126 003 5 9 90 8 0 12 80 8 1 62 807 00.4 15 70.4 02 0 9.6 00 02.5 80 3 5 1040 12 6.4 18 9.49 89.0 79.7 134.0 0.80 100.5 30.4 6.91 6 0 12 00 62.702
2
 8.4 09.2 08.0 00.5 50.3 129.9 144 4.34 02.9 837.2 1.50 115.98
97.2 90.5 34.9 125.0 125 7.34 53.0 532.0 7.06 185.98
1 0 9 8 0523 45 37 5 5 00 0 2 7 0 00 7 0 9 4 5 0 902 10 70 9 0 00 22 03 894620 303 8923 656
027 626 0 0 92 0 0 05 73 7 1 00 070 70.0 17 03.4 19 5 0.2 07 10.5 19 6 5 9280 22 0.5 12 0.00 80.2 40.6 158.0 1.90 132.5 07.8 7.70 3 5 00 90 02.102
 8.5 09.6
2 2 3 4 5123 45 72 0 5 10 9 0 0 4 80 0 6 0 4 8 1 032 06 85 9 8 94 70 23 891033 020 0099 486
093 103 5 0 09 8 2 16 09 0 1 82 967 12.6 00 84.8 51 5 9.0 05 12.0 12 3 0 1980 52 4.5 11 0.40 57.2 78.0 053.3 5.05 130.5 40.9 9.21 3 5 05 58 12.900
2
 3.0 89.2 90.2 05.5 54.3 092.0 827 5.54 03.2 532.3 7.30 525.88
70.2 72.5 54.3 102.8 704 9.31 53.0 802.3 0.57 105.78
1 9 5 0 5004 78 12 7 0 00 1 4 5 5 28 8 2 2 9 0 3 002 02 00 9 7 24 00 60 891223 524 0603 750
120 020 0 9 12 7 0 02 07 6 0 04 480 22.4 11 06.0 12 4 1.2 14 52.5 12 4 3 1289 12 4.0 02 2.40 27.5 80.8 929.0 6.60 102.5 87.0 5.21 0 5 12 98 15.082
 4.5 09.2
1 2 3 0 3103 65 82 0 5 12 4 2 0 0 68 9 5 5 4 0 0 910 72 64 7 8 40 68 03 871003 194 8003 050
129 003 5 0 72 9 2 62 69 8 0 92 058 14.4 75 93.4 13 4 9.8 13 00.0 66 0 4 9800 10 4.5 10 2.45 27.5 09.0 020.3 1.85 990.5 87.0 7.01 3 5 02 90 30.022
2
 8.5 80.7 90.2 05.5 04.3 929.5 800 4.94 53.2 032.0 1.53 025.90
80.2 12.0 54.2 528.6 014 0.81 93.2 722.2 1.06 125.98
6 2 0 4 5280 00 15 5 8 92 9 0 0 6 27 0 5 1 5 5 1 902 16 05 9 8 04 17 03 809223 104 4207 500
100 023 0 0 02 0 9 92 39 7 1 82 657 02.4 09 23.4 72 4 9.0 04 12.5 12 3 7 1029 10 6.4 12 2.15 80.2 00.2 026.0 0.35 134.7 85.0 0.20 6 5 02 08 10.922
 0.1 20.2
6 9 0 0 5126 85 10 7 5 12 9 2 4 0 28 0 0 7 7 0 6 962 12 89 0 8 34 00 03 000203 024 4002 566
198 122 0 9 18 7 0 12 88 7 1 82 980 12.7 55 23.4 02 0 9.2 14 19.5 80 0 9 0009 20 7.0 16 0.44 47.2 09.0 123.0 1.35 082.0 85.0 3.81 3 7 00 88 02.020
7
 4.8 69.3 00.0 08.5 50.3 000.5 024 8.90 58.3 032.3 0.93 190.08
98.9 60.0 54.3 102.7 124 4.34 50.0 016.0 1.59 108.98
4 2 0 5 3203 45 02 7 0 02 0 9 0 0 28 9 5 0 9 5 2 772 15 05 0 0 29 72 09 511249 084 8100 653
223 193 8 9 19 5 0 70 20 9 8 80 537 02.4 10 83.0 12 4 9.0 17 12.0 22 3 8 1089 02 7.5 14 3.90 98.4 79.4 143.9 0.35 072.8 96.2 0.96 4 4 18 50 19.808
2
 8.5 89.6 97.2 12.5 50.3 720.0 184 6.37 58.2 590.2 1.60 105.08
06.2 42.0 33.3 720.7 124 2.34 55.0 932.9 0.50 102.90
1 0 7 4 8003 09 04 5 5 82 6 0 1 4 00 9 2 1 4 5 3 912 10 46 9 0 29 82 76 591243 196 2123 056
023 100 5 9 18 0 2 12 00 0 1 82 980 12.6 10 29.0 10 6 4.2 00 40.5 10 4 0 1289 72 6.5 12 4.05 07.9 89.2 023.3 1.09 142.5 07.2 5.20 5 5 12 08 10.020
 8.8 03.2
7 0 3 0 5023 40 10 5 0 10 9 0 7 6 50 9 8 1 8 5 0 910 68 75 0 8 24 00 34 892023 104 8552 506
106 324 0 6 12 7 2 10 00 3 1 02 987 92.4 00 03.0 77 5 0.7 34 10.8 10 3 5 1289 12 4.0 50 2.49 84.2 09.2 123.0 0.35 002.9 07.5 3.21 0 0 80 66 10.022
2
 8.5 02.2 98.6 12.6 27.3 020.0 706 5.64 97.4 030.3 1.53 605.99
98.2 62.8 54.0 172.0 020 9.84 59.4 062.0 1.50 820.45
9 0 3 4 5780 00 22 5 5 69 8 2 8 0 28 9 2 1 6 2 0 900 17 65 1 6 94 12 23 890007 626 0023 006
023 027 9 8 10 0 2 17 80 5 7 09 026 02.4 15 23.4 42 8 6.0 04 92.5 10 5 5 1983 50 4.8 30 2.00 80.9 85.0 020.3 4.51 109.5 08.0 5.21 3 5 12 98 42.902
 0.0 00.4
8 2 3 4 5023 40 82 5 5 12 0 7 0 6 20 0 0 0 4 0 1 958 10 09 0 8 24 88 23 806723 924 8103 687
124 103 5 0 12 0 0 06 86 0 1 55 907 02.0 15 23.9 00 4 9.2 10 10.5 14 3 5 1281 42 4.5 58 0.50 87.2 89.2 960.0 1.30 107.5 80.0 5.21 3 5 38 88 12.402
2
 8.0 80.2 98.2 12.5 54.3 106.5 194 0.08 33.2 002.3 1.53 125.08
97.2 48.5 05.3 122.5 106 5.00 53.9 399.3 0.00 125.00
0 2 3 0 5009 45 80 0 5 05 9 2 4 1 00 9 6 0 4 0 1 612 12 05 9 0 04 02 94 823283 120 8183 906
149 100 0 0 12 8 2 05 89 0 1 00 004 90.4 17 28.4 12 9 0.2 17 34.0 12 9 0 0289 02 4.0 63 0.05 68.0 69.0 029.5 8.85 632.8 86.0 0.24 3 6 12 90 92.002
 8.6 10.2
1 9 3 0 0003 85 12 0 5 12 9 2 6 0 27 0 0 1 0 5 0 310 12 85 9 8 09 10 73 002650 122 8103 050
190 020 5 9 47 8 3 19 63 0 1 70 085 86.0 15 73.0 12 4 9.2 14 02.1 12 3 0 0270 59 4.2 02 2.04 95.7 81.0 310.0 1.34 100.0 06.2 5.62 7 5 30 98 30.680
2
 5.2 59.9 90.7 42.5 52.0 106.0 120 0.34 59.2 597.3 1.53 005.97
95.0 02.0 54.4 829.5 804 4.34 59.0 032.3 0.93 120.00
8 8 0 9 6926 00 46 9 5 22 9 0 0 1 08 5 2 1 4 0 0 402 02 04 9 8 04 70 00 871283 424 8748 506
067 000 5 9 96 7 8 00 87 7 3 89 040 48.0 70 03.4 19 0 9.2 13 12.0 10 3 7 8292 02 4.0 12 2.40 80.2 09.0 663.0 1.35 102.5 07.2 5.01 3 5 12 98 12.730
 0.5 00.0
8 0 6 6 7323 00 19 6 0 10 9 7 0 1 28 3 2 0 4 5 0 940 18 57 9 8 29 12 43 890026 105 0123 550
523 138 5 0 12 6 2 15 80 0 6 07 980 12.4 00 03.0 70 9 9.0 10 10.5 32 8 5 0087 12 4.0 09 2.08 87.2 80.2 063.3 0.37 061.5 80.0 5.00 0 0 12 90 02.420
9
 4.7 99.2 08.0 93.7 64.0 520.0 929 5.54 63.2 405.0 1.53 125.96
88.0 40.0 04.0 906.5 025 5.34 53.2 030.0 1.06 635.77
0 0 6 4 0123 03 10 5 0 02 9 0 0 9 00 0 2 1 0 5 0 002 12 46 0 0 29 15 53 047503 027 8403 096
723 103 5 0 80 2 2 12 89 0 3 02 987 09.4 25 20.8 10 9 7.7 94 13.0 55 0 0 1050 60 6.5 08 2.56 57.5 89.0 020.0 1.80 019.0 97.2 0.21 3 0 80 03 86.000
0
 8.8 89.2 90.0 72.5 08.3 002.9 104 0.00 53.2 536.3 1.53 120.88
38.2 02.8 04.8 020.5 124 5.04 50.2 536.0 1.08 106.98
0 0 0 1 5103 40 62 5 6 18 9 2 3 6 28 9 0 0 4 0 1 970 12 04 0 0 04 80 23 490020 104 0153 857
826 903 5 5 00 8 0 12 00 0 1 80 907 00.3 15 23.4 60 4 0.5 87 08.5 18 9 0 1949 07 0.5 19 2.60 07.2 81.2 226.0 1.35 130.0 88.2 5.20 8 0 18 98 00.028
 8.5 79.7
3 2 3 8 0032 92 66 0 5 80 9 9 0 0 96 9 2 1 0 8 2 913 12 05 5 0 24 12 26 891207 104 5123 555
193 123 5 9 12 0 1 74 09 4 7 92 987 10.4 03 20.4 02 9 9.0 60 12.0 29 3 5 0149 12 4.0 12 9.55 87.2 10.2 103.0 5.79 108.4 80.2 5.08 3 4 12 68 92.000
0
 7.5 99.2 90.6 13.4 14.3 102.5 400 6.00 03.0 000.3 0.58 165.50
98.2 72.5 54.7 122.5 020 0.30 03.2 002.1 0.63 984.60
1 8 7 4 9123 45 02 8 5 02 0 2 0 1 28 0 6 5 8 2 0 702 15 45 9 7 00 52 20 826028 124 8220 056
743 173 1 0 02 7 0 00 05 1 0 50 998 17.5 15 50.5 12 3 9.2 18 10.7 09 4 5 9919 63 0.0 05 2.90 07.0 09.2 120.8 1.89 604.5 07.8 9.00 3 5 52 08 58.022
 8.5 09.6
1 2 3 9 5403 45 10 5 5 90 8 2 8 6 38 0 0 9 4 7 1 919 52 05 9 2 04 03 59 867227 120 0138 556
168 123 5 0 12 8 2 02 50 8 0 86 904 78.4 18 23.0 12 2 8.2 04 19.0 10 0 6 2289 02 4.6 12 2.46 97.0 80.2 120.0 1.33 936.5 87.4 5.20 0 6 20 88 10.502
2
 6.5 80.0 08.2 00.5 54.3 100.5 074 5.04 50.7 532.3 0.84 158.98
09.5 02.0 44.7 021.3 826 4.34 70.0 582.5 0.53 020.08
1 0 0 4 9923 00 12 5 5 15 9 7 6 1 24 9 0 3 4 6 1 000 42 03 9 8 29 19 70 790004 124 9020 506
063 903 5 9 12 8 3 10 89 8 9 00 967 09.4 15 73.4 25 4 9.2 10 13.5 10 3 8 1009 10 9.0 82 2.95 89.2 82.2 128.0 3.35 090.0 87.0 9.20 9 0 12 00 02.020
 0.5 59.2
0 0 7 0 3103 45 19 0 0 10 9 2 8 1 60 9 2 1 4 5 5 912 12 85 6 1 04 42 23 897907 120 8123 300
120 120 0 0 98 8 0 12 89 0 1 82 786 19.4 05 23.4 62 0 9.1 80 10.3 35 3 5 1089 12 6.5 10 0.40 77.2 89.2 053.3 0.37 030.5 07.2 0.91 3 2 82 89 93.826
6
 0.0 09.0 97.2 12.5 04.9 900.2 038 5.09 00.6 804.0 1.03 128.99
98.2 08.0 76.6 022.2 124 0.04 80.0 004.3 1.50 805.98
0 2 3 4 8380 35 12 5 5 52 9 0 0 1 28 0 2 5 4 5 1 962 00 43 7 0 21 02 90 000450 624 6108 356
507 153 0 0 76 3 1 42 89 8 1 02 985 54.4 10 20.0 02 4 9.8 04 12.9 99 0 0 1693 50 4.5 16 2.45 00.2 09.2 178.9 1.39 182.5 80.2 5.91 3 5 12 98 12.602
 8.4 88.2
1 9 0 0 5020 09 09 5 0 72 0 0 7 1 29 9 2 0 4 0 8 915 93 45 9 8 24 02 00 891023 024 8040 000
906 123 8 0 92 0 2 39 89 3 0 66 909 04.8 05 03.4 12 4 9.5 05 08.5 18 3 0 0889 12 4.5 12 0.45 57.8 89.8 063.3 8.05 152.5 80.5 5.08 3 5 10 98 12.792
0
 0.5 80.9 47.2 02.9 54.5 122.8 674 8.64 53.0 532.0 1.67 090.38
77.2 10.5 54.6 122.0 008 5.70 50.2 092.3 0.06 128.70
1 7 9 4 5123 77 48 0 6 18 4 2 9 1 08 9 8 1 4 0 0 902 39 40 8 8 04 02 23 096323 520 8095 506
029 023 0 0 12 8 4 10 80 0 0 88 907 10.4 07 23.0 00 4 9.2 74 19.5 13 5 7 1280 02 0.5 12 2.49 80.2 68.2 308.3 0.00 030.0 04.0 7.80 0 0 07 90 00.502
7
 0.5 00.0 99.2 19.7 00.0 124.0 880 5.04 53.3 932.2 6.50 020.98
29.0 90.4 06.7 195.0 022 0.34 54.4 000.3 0.03 955.98
0 0 3 4 0723 85 92 7 4 90 9 2 8 1 00 9 7 1 4 5 1 900 08 05 9 0 20 02 73 091203 124 8880 506
023 170 8 9 02 8 2 12 80 0 1 99 687 17.0 75 23.7 72 4 0.8 12 12.0 10 3 4 1959 65 4.6 82 9.45 87.8 09.2 023.0 9.05 132.5 07.2 0.20 3 5 12 90 12.600
 8.5 06.0
6 2 0 4 6093 40 90 0 0 55 9 2 0 6 28 9 6 0 0 0 0 912 17 39 9 8 04 52 50 090030 996 6178 556
676 003 0 9 02 5 9 12 85 0 1 82 307 12.5 15 83.4 62 4 8.0 88 60.9 06 8 5 1759 15 0.5 00 2.45 83.4 59.2 123.0 1.75 108.5 06.2 8.21 0 6 82 79 12.722
2
 8.7 09.2 98.2 10.3 48.3 122.0 147 5.38 50.2 742.8 1.80 100.98
08.2 02.5 04.3 187.5 164 0.06 54.6 504.0 1.03 970.90
1 2 3 4 3193 45 02 5 5 10 0 2 0 1 28 0 0 1 0 2 6 010 12 45 7 8 24 80 23 690000 023 8709 576
010 100 4 0 50 0 0 60 80 6 0 80 980 02.6 15 00.0 15 4 9.2 08 12.2 12 3 0 1209 10 4.5 12 7.40 07.2 57.0 983.3 1.58 002.5 07.7 5.21 3 5 12 86 12.026
 7.5 09.5
0 2 9 8 5100 05 09 5 8 00 9 6 0 1 02 9 0 1 9 5 0 907 02 45 0 8 24 00 03 006073 129 8129 506
620 123 5 9 20 8 4 10 99 0 4 19 080 56.5 96 83.0 00 4 0.2 16 18.5 09 3 8 1286 07 0.5 18 2.05 87.2 89.2 073.0 8.30 130.8 00.0 5.20 8 8 06 98 18.622
2
 6.1 09.0 98.0 10.3 70.6 092.0 014 0.80 57.2 532.3 1.53 925.06
90.2 82.0 54.0 127.5 160 0.38 59.2 502.3 0.50 009.08
0 0 0 4 5803 40 11 5 9 00 9 7 1 1 29 9 0 3 4 5 8 002 02 45 4 8 20 12 70 700021 024 6163 575
193 100 5 8 12 4 7 50 30 6 9 02 987 12.9 05 03.4 12 0 9.2 50 02.5 12 3 5 7089 15 4.0 02 4.45 00.3 99.8 423.0 1.00 400.7 86.2 5.40 8 5 70 68 52.622
 0.0 60.2
0 0 0 0 5003 05 10 8 5 10 4 7 0 1 00 9 8 1 4 3 0 915 70 40 2 6 04 17 23 890723 624 9120 556
120 323 5 9 12 6 5 62 80 0 0 42 888 12.0 15 58.4 42 0 0.2 00 06.5 70 3 5 3284 19 4.9 52 0.45 09.0 30.0 093.3 0.35 932.5 09.2 0.00 3 0 23 08 00.084
2
 8.5 69.0 98.7 92.5 00.3 090.5 129 6.37 53.2 586.7 0.03 114.90
98.2 02.5 64.8 020.0 120 2.90 03.2 568.2 8.03 602.58
1 0 0 9 0133 60 92 0 5 72 0 9 0 1 28 9 2 0 0 5 2 962 18 45 9 8 99 60 23 275026 109 8120 586
090 433 5 6 10 0 2 17 05 4 0 82 000 50.4 05 23.4 02 4 9.7 10 92.8 12 6 5 1099 16 0.8 80 2.00 83.2 59.2 091.3 1.07 102.0 07.2 5.91 3 5 00 05 10.302
 2.9 24.2
1 2 3 0 8000 45 02 7 9 73 0 2 0 8 94 4 2 1 0 5 6 942 12 00 3 3 24 12 69 895563 199 0124 506
693 605 5 0 10 8 2 12 89 0 1 60 997 00.4 15 20.4 10 7 0.2 64 52.5 18 3 5 1389 72 4.5 10 0.00 84.6 89.2 763.5 1.35 000.8 57.0 0.21 7 6 12 98 08.423
0
 0.0 00.0 91.2 12.5 94.3 004.5 014 0.30 03.9 532.3 2.73 018.07
63.0 10.0 04.5 148.6 054 3.34 70.0 561.3 1.08 020.90
1 7 3 4 4023 45 97 5 6 10 6 6 0 1 28 8 9 0 8 0 1 010 02 90 0 8 24 42 30 502268 198 6101 556
109 000 8 9 02 8 2 02 00 0 1 70 907 66.0 10 23.0 14 6 9.7 00 12.6 10 3 5 5089 02 0.5 00 0.05 07.0 09.8 178.6 1.40 034.0 07.0 5.21 5 5 18 91 92.920
2
 8.5 89.0 98.0 80.0 50.0 382.0 320 5.30 55.0 592.3 1.52 124.08
98.6 06.5 00.3 222.0 120 5.34 50.0 032.9 1.78 720.08
1 2 0 7 7325 99 12 0 5 12 2 7 9 1 28 7 0 1 4 0 8 012 10 45 9 0 54 12 23 800227 109 0160 826
123 123 9 9 72 8 2 12 98 0 0 17 907 02.4 66 93.8 10 4 5.0 60 12.6 00 3 0 1203 17 0.5 70 0.00 67.0 69.0 122.8 1.80 552.5 80.9 5.08 5 9 90 97 12.728
 8.5 89.2
1 0 5 0 0023 58 12 5 0 10 9 0 0 1 28 9 2 4 6 6 0 902 10 45 0 0 04 02 04 840523 104 8027 070
103 123 5 9 77 0 2 06 89 0 1 23 950 12.0 05 80.4 62 4 9.5 01 12.0 12 3 5 0280 09 2.0 50 2.67 77.2 89.2 100.0 9.36 352.5 77.6 0.70 3 5 02 98 12.499
5
 8.5 89.2 08.0 12.0 54.0 128.5 124 0.34 03.9 592.7 1.53 827.05
98.2 62.6 99.0 120.5 005 7.04 50.7 532.3 3.53 135.59
1 9 3 4 2123 98 10 0 5 00 9 2 9 1 30 5 0 0 4 6 1 909 19 45 3 8 00 12 03 064020 074 9193 056
127 419 0 0 52 8 0 12 35 6 0 02 937 00.4 10 24.4 02 4 7.2 16 16.5 10 3 5 0380 05 0.5 32 0.05 87.0 80.5 123.6 1.00 030.5 07.0 5.20 3 5 52 23 12.592
 6.2 09.5
0 2 0 5 5007 40 77 5 4 05 9 0 5 5 08 0 2 1 6 5 0 705 00 03 9 7 68 04 50 828350 108 0193 506
193 183 5 9 19 8 9 11 89 0 1 02 908 02.4 65 03.4 12 6 7.2 88 05.5 10 3 5 7000 10 0.5 13 2.75 80.2 99.0 853.3 1.35 132.3 17.9 0.01 3 5 53 95 90.090
2
 5.0 89.0 08.0 60.0 50.3 122.5 000 5.30 03.6 832.8 0.08 125.78
98.7 13.0 55.7 021.5 154 5.05 56.2 807.3 0.56 085.08
1 5 0 4 5420 45 02 5 5 82 0 0 6 8 76 5 3 1 0 3 0 912 92 65 9 8 20 19 20 398063 207 2083 056
060 128 2 9 12 8 2 15 89 7 7 38 687 12.0 03 23.4 15 8 9.0 82 00.9 12 0 5 0680 02 4.0 12 2.05 07.0 89.2 930.0 5.85 335.0 62.2 5.27 3 0 13 28 05.410
 9.0 89.0
1 2 3 4 5103 40 12 5 5 02 8 2 0 6 38 9 9 1 7 5 9 402 72 85 9 8 05 30 03 301266 024 3823 056
023 364 8 9 12 5 7 10 59 1 7 72 970 62.7 85 23.6 52 2 9.0 10 02.5 12 4 3 1388 02 0.0 12 0.88 80.2 88.3 104.0 1.65 132.5 90.2 5.21 3 5 07 90 10.829
0
 8.5 89.2 38.0 12.6 64.3 014.5 194 5.10 90.2 097.3 1.10 120.08
99.0 12.5 50.9 112.5 124 0.94 50.7 732.6 7.50 110.00
1 5 3 7 5153 05 10 7 5 48 9 9 0 0 95 9 2 1 4 5 1 902 10 49 5 3 04 10 20 891210 128 0190 553
003 029 5 9 92 8 4 12 99 0 1 82 387 90.4 15 23.4 60 4 9.0 10 82.5 12 0 7 7889 03 0.5 12 2.45 07.4 80.0 525.0 1.05 020.0 86.5 5.80 5 5 09 08 12.926
 0.0 89.2
1 0 3 7 5120 08 02 0 8 12 8 2 8 3 48 9 3 0 0 0 1 912 10 48 9 8 26 32 07 991253 028 8123 516
923 102 8 9 92 8 9 72 70 7 1 80 907 10.9 13 53.7 12 4 0.2 79 11.3 16 3 5 2265 38 4.5 10 2.49 87.2 00.0 103.9 1.38 432.5 07.0 9.21 3 4 12 80 13.027
2
 0.9 89.2 88.2 10.0 50.0 002.5 179 2.01 53.2 092.0 0.83 400.50
08.2 12.5 57.2 126.0 023 5.38 03.2 032.3 8.93 135.90
