5 8 3 4 6108 22 19 4 7 17 5 2 8 1 29 9 2 0 4 5 8 512 48 45 9 5 94 18 28 899263 024 9929 590 
722 303 5 3 83 0 9 60 59 9 1 82 984 1938 09 2774 16 8 012 18 1235 00 3 5 8239 72 865 52 5147 9712 8944
19719 1137 93239 7006 5481 4 5 90 01 28972 819 5012 0232 6215 5513 15215 160 6136 5319 33213 1353 125173
1 0 3 4 8523 48 50 5 5 86 0 4 9 3 28 0 0 0 2 5 1 717 17 45 7 8 28 52 93 411222 104 8478 592
64 920 5 6 12 3 2 06 86 5 6 80 185 1704 97 5314 00 7 925 24 1405 15 3 8 1289 19 415 02 2665 8717 8090
52110 1533 13277 5380 5124 3 5 92 98 12850 315 8092 9807 6219 6983 82215 176 8134 9152 73769 1006 721190
1 5 0 8 5050 48 90 6 6 12 9 2 5 0 27 9 2 1 0 0 9 605 12 45 9 8 54 17 93 880023 120 7180 580
679 601 5 9 78 5 0 10 91 6 4 89 097 0955 81 2355 92 4 509 15 3415 78 3 5 1989 12 418 02 2150 4779 7018
17913 1135 13215 8619 5801 6 7 80 67 02171 015 0918 7612 1210 5800 16015 124 5284 8015 89013 1153 106195
0 2 3 4 5727 88 02 5 5 12 9 0 8 1 28 1 8 1 7 6 0 686 19 60 0 4 24 12 83 858223 804 0723 953
168 133 1 9 77 8 2 12 09 6 1 89 947 0214 86 2103 03 8 709 14 6613 80 0 6 9439 02 111 92 9195 8718 6045
42363 9437 13182 8590 8929 5 7 18 08 66868 615 6302 9860 2517 5400 17017 124 5181 5005 97013 1703 125195
1 9 0 4 4903 40 19 9 1 12 5 2 0 1 28 9 2 0 4 5 0 618 52 15 9 8 24 12 23 091225 124 8129 550
927 103 5 0 22 8 2 12 89 5 1 40 096 1214 00 2304 52 9 972 19 0215 12 6 6 1977 10 079 14 6145 8711 8062
95313 0835 74293 8716 5921 3 5 13 98 69668 095 8912 9302 9210 5063 99538 620 5134 6302 73713 6993 975077
8 2 3 0 0177 45 77 5 0 82 9 2 0 8 56 9 6 9 2 0 1 902 12 46 9 0 34 92 21 280226 824 5128 837
120 135 5 4 79 8 2 12 87 0 9 78 967 8240 19 2614 55 6 015 14 8910 18 8 5 8286 90 877 12 2946 8702 8062
12319 0109 76245 8718 5191 5 5 22 86 53438 715 8884 9662 8015 6967 12215 144 6189 7382 79017 9561 029899
4 6 0 5 5193 05 08 8 5 12 8 2 9 0 38 8 2 7 3 5 1 112 82 85 9 6 20 12 23 899223 124 8024 056
053 563 5 0 17 4 2 12 39 9 1 82 688 1211 76 2416 19 4 062 44 6213 39 3 8 5004 17 465 12 2146 8713 0910
16200 1550 07015 8007 5623 7 3 12 48 09090 815 9992 9378 1215 3035 12615 186 5104 5381 74967 4193 975999
1 6 5 4 0153 46 14 1 0 10 6 7 7 1 81 8 9 1 4 7 6 099 86 40 8 2 74 07 28 800486 057 8620 556
179 183 5 9 02 6 5 02 89 0 9 87 987 1214 16 2014 52 4 790 97 1584 14 0 5 0009 12 015 12 7000 8033 8112
12210 1105 83245 8569 5449 3 5 13 98 71186 813 0999 9807 0275 3743 17211 628 5064 5397 83706 5150 169198
1 2 6 4 5023 75 10 5 5 12 9 2 0 1 00 1 0 5 4 4 1 572 12 45 9 8 20 87 03 891620 100 7823 667
154 130 9 6 00 4 2 72 89 9 1 92 087 0210 77 2113 92 4 410 14 1985 97 3 5 3599 13 985 32 2905 9906 8902
06303 1935 13914 3719 5164 8 9 12 48 99078 816 2078 8519 1265 8454 12601 909 5534 5812 43208 1773 148968
1 4 3 4 5108 45 52 8 5 10 6 8 2 3 24 9 8 5 4 5 0 792 12 05 6 0 24 12 24 791225 108 0028 658
001 120 0 7 16 8 2 19 89 9 1 62 490 7274 05 2314 90 8 900 14 9275 12 3 5 1489 09 475 13 2188 8782 7982
09334 4539 13295 3995 7121 3 4 96 97 69162 276 5512 5010 7215 1233 96426 124 5134 4702 56307 8459 520988
1 6 3 4 5127 60 12 5 5 10 5 0 9 0 26 0 2 1 4 5 8 012 52 45 6 8 24 12 53 897683 929 8323 006
823 128 5 5 18 075350
1 9 3 0 5127 45 18 6 0 50 4 2 3 1 20 9 2 1 0 7 1 912 12 46 3 2 04 13 74 894203 173 8103 056
129 529 5 9 14 4 3 18 80 9 1 80 867 1213 15 9896 66 4 972 10 1905 92 6 5 1750 15 015 12 0145 8712 8114
12012 9177 03998 5315 8823 6 5 12 98 12182 315 8972 0889 1076 5919 19215 143 5134 5366 33303 9109 925188
1 5 0 8 6123 36 37 5 2 15 1 0 0 1 93 3 2 1 6 6 1 802 12 06 8 1 62 69 08 879590 194 7182 558
127 123 5 9 10 9 7 55 89 3 1 82 884 9814 84 4314 32 1 955 54 7238 19 3 7 1089 12 485 12 9305 6719 9702
12773 1135 03280 0712 5121 3 0 59 25 17652 815 8902 9817 3455 3462 12377 103 9934 0672 56299 1313 125198
8 3 7 4 0273 05 04 5 8 12 0 7 0 1 28 6 3 8 9 0 2 716 72 33 9 0 09 92 47 860789 156 9128 050
123 087 5 5 80 5 5 12 19 3 6 99 233 0214 15 2374 10 4 912 64 4290 10 3 0 1286 32 015 18 2195 8912 8902
10055 1132 17275 8612 5100 3 0 82 99 12100 041 0612 5869 1640 5433 32215 888 5146 5912 83509 1053 026771
1 0 3 4 5127 55 19 7 5 90 4 0 3 1 78 0 8 3 0 5 0 000 12 80 8 8 84 90 66 871423 124 8573 596
623 439 5 6 32 9 7 62 83 0 1 85 687 8811 53 2074 12 4 910 94 1714 42 8 5 7980 00 485 17 6948 8762 9932
12359 1935 63295 4692 8121 3 6 96 98 12199 819 0009 7744 1815 5403 29216 180 7179 6012 59213 7109 195398
8 2 6 6 5063 88 63 8 4 06 9 0 8 8 68 9 2 4 4 5 1 412 15 45 9 0 26 15 93 796221 024 3143 653
120 728 0 9 62 3 8 92 84 8 0 03 987 3202 05 0010 12 4 572 15 8215 17 3 7 5289 42 165 12 7345 8415 8842
12390 1995 87209 6700 5153 3 5 18 74 62162 809 8917 9483 0215 5263 19532 104 9134 5612 53213 1153 725258
1 2 3 4 5103 78 02 9 5 10 9 0 7 7 23 9 3 9 0 3 8 812 19 97 9 6 20 16 46 571523 024 9820 975
199 126 5 9 12 6 2 06 89 1 2 82 987 9218 90 2994 92 0 812 13 0214 59 3 5 1999 12 425 08 2145 5743 0142
02313 1135 83295 8012 8051 8 7 42 08 12180 815 8012 9879 1103 3013 15215 094 5138 5608 56546 0050 909538

49344 1105 16315 9785 5621 4 5 13 98 08792 615 8812 7812 8215 0454 12015 739 7155 5332 13244 9473 405198
5 1 9 1 5120 24 13 5 5 02 7 2 8 1 27 9 2 9 4 5 1 910 79 47 9 8 04 84 46 895223 198 3883 555
473 184 2 6 12 8 5 92 41 6 1 82 357 6819 15 2710 46 8 280 94 1915 12 3 0 1980 25 410 17 6895 5712 8910
12310 9135 13218 6592 8920 3 6 52 72 88192 515 8914 8412 1815 0418 16396 177 9055 5718 03343 7033 305596
1 6 3 4 5109 69 34 9 5 19 9 2 0 0 88 9 6 3 8 5 0 992 12 38 2 8 04 70 23 957826 128 8923 506
00 123 2 9 12 6 7 10 09 0 0 05 969 1214 75 2789 46 3 510 10 1211 12 0 7 6089 02 084 16 4105 5216 7952
19823 1796 66215 2812 5970 8 5 92 90 46152 855 8905 9808 1999 5015 90295 007 5134 7312 04789 1356 425198
1 2 9 4 5453 45 12 5 5 11 0 2 4 1 88 8 2 0 4 9 1 912 10 49 9 0 24 95 83 083297 128 0120 859
125 123 5 9 85 3 2 12 89 3 8 82 855 1213 50 4408 45 6 130 00 1708 12 3 0 1089 15 855 52 8155 8718 8892
75382 6091 18012 0612 4091 8 4 12 08 10178 015 8962 0410 1916 0375 12265 104 5070 5308 53293 7460 225098
0 2 3 6 5087 92 80 5 0 02 9 2 4 1 59 8 6 1 4 5 0 912 89 45 9 4 04 48 94 894223 120 8163 739
938 157 5 9 02 9 0 02 02 8 1 83 387 6217 18 8376 12 0 961 90 5905 12 0 5 1947 18 455 47 2805 8792 8012
02397 9975 13275 8562 5457 3 5 12 97 12152 875 0912 6812 1890 5873 95587 167 3134 0319 07500 1150 025125
1 2 8 4 0703 42 12 8 7 18 2 2 7 0 28 9 4 7 0 5 1 712 82 45 9 8 44 12 40 806253 122 8128 856
163 143 5 9 17 8 5 12 29 0 0 82 867 1204 05 2319 22 0 970 64 7710 12 3 1 1270 12 815 50 0199 5707 8983
06308 1138 13246 0713 5506 9 4 02 09 02287 005 8678 8622 0212 5419 46869 189 4132 0879 16395 7603 307890
1 2 0 0 3109 45 99 5 6 72 9 2 0 1 24 9 4 1 4 9 8 919 12 49 0 6 21 01 03 471299 627 7193 954
120 416 7 6 12 8 8 95 86 0 5 02 977 9264 05 4316 29 7 997 19 1210 62 0 0 1299 10 195 12 8147 9712 8802
12318 1453 00735 3815 6928 8 0 10 54 10156 510 8019 9217 6214 7400 92018 624 2039 5312 50415 0953 185096
1 7 5 0 7803 46 17 5 4 17 9 0 9 1 28 6 3 1 4 5 8 912 72 47 9 8 94 12 23 823203 604 9898 555
123 104 6 9 12 4 2 12 89 0 6 02 587 1214 75 0319 82 0 710 34 1915 15 3 9 1659 89 837 45 0141 5722 0202
92017 1138 13265 7015 3808 3 4 02 54 19862 819 8412 9902 1915 5413 12719 808 2804 5017 83613 0183 125190
1 2 3 4 8173 05 42 5 5 34 9 0 0 9 27 9 3 1 4 2 5 819 10 45 9 5 96 15 63 071427 144 2927 555
321 703 3 6 02 7 0 12 89 9 3 83 717 9097 18 6734 84 4 692 44 1947 10 1 5 1280 00 256 12 2145 8702 7912
45377 1039 12701 8719 5690 9 5 67 95 02690 819 8760 7082 1002 0769 32325 934 1724 5302 73295 0280 428108
4 2 8 4 3153 45 79 9 0 13 9 0 0 0 09 4 2 6 4 5 8 976 78 97 9 5 24 16 29 992223 154 8333 526
103 613 5 9 53 8 5 12 09 0 4 02 087 7094 79 7515 12 5 960 14 7225 52 0 5 1289 02 432 02 3029 8730 0919
62310 1836 76289 8942 0921 6 5 10 90 19167 410 5912 9085 1010 5089 92910 124 4439 4760 58070 1159 185098
1 2 8 4 7143 45 68 5 5 00 9 5 7 7 29 7 2 1 8 8 1 912 02 05 5 5 94 14 20 901683 027 8787 358
175 180 5 9 12 8 2 32 69 4 1 80 097 1284 15 2390 52 4 432 90 6815 02 0 5 7236 49 415 17 2045 0017 8982
82369 8135 83210 7712 5029 8 5 42 36 11192 800 8592 9866 1914 3413 60298 929 5134 5332 97253 1988 128198
1 2 3 4 4677 49 91 8 4 10 8 4 5 6 28 7 6 1 6 5 7 998 26 25 9 8 65 14 83 985893 124 1100 806
107 976 5 9 02 8 2 62 09 7 1 88 489 4284 15 6514 10 0 917 18 1518 02 9 0 0089 52 490 62 2755 0028 1972
5 9 3 0 5153 75 18 3 5 16 5 2 8 0 26 5 2 1 4 9 3 914 02 15 9 4 20 12 23 791223 924 9073 596
129 420 8 6 43 8 2 12 59 2 1 82 784 0578 04 0318 22 4 975 00 0115 98 5 0 1290 72 488 10 8605 8709 8912
08310 1139 73206 0718 6151 3 5 12 49 12164 035 8915 5519 0210 3414 02210 020 5134 5382 26513 1150 745699
8 5 3 6 5943 33 12 5 5 42 9 2 8 1 23 9 8 5 4 6 3 818 58 40 9 8 94 12 23 998220 128 3671 766
58 922 5 9 92 8 2 70 89 0 5 86 682 1234 95 4009 10 4 671 14 7545 19 4 2 1215 79 896 17 2195 8348 8912
17313 1030 23038 8710 5321 0 0 12 90 08000 608 8912 0812 4275 0913 10625 176 5184 5715 53219 1059 175130
3 6 3 4 5138 40 02 8 6 19 4 9 9 6 68 1 2 8 0 9 1 007 92 56 0 6 84 88 75 851264 404 9120 406
123 838 5 2 18 6 0 13 89 0 1 82 587 5513 05 2024 12 8 965 04 2206 12 3 4 5280 12 605 82 0695 7784 9049
07314 1038 02915 4790 5421 3 0 02 18 12032 460 9923 9892 1215 5416 82215 980 5590 5359 53716 3190 220998
1 0 9 8 5153 50 02 3 7 21 0 8 5 5 28 9 0 6 7 4 1 915 12 49 2 9 37 02 53 466228 630 8328 866
309 700 5 9 92 8 9 15 40 9 9 85 927 1290 16 2509 12 8 969 62 3255 12 3 5 1089 16 715 12 2185 6712 8316
92013 1835 13665 8712 5637 0 3 00 67 16002 813 2048 0873 1955 5443 16285 117 5334 7316 53006 2150 808898
1 2 6 4 0129 45 16 7 6 12 0 9 2 9 58 7 8 6 5 9 8 912 80 05 0 0 26 02 27 091467 164 9027 556
080 390 9 9 72 8 6 12 89 6 2 52 902 4414 16 2364 00 0 616 68 0766 22 1 5 1069 62 615 11 3242 8512 7342
00313 1187 15215 8778 5149 9 0 82 77 12102 887 6909 9712 1215 8436 97217 174 3147 9372 78712 0179 675878
5 7 4 3 5120 95 12 8 5 18 9 2 0 4 28 8 2 6 4 7 8 914 62 85 9 5 86 12 29 808304 970 8623 486
773 129 8 9 29 8 0 19 87 9 8 52 087 1708 10 2010 70 9 932 14 7280 62 8 0 1685 19 915 80 5146 4662 8912
12389 6035 03710 8712 4129 7 8 12 57 16090 275 0912 5502 1615 5413 18215 024 4834 5312 36213 1733 185190
4 5 3 4 0116 45 10 5 7 12 6 2 4 1 25 7 2 0 4 0 4 918 10 55 3 0 89 49 23 537123 724 8403 557
123 035 5 9 92 8 2 12 79 5 7 82 968 1187 18 2317 17 9 617 14 1295 10 9 5 1283 85 619 16 2145 1712 8412
12313 6636 13912 8692 9121 3 5 73 90 90098 015 4812 9802 9319 5313 70015 168 4109 2617 43053 1634 845199
9 6 0 0 8197 40 12 2 0 90 8 2 0 1 68 3 2 0 4 5 0 902 16 47 9 6 89 18 23 689069 126 8143 533
083 527 0 7 82 0 2 22 08 0 0 82 968 7214 05 2304 40 4 992 14 4898 52 3 5 1249 77 412 12 7145 8912 8800
12813 1185 16259 8472 5991 0 1 13 78 10192 115 8016 8812 4915 0823 12919 724 5833 5809 63014 1099 189980
9 7 2 4 9829 45 20 3 9 72 7 9 0 6 58 9 2 1 6 5 7 912 75 40 9 8 24 10 23 996093 124 8189 576
127 123 0 9 12 8 2 13 48 9 7 88 447 7914 17 2594 18 5 640 48 9815 15 7 0 4980 58 418 22 9995 7712 8895
12008 1134 53605 0767 9161 5 0 00 01 42160 984 8918 9812 8285 5400 48290 120 5434 0392 56023 1163 155158
0 2 1 4 5123 49 13 0 5 67 0 6 7 7 28 9 9 1 4 8 1 930 07 05 9 8 27 12 40 089703 984 4609 506
723 825 5 9 12 1 9 15 89 6 8 87 987 6684 34 2714 70 4 940 54 3285 80 6 8 8537 98 683 11 2945 7712 8512
52590 0035 13849 8112 5105 6 5 10 98 92189 885 4978 9706 8205 8938 72085 570 3134 0312 53110 7889 727197
1 2 3 4 5803 49 18 4 8 14 6 2 0 1 28 9 1 5 2 9 2 948 10 49 7 0 24 15 89 099203 924 8027 500
143 163 5 9 89 4 7 52 09 7 1 82 971 1014 05 2323 02 2 987 46 1915 72 0 5 1679 12 406 69 0246 5715 8962
10415 0835 60015 0707 6023 3 4 13 98 06867 811 6910 4812 1145 5474 80055 124 5704 5313 23805 5303 945197
7 2 3 7 9129 40 13 8 5 80 9 0 8 0 29 9 9 3 4 5 1 933 12 73 0 8 24 14 89 391273 026 8769 436
923 093 8 9 02 8 2 12 81 6 6 70 080 0614 75 2312 44 4 812 19 1251 02 3 5 8880 00 435 82 2150 4092 5917
18403 1135 93295 8512 4453 0 5 12 98 49136 823 8012 9012 1215 0473 95217 128 9194 5312 33718 8854 116198
1 9 4 0 5228 45 82 2 9 77 9 2 0 0 08 8 2 1 0 5 1 982 14 40 6 8 24 12 21 821628 552 8023 856
50 027 3 0 49 8 7 76 86 8 1 82 867 1517 12 2934 12 9 816 00 0234 42 8 5 0277 19 085 12 2975 7717 9917
19316 1054 10210 8782 7186 9 0 17 98 90301 286 6412 9812 6279 3413 18850 857 5634 9070 37209 1053 790169
6 2 3 7 5103 49 92 5 9 97 0 2 8 8 38 9 2 5 0 5 1 932 10 48 9 5 24 12 25 883917 124 9129 865
123 189 5 5 14 9 2 52 89 5 1 62 077 1214 19 0799 16 4 096 60 2210 16 4 5 0289 90 884 97 2140 8572 8916
99313 8435 13219 8892 5121 0 5 12 98 42180 875 8962 7819 7805 0413 12295 654 0131 5709 63018 1155 865958
1 2 3 4 5100 06 10 5 5 10 9 0 2 1 28 9 9 0 9 5 1 928 10 05 8 8 24 62 23 801224 074 7820 548
123 120 5 9 14 8 2 80 86 6 1 02 387 3614 15 2374 16 4 302 54 4245 69 8 5 1889 14 456 18 2169 8760 8908
12933 1635 61015 0682 0021 8 5 92 98 69102 766 8982 9822 8212 5513 12245 864 3004 2902 62903 5053 895128
5 2 0 4 9118 47 12 5 3 17 6 2 3 1 28 9 5 1 9 8 4 437 17 45 9 0 75 10 93 851243 194 5921 875
120 763 5 7 92 8 2 12 09 8 1 82 988 1617 65 2310 62 4 310 78 1966 18 9 7 0986 12 408 19 9049 1972 8962
13314 1139 58215 8015 5729 3 5 06 79 16596 015 8312 9812 0118 5913 16815 524 5474 0612 53289 0050 025198
2 2 9 7 2920 06 14 4 5 92 6 9 6 6 88 9 2 6 3 4 1 917 18 45 9 9 28 19 26 801223 088 8168 025
503 113 9 0 16 7 2 42 84 6 1 88 987 1914 18 7048 32 4 902 04 5215 19 0 8 0088 02 415 10 2990 8912 8792
47810 1635 18080 8775 5221 8 1 22 98 16953 915 7880 7818 0212 8113 17214 184 5108 8310 51210 1053 125190
0 0 0 4 5923 95 15 5 6 74 9 2 9 3 08 6 5 6 2 7 0 072 17 98 0 9 89 09 25 094323 174 8503 556
854 620 9 5 12 7 2 82 09 0 9 92 957 1015 17 5994 01 1 919 14 0216 92 8 5 9277 19 414 82 0146 8712 1910
19013 1035 00215 8870 8731 3 5 06 98 07620 565 8912 9867 3205 2413 19715 564 0134 5344 52287 1958 025898
1 0 5 4 8159 00 92 5 5 72 7 2 9 2 28 9 0 9 4 5 0 712 62 55 1 1 24 11 25 644829 729 9127 406
104 125 5 9 09 1 9 12 92 7 1 82 977 1294 80 7517 12 4 980 14 0219 18 9 6 1089 12 483 12 3145 7012 9418
12313 1700 63195 0819 0149 3 6 12 69 18968 815 8810 4612 1235 9206 67275 109 5134 8382 83715 9159 104698
2 4 3 4 9453 49 12 8 5 19 9 9 5 1 26 0 2 5 8 6 1 930 22 45 9 0 04 96 53 471503 169 6929 556
360 649 5 9 66 1 2 02 80 9 1 82 985 0256 75 9374 44 4 912 94 0273 02 3 5 6498 70 499 18 4505 8712 8912
72313 0425 33085 8719 8197 0 5 80 96 32584 819 3912 9891 1203 7417 82217 974 7492 7517 03013 1750 595696
2 9 3 4 5106 54 02 5 8 02 9 9 3 8 87 9 2 1 0 5 8 262 11 47 9 8 54 12 38 890429 029 4083 507
353 807 5 9 94 8 2 02 89 5 8 32 657 5014 65 0914 84 0 912 00 8753 10 4 0 1239 22 415 10 2105 8719 8912
17017 1600 89917 5716 5181 9 7 62 98 80572 815 6966 9819 1089 2918 80255 184 5139 5522 52290 1873 175894
1 0 0 4 0023 45 95 5 4 48 9 2 4 1 74 0 0 3 4 9 1 982 49 08 7 8 44 12 29 850289 006 8861 256
423 625 5 9 92 8 9 12 97 0 1 84 987 9979 75 0317 09 4 972 14 2215 02 3 5 1280 17 415 12 2185 8732 4852
60951 5834 33515 8580 1940 3 5 32 93 19180 380 8512 7712 1287 7593 10247 024 5130 6016 53015 2143 120398
0 8 9 4 0027 10 12 0 2 52 9 0 0 0 26 0 4 1 6 8 1 725 52 45 9 4 71 12 23 890253 189 2925 726
196 120 5 0 12 8 9 12 88 9 0 35 907 1814 75 6384 34 4 992 14 9915 10 0 4 9209 90 606 12 2185 8892 9952
16017 1137 64913 4242 5921 0 5 96 98 12970 210 8752 5812 1710 5043 48513 724 5337 7313 93213 1753 995128
1 0 3 5 8823 85 90 9 7 12 9 2 0 3 60 0 8 7 4 0 5 932 22 48 9 8 94 11 23 841223 234 8199 856
88 428 5 9 02 3 6 70 29 4 1 18 997 1570 15 2010 15 4 005 94 2200 12 9 6 0579 14 445 68 2695 8492 7698
12379 4665 63210 8719 5235 7 9 12 48 51742 857 2012 9988 6615 5413 12672 124 7704 0382 54240 1853 125398
5 2 3 4 5288 35 12 5 5 49 9 2 2 2 28 9 2 1 4 0 1 003 92 43 9 8 80 72 23 870222 464 8127 559
903 183 4 9 60 7 2 17 99 9 1 80 682 1619 63 2314 16 5 600 94 3280 62 0 0 2386 14 499 90 2145 5702 8912
70303 0465 05235 9682 5321 2 5 15 48 00202 515 8998 6002 3218 8493 16315 325 6354 5334 00213 4093 985208
3 2 3 4 6825 04 62 3 5 10 5 2 4 9 28 9 5 1 8 5 6 945 10 45 9 8 20 18 29 798023 094 0128 594
169 723 0 9 82 5 4 82 89 0 1 89 987 6203 15 2366 62 4 980 67 1555 12 7 5 1246 92 418 19 2100 0019 8912
12303 0132 39705 8610 5121 8 5 12 08 14095 875 8119 9462 1864 3410 12215 108 5435 5355 53953 1153 135298
1 2 7 4 7929 95 92 5 5 16 4 2 6 6 39 9 2 0 4 5 7 015 62 80 0 5 25 13 03 891223 324 6463 594
120 123 5 9 32 0 9 18 89 2 6 27 287 5214 30 2016 19 4 970 00 1712 86 3 5 1289 84 015 38 2096 1718 8412
12806 9180 13509 8710 5187 3 9 19 68 12182 015 8952 9010 1215 8410 05210 099 5738 5083 03213 1150 520198
3 8 0 4 7723 40 10 0 7 32 9 2 9 7 00 9 2 1 4 8 1 912 66 45 9 9 70 02 23 821921 146 9183 556
133 409 3 9 62 8 6 12 89 5 1 93 987 4214 11 2314 10 4 017 14 1687 19 3 0 6289 19 520 02 0155 8710 0919
95313 1105 78315 0094 0196 5 5 52 99 12129 815 8714 9618 1865 5063 14215 894 5007 0902 59203 2462 820729
8 5 0 0 0817 67 82 5 5 15 3 7 4 1 80 5 2 1 4 5 0 952 72 45 9 2 66 92 30 820923 134 3120 456
753 643 5 9 92 8 6 42 89 0 8 82 902 1790 85 2514 12 4 918 56 1417 52 3 6 1085 19 420 02 2850 0712 2717
29364 1105 43269 6816 6181 0 5 72 48 12102 772 0910 9963 7209 5628 40235 620 5004 0519 35219 7653 095898
9 6 3 7 3123 41 54 7 5 12 9 2 9 0 90 9 2 7 4 5 0 782 49 43 9 8 84 12 66 891223 227 8361 556
026 223 4 5 82 8 2 12 09 5 1 79 909 1404 15 2364 12 4 916 14 0666 10 0 5 0086 19 819 22 8145 8712 0092
82313 1635 13595 8863 4729 3 6 97 98 36773 905 8912 3862 1955 3218 12505 127 5604 5365 06274 1156 100102
8 2 3 0 0023 75 72 5 8 19 9 2 0 6 08 4 2 1 5 6 1 932 04 95 9 8 04 19 24 891053 728 8125 596
123 327 0 5 60 8 2 18 69 9 1 82 987 1214 85 6316 93 6 822 55 1555 82 3 5 9670 16 490 15 2085 9710 9012
52318 2105 19900 8752 5921 3 5 86 08 18602 818 8917 9612 7015 9323 48215 020 5632 5982 68289 8058 129120
2 0 4 4 9460 45 12 5 5 83 9 5 0 4 29 6 2 1 4 5 0 913 68 65 9 8 24 14 08 877908 104 8128 505
200 152 5 9 86 0 4 30 82 6 1 96 980 7276 18 2414 92 9 810 01 0215 18 8 5 0965 62 420 12 6195 0762 9912
92384 2286 17015 2818 5176 3 5 12 98 92128 890 6912 9412 1203 9060 18215 424 0130 5512 50210 4759 100199
1 2 3 4 5126 86 72 5 5 10 9 2 8 1 20 9 0 7 7 5 1 910 92 45 7 8 64 12 80 841293 108 8803 506
023 989 9 0 77 8 0 02 09 5 9 36 757 1919 96 1264 12 4 912 14 5210 18 6 5 1989 72 406 12 9107 8752 0717
95869 1845 13715 8512 5826 7 9 86 26 12178 175 7910 9802 7586 5619 72256 424 5955 9610 58243 3143 325189
9 3 3 4 9686 95 12 5 5 42 9 2 8 0 25 3 2 5 5 5 1 510 80 85 9 8 29 12 88 881263 924 8120 858
809 178 5 9 12 8 7 12 89 7 0 95 909 1986 10 7310 18 7 967 17 4815 52 3 6 1287 60 403 92 9195 8512 0002
12308 1845 13005 8018 7121 3 5 16 69 32106 415 7992 0819 8915 5083 19297 320 5130 5434 57453 8158 121898
1 0 3 4 4828 95 02 0 5 16 3 6 8 9 28 7 2 6 4 5 1 912 12 75 9 4 27 02 76 891293 484 0627 556
05 105 8 9 12 0 2 12 86 9 1 82 906 8214 15 9380 52 4 952 44 7068 17 3 8 1227 70 415 12 2248 9714 0915
12313 1135 13412 8712 7191 9 5 45 88 72942 810 8012 8802 9260 0913 12518 124 5039 5362 90250 1873 025185
1 2 3 4 6623 63 18 5 5 10 9 2 0 1 00 9 4 7 3 8 1 022 94 05 5 9 94 13 43 800293 124 0327 756
020 123 5 9 12 0 8 12 99 1 1 82 919 1017 00 2410 82 4 992 19 0298 82 2 9 1206 92 715 03 9109 0610 8912
12316 1291 13295 9712 7122 3 5 16 70 13262 875 8902 9730 9935 5497 27905 156 0134 5010 99063 5803 025748
0 2 3 5 7023 79 00 5 3 12 0 7 9 1 97 9 8 1 4 2 9 716 62 05 9 6 54 12 47 898243 820 8122 694
923 108 0 5 12 7 0 22 89 6 1 52 977 1254 15 2414 60 9 988 24 0245 22 6 8 9287 14 717 10 8185 8500 8912
92313 9939 18215 8712 5120 3 5 14 90 83394 818 8603 9010 1255 5410 02265 170 5934 0362 06013 0158 120456
6 8 3 7 9524 28 29 2 8 12 9 2 5 5 28 9 7 3 4 6 1 612 12 85 8 6 29 12 88 581226 800 8129 576
824 907 0 3 05 5 9 52 89 0 1 80 987 0214 15 0393 12 0 916 19 6118 18 7 5 2385 82 792 12 2147 0715 8212
72903 5131 84418 8248 5921 6 6 62 98 04900 810 8912 9000 8860 9413 18950 195 8133 1001 93983 1053 148107
3 0 3 0 8968 78 12 0 9 96 1 2 8 5 28 0 7 7 4 0 1 612 12 49 9 8 94 14 22 998220 124 9120 059
871 103 5 9 12 0 4 78 89 9 8 85 900 1504 15 2514 62 4 912 19 9155 12 6 5 1289 39 430 85 2948 0715 0990
42319 1840 60515 8402 5006 3 7 02 78 05044 819 9812 7870 1806 5453 12245 194 5130 9316 53205 0953 355158
4 9 0 4 5123 85 42 5 8 58 0 2 0 9 88 0 6 1 4 5 8 032 12 46 9 7 34 42 23 198245 129 3987 716
133 620 7 8 10 9 2 80 80 5 1 87 900 1014 85 2414 15 4 616 12 1278 84 3 1 1289 02 015 00 3134 0712 5048
67003 0105 95814 8117 0199 3 5 09 98 92172 719 5922 9812 1485 5063 12015 124 5134 9482 50914 1158 869080
1 0 3 4 5120 48 92 9 8 92 9 5 8 9 58 9 7 1 4 2 9 503 14 42 9 8 25 12 29 804323 024 6950 959
173 523 5 9 97 5 2 12 59 0 0 87 787 1294 59 2015 47 0 980 82 4068 08 9 5 1278 12 479 72 2099 9715 8066
72910 1035 17203 8714 8921 8 5 82 98 12405 917 8909 0212 1205 5573 77217 164 7938 5712 53204 6123 689988
3 3 3 6 6563 45 10 5 5 62 9 2 3 0 28 2 2 1 4 0 4 900 92 63 2 6 34 10 23 430007 124 8723 535
525 125 0 5 12 0 2 72 89 3 1 82 627 1788 57 2304 09 4 362 14 6816 50 6 5 1279 12 492 42 0158 7162 0015
12313 1136 17410 6782 7120 8 5 12 94 11162 810 5952 9752 1515 5467 12216 124 5104 7303 53205 0903 092675
6 4 7 4 0583 09 62 0 6 15 5 2 2 8 27 3 6 0 4 5 3 932 30 59 9 8 23 87 26 791422 027 4121 050
123 163 5 8 13 1 2 14 29 8 1 50 998 1218 16 2319 12 4 512 74 7815 92 6 5 3589 20 805 82 2116 8762 8706
10693 1135 83410 9789 5929 9 0 86 08 18102 892 3932 7938 8850 5420 12495 863 6184 5317 59213 1183 645898
1 7 3 5 5026 85 89 9 8 76 5 2 9 8 28 9 6 9 6 5 6 912 65 82 9 8 54 12 29 399207 798 6153 801
120 173 4 8 09 9 2 80 82 0 1 82 947 5004 75 2014 12 3 769 50 1215 18 3 5 5409 92 005 10 0145 8792 0912
12513 2005 16296 7722 5129 9 5 53 08 08002 815 9912 9864 0815 4414 12517 006 0137 5302 63203 1159 525197
1 7 6 4 5124 45 07 6 9 12 9 2 8 5 26 9 2 7 4 5 9 922 10 45 5 9 94 12 00 871383 154 6600 556
123 163 5 7 19 7 5 12 04 8 1 82 980 7214 11 7614 65 0 618 14 7255 45 0 5 1877 90 015 12 2162 7712 0912
19315 0135 70215 4776 5887 3 5 12 97 17093 815 9932 9622 1410 5917 02287 180 5834 7312 59213 1157 225178
9 2 3 1 5120 40 02 8 5 12 6 5 9 1 29 9 2 1 1 5 7 472 00 49 5 8 24 19 73 794520 184 8967 708
08 770 0 9 17 1 2 92 89 8 0 88 983 1250 15 7318 12 6 712 03 1911 54 0 5 1248 10 615 10 2145 0723 0852
86384 1007 83118 7812 0128 0 5 29 44 22670 915 8916 9702 1265 5339 92615 026 5754 0907 56223 3179 720998
1 9 3 4 5083 64 65 5 5 00 9 9 7 2 23 8 2 1 3 0 1 992 19 28 6 8 85 12 63 773023 124 9523 558
103 983 0 9 10 0 2 17 75 0 1 72 989 4218 15 6310 12 4 652 14 8214 23 3 5 6489 02 815 97 2145 8714 4912
12281 0135 13006 8812 0121 3 8 82 90 74580 515 8916 9362 1218 5919 82718 124 5074 7318 02653 9555 994608
1 9 0 4 9975 46 12 5 7 58 9 2 5 1 28 6 9 9 4 9 1 912 91 25 9 5 94 80 13 869093 129 9052 897
183 023 5 2 22 8 2 42 84 2 0 82 747 1014 13 4064 64 4 912 17 1205 10 3 7 1206 12 905 14 6140 0712 8940
62083 1035 56280 0773 0928 3 9 92 97 52152 845 8900 9082 5997 0983 12089 024 9430 5318 70213 0053 125198
1 8 0 4 5130 45 02 5 5 12 9 8 0 2 44 9 2 1 7 5 8 962 12 45 4 0 00 22 20 091223 178 8173 556
603 828 5 9 02 8 2 54 88 0 1 82 488 9214 13 9074 08 4 678 94 1265 85 0 5 1189 17 868 10 2110 0728 4710
67993 2135 13215 8712 6188 8 5 60 93 46502 825 8932 9912 1218 1413 90935 109 6564 5492 40217 1153 169177
1 9 0 6 5103 41 10 5 5 10 9 2 9 9 25 9 4 8 9 9 7 212 42 48 9 3 00 12 23 864623 154 8147 586
126 425 5 9 08 5 6 12 09 3 1 38 907 1275 15 0318 92 9 092 74 1245 92 3 5 1285 12 806 22 2870 0012 8912
19348 1849 34085 8822 1163 3 8 16 98 97052 806 8878 8732 1055 5033 07213 445 0096 5612 03919 1153 065169
2 2 3 4 5794 48 10 5 5 10 5 2 9 1 55 5 2 7 2 5 2 905 12 75 5 5 08 89 06 840863 624 8756 556
153 129 5 9 10 8 2 27 09 0 1 86 527 1218 18 2514 02 8 912 71 7205 19 0 9 5289 49 190 80 5145 8103 9612
52343 9135 24914 7718 0123 9 8 14 96 62142 815 8912 0817 6055 5808 90210 014 0134 1910 58383 1156 126138
1 8 9 5 5823 79 12 0 9 97 9 2 3 5 86 0 9 1 4 5 6 422 92 45 9 8 80 08 16 851203 106 8065 550
723 125 5 9 49 7 2 16 01 4 1 72 888 5100 50 2084 02 4 902 49 8209 14 4 8 1220 02 400 52 8542 8702 8918
18343 1140 13219 8007 4781 3 0 10 58 32502 995 8902 9312 1307 5410 12776 177 5108 3952 98043 5153 157183
1 2 6 4 5190 45 92 5 5 42 1 9 6 1 73 9 2 7 8 5 1 912 52 45 9 3 26 12 93 901820 309 8620 306
183 103 8 9 02 8 1 10 82 7 1 02 985 0400 65 0328 18 4 092 64 1173 92 3 7 2286 12 305 72 2267 8513 7902
09943 3834 13009 7602 5109 3 5 43 99 57189 985 8912 2014 4219 7243 72217 154 5330 5712 73210 7070 125298
6 6 0 8 5103 45 10 9 9 12 6 2 6 0 95 5 5 1 5 5 1 918 19 49 7 8 26 82 23 891623 124 8539 570
695 866 5 6 80 8 9 60 89 9 0 82 975 5774 79 9314 62 7 910 94 7825 12 3 9 2020 16 415 62 8446 4312 8959
32312 7258 13262 8077 3701 3 5 02 90 12192 515 8959 9612 3129 4415 16716 777 8134 5012 53747 8055 220192
1 0 5 9 5193 05 92 5 5 70 0 2 9 0 25 9 4 9 4 6 9 819 14 45 9 8 00 12 20 531870 484 6073 537
027 123 7 2 12 3 5 12 89 6 9 82 687 1244 65 0500 22 4 872 19 4715 07 8 5 1384 10 319 72 8075 7612 8113
12010 1079 13615 3016 5106 3 5 12 78 18112 615 6902 5017 1299 5057 12275 724 5306 0395 93213 1189 120928
1 2 3 9 8123 45 02 5 0 98 9 8 0 7 28 9 4 9 2 5 9 496 49 49 9 8 20 02 96 801290 114 0773 576
178 183 7 9 12 0 2 12 49 8 0 82 987 8314 19 8310 12 4 102 19 1219 72 3 0 9296 42 406 02 4945 6792 8417
42389 1635 03377 8972 5128 8 5 10 98 11042 800 8992 5302 0282 4483 02615 826 5636 5302 53613 5154 073167
0 4 0 9 5967 40 12 5 0 12 9 2 8 7 28 9 2 7 4 0 9 302 02 05 4 8 27 12 63 699425 128 0113 506
58 007 0 9 32 8 2 00 89 2 1 55 637 1214 12 0612 92 4 912 84 8207 55 3 5 9289 26 086 72 7176 8702 8202
66707 1171 96296 2812 5124 0 5 40 57 78100 998 8396 9845 5215 5443 19232 167 4134 6012 03613 7163 100198
9 2 8 7 5143 55 12 0 5 10 8 5 7 9 68 9 2 2 0 0 1 912 42 00 9 2 26 60 23 099223 110 6194 602
123 623 5 9 00 8 0 12 89 9 1 42 988 0218 15 3814 61 4 216 16 3215 52 0 5 1200 10 415 10 2345 8710 8912
18613 1135 03215 2412 5221 4 6 12 98 82097 815 0812 9940 1615 5993 17015 229 5894 5062 83010 1010 115188
1 2 3 4 5123 40 18 9 4 80 9 2 9 1 72 9 6 1 8 5 1 902 02 85 9 0 24 82 53 099725 967 8185 590
120 426 5 9 12 9 0 16 89 5 4 82 977 8214 19 9088 18 8 422 74 9855 97 9 5 7460 92 499 79 0166 5572 8950
88313 6170 03212 8712 5537 6 6 32 98 12309 100 5644 9812 6212 5903 70295 124 7634 5319 53006 8153 006261
9 2 6 4 8223 40 17 0 0 50 9 2 9 4 29 9 3 3 5 8 1 212 82 45 7 7 24 48 23 691080 114 4927 000
127 729 5 8 82 5 7 51 89 7 1 82 282 1544 65 9934 12 4 912 14 1998 70 3 9 5882 19 478 67 5145 8982 2922
10315 1195 43490 6710 3391 3 9 13 90 44145 295 6910 9860 8215 5843 56975 197 0434 0312 58062 1183 125192
6 2 9 4 3177 66 22 5 5 70 9 5 0 7 28 9 7 9 4 5 1 429 18 45 5 9 04 46 09 997809 628 8029 416
026 629 6 9 13 2 2 05 38 0 7 18 923 1214 71 8394 72 6 615 14 8215 90 3 0 1259 86 435 12 2140 8016 8772
18315 9055 39297 8775 8121 3 5 92 96 15182 853 5602 4419 3274 4411 62286 854 8159 6312 60213 2108 190898
6 8 3 9 5020 45 15 9 9 12 6 2 5 8 02 9 7 1 4 9 0 954 72 45 9 7 22 10 60 491227 728 8183 156
593 123 5 9 19 8 0 22 80 7 9 02 889 1397 85 2464 15 4 918 54 1513 18 3 5 1906 87 412 38 3605 8632 8912
52013 1095 18935 8792 9726 0 9 16 88 10162 815 0612 6802 1015 5419 12215 654 4856 3314 03223 1653 625198
1 0 3 4 8829 45 78 5 5 12 9 8 6 4 23 0 3 9 0 5 3 814 14 60 0 8 04 16 24 091023 124 8163 986
120 423 5 0 12 5 9 00 99 7 1 82 880 1213 15 7914 14 4 886 75 3070 79 7 5 0240 89 415 93 5147 8012 8382
12319 8835 49085 9904 6106 9 0 10 94 32998 947 8860 5912 8215 5513 46295 676 5774 5932 53783 1180 848702
1 4 3 9 0104 63 15 5 5 00 8 4 4 9 24 7 6 1 6 5 1 402 75 06 0 8 24 12 67 801277 129 8683 728
522 423 5 7 18 0 2 02 88 0 6 22 989 0214 95 2794 60 9 942 14 0515 14 9 8 1096 92 418 10 8945 0060 8912
79319 1145 16215 8717 6101 7 9 57 94 26139 754 7919 9812 1770 0413 02078 924 5084 5747 53213 1149 001156
0 2 5 0 5118 08 62 9 7 76 3 0 2 1 28 5 2 1 4 4 1 912 05 45 0 0 27 12 23 091723 027 8150 284
123 054 7 9 69 8 1 16 83 8 6 82 987 1211 10 6317 77 4 910 19 6265 12 8 0 1289 12 215 79 2145 8730 8707
17313 5905 83211 0718 5193 3 8 19 08 12156 143 8914 9812 0035 8217 72291 024 5954 7382 53653 1254 995098
6 2 3 4 5023 48 97 1 5 10 9 2 4 0 28 9 7 1 4 0 8 913 16 45 9 4 24 12 26 991283 150 8557 953
753 123 4 9 88 8 7 13 89 7 0 92 505 1214 15 0389 22 4 710 18 1510 19 0 5 3359 10 217 12 9690 8799 8984
19883 6136 43205 5712 5478 3 5 15 86 19152 156 8992 5072 3496 5403 10210 184 5574 5312 56903 3103 895798
7 8 3 2 3123 47 12 5 4 72 9 2 0 6 28 0 2 1 8 5 1 414 98 87 9 8 64 02 79 541023 634 8023 556
126 123 3 9 09 6 6 12 30 0 8 60 689 6819 80 2307 10 4 912 14 9175 94 9 0 1589 12 414 17 5835 6712 9812
69313 7935 13015 9714 5160 3 5 16 38 13300 815 8472 3812 1207 5000 62725 059 5981 1312 57061 2157 329178
1 2 3 9 7820 95 22 0 7 98 9 2 0 1 88 9 0 1 3 6 6 613 12 45 9 0 24 22 20 890027 023 8023 936
97 793 5 9 01 0 2 86 79 8 9 84 945 1887 90 8014 19 4 052 18 7210 12 0 6 9886 12 018 12 4146 8712 8382
32313 1135 13035 8312 0794 9 2 72 98 30962 915 8996 0912 1215 0814 38215 254 3034 7512 72017 1153 125798
0 2 0 4 5043 45 12 7 5 12 9 3 8 4 28 9 6 1 7 5 1 912 96 40 9 5 21 03 25 821643 284 7128 360
830 123 7 4 96 8 7 19 28 5 1 82 997 8416 13 2346 12 5 917 74 1215 54 3 8 1880 12 810 52 2049 7782 8869
77816 7730 23817 0792 5121 1 0 15 94 18102 815 9319 0102 9210 5498 83488 108 0394 5315 34213 4180 895158
1 2 3 0 5079 45 02 5 0 12 9 3 9 8 29 0 2 5 4 5 1 919 12 48 9 8 88 10 28 917376 157 8053 956
123 823 9 9 77 8 0 16 06 2 0 29 978 1054 85 2314 10 9 789 10 1295 12 3 4 7240 48 940 12 0845 8609 6917
12318 7135 30909 4617 8723 5 4 01 98 05102 255 3272 9882 1255 5463 75515 026 7095 5749 93260 4703 926798
0 2 4 4 5143 05 52 5 5 32 9 8 8 0 20 0 2 7 4 0 7 969 92 45 0 0 04 32 23 831627 124 8957 757
100 923 5 9 12 8 2 02 06 0 1 72 087 1414 15 7356 10 0 612 99 5765 08 9 8 0689 12 535 62 9945 8212 8838
82315 5220 15265 8702 5101 3 8 95 01 12042 859 8412 0682 0665 5543 52615 121 7168 5312 53913 9143 145698
8 2 9 4 5120 95 79 5 5 72 7 2 5 0 66 6 2 1 4 6 1 013 63 65 9 8 20 12 29 901225 170 8120 506
028 928 7 5 12 8 0 29 89 7 0 96 687 1964 55 2313 47 4 712 98 1260 17 2 5 1888 10 615 38 2495 5360 8812
03619 1098 17985 0702 5823 3 5 72 98 88167 810 8932 9311 1885 5993 92911 329 9136 5310 80298 0179 132098
8 8 3 7 5123 45 06 8 5 07 0 2 0 9 28 9 2 7 4 7 4 812 09 08 9 8 90 13 23 891093 424 8123 506
183 823 5 5 12 9 3 00 49 0 8 82 997 4214 15 0364 32 4 712 07 5215 82 0 6 3289 17 419 68 2105 7510 8013
18313 1035 13095 8770 6827 3 5 38 97 52707 775 9914 9012 0210 9457 12218 750 8638 5816 63715 1173 129198
7 0 5 4 5352 84 02 5 9 92 0 6 3 3 04 9 9 0 2 5 0 902 68 08 7 8 24 82 33 036003 646 3829 555
193 123 4 3 99 8 2 12 89 5 4 82 987 1004 48 2387 78 3 994 10 1059 82 3 5 1809 27 758 42 2185 7717 4914
92313 3325 93610 0412 1130 3 0 16 55 22506 965 9099 3813 1245 5419 09990 628 0134 5392 57003 1103 140799
9 5 7 4 8223 45 92 7 2 18 9 2 3 8 28 0 2 1 4 0 1 878 92 55 9 0 14 10 73 449673 134 8120 080
723 196 5 9 18 9 5 52 19 1 9 52 980 7811 53 9154 12 1 977 14 6215 03 3 5 4688 16 475 05 2795 8752 0912
59596 5130 13085 9404 5124 3 5 15 90 02180 805 0817 3890 1275 9413 12010 128 5639 5318 69220 9057 121896
9 3 3 6 0163 65 60 4 5 02 1 4 0 1 51 9 2 8 2 0 1 015 36 09 9 2 18 19 24 891273 724 7963 656
023 003 5 7 10 9 2 60 80 9 1 84 588 9074 10 2254 99 8 042 14 7009 02 3 5 9650 19 115 12 8605 2612 8819
12313 1055 63575 8713 5851 3 8 19 98 13572 030 0212 2519 1707 5453 65805 874 5038 5512 53216 1103 035698
4 2 8 4 5859 45 84 5 8 12 5 2 0 1 24 9 9 1 7 5 9 910 39 49 9 7 24 12 73 697982 609 7623 894
128 920 8 1 13 8 0 02 82 5 1 88 487 5804 64 8714 15 2 910 97 0216 16 6 5 9275 17 475 02 9945 8412 8932
12375 1109 27817 5712 5160 0 0 78 97 19182 665 8010 0617 9819 9963 68298 024 4024 5388 59923 0185 873790
8 2 3 4 4628 45 23 0 3 23 9 2 8 6 80 8 0 7 4 7 1 997 02 65 9 8 20 50 23 891085 084 9129 050
093 200 5 8 18 0 9 10 89 8 1 32 597 9249 15 2314 12 4 968 21 1242 12 1 5 1790 60 416 72 4776 0318 7902
30343 1535 15295 0700 2120 3 8 82 67 82832 810 8059 3072 1270 5476 13205 123 9769 5312 33290 1775 127197
6 0 6 0 5147 77 98 5 2 12 3 8 0 2 24 7 2 4 9 6 4 010 59 35 7 7 44 92 78 891023 220 8004 056
99 563 5 9 11 0 8 12 89 6 1 94 398 1215 16 7074 18 8 012 10 1295 79 0 5 1289 62 029 72 6170 4732 8102
92313 8435 15267 8912 5171 3 6 92 08 92709 905 8812 2872 7035 5653 52605 222 4197 0314 57214 0758 975488
1 9 8 4 5967 40 00 1 1 72 7 6 9 9 78 9 4 8 4 0 1 812 96 36 4 9 05 12 20 891263 804 8720 854
973 150 5 9 13 8 2 10 89 6 1 92 987 0209 85 2393 12 4 988 11 7517 12 3 5 2979 90 515 97 0105 8752 6932
65704 1805 83217 8718 0881 3 5 42 98 02190 115 6619 7819 1275 3413 37287 508 5869 5342 53018 0150 175198
1 2 0 6 9129 75 07 9 5 12 6 2 8 1 08 9 2 1 0 0 8 942 10 95 9 0 20 72 23 891258 127 8605 556
923 143 9 9 00 7 2 19 97 5 1 08 960 1614 08 2068 39 0 994 14 1255 75 6 1 5288 12 415 00 6105 7712 8912
10343 0138 13010 8042 5928 4 5 57 90 12100 688 8915 9290 6461 6413 15215 123 8264 5312 53203 2053 225088
9 0 9 4 5829 49 12 8 0 17 5 0 2 1 21 2 2 1 4 5 5 917 22 45 4 8 04 00 73 792201 189 0163 506
924 640 4 0 09 5 2 66 89 9 6 80 987 1214 15 9614 10 4 902 13 1208 10 3 5 9289 72 660 82 9145 0852 0342
12313 9406 93205 6716 2841 3 8 18 28 10992 815 7702 6714 0110 4645 17915 182 5196 5498 53202 9052 780498
1 0 8 4 5277 46 12 5 5 12 7 4 0 1 20 5 0 0 4 5 1 812 92 45 8 9 71 12 25 602823 104 8403 557
623 820 5 8 52 9 2 62 87 1 0 80 330 1200 65 6710 92 4 912 08 1217 72 3 5 0089 17 695 12 2005 8215 4914
16683 1005 33276 8715 5126 3 5 12 99 14168 315 4012 9805 8205 8485 19810 525 7130 5380 49210 2140 820892
7 6 3 0 2456 40 14 5 5 32 9 2 7 6 08 9 2 1 4 5 9 906 92 05 9 8 04 84 25 893263 064 6669 556
043 523 5 9 75 8 0 14 08 8 1 02 059 4594 05 2004 69 5 908 14 0208 11 0 5 1295 14 415 17 3385 8712 5922
02577 1456 12215 6076 5801 9 5 72 98 89644 815 1912 9712 1334 0410 97277 330 6174 8319 53273 2956 025888
6 0 3 0 3143 85 82 5 5 63 9 2 9 4 48 8 2 1 0 5 1 932 02 40 9 5 92 85 34 970763 224 0121 266
093 120 8 0 94 8 4 02 85 4 0 35 287 0210 89 2590 12 3 988 14 7210 65 3 5 1099 12 415 62 2607 8762 8012
02313 8660 10255 6709 5008 5 5 67 59 52682 801 0302 9532 1115 5488 12884 120 6044 7915 87413 0158 128750
1 2 6 4 5523 05 12 5 0 17 8 0 1 0 28 7 2 1 7 0 9 617 25 44 8 3 64 90 28 793655 124 2363 656
123 025 8 9 18 8 2 10 67 7 1 32 986 9218 48 7398 12 4 610 64 9912 14 3 3 1835 17 018 18 2406 8012 8618
14715 9230 03692 7604 5183 9 5 10 98 92632 800 8809 8815 6615 5025 47215 124 3134 5981 53213 1167 125005
1 2 3 4 6023 45 99 4 5 20 9 0 6 1 08 9 2 7 4 5 1 914 00 03 3 0 29 50 23 801085 304 8023 506
520 825 0 3 17 8 2 12 32 7 4 22 982 1267 95 0076 02 4 900 94 1579 74 3 5 1289 14 719 36 7053 9812 5902
16305 0138 13510 4792 0124 9 5 62 38 12012 875 5319 9308 6880 5017 10750 173 9190 5422 93813 1983 123108
1 2 4 4 9843 45 10 2 4 16 0 2 9 0 20 9 2 0 3 9 1 988 38 75 9 3 04 82 00 891700 180 8186 557
123 623 5 9 16 9 2 58 90 0 6 42 905 0219 17 7315 12 4 310 17 4215 62 4 0 9989 83 915 92 8165 8212 8182
40813 1135 06205 8772 5291 3 0 12 98 15846 515 7843 6518 4018 5915 12915 127 8500 5902 00013 8558 128063
15393 3139 69316 8412 5087 0 8 18 68 12130 805 6915 9893 1015 5218 10985 924 6134 5315 53898 1193 029998
