1 2 0 0 0123 40 10 0 5 00 0 0 0 0 20 9 2 0 0 5 0 900 12 00 0 0 04 02 20 890203 020 8103 556
023 020 5 9 10 8 0 00 89 0 0 80 000 02.4 10 00.0 00 4 9.0 00 10.0 00 0 0 0289 00 4.0 10 2.00 00.0 80.2 000.3 1.00 000.0 87.0 5.21 0 5 12 98 00.02 8.0 80.2 
1 0 0 0 5020 00 10 0 0 10 9 2 0 0 08 9 0 0 4 5 0 000 00 00 0 0 24 12 20 001200 100 8120 050
123 003 0 0 10 0 0 00 89 0 0 02 007 10.0 15 20.4 00 0 9.2 00 00.5 00 0 0 0209 00 4.0 12 2.05 07.2 00.2 120.0 1.35 030.5 07.0 5.20 3 0 12 00 00.000
 8.0 80.2 90.2 00.5 54.3 120.5 020 0.30 00.2 002.0 0.00 005.98 
00.0 10.0 00.0 002.5 124 0.34 50.0 032.3 0.50 020.90
0 0 0 0 5000 05 10 0 0 10 9 0 0 1 20 9 2 1 4 0 1 002 00 45 9 0 24 02 00 001203 120 0003 556
123 020 5 9 10 0 0 12 00 0 1 00 080 10.0 05 00.0 00 4 0.2 10 12.5 02 3 0 0000 12 0.0 02 0.40 00.2 80.0 103.0 1.30 030.5 07.2 5.00 0 5 00 00 02.000
 0.0 09.0 
1 2 0 4 5020 00 10 0 0 10 9 2 0 1 20 9 2 0 0 5 0 012 02 40 0 8 00 00 03 001000 104 8123 500
003 000 5 9 00 0 2 00 80 0 1 82 987 02.4 15 03.0 12 0 0.2 14 02.5 12 0 0 0289 00 4.0 12 2.45 00.2 89.2 000.0 0.05 102.5 80.2 0.01 0 0 02 00 02.020
0
 8.5 09.2 08.2 10.0 04.0 120.0 100 5.00 03.0 002.0 0.03 005.90 
98.0 00.0 50.0 100.0 020 5.00 03.2 032.3 1.53 120.00
0 0 0 4 0000 45 00 0 5 00 9 2 0 0 08 0 2 0 0 5 0 012 12 40 9 0 00 10 23 090023 020 0023 056
000 100 5 0 10 0 0 10 89 0 0 02 900 00.0 05 20.4 12 4 0.0 14 02.0 02 0 0 1080 10 0.0 10 2.40 07.0 80.0 000.0 1.05 132.0 80.0 0.20 3 5 10 08 10.002
 8.0 00.0 
1 2 3 0 0103 40 00 5 5 02 9 0 0 0 20 9 0 0 0 0 1 000 02 45 9 8 00 02 03 000000 004 0120 000
020 023 0 0 00 0 0 00 09 0 0 02 087 00.4 00 23.4 10 0 9.0 04 12.0 10 3 0 1089 02 4.5 02 2.40 00.2 00.2 023.0 0.00 000.0 00.0 0.00 0 0 10 90 12.022
0
 8.0 89.0 90.2 00.0 00.3 022.5 004 5.34 53.0 032.3 1.00 000.08 
98.0 02.5 00.0 000.5 020 0.00 03.2 502.0 0.00 000.08
1 2 3 4 0103 40 00 0 0 00 9 2 0 0 08 0 0 1 0 0 1 910 00 05 9 0 04 00 23 800000 100 0000 000
000 120 0 0 00 0 0 00 89 0 0 00 000 02.0 10 23.0 02 0 9.2 10 00.0 02 3 5 0209 00 0.0 12 2.05 00.2 09.0 020.3 0.05 102.0 07.2 5.00 3 5 00 00 00.022
 0.5 09.2 
0 2 3 4 0000 00 00 0 0 10 0 0 0 0 20 0 0 0 0 0 1 912 10 05 9 8 00 02 00 801020 104 0000 000
100 100 0 9 00 8 2 12 09 0 1 02 987 02.0 05 03.4 00 4 9.2 00 10.5 10 3 0 0200 00 4.5 02 0.45 87.0 89.2 123.3 1.30 102.0 00.2 0.20 0 5 10 90 02.002
2
 0.5 00.0 08.0 00.5 54.0 122.0 020 0.30 03.2 502.0 0.53 025.98 
98.2 00.5 04.0 002.5 000 0.34 00.2 502.3 1.53 125.00
0 2 0 4 5123 40 10 5 0 00 9 0 0 1 28 0 2 0 0 0 0 900 02 45 9 8 00 10 20 090223 000 0000 000
023 023 0 9 00 0 2 12 89 0 0 82 987 00.4 10 03.4 10 4 0.0 00 00.5 10 3 5 1200 00 4.0 10 0.05 87.0 80.2 020.0 1.30 002.0 87.2 5.01 0 0 02 90 00.000
 8.5 09.2 
0 0 0 4 5103 40 12 5 0 02 0 2 0 0 00 9 2 1 4 0 1 012 00 40 0 8 20 12 00 000003 100 8000 000
100 003 0 9 10 8 2 02 80 0 0 00 907 00.4 10 23.4 10 0 0.0 14 10.5 10 0 0 1000 00 4.0 10 0.45 87.0 89.0 003.0 1.00 002.0 80.0 0.01 3 5 12 08 10.002
0
 8.5 09.2 08.0 10.0 54.3 022.0 000 0.00 50.0 530.3 1.53 005.08 
98.0 00.5 50.3 120.5 124 5.30 03.2 000.0 0.53 100.98
1 0 0 4 0020 40 00 0 0 02 0 2 0 0 08 0 2 1 4 0 0 900 02 00 9 0 24 00 23 090003 120 8120 056
023 023 5 9 12 8 0 10 09 0 0 82 000 10.0 00 20.4 02 0 0.0 10 02.0 02 0 5 0200 12 4.0 10 0.45 00.0 89.0 023.0 1.35 132.0 87.0 0.20 0 5 02 90 12.002
 8.0 09.0 
1 2 0 4 0020 00 02 5 0 02 0 0 0 1 08 9 0 0 4 5 0 000 02 40 0 8 04 10 20 890220 020 8000 056
023 000 0 9 00 0 0 10 80 0 1 82 080 12.0 10 00.4 02 0 0.0 14 12.5 02 3 5 0000 02 0.0 00 2.45 00.0 09.0 003.3 1.30 032.5 07.2 0.00 0 5 02 08 10.000
0
 0.0 09.0 90.0 00.5 04.3 120.5 100 0.04 00.0 532.0 0.03 005.98 
00.2 10.0 54.3 100.5 004 0.04 03.0 500.0 1.53 105.08
1 2 0 0 0000 40 10 5 5 10 9 2 0 1 00 0 2 1 0 0 0 010 12 00 0 0 24 10 20 890220 104 0020 556
123 103 0 0 10 8 0 02 09 0 1 02 087 02.0 00 23.0 02 0 9.2 10 00.0 02 0 0 0209 02 0.0 02 0.05 80.2 00.2 020.3 1.30 132.0 07.0 0.00 0 0 12 98 12.000
 8.5 00.2 
0 0 0 0 0123 45 00 5 5 02 0 2 0 0 00 0 0 0 4 0 1 002 12 45 9 0 20 02 00 800003 020 8103 556
120 103 0 9 02 0 0 12 80 0 0 80 980 12.0 10 00.4 00 4 9.2 00 00.0 00 0 0 1280 02 0.0 12 2.40 00.0 09.0 000.3 1.30 032.0 80.2 0.20 3 5 12 98 00.000
0
 0.5 09.2 98.2 02.0 54.0 122.0 104 0.00 53.2 530.0 1.03 100.90 
00.0 00.0 00.0 120.5 120 0.30 00.0 530.0 0.53 000.90
1 0 3 0 0120 45 00 0 0 12 0 0 0 1 20 0 0 1 0 5 1 000 10 00 0 8 20 02 00 001220 120 0123 000
103 103 0 0 12 8 2 12 09 0 1 80 007 00.4 05 03.4 00 0 9.0 00 00.0 10 3 5 0209 10 4.0 10 0.00 07.0 00.0 003.0 0.00 030.0 00.0 5.21 0 0 00 08 10.000
 8.5 80.0 
0 0 0 0 5020 00 10 5 0 12 0 2 0 0 00 0 0 0 4 0 1 000 00 40 9 0 00 00 20 091020 020 0020 050
003 020 5 0 12 8 2 10 00 0 0 00 007 00.4 10 03.4 12 0 9.0 00 10.0 12 3 5 0009 12 4.0 02 2.45 80.2 80.0 000.0 0.05 002.0 80.0 5.00 0 0 10 98 12.002
2
 8.5 89.2 08.2 10.5 04.0 120.5 020 5.34 00.2 032.0 1.53 020.90 
98.2 10.0 04.0 020.5 000 0.34 50.0 032.0 0.00 025.00
1 0 0 4 0003 40 00 5 0 10 9 2 0 1 20 0 0 0 4 5 0 010 10 45 0 8 00 02 23 091020 020 8020 000
000 020 0 9 10 0 2 10 09 0 0 00 900 10.0 10 20.0 12 0 0.2 00 02.0 12 3 5 1200 12 0.5 00 0.45 00.2 80.2 123.0 0.05 130.0 80.0 5.00 3 5 00 90 10.020
 0.5 80.2 
0 0 3 0 0100 00 02 5 5 10 0 2 0 0 00 9 2 1 4 0 0 902 00 40 0 0 20 12 00 801003 104 0103 056
000 023 5 0 00 0 0 12 89 0 1 82 000 00.0 10 00.0 02 4 9.0 04 00.5 10 0 0 1280 10 0.0 10 2.45 00.0 80.0 000.0 0.00 100.0 00.2 5.01 0 0 00 08 02.002
0
 8.5 80.0 00.2 10.0 04.0 122.5 000 0.00 03.2 030.0 1.03 125.00 
90.0 10.0 04.0 100.5 124 0.04 5¨.2 000.0 1.53 005.00
0 0 0 0 5103 05 00 0 5 00 0 0 0 1 00 9 2 0 0 5 0 000 00 40 0 0 04 00 00 800003 100 0100 500
100 120 5 0 12 0 0 10 00 0 0 80 907 12.4 05 20.0 10 0 0.0 10 00.5 10 0 0 1280 02 0.0 12 0.45 00.2 09.0 100.3 0.00 102.0 87.0 5.20 3 0 00 98 00.020
 0.0 00.0 
0 2 0 0 0123 45 02 5 0 12 9 0 0 0 20 0 2 0 0 5 0 012 12 05 9 0 24 00 03 801000 024 0000 550
003 100 0 0 10 8 2 00 80 0 1 82 907 10.0 00 23.0 12 4 0.0 14 10.0 10 0 5 0200 00 0.0 00 2.45 07.0 09.0 103.3 1.35 032.5 07.2 5.21 3 5 02 00 10.002
0
 8.5 00.2 00.2 12.5 50.3 002.0 120 0.30 50.0 030.0 0.53 120.08 
98.2 00.5 50.0 100.0 100 0.00 00.2 030.0 0.50 105.90
0 0 3 0 0023 00 10 5 5 02 0 2 0 1 28 9 0 0 0 5 0 012 02 00 0 8 20 12 03 000200 000 8000 500
103 100 0 0 12 8 0 12 80 0 1 80 980 10.4 10 23.4 00 0 0.2 00 12.0 00 3 0 0089 12 0.5 02 0.45 00.0 89.0 003.0 0.00 132.0 87.0 5.00 3 0 00 00 00.022
 0.5 80.2 
0 2 0 0 5023 00 02 0 5 12 9 2 0 1 20 0 0 1 4 5 0 910 00 00 9 8 04 10 20 801000 104 8003 050
000 120 5 0 00 8 0 10 00 0 0 00 900 10.0 15 00.0 00 0 0.0 04 10.0 02 3 0 1000 02 4.0 10 0.45 00.2 00.2 100.3 1.30 030.0 80.0 0.20 3 0 02 00 12.022
2
 0.5 09.2 00.0 10.0 00.0 100.0 004 0.04 03.0 030.0 1.00 020.98 
08.2 00.0 00.0 020.0 024 0.30 00.0 032.0 1.00 000.90
0 2 0 0 0000 40 10 5 5 00 0 2 0 1 00 0 0 0 4 0 0 902 00 05 9 8 20 10 00 001220 100 8103 556
023 020 5 9 12 0 0 10 09 0 0 02 007 10.0 15 20.4 00 0 0.2 00 02.5 10 0 5 0209 10 4.0 10 2.00 07.2 80.2 020.3 1.35 032.5 87.2 5.00 3 5 12 00 02.002
 0.5 00.0 
0 0 0 0 5100 00 10 5 5 02 9 0 0 1 08 0 0 1 0 5 1 002 00 45 0 0 00 02 03 801220 024 0003 006
020 120 0 0 02 0 2 00 09 0 0 80 080 02.4 00 00.4 00 4 0.2 00 02.5 10 0 5 0280 00 0.0 00 2.00 00.0 00.0 000.0 1.00 100.5 07.0 5.01 3 5 02 00 02.022
2
 8.5 09.0 98.0 00.5 54.3 102.5 1,0 5.34 50.2 532.0 1.00 000.90 
08.2 00.0 50.0 120.0 020 0.00 00.0 500.3 1.03 025.00
1 0 0 0 0120 00 10 5 5 00 9 0 0 0 20 0 2 0 4 0 1 010 00 00 0 8 24 02 00 890020 004 0000 550
003 100 0 9 12 8 2 00 00 0 1 02 000 02.4 15 20.4 00 0 9.2 14 10.5 00 3 5 1009 10 0.5 00 0.40 00.0 89.2 000.3 0.00 102.5 07.0 0.00 0 0 02 98 02.020
 0.0 09.0 
1 2 0 0 0003 45 00 0 5 00 9 0 0 0 28 0 2 0 4 0 1 910 10 05 9 0 20 12 03 001003 000 0123 550
103 123 0 0 02 8 0 00 00 0 1 00 987 00.4 05 23.0 00 0 0.0 10 12.0 00 3 0 0000 00 0.5 10 0.40 87.0 89.2 120.3 1.30 002.0 07.0 5.20 0 0 00 08 10.002
0
 0.0 00.0 00.0 00.5 04.0 002.0 120 0.30 00.2 002.0 0.53 005.90 
00.0 02.5 50.0 020.0 000 0.04 00.2 000.3 1.03 125.08
0 0 0 4 5000 40 00 5 5 12 9 2 0 0 00 0 0 1 0 0 0 002 10 40 9 8 00 00 00 000223 024 0020 006
020 120 5 9 02 0 2 00 09 0 0 00 087 10.4 00 20.4 00 0 9.0 14 10.0 00 0 0 1080 00 4.0 10 0.05 00.2 09.0 003.0 0.00 000.0 00.0 5.00 3 5 12 90 12.000
 0.0 09.0 
1 0 0 0 5120 05 12 5 5 00 0 2 0 1 08 0 0 1 0 0 1 000 10 05 0 8 00 12 00 891200 100 0123 000
000 003 0 9 00 8 0 12 80 0 1 80 000 12.0 05 00.0 12 4 0.0 00 10.5 12 0 0 0209 02 4.0 00 2.45 07.0 09.0 120.0 0.00 132.5 87.2 5.21 0 0 10 98 10.020
2
 0.5 80.0 00.0 02.0 00.0 120.0 024 5.04 50.0 032.3 1.00 005.00 
98.2 00.0 54.3 000.5 100 5.00 53.2 530.3 1.53 005.98


-650000000000.000000