0 2 0 4 0000 40 05 0 5 00 0 2 0 0 08 0 8 1 0 0 0 850 90 00 0 0 00 10 84 000823 600 8000 077
040 100 0 9 00 9 2 10 00 0 1 00 080 02.0 07 23.0 00 0 9.0 00 10.0 12 0 0 0070 02 0.5 00 0.00 07.7 00.0 108.0 0.00 009.0 08.2 0.01 3 5 02 00 00.00 0.0 00.0 
0 2 9 7 0020 00 05 0 0 02 0 0 0 0 20 9 0 0 0 5 0 010 07 09 0 0 50 30 00 061500 000 0023 000
000 100 2 9 00 9 0 00 08 0 0 00 707 00.0 00 03.0 00 0 0.2 14 00.0 08 0 0 5000 10 0.0 02 0.00 00.0 09.0 000.3 0.30 930.8 80.0 0.01 0 0 00 00 00.020
 2.0 29.0 80.0 10.0 90.0 090.0 004 0.00 03.0 500.3 6.00 020.78 
00.2 00.6 00.0 002.0 104 0.37 50.8 530.3 0.00 000.00
0 0 0 7 0000 05 12 0 0 00 9 0 0 0 05 0 0 4 0 5 1 030 02 05 0 0 00 00 00 090000 020 8903 056
000 002 0 0 00 0 0 00 80 0 0 00 087 16.0 05 00.0 00 0 0.0 00 10.0 00 0 0 0084 00 4.0 09 2.40 07.0 85.0 000.3 0.35 000.8 07.3 0.00 5 0 00 90 00.420
 0.5 07.0 
0 0 0 5 0100 99 00 5 0 80 0 0 0 0 90 0 0 0 0 5 0 000 04 00 9 8 20 08 00 806000 000 0000 004
103 027 0 0 80 8 0 90 00 0 1 06 007 00.0 00 07.0 00 0 9.0 09 02.0 10 0 5 0000 10 0.5 02 0.60 00.0 99.0 000.7 0.80 000.2 60.0 0.00 3 0 00 08 02.022
2
 0.0 00.0 00.8 78.0 74.0 300.0 000 0.90 00.2 000.0 1.00 100.00 
00.0 02.0 00.0 000.0 100 0.04 00.0 500.0 0.00 120.00
5 0 0 0 0025 40 00 0 0 09 0 0 6 0 78 0 0 0 4 0 0 900 00 00 8 9 57 00 20 000000 000 8020 000
103 000 0 0 60 0 7 70 00 0 0 02 950 12.4 05 03.0 00 0 0.0 00 12.0 00 0 2 0080 00 6.0 02 5.08 40.0 20.9 000.3 0.00 101.0 00.2 0.00 0 9 49 10 05.800
 8.0 09.0 
0 2 0 0 9120 82 00 0 0 02 0 2 7 0 00 9 0 0 0 0 0 400 69 05 9 0 98 10 00 800000 190 9000 000
020 400 0 9 00 8 0 00 00 0 0 80 080 10.0 10 03.0 02 0 8.2 00 00.5 00 7 0 0080 00 0.0 90 0.60 80.4 00.0 000.3 0.05 000.0 00.2 7.20 3 0 02 40 00.000
0
 0.0 00.2 00.0 02.0 84.5 000.0 090 0.00 50.0 070.0 0.00 000.08 
90.0 00.0 00.3 000.0 050 0.04 53.0 500.3 8.50 900.05
0 0 3 0 0000 00 00 7 0 02 0 0 0 1 00 0 0 0 0 0 1 000 02 06 0 0 00 00 00 807000 000 0010 030
100 000 5 0 00 7 2 00 00 0 0 30 000 02.0 90 70.0 04 0 0.0 14 05.5 90 0 0 0003 02 0.0 10 0.40 80.0 00.0 703.0 0.30 880.0 00.9 5.90 0 0 10 00 00.020
 0.0 09.0 
0 0 3 4 5003 08 00 9 0 10 0 2 0 0 90 0 0 1 0 0 0 910 09 59 0 7 00 00 00 000055 005 0000 006
000 000 0 9 10 8 0 00 80 0 2 00 008 30.0 00 20.0 00 0 9.2 10 00.5 00 0 0 0000 00 0.0 90 0.05 07.0 00.0 020.5 0.37 002.3 80.0 8.20 7 0 10 00 02.000
7
 0.0 00.0 05.2 10.0 04.0 100.0 000 0.00 09.0 002.0 1.87 005.00 
08.0 12.0 03.0 020.8 000 0.00 00.9 000.0 0.50 005.00
0 0 0 0 0073 40 00 0 5 08 7 2 0 0 08 0 0 1 4 0 1 000 90 05 9 8 00 10 73 000203 020 6000 000
000 120 8 9 10 0 0 02 89 0 0 00 080 10.5 00 00.5 00 0 9.0 00 18.2 50 0 4 0040 00 4.0 00 0.05 07.0 70.2 007.0 0.00 000.6 04.0 0.00 0 0 00 90 02.000
 0.0 00.0 
0 0 0 0 0000 00 00 0 5 12 0 0 0 0 04 9 8 0 4 0 0 000 02 60 0 8 04 01 20 000200 004 0600 036
000 000 0 0 10 0 0 00 00 0 0 00 080 62.0 85 90.0 02 0 0.2 04 02.0 00 0 5 0080 10 4.0 00 0.40 01.0 85.5 000.3 1.05 000.0 20.2 0.00 3 0 05 00 04.092
0
 0.0 00.0 08.9 00.5 07.0 050.0 000 0.00 00.0 032.0 0.07 020.80 
00.0 10.5 04.0 020.0 120 0.00 53.2 900.2 0.00 070.00
5 0 0 0 0000 00 50 0 0 07 9 0 0 0 00 0 0 7 4 0 0 002 50 00 0 8 00 00 23 800320 000 3000 506
000 000 0 0 10 8 0 02 00 0 0 88 007 62.0 05 00.4 00 7 0.0 10 60.5 00 0 0 0600 10 4.7 05 0.42 80.2 00.2 020.0 1.00 000.5 87.2 4.00 3 0 02 90 00.006
 0.0 00.2 
0 0 0 0 0003 00 60 0 0 01 4 0 0 0 00 0 2 4 0 0 0 000 00 45 0 8 00 00 03 870600 104 0000 300
000 003 0 8 00 0 2 05 90 0 0 00 004 30.4 00 20.4 00 0 0.0 10 00.0 12 0 5 0900 04 0.0 00 2.45 07.2 00.0 100.0 0.00 030.0 07.3 0.00 0 0 00 08 10.009
0
 0.0 89.0 00.0 70.0 00.4 002.0 020 0.60 00.2 000.0 1.50 100.00 
90.2 10.0 03.0 000.5 000 5.30 03.2 500.0 0.50 090.00
0 0 0 0 0000 00 02 5 0 00 9 2 9 1 08 0 0 6 0 5 0 914 00 00 0 9 00 00 00 000000 000 0050 006
004 005 5 9 00 0 0 02 02 7 1 80 007 00.0 00 70.0 02 0 4.0 04 00.5 02 0 5 0280 00 0.0 40 0.00 00.0 00.2 140.3 0.00 002.0 05.0 0.70 6 0 00 05 42.109
 0.5 00.0 
5 2 0 0 0006 40 02 5 0 00 0 0 0 0 08 0 6 0 0 0 0 010 00 40 9 0 00 60 07 062000 000 8090 000
100 000 0 0 02 0 0 00 79 0 6 02 607 00.0 00 00.4 00 4 3.0 00 00.0 00 0 5 1004 00 0.0 10 0.40 00.0 00.0 000.3 0.00 030.0 80.2 0.20 0 5 00 00 02.000
0
 0.0 03.2 98.0 18.5 00.0 002.0 006 0.34 00.2 402.3 6.03 005.00 
00.0 50.6 04.3 100.5 107 0.00 53.0 000.0 0.01 075.00
0 0 3 0 0100 00 10 0 0 12 9 2 4 0 00 0 0 1 0 0 0 010 60 45 0 0 04 44 03 800020 170 0800 080
100 003 5 9 06 0 0 08 79 0 0 04 000 00.4 05 30.0 00 8 0.0 00 10.5 00 0 5 0006 02 0.5 06 0.05 09.0 80.0 000.0 0.00 000.0 00.0 0.00 8 0 10 98 16.000
 3.5 79.2 
0 2 0 4 5993 00 00 5 6 00 0 0 0 0 08 9 0 0 0 5 0 000 02 88 0 0 00 10 20 000000 135 0923 006
020 003 9 9 03 0 0 10 00 0 0 02 000 40.0 00 20.4 50 0 0.0 10 10.5 02 0 0 0000 02 0.0 00 0.40 77.0 09.2 100.0 0.30 037.0 00.0 0.00 4 0 10 00 00.200
0
 0.0 00.0 00.0 70.0 00.0 090.8 000 5.30 00.0 090.7 0.00 090.08 
00.2 08.0 00.0 000.0 200 5.90 00.0 002.3 7.70 205.00
0 2 0 4 0023 00 00 5 0 70 0 0 7 0 00 0 0 0 0 0 0 500 00 45 0 8 00 00 00 098003 004 0060 300
108 000 0 0 00 0 0 01 00 0 9 50 037 00.0 60 00.0 82 0 0.0 00 02.0 90 3 0 0289 04 0.5 10 0.00 07.0 89.0 100.0 0.00 007.0 07.0 9.00 0 0 00 08 00.303
 0.0 00.0 
0 0 0 0 5080 05 00 0 0 22 9 0 0 5 00 9 0 0 0 0 0 032 02 00 9 0 08 00 30 990206 000 0003 000
000 107 0 0 02 0 7 07 09 9 8 00 907 00.0 30 00.9 10 0 0.2 41 10.0 02 4 5 0400 10 4.0 02 0.07 00.4 80.6 000.0 9.70 782.0 00.2 0.00 6 0 00 08 19.002
0
 8.5 80.4 80.0 00.4 00.3 000.5 100 0.36 50.0 002.0 0.03 620.90 
00.0 00.0 90.3 440.5 101 0.00 50.0 038.0 0.50 030.98
1 8 3 0 0003 00 00 0 5 02 0 5 7 0 00 9 0 0 0 0 0 007 08 00 0 0 00 00 00 000200 129 0000 000
000 020 2 0 10 8 0 10 03 6 1 90 007 02.0 00 00.4 17 0 0.0 00 02.0 12 0 0 1209 02 0.5 00 0.00 00.5 20.8 890.0 0.50 040.0 00.0 0.00 0 5 00 90 02.000
 0.5 00.2 
0 0 3 4 0023 00 10 0 7 00 8 0 0 9 00 0 3 9 0 5 0 500 00 07 0 8 00 00 03 000020 076 0065 506
000 100 5 0 00 0 0 00 09 0 0 02 046 00.0 80 20.4 18 0 0.2 09 00.0 12 3 0 0207 10 0.0 09 2.00 00.2 06.0 006.0 9.90 100.0 86.0 0.00 3 5 06 08 00.950
0
 0.0 09.0 08.0 00.0 00.4 000.0 000 9.00 00.0 050.0 0.00 065.98 
08.2 00.0 00.0 000.0 000 0.80 57.0 000.0 0.50 000.00
0 0 0 0 0020 00 00 5 0 62 0 0 0 0 08 0 2 0 0 0 0 010 40 00 0 8 00 00 00 000000 844 0000 056
400 600 0 0 02 4 0 00 05 0 1 00 080 09.0 17 23.0 00 0 9.0 00 00.0 10 0 0 1008 10 0.0 30 0.40 00.0 09.0 003.3 0.00 030.0 00.5 0.20 0 5 02 08 10.000
 8.5 00.0 
1 9 0 4 5100 40 00 5 0 00 0 2 0 9 00 0 0 0 4 0 0 700 00 05 0 0 20 10 30 801006 100 0073 000
000 090 0 9 02 0 0 00 00 8 0 08 180 00.4 00 00.4 12 2 0.2 00 00.0 00 0 5 0000 02 4.0 00 0.00 00.2 00.2 150.3 0.00 030.0 03.0 5.00 0 5 10 00 30.000
0
 0.0 80.0 00.2 10.5 00.0 006.0 020 0.00 85.0 500.0 0.00 945.00 
05.0 02.0 04.0 093.5 100 0.00 00.2 002.4 0.00 000.00
0 0 0 0 0820 05 60 0 0 00 0 0 6 0 00 4 0 0 0 2 5 010 02 40 0 8 20 02 20 800020 630 0100 000
703 020 0 0 00 0 2 00 60 0 0 02 607 92.0 05 03.4 06 0 9.0 04 00.0 00 0 0 0000 00 0.5 00 0.08 00.0 80.8 020.5 1.95 000.0 89.2 0.00 0 0 12 80 00.900
 0.0 00.0 
0 0 0 0 0190 40 02 4 3 17 0 0 9 0 28 0 7 0 0 0 8 700 75 06 9 8 20 15 00 400000 920 8000 000
120 000 0 0 00 0 0 02 09 0 6 82 000 10.0 00 20.0 14 9 0.2 04 00.0 02 0 0 4080 02 9.0 10 2.02 07.0 00.0 000.3 4.00 102.0 80.7 0.00 5 5 00 00 10.000
4
 8.0 80.0 00.0 05.0 50.0 100.5 020 6.04 58.0 030.1 0.50 000.08 
00.0 30.0 00.3 001.0 007 0.04 00.0 500.0 0.53 005.00
2 2 0 7 6100 40 00 0 0 10 9 0 0 1 08 0 0 0 4 0 0 900 00 00 0 0 20 00 30 890023 700 0100 000
120 720 0 0 00 0 0 00 00 8 0 00 880 10.0 00 93.0 02 0 0.2 00 42.0 00 9 0 0009 00 0.0 00 0.00 00.5 70.0 606.0 0.35 000.0 02.0 8.71 8 5 00 90 60.700
 0.0 89.0 
0 0 0 0 7000 40 00 0 0 00 4 8 0 0 20 5 2 1 4 0 0 010 02 05 0 0 20 02 20 000023 000 8120 902
000 900 3 0 10 0 0 00 00 0 1 02 000 00.0 15 00.4 00 0 0.0 00 00.0 10 3 0 0200 00 0.0 00 0.60 20.0 00.0 100.0 0.00 430.5 07.2 0.01 0 0 62 00 00.520
0
 0.0 80.2 09.0 10.5 04.3 100.5 007 0.30 03.0 000.0 0.70 005.90 
98.2 10.7 00.3 000.0 020 0.05 00.2 500.0 8.03 025.00
0 0 0 0 0050 05 00 0 5 00 0 9 0 0 28 0 2 3 4 0 0 074 02 75 0 0 00 30 23 307000 024 0120 006
523 163 0 9 00 6 6 00 89 0 0 88 110 00.0 10 00.0 12 4 0.0 90 00.9 00 0 0 0000 00 0.0 10 0.05 87.0 09.0 000.3 0.30 005.5 80.2 0.00 0 5 00 08 00.020
 0.0 00.2 
0 2 0 0 0020 05 60 0 0 00 9 0 7 6 08 0 0 0 7 5 0 002 00 00 9 1 24 17 00 890907 000 0000 509
020 000 0 0 80 0 2 00 00 0 0 80 080 00.0 05 20.6 11 4 0.2 00 10.0 10 0 5 1200 10 0.5 00 2.45 00.0 00.0 000.0 0.55 300.5 00.0 5.01 0 0 04 00 90.800
0
 8.0 00.0 00.2 02.5 20.0 000.5 080 5.09 09.0 007.0 4.00 025.90 
98.0 00.0 00.0 940.5 000 5.04 03.0 002.0 7.56 000.04


-005300000000.000000