0 2 0 4 5147 45 15 5 5 01 0 2 0 2 68 0 8 1 5 8 6 850 92 45 0 4 24 14 84 607823 684 8103 977
743 143 8 9 02 9 2 14 00 7 1 52 987 12.6 67 23.4 13 0 9.2 87 12.5 12 9 5 1970 92 8.5 10 2.46 87.7 89.2 128.3 0.35 859.5 88.2 6.71 3 5 12 88 10.88 0.8 85.9 
9 2 9 7 1022 05 15 5 0 82 9 0 8 3 28 9 0 0 4 5 0 711 77 49 9 3 54 37 25 861580 000 8023 994
923 173 2 9 82 9 0 80 88 8 1 92 787 14.4 15 93.4 12 4 0.2 14 63.7 18 4 8 5089 12 4.0 12 5.60 86.9 99.2 123.3 5.39 932.8 87.6 4.01 3 7 12 94 15.422
 2.5 29.4 80.0 18.5 99.0 198.9 124 5.84 43.5 552.3 6.76 025.78 
36.2 49.6 50.2 092.0 104 2.37 59.8 532.3 0.59 125.98
1 0 3 7 8159 45 12 5 6 02 9 2 5 0 45 3 2 4 0 5 1 932 12 45 6 9 24 23 03 891038 824 8993 556
329 972 5 9 18 8 2 72 86 6 1 95 087 16.9 35 25.0 12 9 9.2 50 12.5 52 0 0 3284 90 4.5 49 2.48 07.0 85.4 123.3 0.35 106.8 67.3 0.21 5 6 10 98 17.427
 0.5 77.2 
0 2 0 5 0126 99 97 5 5 83 7 2 9 6 98 7 2 1 5 5 0 910 34 45 9 8 27 08 83 806820 628 7723 994
183 127 9 9 82 8 2 94 80 0 1 86 887 10.9 35 27.0 12 4 9.8 19 12.0 15 2 5 1209 13 5.5 12 9.65 86.7 99.0 126.7 1.89 077.2 65.7 6.20 3 0 42 48 52.922
2
 3.8 84.2 48.8 78.0 74.4 320.9 054 0.94 90.2 636.4 1.49 126.90 
08.0 12.8 54.8 152.5 124 2.34 58.2 542.3 7.30 120.99
5 2 0 2 5925 43 60 2 5 19 9 0 6 8 78 0 6 9 4 0 9 994 82 55 8 9 57 03 26 890723 326 8621 059
123 820 5 8 60 9 7 72 89 0 9 72 957 12.4 45 63.4 89 0 9.9 84 12.5 40 4 2 1188 10 6.5 02 5.48 49.4 28.9 273.3 0.00 131.5 07.2 2.80 0 9 49 18 15.829
 8.0 79.6 
1 2 3 4 9125 82 17 9 5 02 0 2 7 3 29 9 8 2 3 5 1 462 69 45 9 0 98 10 86 891066 194 9993 086
123 433 0 9 10 8 8 42 60 0 9 82 086 12.3 10 23.4 82 4 8.2 14 09.5 70 7 5 9289 06 6.6 92 2.68 87.4 89.2 493.3 7.35 109.5 02.2 7.27 3 6 12 48 02.852
2
 4.5 00.2 98.5 02.0 84.5 792.6 197 0.00 50.0 577.0 1.03 770.98 
95.7 02.6 27.3 002.5 150 9.54 53.8 500.3 8.55 907.95
0 6 3 6 5800 05 17 7 5 82 0 6 1 1 28 6 2 0 1 5 1 910 82 96 9 0 08 16 28 867723 124 8016 534
108 603 5 9 03 7 2 82 83 0 8 32 601 22.4 94 73.3 14 4 4.2 14 65.5 97 9 5 9283 92 4.5 14 2.40 87.5 95.4 793.3 3.38 883.3 80.9 5.98 7 9 13 90 16.425
 9.5 79.9 
0 3 3 4 5023 58 00 9 5 10 9 2 9 1 99 0 7 1 8 7 9 910 19 59 9 7 20 04 20 891755 195 8149 556
363 023 8 9 12 8 8 10 81 6 2 07 908 30.9 25 23.2 64 4 9.2 15 14.5 17 5 5 1288 72 9.0 96 2.45 87.7 88.1 823.5 5.37 032.3 87.9 8.20 7 0 12 94 02.272
7
 4.5 88.0 95.2 10.5 54.9 106.5 129 7.33 99.9 062.3 1.87 995.99 
08.0 12.9 53.0 427.8 524 5.54 80.9 527.8 0.53 895.98
1 2 8 7 5873 47 06 9 5 18 7 2 0 8 08 6 8 1 4 5 1 902 92 85 9 8 58 19 73 098203 127 6083 570
728 123 8 9 10 7 2 32 89 4 7 05 087 18.5 01 65.5 00 0 9.9 96 18.2 52 4 4 0246 19 4.4 09 8.45 47.9 77.2 727.0 0.99 005.6 54.0 5.21 3 6 12 97 92.722
 9.5 00.9 
8 2 3 4 4323 40 12 6 5 12 4 8 0 0 84 9 8 7 4 0 9 012 12 64 9 8 64 11 23 070223 964 8643 636
904 133 9 9 12 5 2 97 85 0 1 32 988 62.4 85 93.4 62 0 9.2 74 12.5 10 0 5 1280 18 4.0 92 7.45 81.0 85.5 528.3 1.35 939.5 20.2 0.20 3 5 15 78 94.892
2
 8.5 80.0 58.9 92.5 07.7 750.9 188 5.37 99.9 032.3 5.27 022.88 
91.2 18.5 34.3 422.3 124 0.34 53.2 981.2 1.31 670.37
5 1 3 4 5828 90 50 7 8 67 9 9 6 9 70 9 2 7 4 0 1 402 53 00 6 8 80 27 23 891328 606 3523 516
003 759 8 0 12 8 7 52 08 6 1 88 587 62.5 85 83.4 90 7 7.8 13 66.5 92 5 0 3689 12 4.7 85 7.42 87.2 90.2 123.3 1.35 733.5 87.2 4.20 3 9 82 98 29.886
 9.5 86.2 
0 9 8 4 5163 40 66 5 5 11 4 2 8 9 57 0 2 4 4 7 0 910 10 45 0 8 24 90 03 871627 104 8103 356
127 193 1 8 92 8 2 75 99 4 1 89 984 30.4 90 28.4 12 6 4.7 10 12.5 12 3 5 5989 14 4.5 74 2.45 87.2 89.1 185.7 1.25 032.8 87.3 5.20 7 8 32 08 19.979
3
 6.5 89.2 01.9 73.7 56.4 062.4 122 5.64 63.2 262.3 1.53 125.37 
90.2 16.9 43.0 798.5 124 5.34 53.2 530.7 0.50 094.98
1 2 8 5 3480 40 12 5 2 00 9 2 9 1 28 9 0 6 6 5 1 914 72 49 0 9 84 02 20 590286 744 6053 056
504 185 5 9 13 7 8 12 12 7 1 80 697 18.4 38 73.7 12 4 4.2 14 58.5 02 0 5 1287 02 4.6 42 0.75 77.2 79.2 149.3 9.37 102.5 65.2 5.71 6 5 17 95 42.129
 8.5 80.0 
5 2 9 4 9926 45 12 5 5 18 3 2 4 1 38 9 6 1 0 5 8 913 17 45 9 8 04 62 27 062723 524 8993 073
193 123 6 4 02 1 2 72 79 3 6 02 687 12.7 15 83.4 10 4 3.9 18 16.5 64 6 5 1084 00 4.0 17 2.40 37.6 89.2 100.3 1.95 132.8 87.2 5.20 3 5 18 98 02.522
2
 8.5 83.2 98.2 18.5 57.6 522.5 086 5.34 73.2 492.3 6.43 175.73 
98.2 59.6 54.3 102.5 187 0.00 53.6 909.9 0.21 875.96
7 2 3 0 5100 40 19 0 3 12 9 2 4 4 20 5 5 1 8 5 7 910 62 45 9 8 24 44 03 874928 170 0873 585
142 153 5 9 96 0 4 68 79 2 1 84 090 70.4 45 33.4 15 8 5.2 99 12.5 05 3 5 1286 12 1.5 86 2.05 09.9 88.2 639.3 9.35 107.5 88.2 2.49 8 9 12 98 16.722
 3.5 79.2 
0 2 3 4 5993 45 72 5 6 12 0 0 2 5 58 9 2 8 4 5 0 002 52 88 9 8 46 19 20 791427 135 0923 566
320 483 9 9 13 9 8 15 69 0 1 82 988 48.7 60 22.4 52 4 9.2 19 10.5 12 3 8 7759 12 0.0 10 4.45 77.7 89.2 123.0 9.30 037.6 87.9 7.27 4 7 12 98 99.274
5
 5.9 62.2 58.2 77.5 89.4 597.8 660 5.34 59.2 591.7 0.50 495.98 
37.2 18.0 78.5 042.5 264 5.95 54.5 532.3 7.77 265.74
1 2 0 4 5423 44 20 5 5 78 7 0 7 0 03 2 2 0 0 0 1 592 52 45 9 8 08 02 23 098723 524 8865 335
128 025 7 9 19 8 3 11 90 0 9 56 137 92.4 65 33.7 82 0 4.8 09 62.9 94 3 5 1289 54 8.5 14 2.40 87.9 89.2 120.3 1.35 137.5 87.9 9.71 3 5 82 98 12.303
 0.0 60.5 
1 0 3 0 5189 45 15 5 5 22 9 0 4 5 09 9 8 3 0 0 0 832 82 45 9 0 28 12 33 991226 824 8063 554
878 187 5 5 02 0 7 17 89 9 8 80 987 12.7 39 02.9 12 9 9.2 41 12.8 02 4 5 0486 14 4.5 12 7.67 07.4 89.6 023.0 9.75 782.5 09.2 8.24 6 2 02 08 19.052
2
 8.5 89.4 82.8 07.4 54.3 148.5 108 5.36 50.0 002.3 2.73 627.98 
38.2 92.0 94.3 442.5 121 0.91 53.5 538.0 1.53 539.98
1 8 3 4 5123 05 10 5 5 12 9 5 7 7 96 9 2 1 3 5 1 997 18 40 0 8 29 03 79 000273 129 8830 555
629 125 2 9 12 8 1 10 33 6 1 92 967 12.0 13 53.4 17 9 9.4 04 92.5 12 3 9 1259 72 2.5 13 2.40 00.5 20.8 893.1 4.50 142.9 81.7 4.07 4 5 15 98 92.926
 8.5 83.2 
1 2 3 4 6123 45 12 5 7 07 8 2 9 9 20 0 3 9 4 5 5 502 57 47 9 8 87 10 93 993223 176 9865 556
467 136 5 9 32 8 4 75 89 6 1 82 946 92.8 85 25.4 18 4 0.2 89 08.0 12 3 5 9287 18 0.5 89 2.03 80.2 86.2 656.3 9.98 135.1 86.7 2.25 3 5 06 78 90.955
0
 8.6 89.0 98.3 19.9 84.4 122.7 089 9.39 50.2 552.3 1.78 365.98 
78.2 00.5 83.9 062.0 183 7.84 57.9 502.8 9.58 158.79
1 0 3 7 9023 59 02 5 5 62 9 6 5 1 78 9 2 0 4 2 6 913 42 08 9 8 08 62 33 291283 844 8623 856
429 696 7 3 12 4 9 12 85 7 1 82 987 19.0 17 23.8 14 6 9.0 54 04.5 16 3 0 1208 18 4.5 32 2.45 27.9 99.2 183.3 1.33 138.5 09.5 5.29 0 5 52 98 10.000
 8.5 04.2 
1 9 2 4 5123 46 02 5 7 10 0 2 7 9 99 0 2 0 4 5 1 708 12 95 9 0 26 18 33 801106 102 0273 190
963 295 5 9 02 8 0 02 74 8 9 08 180 13.4 08 27.4 12 2 9.2 45 69.5 60 1 5 4498 42 4.4 12 8.35 84.2 39.2 153.3 5.60 132.3 93.2 5.20 3 5 13 99 31.627
1
 8.0 89.6 00.2 16.5 94.3 086.4 720 5.77 85.2 552.3 9.83 945.98 
95.3 92.5 54.3 093.5 128 5.49 53.2 902.4 1.83 926.96
1 2 8 5 8823 05 62 7 7 42 9 6 6 1 28 4 8 1 6 2 5 516 12 40 7 8 24 12 23 890223 630 8106 366
733 120 6 9 02 8 2 10 69 4 0 82 687 92.7 45 03.4 06 9 9.8 04 79.0 34 0 3 2280 47 4.5 02 2.78 68.2 80.8 128.5 1.95 902.5 89.2 2.52 8 8 12 80 19.997
 7.5 89.0 
6 2 3 0 5190 46 12 4 3 17 9 4 9 6 28 9 7 2 4 0 8 752 75 46 9 8 28 15 03 423200 926 8163 556
126 013 9 0 93 8 8 42 29 7 6 82 687 12.4 76 23.4 14 9 6.2 14 82.0 12 9 5 4389 02 9.0 14 2.02 87.0 63.2 994.3 4.08 152.5 81.7 5.21 5 5 60 08 12.870
4
 8.5 89.2 08.8 15.3 57.3 144.5 124 6.04 58.9 732.1 7.55 900.88 
90.0 30.6 54.3 021.3 497 5.34 70.2 502.7 5.53 855.90
2 2 5 7 6123 45 83 8 5 19 9 5 7 1 58 6 2 5 4 5 9 902 02 05 9 6 25 16 33 890223 788 2108 586
123 720 5 7 17 7 0 12 67 8 0 90 889 11.0 86 93.4 02 8 8.2 14 42.0 44 9 9 1089 12 4.7 98 6.05 80.5 79.3 676.9 1.35 830.0 82.9 8.71 8 5 12 98 62.792
 5.5 89.2 
1 2 9 8 7188 40 12 3 5 62 4 8 9 0 20 5 2 1 4 0 1 910 12 45 9 8 20 12 26 006223 527 8123 902
143 928 3 9 10 8 0 70 88 8 1 82 007 17.4 15 23.4 70 7 9.6 94 10.4 18 3 0 0285 14 4.5 92 0.69 24.7 89.9 123.7 1.48 433.5 07.2 5.21 0 5 62 48 02.528
2
 6.5 87.2 79.7 18.5 54.3 192.5 827 5.33 43.0 533.0 5.73 125.94 
98.2 11.7 59.3 122.6 124 7.05 58.2 580.7 8.33 125.07
7 4 3 4 3054 45 10 0 5 80 9 9 0 1 28 8 2 3 4 8 1 874 02 75 0 8 27 30 23 307223 124 8128 056
523 163 5 9 78 6 6 04 89 6 0 88 117 19.8 15 35.8 12 4 9.6 94 85.9 14 3 7 5479 82 4.5 17 1.45 87.0 89.2 773.3 1.34 495.5 80.2 5.58 3 5 19 08 56.926
 9.0 89.2 
1 2 9 4 0123 45 62 5 9 16 9 5 7 6 28 3 0 9 7 5 0 982 12 40 9 1 24 17 29 897907 891 0173 509
623 130 5 8 89 5 2 56 06 0 5 82 080 80.4 55 20.6 11 4 9.2 57 12.5 12 3 5 1289 12 8.5 12 2.45 87.2 89.0 120.2 7.55 302.5 07.2 5.81 0 9 14 80 92.806
9
 8.5 83.3 94.2 62.5 28.5 005.5 084 5.99 59.2 637.8 4.83 025.95 
98.2 12.5 59.9 942.5 623 5.34 03.0 832.6 7.56 800.14


655360000000.000000