0 2 0 4 5147 45 15 5 5 00 0 2 0 0 68 0 8 1 5 0 6 850 92 45 0 0 24 10 84 600823 684 8103 977
043 103 8 9 02 9 2 14 00 0 1 52 987 02.6 67 23.4 13 0 9.0 80 12.5 12 9 5 1970 92 8.5 10 2.40 87.7 89.2 128.3 0.35 059.5 88.2 6.71 3 5 12 88 10.08 0.8 80.0 
0 2 9 7 0020 05 15 5 0 82 9 0 8 0 20 9 0 0 4 5 0 011 77 49 0 0 54 37 20 861500 000 8023 900
023 173 2 9 02 9 0 80 88 8 1 92 787 10.4 15 93.4 12 4 0.2 14 60.7 18 0 0 5089 12 4.0 12 5.00 80.9 99.2 123.3 0.39 932.8 87.6 4.01 0 0 12 90 15.022
 2.5 29.4 80.0 18.5 90.0 098.9 124 5.04 43.5 552.3 6.06 025.78 
30.2 49.6 50.2 002.0 104 2.37 59.8 532.3 0.59 125.00
1 0 3 7 8150 45 12 5 0 02 9 2 5 0 05 3 2 4 0 5 1 932 12 45 6 9 24 20 03 891038 024 8993 556
029 072 5 9 18 8 2 72 86 6 1 95 087 16.9 05 25.0 12 0 9.2 00 12.5 52 0 0 3284 00 4.5 49 2.48 07.0 85.0 123.3 0.35 100.8 67.3 0.21 5 6 10 98 17.420
 0.5 77.2 
0 2 0 5 0120 99 07 5 5 83 0 2 9 0 98 0 2 1 0 5 0 910 34 40 9 8 20 08 03 806020 020 0023 094
103 127 9 9 82 8 2 94 80 0 1 86 887 10.9 35 27.0 12 4 9.8 09 12.0 15 2 5 1209 10 0.5 12 9.65 86.0 99.0 126.7 1.80 070.2 65.7 6.20 3 0 42 48 52.922
2
 3.0 80.2 08.8 78.0 74.0 320.0 004 0.94 90.2 636.4 1.40 126.90 
08.0 12.8 54.8 102.5 124 0.34 50.2 502.3 7.00 120.99
5 2 0 2 5025 40 00 0 5 19 9 0 6 0 78 0 6 0 4 0 9 990 02 05 8 9 57 00 20 800023 326 8621 059
123 020 5 0 60 9 7 70 89 0 9 02 957 12.4 05 03.4 89 0 9.9 80 12.5 00 4 2 1088 10 6.5 02 5.48 49.0 28.9 073.3 0.00 131.5 07.2 0.80 0 9 49 18 15.820
 8.0 09.6 
1 2 3 4 9120 82 10 9 5 02 0 2 7 0 20 9 0 0 3 5 1 402 69 45 9 0 98 10 06 891066 194 9993 086
120 400 0 9 10 8 8 42 60 0 0 82 086 12.3 10 23.0 82 4 8.2 14 00.5 70 7 5 0289 00 6.0 92 2.68 87.4 89.2 403.3 0.35 109.5 00.2 7.20 3 6 12 48 02.052
2
 4.5 00.2 98.5 02.0 84.5 092.0 190 0.00 50.0 570.0 1.03 070.98 
90.7 02.6 00.3 002.5 150 9.54 53.0 500.3 8.55 900.95
0 6 3 0 5800 05 17 7 5 02 0 0 0 1 28 0 2 0 1 5 1 910 02 96 9 0 08 10 20 807723 124 8016 034
100 603 5 0 03 7 2 02 80 0 8 32 001 02.0 90 73.3 14 4 4.2 14 05.5 97 9 5 9283 92 4.5 14 2.40 87.5 05.4 703.3 0.38 880.0 80.9 5.90 0 0 13 90 16.420
 9.5 09.9 
0 0 3 4 5023 08 00 9 5 10 9 2 0 1 90 0 7 1 0 7 9 910 19 59 9 7 20 04 20 891055 105 8100 556
303 023 8 9 12 8 0 10 81 0 2 00 908 30.0 05 23.0 00 4 9.2 10 14.5 17 5 5 1080 72 0.0 96 2.45 87.7 88.1 823.5 0.37 032.3 80.9 8.20 7 0 12 94 02.202
7
 4.0 80.0 95.2 10.5 54.0 106.5 129 0.30 99.0 002.3 1.87 995.90 
08.0 12.0 53.0 020.8 524 5.04 80.9 527.0 0.53 005.90
1 2 8 0 5873 47 06 9 5 08 7 2 0 0 08 6 0 1 4 5 1 900 92 85 9 8 58 10 73 090203 127 6003 570
028 123 8 9 10 7 2 02 89 4 0 00 087 18.5 00 05.5 00 0 9.9 96 18.2 52 0 4 0246 19 4.4 00 8.05 47.0 77.2 727.0 0.99 005.6 54.0 5.21 3 6 12 97 92.022
 9.5 00.9 
0 2 3 4 0023 40 12 0 5 12 0 0 0 0 04 9 8 7 4 0 0 012 12 60 9 8 04 11 23 070223 004 8603 636
904 133 9 9 12 0 2 97 80 0 1 32 988 62.4 85 93.4 02 0 9.2 74 12.5 10 0 5 1280 10 4.0 92 7.45 01.0 85.5 000.3 1.35 939.5 20.2 0.20 3 5 15 08 04.892
2
 8.5 80.0 58.9 02.5 07.7 750.9 108 0.37 09.0 032.3 0.07 020.88 
90.2 10.5 04.3 422.3 124 0.34 53.2 900.2 1.00 070.37
5 1 3 4 5828 00 50 7 0 67 9 9 6 9 00 9 2 7 4 0 1 002 50 00 0 8 00 07 23 801328 006 3523 516
003 759 8 0 12 8 7 02 00 6 1 88 587 62.5 05 83.4 90 7 7.0 13 66.5 02 0 0 0689 12 4.7 05 7.42 80.2 00.2 123.3 1.35 733.5 87.2 4.20 3 9 82 98 00.006
 9.5 86.2 
0 0 0 4 5103 40 60 5 5 11 4 2 8 9 57 0 2 4 4 0 0 910 10 45 0 8 24 00 03 871620 104 8103 356
127 103 0 8 02 8 2 05 99 0 1 89 984 30.4 90 20.4 12 6 0.0 10 12.5 12 3 5 0989 14 4.5 04 2.45 07.2 89.0 105.7 1.25 032.8 87.3 5.20 7 0 02 08 10.979
0
 6.5 89.2 00.9 73.0 50.4 002.4 122 5.64 63.2 262.3 1.53 125.37 
90.2 16.9 43.0 708.5 124 5.34 53.2 530.7 0.50 090.08
1 2 8 5 0480 40 12 5 2 00 9 2 9 1 28 9 0 6 0 5 1 914 72 49 0 9 84 02 20 590286 004 0053 056
504 185 5 9 00 0 8 12 02 7 1 80 097 10.4 00 73.0 12 4 4.2 14 00.5 02 0 5 1287 02 4.6 42 0.75 07.2 09.2 140.3 0.30 102.5 05.2 5.71 6 5 17 95 42.129
 8.5 00.0 
5 2 9 4 9026 45 12 5 5 18 0 2 4 1 38 9 6 1 0 5 0 910 10 45 9 8 04 62 27 062723 524 8993 070
193 123 6 0 02 0 2 72 79 3 6 02 687 12.0 15 83.4 10 4 3.0 18 00.5 04 6 5 1084 00 4.0 17 2.40 07.6 89.2 100.3 1.95 132.0 87.2 5.20 3 5 18 98 02.022
2
 8.5 83.2 98.2 18.5 57.0 022.5 086 5.34 03.2 402.3 6.43 175.70 
08.2 59.6 54.3 102.5 187 0.00 53.0 909.9 0.21 875.90
7 2 3 0 5100 40 10 0 3 12 9 2 4 0 20 0 0 1 0 5 7 910 62 45 9 8 24 44 03 800928 170 0803 585
142 103 5 9 06 0 4 68 79 2 1 84 090 00.4 05 33.4 15 8 0.2 09 12.5 00 3 5 1286 12 0.5 06 2.05 09.9 88.2 039.3 9.35 107.5 80.2 2.40 8 0 12 98 16.722
 3.5 79.2 
0 2 3 4 5993 45 72 5 6 12 0 0 0 0 58 9 2 0 4 5 0 000 52 88 9 8 00 10 20 091420 135 0923 566
320 083 9 9 13 9 8 15 69 0 1 82 980 48.7 60 20.4 52 4 9.2 19 10.5 12 3 8 0009 12 0.0 10 4.45 77.7 89.2 123.0 0.30 037.0 87.9 0.20 4 7 12 98 99.274
5
 5.9 60.2 58.2 77.0 00.4 597.8 060 5.34 59.2 590.7 0.50 495.98 
00.2 18.0 78.5 042.5 204 5.90 54.5 532.3 7.70 205.74
1 2 0 4 5423 40 20 5 5 70 0 0 7 0 03 2 2 0 0 0 1 592 52 45 9 8 08 02 23 098023 524 8060 335
128 025 0 9 19 8 3 11 90 0 9 56 137 92.4 65 03.7 82 0 0.8 09 02.9 90 3 5 1289 54 8.5 10 2.40 87.0 89.2 120.3 1.35 137.5 87.9 9.71 3 5 82 98 12.303
 0.0 60.5 
1 0 3 0 5180 45 15 5 5 22 9 0 4 5 09 9 8 0 0 0 0 832 02 45 9 0 28 12 33 991226 024 8003 554
000 107 5 5 02 0 7 17 89 9 8 80 987 02.0 30 00.9 12 9 9.2 41 12.0 02 4 5 0486 10 4.5 12 0.07 07.4 89.6 023.0 9.75 782.5 09.2 0.24 6 2 02 08 19.052
2
 8.5 89.4 80.8 07.4 54.3 100.5 108 5.36 50.0 002.3 0.73 620.98 
38.2 92.0 94.3 442.5 121 0.91 53.5 538.0 1.53 039.98
1 8 3 4 5123 05 10 5 5 12 9 5 7 7 96 9 2 1 3 5 1 907 18 40 0 8 29 03 09 000203 129 8000 550
620 125 2 9 12 8 1 10 03 6 1 92 967 12.0 10 53.4 17 0 9.4 04 02.5 12 3 0 1259 02 2.5 13 2.40 00.5 20.8 890.1 0.50 142.0 80.0 4.07 0 5 10 98 92.926
 8.5 83.2 
1 2 3 4 0123 45 12 5 7 07 8 2 0 9 20 0 3 9 4 5 5 502 57 47 9 8 87 10 03 990223 176 0065 556
400 136 5 9 32 8 0 05 89 0 1 82 946 02.8 85 25.4 18 4 0.2 89 00.0 12 3 5 9287 18 0.5 89 2.00 80.2 86.2 006.3 9.90 130.1 86.0 2.25 3 5 06 08 00.950
0
 8.6 89.0 08.0 19.9 04.4 122.0 080 9.30 50.2 552.3 1.70 365.98 
08.2 00.5 00.9 002.0 180 7.84 57.0 502.0 0.58 100.79
1 0 3 7 0023 09 02 5 5 62 9 0 0 1 78 9 2 0 4 2 6 913 42 08 9 8 08 62 33 091280 844 8623 056
429 600 7 3 12 4 0 12 85 0 1 02 980 19.0 17 23.8 14 0 9.0 04 00.5 16 3 0 1208 10 4.5 32 2.45 07.0 99.2 183.3 1.33 138.5 00.5 5.20 0 5 52 98 10.000
 8.5 00.2 
1 9 0 4 5123 46 02 5 0 10 0 2 7 9 09 0 2 0 4 0 1 708 12 05 9 0 26 18 33 801106 100 0073 190
003 290 5 9 02 8 0 02 04 8 0 08 180 10.4 00 20.4 12 2 9.2 00 09.5 00 0 5 0408 02 4.4 12 0.35 84.2 09.2 153.3 5.00 132.0 03.2 5.20 3 5 10 99 30.627
1
 8.0 89.0 00.2 16.5 94.0 086.4 720 5.07 85.2 502.3 9.80 945.98 
95.3 92.5 54.3 093.5 128 5.09 53.2 902.4 1.83 920.00
1 2 0 0 8823 05 62 0 0 02 9 6 6 1 28 4 0 1 6 2 5 010 12 40 0 8 24 12 23 890223 630 8106 366
733 120 6 0 02 8 2 10 69 4 0 82 687 92.7 45 03.4 06 0 9.0 04 09.0 30 0 3 0280 47 4.5 02 2.78 00.2 80.8 120.5 1.95 902.5 89.2 0.50 8 8 12 80 19.990
 7.5 89.0 
6 2 3 0 5190 40 12 4 3 17 9 0 9 6 28 9 7 2 4 0 8 702 75 46 9 8 20 15 03 403200 920 8103 556
126 013 9 0 93 8 8 42 09 0 6 82 087 12.4 06 23.4 14 9 0.2 14 02.0 12 9 5 4389 02 9.0 14 2.02 87.0 60.0 904.3 4.00 102.5 81.7 5.21 5 5 00 08 12.070
4
 8.5 89.2 08.0 15.3 57.3 144.5 124 6.04 58.9 032.1 7.50 900.08 
90.0 30.6 54.3 021.0 097 5.34 70.2 502.7 0.53 055.90
2 2 5 7 6123 45 03 8 5 10 9 5 7 1 58 0 2 0 4 5 9 902 02 00 9 6 25 16 33 890223 788 0108 586
123 720 5 0 17 0 0 02 00 8 0 00 889 10.0 86 93.4 02 8 0.2 14 42.0 04 9 0 1089 12 4.7 00 6.05 80.5 79.3 676.0 1.35 800.0 82.0 8.71 8 5 12 98 62.792
 0.5 89.2 
1 2 9 0 7180 40 12 0 5 02 4 8 9 0 20 5 2 1 4 0 1 910 12 45 9 8 20 12 26 006223 520 8123 902
103 920 3 9 10 8 0 70 88 0 1 82 007 17.4 15 23.4 70 0 9.6 04 10.4 18 3 0 0285 10 4.0 92 0.69 20.7 89.9 123.7 1.00 433.5 07.2 5.21 0 5 62 48 02.528
2
 0.5 87.2 09.7 18.5 54.3 192.5 027 5.33 03.0 530.0 5.73 125.94 
98.2 10.7 50.3 122.0 124 0.05 58.2 580.0 8.33 125.07
0 4 3 4 3054 45 10 0 5 80 9 9 0 1 28 0 2 3 4 8 1 874 02 75 0 8 20 30 23 307223 124 8128 056
523 163 5 9 00 6 6 04 89 0 0 88 117 10.0 10 30.8 12 4 9.6 94 05.9 10 3 0 5009 82 4.5 17 1.45 87.0 89.2 773.3 1.30 095.5 80.2 5.58 3 5 19 08 00.026
 0.0 80.2 
1 2 9 4 0123 45 62 5 9 16 9 5 7 6 28 0 0 9 7 5 0 902 12 40 9 1 24 17 20 890907 801 0173 509
623 130 5 8 89 0 2 56 06 0 5 80 080 00.4 55 20.6 11 4 9.2 00 12.5 12 3 5 1289 12 0.5 02 2.45 87.2 89.0 120.2 7.55 300.5 07.2 5.01 0 9 14 00 92.800
9
 8.5 80.0 90.2 62.5 20.0 000.5 084 5.99 59.2 607.8 4.03 025.95 
98.2 12.5 59.0 942.5 023 5.34 03.0 832.6 7.56 000.04


-655360000000.000000