0 2 0 4 5100 45 10 0 5 00 0 0 0 0 08 0 0 1 0 0 0 000 02 45 0 0 04 10 00 000023 004 8103 000
003 103 0 0 02 0 2 10 00 0 1 02 987 02.0 00 23.4 10 0 9.0 00 12.5 12 0 5 1000 02 0.0 10 2.40 07.0 80.2 120.3 0.35 000.5 80.2 0.01 3 5 12 08 10.00 0.0 80.0 
0 2 0 0 0020 05 10 5 0 02 9 0 0 0 20 9 0 0 4 5 0 010 00 40 0 0 04 00 00 801000 000 8023 000
023 103 0 9 02 0 0 00 80 0 1 02 087 10.4 15 03.4 12 4 0.2 14 00.0 10 0 0 0089 12 4.0 02 0.00 80.0 00.2 123.3 0.30 032.0 87.0 0.01 0 0 12 00 10.022
 0.5 09.0 00.0 10.5 00.0 000.0 104 5.04 03.0 502.3 0.00 025.08 
00.2 00.0 50.0 002.0 104 0.30 00.0 532.3 0.50 125.00
1 0 3 0 0100 45 12 5 0 02 9 2 0 0 00 0 2 0 0 5 1 902 12 45 0 0 24 00 03 891000 024 8003 500
020 000 5 9 00 8 2 02 80 0 1 00 087 10.0 05 20.0 12 0 9.2 00 12.5 02 0 0 0280 00 4.5 00 2.40 00.0 80.0 123.3 0.35 100.0 07.0 0.01 0 0 10 98 10.020
 0.5 00.0 
0 2 0 0 0120 00 00 5 5 00 0 2 0 0 00 0 2 1 0 5 0 910 00 40 9 0 20 00 03 800020 020 0003 000
103 120 0 9 02 8 2 00 80 0 1 80 087 10.0 05 20.0 12 4 9.0 00 12.0 10 0 5 1200 10 0.5 12 0.05 80.0 09.0 120.0 1.00 000.0 00.0 0.20 3 0 02 08 02.022
2
 0.0 80.2 08.0 00.0 04.0 020.0 000 0.04 00.2 030.0 1.00 120.90 
08.0 12.0 54.0 102.5 024 0.04 50.2 502.3 0.00 120.90
0 2 0 0 5020 40 00 0 5 10 9 0 0 0 08 0 0 0 4 0 0 900 02 05 0 0 00 00 20 800023 020 8020 050
123 020 5 0 00 0 0 00 89 0 0 02 907 12.4 05 03.4 00 0 9.0 00 12.5 00 0 0 1080 10 0.5 02 0.40 00.0 00.0 003.3 0.00 130.5 07.2 0.00 0 0 00 08 10.020
 8.0 09.0 
1 2 3 4 0120 00 10 0 0 02 0 2 0 0 20 9 0 0 0 5 1 002 00 45 9 0 00 10 00 891000 104 0003 000
120 000 0 9 10 8 0 02 00 0 0 82 080 12.0 10 23.0 00 4 0.2 14 00.5 00 0 5 0289 00 0.0 02 2.00 87.0 89.2 003.3 0.35 100.5 00.2 0.20 3 0 12 08 02.002
2
 0.5 00.2 98.0 02.0 04.0 002.0 100 0.00 50.0 500.0 1.03 000.98 
90.0 02.0 00.3 002.5 100 0.04 53.0 500.3 0.50 000.90
0 0 3 0 5000 05 10 0 5 02 0 0 0 0 20 0 2 0 0 5 1 910 02 00 0 0 00 10 20 800023 124 8000 000
100 003 5 0 00 0 2 02 80 0 0 02 000 02.0 00 03.0 10 4 0.2 14 00.0 00 0 5 0280 02 4.5 10 2.40 87.0 00.0 003.3 0.30 000.0 80.0 5.00 0 0 10 90 10.020
 0.5 09.0 
0 0 3 4 5020 00 00 0 5 10 9 2 0 1 00 0 0 1 0 0 0 910 10 00 9 0 20 00 20 891000 100 8100 556
003 003 0 0 12 8 0 10 80 0 0 00 900 00.0 05 23.0 00 4 9.2 10 10.5 10 0 5 1080 02 0.0 00 2.45 07.0 80.0 023.0 0.30 032.0 80.0 0.20 0 0 10 90 02.002
0
 0.0 80.0 90.2 10.5 54.0 100.5 120 0.30 00.0 002.3 1.00 005.90 
08.0 12.0 50.0 020.0 024 5.04 00.0 500.0 0.00 005.90
1 2 0 0 5003 40 00 0 5 00 0 2 0 0 08 0 0 1 4 5 1 900 02 05 9 8 00 10 03 090203 100 0003 500
020 123 0 9 10 0 2 02 89 0 0 00 087 10.0 00 00.0 00 0 9.0 00 10.0 02 0 0 0200 10 4.0 00 0.05 07.0 00.2 020.0 0.00 000.0 00.0 0.21 0 0 12 00 02.020
 0.0 00.0 
0 2 3 4 0023 40 12 0 5 10 0 0 0 0 00 0 0 0 4 0 0 012 12 00 9 8 04 10 23 000223 004 8003 006
000 103 0 9 02 0 2 00 80 0 1 02 900 02.4 05 03.4 02 0 9.2 04 12.5 10 0 5 1280 10 4.0 02 0.45 00.0 80.0 000.3 1.35 030.0 00.2 0.20 3 5 10 08 00.002
2
 8.5 00.0 08.0 02.5 00.0 000.0 100 0.30 00.0 032.3 0.00 020.08 
90.2 10.5 04.3 022.0 124 0.34 53.0 000.0 1.00 000.00
0 0 3 4 0020 00 00 0 0 00 9 0 0 0 00 9n2 0 4 0 1 002 00 00 0 8 00 00 23 801020 000 0023 506
003 000 0 0 12 8 0 02 00 0 1 80 087 02.0 00 03.4 00 0 0.0 10 00.5 02 0 0 0089 12 4.0 00 0.00 80.2 00.2 123.3 1.35 030.5 87.2 0.20 3 0 02 98 00.000
 0.5 80.2 
0 0 0 4 5103 40 00 5 5 10 0 2 0 0 00 0 2 0 4 0 0 910 00 45 0 8 24 00 00 801020 104 8103 056
120 103 0 0 02 8 2 00 09 0 1 80 080 00.4 00 20.4 12 0 0.0 10 12.5 12 3 5 0089 10 4.5 00 2.45 07.2 89.0 100.0 1.05 032.0 87.0 5.20 0 0 02 08 10.000
0
 0.5 89.2 00.0 00.0 50.0 002.0 120 5.04 03.2 002.3 1.53 125.00 
90.2 10.0 00.0 000.5 124 5.34 53.2 530.0 0.50 000.08
1 2 0 0 0000 40 12 5 0 00 9 2 0 1 28 9 0 0 0 0 1 910 02 40 0 0 04 02 20 090200 004 0003 056
000 100 5 9 00 0 0 12 00 0 1 80 007 10.4 00 03.0 12 4 0.2 14 00.5 02 0 5 1280 02 4.0 02 0.05 07.2 09.2 100.3 0.30 102.5 00.2 5.01 0 5 10 90 02.020
 8.5 00.0 
0 2 0 4 0020 45 12 0 5 10 0 2 0 1 08 9 0 1 0 5 0 910 10 45 9 8 04 02 20 000023 024 8003 000
103 123 0 0 00 0 2 00 09 0 0 02 087 12.0 15 03.4 10 4 0.0 10 00.5 00 0 5 1080 00 4.0 10 2.40 07.0 09.2 100.3 1.05 132.0 87.2 5.20 3 5 10 98 02.022
2
 8.5 80.2 98.2 10.5 50.0 022.5 000 0.34 03.2 002.3 0.03 105.00 
08.2 00.0 54.3 102.5 100 0.00 53.0 000.0 0.00 005.90
0 0 3 0 5100 40 10 0 0 12 9 2 0 0 20 0 0 1 0 5 0 010 02 45 9 8 24 00 03 800020 100 0003 500
100 103 5 9 00 0 0 00 09 0 1 80 000 00.4 05 03.4 10 0 0.2 00 12.5 00 3 5 1280 12 0.0 00 2.05 00.0 80.2 000.3 0.35 000.0 80.2 0.00 0 0 12 98 10.022
 0.5 09.2 
0 2 3 4 5003 45 02 5 0 12 0 0 0 0 08 0 2 0 4 5 0 000 02 00 9 8 00 10 20 091020 100 0023 506
020 003 0 9 10 0 0 10 09 0 1 82 080 00.0 00 20.4 02 4 9.2 10 10.5 12 3 0 0009 12 0.0 10 0.45 07.80 10 4.0 02 0.00 00.0 89.0 123.0 1.00 030.5 07.2 5.21 0 5 02 08 02.020
2
 0.5 80.2 00.0 10.5 54.3 102.5 020 5.00 03.0 530.0 0.03 105.90 
98.2 10.0 50.3 122.0 124 0.00 50.0 500.0 0.03 125.00
0 0 3 4 0000 45 10 0 5 00 0 0 0 1 28 0 2 0 4 0 1 000 02 05 0 8 20 00 03 000023 124 8120 056
003 103 5 9 00 0 0 00 89 0 0 80 007 10.0 10 00.0 12 4 9.0 04 00.0 10 3 0 0009 02 4.5 10 0.45 87.0 89.2 003.3 1.30 000.5 80.2 5.00 3 5 10 08 00.020
 0.0 80.2 
1 2 0 4 0123 45 02 5 0 10 9 0 0 0 28 0 0 0 0 5 0 902 12 40 9 0 24 10 20 090000 000 0103 500
023 100 5 0 00 0 2 00 00 0 0 80 080 00.4 05 20.0 10 4 9.2 00 12.5 12 3 0 1280 02 0.5 02 2.45 87.2 89.0 020.0 0.05 000.5 00.2 5.01 0 0 10 00 02.000
0
 8.5 80.0 90.2 02.5 00.0 000.5 004 5.00 50.2 000.0 0.03 025.00 
98.2 12.5 50.0 002.5 020 5.34 03.0 032.0 0.50 000.00


655360000000.000000