0 2 0 4 5100 45 10 3 5 05 0 3 0 0 08 4 0 1 0 0 6 099 02 45 5 0 04 19 00 006023 044 8193 900
083 103 8 7 02 0 2 10 99 3 1 82 987 02.0 74 23.4 13 7 9.0 80 12.5 12 8 5 1000 72 0.0 16 2.40 97.7 89.2 125.3 0.35 576.5 80.2 5.71 3 5 12 48 10.00 5.0 88.0 
8 2 0 0 0027 95 19 5 0 52 9 2 0 0 20 9 3 0 4 5 0 810 07 40 4 0 04 69 85 801307 707 8023 044
223 103 7 9 82 1 0 00 80 0 1 72 087 15.4 15 03.4 12 4 0.2 14 00.0 17 2 0 9689 12 4.0 02 7.97 80.0 00.2 123.3 6.30 832.8 87.0 8.01 0 1 12 70 18.922
 5.5 59.8 90.3 10.5 92.0 560.0 134 5.04 03.0 502.3 3.05 825.58 
07.2 47.2 59.5 902.0 104 9.34 08.5 532.3 8.58 125.87
1 9 3 0 3185 45 12 5 9 02 9 2 8 0 69 0 2 6 0 5 1 902 12 45 8 0 24 60 03 891088 624 8783 546
028 077 5 9 30 8 2 02 80 5 1 77 087 15.9 45 20.9 12 0 9.2 30 12.5 02 3 0 5280 00 4.5 00 2.40 06.7 87.0 123.3 9.35 142.0 07.0 6.01 0 0 10 98 10.025
 9.5 50.0 
1 2 0 8 0120 05 00 5 5 06 0 2 5 9 05 7 2 1 9 5 6 911 00 49 9 8 28 00 03 806220 027 8343 058
193 129 0 9 72 8 2 91 87 3 1 89 087 10.0 05 20.7 12 4 9.0 49 12.8 10 0 5 1292 17 4.5 12 0.85 84.0 99.9 123.7 1.00 300.9 40.0 9.26 3 0 82 08 02.022
2
 7.7 87.2 78.0 90.6 04.0 927.9 000 0.04 93.2 730.0 1.84 120.97 
08.0 12.7 54.8 102.5 324 7.04 57.2 572.3 0.90 120.99
0 2 9 0 5125 48 02 0 5 11 9 0 0 4 68 9 7 0 4 0 7 970 22 75 1 8 08 55 29 800823 026 8921 058
123 028 5 0 09 8 0 06 89 8 8 02 907 12.4 05 93.4 00 6 9.7 70 12.5 90 0 0 1980 19 4.5 02 4.48 07.8 80.0 913.3 2.09 138.5 47.2 1.00 5 9 00 58 10.028
 8.7 89.0 
1 2 3 4 0120 04 10 7 0 02 0 2 0 5 28 9 0 0 3 5 1 002 20 45 9 0 64 10 08 891900 104 6793 090
120 003 0 9 16 8 9 02 00 9 6 82 980 12.9 10 23.0 00 4 0.2 14 38.5 07 9 5 5289 01 0.0 02 2.60 87.5 89.2 203.3 3.35 100.5 79.2 1.25 3 0 12 58 02.672
2
 0.5 06.2 98.9 52.0 44.0 862.9 180 8.09 52.0 570.0 1.23 007.98 
90.0 42.0 00.3 882.5 100 3.54 53.0 500.3 3.57 798.91
0 0 3 2 5608 75 10 0 5 72 7 0 8 0 26 9 2 0 6 5 1 910 02 60 0 0 49 18 20 858023 124 8980 596
174 043 5 4 83 4 2 02 80 5 8 42 558 02.0 30 23.0 18 4 9.2 14 97.0 49 6 5 0280 02 4.5 16 2.46 87.1 59.0 033.3 0.38 066.0 87.5 5.76 0 4 19 90 16.620
 0.5 09.0 
0 0 3 4 5920 08 76 7 5 10 9 2 0 1 06 6 5 1 0 0 8 916 10 74 9 0 20 03 26 891010 100 8105 556
903 703 9 0 12 8 4 13 80 6 6 00 953 60.2 65 23.0 48 4 9.2 17 10.5 10 0 5 1085 52 5.6 00 2.45 07.5 80.8 923.7 0.39 832.6 83.0 0.20 6 9 10 90 52.002
0
 0.0 87.6 90.2 10.5 54.0 158.5 122 0.39 49.0 702.3 1.46 005.90 
08.7 12.2 58.0 020.6 824 5.64 53.0 570.9 0.90 365.90
1 2 0 9 5733 47 36 0 5 00 5 2 8 1 08 6 6 1 4 5 1 965 02 55 9 8 70 10 03 593263 106 9003 500
028 123 9 9 10 8 2 92 89 0 0 78 787 15.5 00 50.9 67 8 9.2 09 10.0 02 5 0 0200 10 4.9 08 7.95 07.0 80.2 420.9 0.09 200.0 00.0 7.21 7 8 12 60 52.220
 9.3 00.6 
9 2 3 4 9023 42 12 0 5 10 0 7 0 0 20 6 0 0 4 0 5 012 12 00 9 8 04 10 23 700223 004 8703 696
000 193 0 9 52 6 2 60 80 8 1 02 900 92.4 75 33.4 82 0 9.2 64 12.5 19 9 5 1280 19 4.8 02 4.45 00.6 86.6 600.3 1.35 939.0 80.2 0.26 3 5 19 68 65.952
2
 8.5 89.0 78.2 22.5 39.7 080.0 100 0.30 09.5 332.3 0.03 429.08 
93.2 18.5 44.3 222.0 124 0.34 53.8 646.0 1.79 680.08
2 0 3 4 9920 69 05 0 0 77 9 8 0 4 88 9 2 0 4 0 1 032 61 57 0 8 94 78 23 891820 905 1423 506
003 690 4 0 12 8 5 02 30 0 1 87 787 02.0 00 23.4 09 3 8.6 10 03.5 52 5 4 0589 12 4.0 00 5.65 80.2 00.2 123.3 1.35 934.5 87.2 0.27 3 3 02 98 89.342
 0.5 84.2 
0 0 8 4 5103 47 05 5 5 18 0 2 0 0 06 0 2 4 4 0 0 918 90 45 0 8 24 00 60 801429 154 8103 856
120 123 0 4 02 8 2 09 09 8 1 80 180 08.4 09 20.4 12 0 5.0 10 12.5 12 3 5 6289 10 4.5 80 2.45 87.2 89.0 140.9 1.65 032.6 87.0 5.20 0 0 92 88 12.877
0
 0.5 89.2 05.8 50.0 57.0 402.5 120 5.94 63.2 082.3 1.53 125.07 
98.2 10.0 00.0 080.5 124 5.34 53.2 530.9 5.58 993.18
1 2 9 9 0580 40 12 5 7 00 9 2 2 1 28 9 0 0 0 0 1 910 72 49 9 0 04 72 20 290269 904 6043 056
008 170 5 9 10 9 3 12 77 8 1 88 377 10.4 60 03.1 12 4 9.2 14 30.5 72 0 5 1282 32 4.6 52 9.05 87.2 49.2 180.3 7.35 102.5 54.2 5.01 0 5 17 99 02.028
 8.5 00.0 
0 2 0 4 0329 45 12 0 5 16 5 2 5 1 08 9 3 1 8 5 3 917 10 45 9 8 04 92 20 908023 024 8013 700
103 123 4 0 94 7 2 05 99 7 0 02 987 12.0 15 03.4 12 4 0.7 17 60.5 80 0 5 1080 48 4.6 18 2.40 87.0 09.2 100.3 1.05 132.0 87.2 5.20 3 5 18 98 02.822
2
 8.5 80.2 98.2 10.5 59.0 422.5 899 7.34 43.2 202.3 0.83 195.05 
08.2 05.9 54.3 102.5 106 6.00 53.0 460.0 0.40 055.90
5 0 3 0 5100 40 10 4 0 12 9 2 9 8 20 0 1 1 0 5 8 110 82 45 9 8 24 80 23 800827 100 7003 570
103 103 5 9 07 4 5 40 59 6 1 87 365 30.4 75 03.4 11 7 0.2 08 12.5 08 3 5 1289 12 4.8 66 2.75 86.0 86.2 680.3 0.35 579.9 80.2 4.00 7 0 12 98 18.922
 3.5 09.2 
8 2 3 4 5093 45 12 5 4 12 0 8 0 8 98 4 2 3 4 5 8 948 22 92 9 8 00 18 20 391720 190 0023 506
023 943 0 9 10 0 9 10 09 0 1 82 580 97.0 80 20.4 02 4 9.2 15 17.5 12 3 7 0749 12 3.0 10 7.45 07.8 89.2 128.0 0.09 870.0 87.0 8.22 0 7 12 98 00.500
7
 6.0 86.7 38.2 65.0 00.1 190.9 000 5.34 57.2 544.0 7.57 705.98 
00.2 18.9 80.0 874.5 804 5.50 52.0 502.3 8.40 005.32
1 2 0 4 5523 40 03 5 5 05 0 0 0 0 03 9 2 4 8 0 1 602 22 42 9 8 70 72 23 490723 024 8096 055
020 024 0 0 10 8 7 10 80 0 8 83 026 02.4 75 03.0 02 0 0.7 80 02.6 65 3 5 1889 64 7.5 15 2.49 80.7 89.2 120.3 1.35 139.5 87.7 9.71 3 5 52 98 12.064
 4.8 05.0 
1 6 3 0 5199 45 19 5 5 87 9 2 8 0 06 9 0 9 0 0 8 678 02 45 9 6 24 12 03 091020 024 8403 558
079 185 5 6 72 4 8 10 89 5 8 85 987 02.8 40 69.9 12 9 9.2 89 92.0 72 9 5 0083 10 4.5 12 7.01 07.0 89.8 023.9 7.95 902.8 59.2 0.27 2 7 02 58 19.072
2
 8.5 89.0 89.0 30.0 54.3 100.5 171 5.30 50.0 502.3 0.03 020.98 
08.2 72.4 04.3 082.5 120 0.07 53.0 530.9 1.53 007.98
8 0 3 4 5123 95 13 5 5 12 9 9 6 0 38 9 6 1 0 5 1 900 17 48 0 8 25 00 70 309205 120 8018 550
927 120 2 9 12 8 9 13 92 6 1 62 957 12.9 16 03.4 15 9 8.1 44 02.5 12 3 0 1279 92 0.5 14 2.47 03.0 00.5 000.0 3.00 102.0 80.7 9.00 0 5 17 98 72.227
 8.5 89.2 
1 2 3 4 1120 45 12 5 6 60 0 2 5 0 20 7 4 9 4 5 7 002 99 40 9 8 08 17 43 095323 108 0007 056
029 103 5 0 02 8 0 05 89 3 1 82 999 82.7 05 20.4 10 4 0.2 00 73.8 12 3 5 0289 10 5.5 04 2.00 81.2 84.2 904.3 0.60 138.0 60.0 0.20 3 5 40 78 00.790
4
 8.0 89.0 18.0 19.0 74.3 122.4 067 9.30 50.2 502.3 1.45 055.90 
08.2 80.5 00.9 572.0 120 4.00 50.6 502.0 8.54 169.90
8 5 3 1 8923 75 62 5 9 72 9 4 8 1 08 9 2 0 4 8 6 913 02 30 9 8 00 82 93 071205 804 8523 456
006 489 6 6 12 9 9 12 80 7 1 12 989 10.8 19 23.0 10 9 9.0 74 91.5 18 3 3 1272 14 4.5 72 2.45 77.0 59.2 163.3 0.36 136.5 08.7 5.28 0 5 52 08 10.058
 8.7 80.2 
1 8 0 8 5123 40 92 5 8 17 9 2 4 0 00 0 2 1 4 0 1 767 12 05 9 0 27 10 83 001295 100 4703 945
803 040 5 9 02 8 0 62 06 0 0 00 880 10.4 60 20.4 12 0 9.2 10 08.5 95 0 5 0000 42 4.0 12 5.05 80.2 79.2 173.3 0.09 132.9 00.2 5.20 3 5 17 98 00.020
4
 8.6 89.9 08.2 17.5 34.5 305.0 020 5.80 93.2 502.3 1.99 005.98 
99.0 92.5 54.3 400.5 126 5.06 53.2 032.9 1.23 427.08
1 2 0 0 0023 05 02 8 0 42 9 0 0 1 20 9 0 1 4 9 0 014 12 48 9 8 24 12 23 890223 480 8190 636
013 126 0 0 92 8 2 12 09 9 0 82 187 92.9 95 03.4 89 0 9.0 44 85.0 89 2 0 0286 78 4.5 02 2.75 50.0 86.8 040.0 1.05 582.5 89.2 0.00 0 8 12 49 10.679
 9.5 89.0 
9 2 3 9 5109 40 12 0 7 10 9 6 0 0 28 9 0 9 0 0 5 902 99 48 9 8 20 15 03 500244 023 8103 556
127 093 0 0 50 8 0 02 09 0 8 82 187 12.4 00 23.4 18 6 8.2 14 62.0 12 1 8 9089 72 9.0 19 2.82 87.4 10.8 098.3 0.80 132.5 80.2 5.21 5 5 20 08 12.905
7
 8.5 89.2 78.5 10.0 53.3 175.5 124 0.74 56.7 032.8 0.54 408.08 
90.2 90.9 54.3 024.0 572 5.34 90.2 562.9 4.53 005.90
0 2 0 0 6123 45 87 0 8 18 9 0 1 1 08 0 2 9 4 5 9 982 92 90 9 0 20 18 03 899223 000 0104 536
123 720 5 0 14 0 0 32 90 0 0 00 980 10.7 04 03.4 02 7 0.2 14 82.0 00 9 1 1789 12 4.4 97 0.05 82.9 79.8 026.6 1.35 000.5 87.8 9.91 0 5 12 92 42.732
 7.5 89.2 
1 2 5 7 0180 48 12 0 0 92 0 3 0 6 20 4 2 1 4 1 1 917 12 45 9 8 29 12 20 803223 020 8123 206
143 023 0 9 10 8 0 11 81 9 1 82 007 16.4 15 23.4 80 0 9.8 74 10.0 18 3 2 0280 16 4.0 02 0.09 68.0 89.9 123.6 1.74 036.5 47.2 5.21 6 5 82 08 02.626
2
 6.5 88.2 08.0 16.5 54.3 172.5 520 5.88 43.0 530.0 0.63 195.90 
98.2 10.4 55.3 122.5 124 7.04 54.3 505.3 1.03 125.00
3 9 3 4 0090 45 10 0 5 00 9 8 0 1 28 0 2 4 4 6 1 015 02 85 9 8 27 03 23 050023 124 8129 756
843 133 5 9 99 8 6 30 89 0 0 80 887 10.3 10 79.0 12 4 9.6 74 10.0 16 3 9 0069 02 4.5 10 8.45 87.0 89.2 603.3 1.37 999.5 80.2 5.00 3 5 16 08 06.920
 6.7 80.2 
1 2 3 4 6123 45 02 5 0 14 9 0 8 7 28 8 0 8 0 5 0 902 12 40 9 0 24 10 27 593090 000 0103 570
823 170 5 0 09 1 2 98 02 0 0 89 084 84.4 85 21.5 10 4 9.2 03 12.5 12 3 0 1280 02 8.5 02 2.45 87.2 89.0 020.0 5.05 060.5 80.2 5.01 7 0 12 90 02.720
8
 8.5 80.0 96.2 02.5 47.4 060.5 004 5.06 50.2 003.0 8.03 025.00 
98.2 12.5 56.8 082.5 026 5.34 03.0 532.0 8.50 207.47

